0 0.6358744437126804
0.5 1.1668890187905756
1.0 2.22846783470871
1.5 1.6406486049612026
2.0 0.680557413207407
2.5 2.2322969878155132
3.0 2.0995398185679988
3.5 1.4925012542305622
4.0 0.7861475333588777
4.5 1.6736420077796246
5.0 2.1293572594357073
5.5 0.8214675176648468
6.0 0.865808671276886
6.5 2.2778924454386082
7.0 0.6782410584975622
7.5 0.6931274772757742
8.0 1.9127385077284254
8.5 1.4869092546577558
9.0 1.297287575667154
9.5 0.8908048434091271
10.0 1.0693861464444077
10.5 1.1643176784078186
11.0 1.1735004827446387
11.5 1.2353760175738342
12.0 0.7327151376421503
12.5 1.2715168938509955
13.0 1.356849839728557
13.5 0.7522299463091242
14.0 1.0345928235959427
14.5 0.8457498263534794
15.0 0.9421121637428012
15.5 1.785100885208914
16.0 1.025278187222948
16.5 0.8778267773000885
17.0 0.7340989523576982
17.5 1.344773266504777
18.0 1.01686947441921
18.5 1.4485292709438164
19.0 1.589128761484586
19.5 0.7941943264813975
20.0 1.300740390201875
20.5 0.9367824834853256
21.0 1.3649058597877877
21.5 1.320941051740309
22.0 0.9005857455473477
22.5 0.9988991232254485
23.0 0.9219560586878927
23.5 1.2799956517767774
24.0 0.9979576808418547
24.5 1.2448139093183348
25.0 2.0364474369230887
25.5 1.3264174837349787
26.0 1.5965421306681256
26.5 0.8933283693676548
27.0 1.2312291669664712
27.5 1.4591449480581544
28.0 0.6727642232416171
28.5 1.6877202356557732
29.0 1.377288421496555
29.5 1.4377333142116593
30.0 0.368811668805866
30.5 2.0278021879144936
31.0 1.0156066318671773
31.5 0.8757839788755601
32.0 0.95295297211404
32.5 1.4899885319919823
33.0 1.2479477132712042
33.5 0.5723083042350596
34.0 1.046197003646105
34.5 1.2133416742800014
35.0 1.511327518861417
35.5 0.9503114101327257
36.0 0.9199397591328162
36.5 0.9173539158751178
37.0 0.9548205592797461
37.5 0.7854964208700259
38.0 0.9422265159791505
38.5 0.6739036632050601
39.0 1.680035555195957
39.5 0.901110474376195
40.0 2.572657721240399
40.5 0.9598462726810459
41.0 2.1244921153080445
41.5 0.5844740104872728
42.0 1.5816182090546702
42.5 2.2178049746476365
43.0 0.8873165916955208
43.5 0.9838509288187034
44.0 1.7788675292061766
44.5 1.9712427363526948
45.0 0.44062843176786237
45.5 2.129227748791881
46.0 1.1760246296491519
46.5 1.034586214439781
47.0 0.9519456631622427
47.5 1.1963590995261861
48.0 1.3115238811880046
48.5 1.1917791136410902
49.0 0.77978991771919
49.5 0.7859642221906906
50.0 1.4043922593252411
50.5 2.4032564484035706
51.0 1.7904064346814896
51.5 1.6900877387389497
52.0 0.7552216514556163
52.5 0.8144903618295382
53.0 1.0827484796167068
53.5 1.1975219397025803
54.0 1.2494654754733767
54.5 1.1379618523287856
55.0 1.5333279469776477
55.5 0.4651346095792376
56.0 0.6203881108817806
56.5 0.7181258812356544
57.0 0.7155172566144727
57.5 0.8043807061588726
58.0 1.8644651423315495
58.5 1.3972243714996122
59.0 0.9959308301569436
59.5 0.9842377795337794
60.0 0.9509333075468042
60.5 2.477141813342488
61.0 1.2991314251441297
61.5 0.7190526622054629
62.0 0.8529627427209721
62.5 1.247856028248998
63.0 0.8791439344248375
63.5 0.7480953923661194
64.0 0.9030016961159517
64.5 0.8978811693511953
65.0 1.9593219221416582
65.5 1.1423638738306219
66.0 2.1128779990715802
66.5 0.8158141716728707
67.0 0.954304976477015
67.5 0.829734688310936
68.0 0.902130318431603
68.5 1.4074581225743747
69.0 1.2131511640550126
69.5 1.1406306637458217
70.0 0.806727859308288
70.5 1.8807970058891534
71.0 0.9681888329908642
71.5 1.4066199647492188
72.0 1.2157249634537708
72.5 1.2378458908215668
73.0 1.8080711614031004
73.5 0.371499342757999
74.0 1.1888801645312763
74.5 1.483571107232335
75.0 2.2232292532112314
75.5 1.647105995327867
76.0 0.8165581831842168
76.5 1.467887719044376
77.0 1.4938721532538182
77.5 1.342172461702185
78.0 1.400221935848802
78.5 0.8749217390263895
79.0 0.8236640761041918
79.5 0.850854370455089
80.0 1.2374851943936327
80.5 1.0141413770466206
81.0 0.7571385036827911
81.5 1.1317172284618322
82.0 1.0062514880306708
82.5 0.8263693893113426
83.0 1.1373716260468223
83.5 0.9040181432274366
84.0 0.8653801905505034
84.5 1.23221111935002
85.0 0.6876165467236925
85.5 0.8215981552986034
86.0 0.6708554741811847
86.5 1.288038638965586
87.0 1.5058445018836029
87.5 1.0813628288503385
88.0 0.7410678928755472
88.5 2.0042422517757283
89.0 1.3651132852172663
89.5 1.3406471746488526
90.0 1.078293287200395
90.5 0.7904696794949666
91.0 0.705772468202831
91.5 1.2219331700483642
92.0 1.0480156517634271
92.5 0.7941577927182073
93.0 0.7677720250088008
93.5 1.9646986524181917
94.0 2.121561300785263
94.5 1.4308336980127074
95.0 0.9116177833807324
95.5 1.378733823102767
96.0 1.5441518476164948
96.5 1.5679568523925569
97.0 1.3627765637888445
97.5 2.212233208733756
98.0 1.3489040124666292
98.5 1.6542502236569867
99.0 2.00076994296893
99.5 0.6416792377603758
100.0 0.9277163861911029
100.5 0.9577128212757235
101.0 0.6996883502912592
101.5 1.2946141168368022
102.0 0.8279459036366357
102.5 1.963200644266927
103.0 1.1590531781337048
103.5 1.3065598858530674
104.0 0.9892577508982026
104.5 0.9989257538701779
105.0 1.3012334516121657
105.5 2.3972307494752583
106.0 1.4576852867140269
106.5 0.2
107.0 0.749908676458642
107.5 1.0087090901857638
108.0 0.6878025408832527
108.5 0.8302880394938512
109.0 1.9422937074085596
109.5 1.0945233332573046
110.0 1.6134503807066862
110.5 1.7952298834226772
111.0 0.875689983847255
111.5 0.7606965142099229
112.0 1.0026051200342696
112.5 1.3544753617280698
113.0 1.0646392952441128
113.5 0.884427344722652
114.0 1.4983997532581912
114.5 0.8631088374590967
115.0 1.0647712058387422
115.5 1.007933131873337
116.0 0.9077590998200614
116.5 2.070050785085833
117.0 0.6626491554071792
117.5 0.9864480874802555
118.0 1.3141944389150468
118.5 1.0946300626406424
119.0 1.5547104857175333
119.5 1.5624935337700547
120.0 0.6464985024597535
120.5 1.8191773393135058
121.0 1.4524257338530084
121.5 1.9452743766144045
122.0 1.4594904845329109
122.5 1.2944966044368167
123.0 2.7981830878284644
123.5 1.2867004541746696
124.0 2.046490524982148
124.5 1.4678554562255428
125.0 0.585976666662876
125.5 2.2188274729100868
126.0 1.2678157212855796
126.5 0.844865397654482
127.0 1.3152139405220131
127.5 0.9870556593108872
128.0 1.2691483440033693
128.5 1.4961522449025009
129.0 0.980463638813512
129.5 1.2452341275662921
130.0 1.1455755064112803
130.5 0.5691644778697847
131.0 1.2247201270361567
131.5 0.8146223373815733
132.0 0.859240267089021
132.5 2.1713020128466405
133.0 1.8645928308410629
133.5 0.6964905928615928
134.0 1.0854947875130243
134.5 0.7398733225140177
135.0 0.8336625100889328
135.5 1.1293325598117918
136.0 1.1629962898085988
136.5 1.1094046156338044
137.0 2.2916866102935844
137.5 1.051478725668699
138.0 1.0839276266580256
138.5 0.506970779864123
139.0 2.432595307233428
139.5 1.2454667697401152
140.0 1.2290956868554765
140.5 0.6682087101537373
141.0 1.1915388020213231
141.5 0.848043132100506
142.0 1.165812031576246
142.5 0.7582094269853463
143.0 1.2527719380404145
143.5 1.0037722900986565
144.0 1.509587654187034
144.5 2.468397524385457
145.0 0.2874281782879544
145.5 1.1870543260700916
146.0 0.7729516274894599
146.5 1.0059391312959196
147.0 1.1664731643872017
147.5 0.9209994055886193
148.0 1.9839908809564375
148.5 1.1443851205152558
149.0 0.7745647107351178
149.5 1.5033343412881226
150.0 1.4418669301052969
150.5 0.5819693474460483
151.0 1.5111241993466222
151.5 0.9925986277789742
152.0 0.8964980428080326
152.5 1.0107723389299226
153.0 2.4573087484554836
153.5 1.3482578816774475
154.0 0.7143765149687551
154.5 0.6936101785204338
155.0 0.7067425045667031
155.5 1.0748300449110968
156.0 0.8241280909833097
156.5 1.3903318980562944
157.0 1.1424515099114398
157.5 0.8555658332439778
158.0 2.198832253771287
158.5 0.8335486674983457
159.0 0.8175605338866643
159.5 0.8852214952032094
160.0 1.3523402186166387
160.5 1.0578330879840319
161.0 1.6175216041846632
161.5 0.8179462402130581
162.0 0.9513914775130952
162.5 1.0070155095444133
163.0 1.9345962239164867
163.5 1.1649459940031013
164.0 1.3011132281880924
164.5 0.3484598141657089
165.0 1.4983089054312528
165.5 1.069218560270333
166.0 1.3333942126249185
166.5 1.8129219981387208
167.0 1.2737763726708948
167.5 1.346404513361889
168.0 1.15232518275919
168.5 0.7794533695853213
169.0 0.7229178036877113
169.5 1.3662287950489618
170.0 0.9061346102378629
170.5 1.139936930510301
171.0 2.202652291503371
171.5 1.3990556921841861
172.0 1.7280285257395334
172.5 3.048776816025487
173.0 0.9026757537383383
173.5 0.7973727343577688
174.0 1.2411444311004252
174.5 1.0354221158646533
175.0 1.0053154347266284
175.5 1.127897446625084
176.0 0.826619825273016
176.5 0.8625245167794107
177.0 1.9625513781890462
177.5 0.9170994207736642
178.0 2.1651063627288227
178.5 0.7432042768102771
179.0 1.6644874369059135
179.5 0.922945379980264
180.0 0.9703933944596149
180.5 0.6629698539054182
181.0 1.3824971064603067
181.5 1.694604222749396
182.0 1.7563904357799733
182.5 1.7465888642829361
183.0 1.2765880272587444
183.5 1.0587560187342755
184.0 2.0009106620448067
184.5 0.6940523166074926
185.0 1.5154449637565945
185.5 1.21978763919528
186.0 1.050992545648211
186.5 2.18082617276446
187.0 1.5050653533099076
187.5 1.2803402135951552
188.0 0.9626903185163456
188.5 1.4942308396992088
189.0 0.9942557793561109
189.5 1.5520290238108359
190.0 1.38184154523382
190.5 1.1013562582024354
191.0 1.2449881212548315
191.5 1.747029555862464
192.0 1.2696338178411335
192.5 1.7779400431759909
193.0 1.123345124807904
193.5 1.0341199674315575
194.0 0.5502780195435802
194.5 1.0628245653548887
195.0 0.7733687417554457
195.5 1.2806259142125898
196.0 1.8109965561191488
196.5 1.529261032401871
197.0 1.3149427528760635
197.5 0.8072360977555602
198.0 0.8527640065504107
198.5 0.9626587032573526
199.0 0.8029778343494742
199.5 1.8205896507459975
200.0 1.1862355057802145
200.5 0.4824693674378212
201.0 1.2195876573393654
201.5 0.783942931566108
202.0 1.2784523661435685
202.5 0.8136325415818512
203.0 1.4897273976394605
203.5 1.5080260956601093
204.0 1.1791275163967017
204.5 0.8841499991366961
205.0 1.0721950608164945
205.5 0.8411501829818268
206.0 0.9726992676145977
206.5 0.521640865909357
207.0 2.0574655971765576
207.5 1.3728209537685758
208.0 1.209874732151198
208.5 0.637577335505113
209.0 0.8641879661793888
209.5 1.4241333052113565
210.0 0.785857214614649
210.5 1.6671810033469179
211.0 0.7926259932884344
211.5 0.9312979293261768
212.0 0.8882458303918677
212.5 1.0118146840613556
213.0 0.7021647012253645
213.5 0.9697701308183306
214.0 1.7889591535953804
214.5 0.670767371717814
215.0 0.897568395291657
215.5 1.5891588588390488
216.0 1.144470940682735
216.5 1.3195982191891313
217.0 0.6456568537517795
217.5 1.133577183234818
218.0 1.1181870599419415
218.5 1.59349992248953
219.0 0.9841876483306423
219.5 2.307437853143557
220.0 1.5856826855525843
220.5 0.4817715202043774
221.0 0.7251515311541692
221.5 0.9573852329989047
222.0 1.232960888949015
222.5 1.0901646906772129
223.0 1.3256009902443864
223.5 1.6521622834514127
224.0 0.9572809162552554
224.5 2.7827730670481676
225.0 1.5335251454818515
225.5 1.494681451998908
226.0 1.5129551396137735
226.5 1.8339862290763072
227.0 1.0978315884124867
227.5 1.1177040392315587
228.0 0.9459614573471452
228.5 0.46168720590750967
229.0 2.5815187982799577
229.5 1.073496438462541
230.0 1.393455782314841
230.5 1.6301878247672197
231.0 0.9806763616486447
231.5 0.693737722042372
232.0 1.080918404068013
232.5 0.9367421080496418
233.0 1.6280072352474448
233.5 0.56545115242657
234.0 1.0710500320066692
234.5 1.7069910118106502
235.0 1.2230247062826325
235.5 0.6214751592083907
236.0 0.6822764249725768
236.5 0.6743872765883079
237.0 0.38125781295612693
237.5 1.0946250080032698
238.0 1.3602786960684774
238.5 1.1306645621090672
239.0 1.1681455195360642
239.5 0.58496447466988
240.0 0.9592572032578992
240.5 0.9263123603104708
241.0 1.3118031270148838
241.5 0.7865117572197845
242.0 0.9772283502155593
242.5 1.9226279472782766
243.0 0.8405822663801782
243.5 0.6555206042943467
244.0 1.1659459209717982
244.5 0.9186426723665766
245.0 0.6228927976412857
245.5 1.6422000874596874
246.0 0.7391301277057638
246.5 1.3608506384338859
247.0 1.0148475842254783
247.5 0.7667937885321525
248.0 1.3315771277714927
248.5 1.1317234925373623
249.0 0.6942570375133725
249.5 1.678429540454284
250.0 0.912935235298374
250.5 0.72061934081156
251.0 1.0091303299662533
251.5 0.9170773082226933
252.0 1.482160415436785
252.5 1.3653444928447427
253.0 0.9086693772457921
253.5 0.6546552888055561
254.0 1.7108210196476537
254.5 0.2352321134652674
255.0 1.5864588414846352
255.5 1.9909242971488799
256.0 1.556934768582066
256.5 1.3466665636492203
257.0 1.5635447056072598
257.5 1.673653562634003
258.0 1.4336340106836016
258.5 0.5587771942209553
259.0 0.972527137189791
259.5 1.2276977197434364
260.0 1.2222084306388585
260.5 0.8634011762615781
261.0 1.864750703964664
261.5 2.310124684460005
262.0 1.871279542711461
262.5 0.9213212308857881
263.0 0.8576414314966413
263.5 2.588059972538015
264.0 1.5063780128222855
264.5 1.5152169907801036
265.0 0.8183538957626677
265.5 0.6059659176265326
266.0 0.7617900794063523
266.5 0.9987655773663927
267.0 1.2387725214285306
267.5 1.4993076087405255
268.0 1.1496887332571166
268.5 1.7878438044725997
269.0 1.2880084742581384
269.5 0.3338725836314538
270.0 1.2588696587872232
270.5 1.8899871071520957
271.0 1.5262246858303512
271.5 1.7109184239208903
272.0 1.945852770138083
272.5 0.9512492178673324
273.0 1.3411819595007697
273.5 1.792975992854132
274.0 1.3780158612238207
274.5 0.5119461801261175
275.0 0.6007367863430817
275.5 0.7771281729180306
276.0 0.9317993555627848
276.5 1.984115600807054
277.0 0.7836281903289353
277.5 0.836543849291113
278.0 1.6057075573131085
278.5 1.6779901919615465
279.0 1.2642677898421786
279.5 1.4609177705537864
280.0 0.9352758555901253
280.5 2.1818913665443214
281.0 1.7036713577017797
281.5 2.7075720441731184
282.0 1.0586339583729654
282.5 1.8162577709365364
283.0 0.6916209645757494
283.5 1.6779104761604222
284.0 1.6030532245589617
284.5 1.319527839174961
285.0 2.1024504247138833
285.5 2.431189703184904
286.0 1.4706503456742737
286.5 1.1578781316826714
287.0 1.6432777892916692
287.5 1.802191610151275
288.0 1.5224390359501256
288.5 1.6590806915026954
289.0 0.8794174206948138
289.5 0.8765797213958539
290.0 2.052119732063538
290.5 1.0307986096478325
291.0 0.8204502617084699
291.5 1.0056735381542286
292.0 1.3460541896422014
292.5 1.3444910679773954
293.0 1.505143915611988
293.5 1.9444954151050358
294.0 0.976175280608133
294.5 0.6368799980555266
295.0 1.3536811413130079
295.5 1.1445392284738682
296.0 1.5956038534203794
296.5 1.4867969029771642
297.0 0.794779127220092
297.5 0.8539620360324559
298.0 1.1260498930657283
298.5 1.1413851429222577
299.0 0.7927863883149161
299.5 0.9891693543310207
300.0 1.059251942090706
300.5 0.4893794632962121
301.0 1.2678454303136117
301.5 0.9418876074554465
302.0 1.070716364352319
302.5 1.4559466643861732
303.0 1.0992055359506185
303.5 1.069958791453803
304.0 2.084296295722943
304.5 0.5730118894139041
305.0 1.3126756775081927
305.5 1.3019133850004962
306.0 0.7194296248971886
306.5 1.1766247732183432
307.0 0.6355955370798074
307.5 1.665192798675706
308.0 1.2502600682747407
308.5 2.219608061479218
309.0 1.790820767626283
309.5 1.1363664086701872
310.0 0.8694996325699023
310.5 1.3369314546928779
311.0 1.0005039971265703
311.5 0.8131806111304455
312.0 2.8281083289334323
312.5 1.1180295431941487
313.0 0.985563954480696
313.5 0.6130032893688199
314.0 0.836118539372275
314.5 0.8663591522867452
315.0 1.5641382372717905
315.5 0.7766108428365104
316.0 0.6815777571266282
316.5 0.408789403529552
317.0 1.3696298755618281
317.5 0.9933482798246394
318.0 1.80500831456661
318.5 1.839293431300222
319.0 0.9405415455775998
319.5 0.8910836598754827
320.0 0.8203331665985202
320.5 1.9125010984531625
321.0 1.3410332593202443
321.5 1.3893836969826918
322.0 1.8171643538233928
322.5 1.55361249039131
323.0 1.5530707140190307
323.5 1.3902172747125594
324.0 1.399513805004377
324.5 1.6548645162728008
325.0 0.5518849128521686
325.5 1.3610109806565904
326.0 0.6961317137573009
326.5 1.252740875731441
327.0 0.9157064151441878
327.5 1.545447817910595
328.0 1.4525891639236377
328.5 0.6967067443969862
329.0 1.2559291627393923
329.5 0.8878615314474649
330.0 1.1074374122592365
330.5 1.8560915230140553
331.0 1.1163513953797588
331.5 1.292586777245312
332.0 1.2227954861639188
332.5 1.021479810063358
333.0 1.4065124040545038
333.5 0.807418275989279
334.0 0.6764926823798477
334.5 0.7480355672740839
335.0 0.8064188534301501
335.5 1.7839270326629024
336.0 1.136573111770533
336.5 1.1894942401239477
337.0 0.6574784702402477
337.5 2.4277895444663873
338.0 1.9301644339416324
338.5 1.2779672224882443
339.0 1.1101881701161773
339.5 0.8071789000121143
340.0 1.4357763231669574
340.5 1.3178178915921355
341.0 1.0515382838987384
341.5 0.45951313456681353
342.0 1.536873070269527
342.5 1.9013459717264383
343.0 1.3048484633888981
343.5 1.296176270691565
344.0 1.1489711171157992
344.5 1.0492052024363792
345.0 1.659967486897671
345.5 0.9883101551763225
346.0 1.2135717147521832
346.5 1.029475735400701
347.0 1.2606068320006496
347.5 1.536209944479304
348.0 0.9320138019549652
348.5 0.48724938772820736
349.0 1.5104916372082688
349.5 0.9796427035232577
350.0 1.5920244337394207
350.5 0.8855548447125492
351.0 0.9956253653713876
351.5 1.7510822020141745
352.0 1.005762935719536
352.5 0.7287232410559411
353.0 0.8851469051046507
353.5 0.6071064131083367
354.0 1.4196103690127386
354.5 1.9395663723920222
355.0 2.8124598517093347
355.5 1.2341629125697198
356.0 1.3435537706849543
356.5 0.7149942458192357
357.0 1.5898708662350112
357.5 0.970769779399522
358.0 1.4043994163162532
358.5 0.5883268366886174
359.0 1.2735236128279637
359.5 1.7504906049440336
360.0 1.8643286319195098
360.5 1.269718714485995
361.0 0.9227016058609716
361.5 1.0896157049996333
362.0 1.1173246903169889
362.5 1.4935758557525287
363.0 0.2
363.5 0.9525028249842025
364.0 1.6423277241826209
364.5 1.342147296827185
365.0 1.3004483988282223
365.5 1.3646398785088492
366.0 2.1758163897709086
366.5 0.9864818763905452
367.0 1.9598547701372169
367.5 1.0543597215632314
368.0 0.6616549175950248
368.5 0.9679261862968396
369.0 0.7145463257133924
369.5 1.5232077326442321
370.0 0.933176257765
370.5 1.4624563593708482
371.0 1.7105970053867352
371.5 1.507745198792346
372.0 1.852925612508822
372.5 0.8796034675052946
373.0 2.776217668793821
373.5 0.772434560751587
374.0 1.7910060901982157
374.5 0.8511891987731853
375.0 1.8733213451941886
375.5 2.0787859082317715
376.0 1.1486706187571094
376.5 1.5126146321190672
377.0 1.309426177330405
377.5 1.8097254682146038
378.0 0.7095479353778604
378.5 1.829262660619234
379.0 1.641524256451927
379.5 0.9693764040946253
380.0 1.303931312970596
380.5 1.1075143276837558
381.0 0.4753631475610164
381.5 2.5885194059981433
382.0 0.8187941650309918
382.5 1.2227843531689202
383.0 1.0177967571608904
383.5 1.3585769339995974
384.0 0.6297180002354656
384.5 0.9276094583855095
385.0 1.0392298720445967
385.5 1.2888302617855794
386.0 2.2084428262973574
386.5 1.3373490225772169
387.0 1.7489826450125325
387.5 1.12924114936931
388.0 1.1218658829489219
388.5 1.2880782755812354
389.0 0.690432864939069
389.5 0.8089303299707036
390.0 0.8516930605590656
390.5 1.3105857444630697
391.0 1.631560052842272
391.5 1.2938630399492825
392.0 0.9990369874089896
392.5 0.7325994345672078
393.0 1.5532835422069593
393.5 1.72657367897378
394.0 1.9263955646837365
394.5 1.3737899290586568
395.0 1.4536238255762834
395.5 1.2665789357373543
396.0 1.0793534614782425
396.5 1.056776974952088
397.0 1.0958248204031182
397.5 1.3782419912646602
398.0 0.8427050133594006
398.5 0.5823696537630717
399.0 0.8230140100729997
399.5 0.9833718919304962
400.0 1.5010017551106742
400.5 1.3732227584132022
401.0 1.3254251003083664
401.5 0.7971762270978647
402.0 1.2721409099225498
402.5 1.4167470782250506
403.0 1.4449155238380635
403.5 0.42092324484743815
404.0 1.148160896166521
404.5 1.3647363184947705
405.0 1.8839299356224415
405.5 0.7119803017314248
406.0 1.9450701562213462
406.5 0.35439086195001773
407.0 0.970128041495659
407.5 1.4752425061755672
408.0 0.7552776198484359
408.5 1.1706659610452044
409.0 2.0126346819430845
409.5 1.017570940276128
410.0 1.3452357091764116
410.5 1.7912306151622561
411.0 0.6576440358054714
411.5 0.9798123572972027
412.0 1.9308543827497164
412.5 1.4375723898445927
413.0 2.1416406126361376
413.5 1.060945251787559
414.0 2.471549955098192
414.5 1.0456661928759965
415.0 1.3357747386495373
415.5 1.4506348125325266
416.0 1.0089911148641186
416.5 0.6573249544357556
417.0 1.118744098021515
417.5 1.6306855122769006
418.0 1.514973752270023
418.5 1.0210921081636837
419.0 0.649617758639164
419.5 0.6589101749330947
420.0 1.217049479481655
420.5 0.35545520455435353
421.0 0.7281670312563672
421.5 0.9706392266467174
422.0 2.4071478193557185
422.5 1.9932975791939918
423.0 1.440759866210144
423.5 1.555187502596467
424.0 0.9487842141051371
424.5 0.7894947904078684
425.0 2.4008189342404176
425.5 1.1539703465875748
426.0 0.8330000503563126
426.5 1.1929484577275435
427.0 1.0007283216073632
427.5 0.7787674995192864
428.0 0.6890447264710167
428.5 0.6914525265004363
429.0 1.8509013268793824
429.5 1.3138900310815342
430.0 0.8723163283023877
430.5 0.9033300805318172
431.0 1.2737427047607133
431.5 2.2633244398894794
432.0 1.1753577841856953
432.5 1.578693232861391
433.0 0.9821413676896663
433.5 1.446740221111137
434.0 1.0295709286200114
434.5 0.9695032976302798
435.0 1.864028276846207
435.5 1.3592060136752373
436.0 1.2016142514548356
436.5 0.700859482395107
437.0 2.3531923576831097
437.5 0.5597232328478856
438.0 0.5798265895847037
438.5 0.8807802112334187
439.0 1.009544959625833
439.5 1.0821705028404616
440.0 1.0551289846839442
440.5 0.9258155180881406
441.0 1.2235804532524523
441.5 1.9076694990546377
442.0 0.6984543190418604
442.5 0.7143107633303682
443.0 1.607419050589829
443.5 1.0732069788326748
444.0 1.9985555108848883
444.5 0.5242517316602425
445.0 0.9217035933780063
445.5 1.7024218250995757
446.0 1.6205799194773998
446.5 0.5632649157556805
447.0 1.0326519014046074
447.5 0.5074270399708696
448.0 1.3058821284541933
448.5 1.1989848844024351
449.0 0.7690173781496452
449.5 0.8100372539574083
450.0 1.3925591989269557
450.5 2.0985623107324125
451.0 0.654481087440759
451.5 1.4804067515015924
452.0 0.7987192505077436
452.5 1.0394015840283788
453.0 0.983718793135136
453.5 2.3123639273412895
454.0 1.462012144176633
454.5 0.7893120370165885
455.0 1.567893109344973
455.5 1.7869672414180853
456.0 0.7788653173633139
456.5 1.8328327548851562
457.0 0.9843812308344315
457.5 0.764328222778309
458.0 1.4412304436670427
458.5 1.035512121448572
459.0 1.0532235972083739
459.5 1.2412755340779904
460.0 1.5402188323406967
460.5 1.414084755766639
461.0 1.58596984208495
461.5 0.8491803854482329
462.0 1.4236104619498604
462.5 0.832873932257328
463.0 1.8996236280607117
463.5 1.3449937765289437
464.0 1.2579594637216127
464.5 0.9991046059903399
465.0 1.1715110725097637
465.5 1.586440948317494
466.0 1.5891047096391269
466.5 1.731303873498729
467.0 1.4995471875718773
467.5 1.3052266456614574
468.0 0.8870827796476828
468.5 1.0220342140090939
469.0 1.2851132411937924
469.5 1.1336932220767881
470.0 0.9414343945657377
470.5 0.7991249157428482
471.0 1.0227390729025587
471.5 1.358294156761546
472.0 1.0951945248677195
472.5 0.9415294772324172
473.0 0.8783513880855951
473.5 0.8079024418193933
474.0 0.8834675920960366
474.5 1.4994424381541187
475.0 0.33076680571459466
475.5 1.7104578228717924
476.0 1.1774407178269686
476.5 1.3173936834006303
477.0 0.8337340010469689
477.5 2.34394816169447
478.0 0.8657692468109504
478.5 1.0354678216250846
479.0 2.335270807825192
479.5 0.7385434346970102
480.0 1.0921820767413337
480.5 1.6039272403178346
481.0 2.0594378060052656
481.5 0.9819547477240986
482.0 1.0000017868646975
482.5 1.6103557808776001
483.0 1.022830010780844
483.5 0.8907168515392536
484.0 1.3929291171572724
484.5 1.6922813976915458
485.0 1.9157602859304388
485.5 0.8827035386690492
486.0 1.6467062425704122
486.5 1.23584058191873
487.0 1.9996029624335023
487.5 0.5836546092724305
488.0 2.0896744083003957
488.5 1.4124772329781468
489.0 0.9267343781441764
489.5 0.5237947345041597
490.0 0.79683808303909
490.5 1.7795163834346237
491.0 0.8394805775295557
491.5 1.900580352288989
492.0 0.9881126665312842
492.5 0.7274807956192464
493.0 1.3595106394778542
493.5 0.6917307514382693
494.0 0.7860042584798564
494.5 1.6125360910220379
495.0 0.5940281217383515
495.5 1.2617551020230402
496.0 0.8019324099878211
496.5 1.3450023606736385
497.0 1.0274132540915564
497.5 0.9338032175321125
498.0 0.8243688362293896
498.5 0.8478471212563878
499.0 2.3979976732745745
499.5 1.1262460207150995
500.0 2.053136626653879
500.5 0.8434074219888378
501.0 1.817205133213743
501.5 1.490233272874937
502.0 0.951711138988448
502.5 1.6461983673925018
503.0 0.7613806991683784
503.5 1.060533354666286
504.0 0.9032756201889567
504.5 0.5151147375566353
505.0 1.4476061346709244
505.5 0.7207343890566359
506.0 1.1044833079441587
506.5 1.151594092385567
507.0 1.5506535025045367
507.5 1.322820282203086
508.0 1.436493433425877
508.5 2.1255180755389316
509.0 1.7462277388412035
509.5 0.7951659808344926
510.0 1.5846332694680207
510.5 1.055999868702198
511.0 1.740822623861089
511.5 1.3569201408415252
512.0 1.2411874042951672
512.5 1.1648899381030486
513.0 2.6230396268084286
513.5 1.039427744496488
514.0 0.7583984140008635
514.5 1.1301001144851142
515.0 0.648736691468117
515.5 1.5980078835330884
516.0 0.8574307644917083
516.5 1.4700995527765657
517.0 1.010782142785012
517.5 0.8317004129922176
518.0 0.577421602540214
518.5 1.5945699509039453
519.0 1.6262058878551817
519.5 2.1207452224841026
520.0 1.0230026028693995
520.5 0.6847259842809382
521.0 1.4637320900487516
521.5 1.3508968011335558
522.0 1.143585011134439
522.5 0.9129814403103788
523.0 1.2672336024318689
523.5 0.8325284759833445
524.0 1.7117183048078064
524.5 1.57952402716802
525.0 1.010589795649041
525.5 0.728189164119365
526.0 1.2791615882999752
526.5 0.6358745749410509
527.0 0.7464817280760563
527.5 1.5611112823939755
528.0 0.9879315991313935
528.5 1.108221347536247
529.0 0.6794295334045233
529.5 1.4073886924818821
530.0 2.122445476824583
530.5 2.5492614453041673
531.0 2.0386244858524574
531.5 2.1567649638361073
532.0 0.7879019389361981
532.5 1.2092546292692377
533.0 1.6862439413887498
533.5 1.2454993187320638
534.0 0.860634714706432
534.5 1.1580265819831224
535.0 1.3810926597989228
535.5 1.5097969032837106
536.0 1.0938871647910295
536.5 0.6927771820404114
537.0 1.0602937370432977
537.5 1.0586980330722353
538.0 1.9566662819169125
538.5 1.3258251127015654
539.0 1.8125507508657672
539.5 0.8110997558839954
540.0 1.1210906354661225
540.5 1.2174494262053386
541.0 1.051035650691842
541.5 1.613061982518135
542.0 1.1480243042998388
542.5 0.8554643126967447
543.0 0.7888874348272301
543.5 0.9682115789797996
544.0 1.0474972908972198
544.5 1.0028573377526617
545.0 2.3842112816860634
545.5 2.1847632656775673
546.0 1.528059224582319
546.5 1.426668808645933
547.0 0.4497432349871816
547.5 0.6208780044959539
548.0 0.7384876132368214
548.5 1.1606267125045449
549.0 1.5659892612783042
549.5 1.5952592831592118
550.0 0.8987381529557821
550.5 0.8099049745426512
551.0 1.4634465977017834
551.5 0.7536498626439518
552.0 0.8469191360171573
552.5 1.0287825556675236
553.0 1.1514253499266758
553.5 1.52156682796585
554.0 1.1468209000705272
554.5 0.4307518403265591
555.0 1.3708563914328642
555.5 1.1697736037512456
556.0 1.4649759502655364
556.5 2.0775846163570377
557.0 2.076988349566182
557.5 1.0266399851890604
558.0 0.8595860212320863
558.5 0.9437076165289364
559.0 0.7692052188925056
559.5 1.381699968433684
560.0 1.2818779507744535
560.5 1.0553447077646274
561.0 2.2433406979639106
561.5 1.6829691931423953
562.0 0.7982885454493966
562.5 1.4153493148033034
563.0 0.5770545125272661
563.5 1.2902559803175144
564.0 1.0922615815646073
564.5 1.1089322319757913
565.0 1.438220773771041
565.5 2.4848146982956005
566.0 0.9788064056947041
566.5 1.2043774702142191
567.0 1.3089048301054058
567.5 0.5948097697038284
568.0 1.054566624705001
568.5 3.017384120767553
569.0 1.3185350445531
569.5 0.6262929602658587
570.0 2.463408090744294
570.5 1.3901228409559803
571.0 1.1752774394887142
571.5 1.3135123767854813
572.0 0.9550308804546241
572.5 0.9103158560095895
573.0 1.4446831719691788
573.5 1.22646400762814
574.0 1.1667023135978174
574.5 0.9844329876700821
575.0 1.3598607074213234
575.5 1.212254739752971
576.0 1.1623588984526374
576.5 1.6927801208654714
577.0 1.6730989037546082
577.5 1.1196625426533746
578.0 1.8561645292774354
578.5 0.946366468757928
579.0 2.2898520797776563
579.5 0.9991387599205005
580.0 0.9795752350230749
580.5 1.4527918781746882
581.0 2.0129958997507313
581.5 1.3200196745129447
582.0 0.8630701655691814
582.5 1.2213329075247077
583.0 1.5362911341851557
583.5 1.2228136598741286
584.0 0.6638975720504237
584.5 1.2977359345964896
585.0 1.775745676106511
585.5 0.7715344521080996
586.0 0.9043816144738606
586.5 1.5368642619203425
587.0 1.6456837489641745
587.5 0.6072227705573285
588.0 1.5830127710955608
588.5 0.7601786975083632
589.0 1.7198364790577576
589.5 1.1147517280379615
590.0 1.390592156099507
590.5 1.2946062463488148
591.0 2.1902382748204445
591.5 2.2506866607655964
592.0 1.389432021952151
592.5 1.019162033801949
593.0 1.9455250635800594
593.5 1.097645394676391
594.0 1.2198078312684013
594.5 0.38616259627567984
595.0 0.9367629572099296
595.5 0.9723547502098464
596.0 1.4643917098031884
596.5 1.0148743319054088
597.0 0.7880993170420294
597.5 1.5526696202666095
598.0 1.7588405899850963
598.5 0.790331432202352
599.0 1.262715477395779
599.5 1.9795036126819145
600.0 1.0652186426349115
600.5 1.3911229219244219
601.0 0.9530077457881101
601.5 0.8152052519561326
602.0 0.9325962541028368
602.5 0.5754785869629203
603.0 0.9545039931054103
603.5 0.5531790105551067
604.0 0.9778652918089191
604.5 1.7329933830429387
605.0 1.7085221121426217
605.5 0.7717864590222834
606.0 1.64494594121621
606.5 1.222623692229961
607.0 0.9986846983768125
607.5 0.7772267600176813
608.0 0.80498534580785
608.5 0.9522950770386798
609.0 1.8026334470997645
609.5 1.0805956782317265
610.0 0.9077314843589547
610.5 1.0408868093006904
611.0 1.448931572173669
611.5 1.2152270411565098
612.0 0.9741854222454813
612.5 1.20829631300314
613.0 2.049986252267475
613.5 0.7257546443436238
614.0 0.9599501181082457
614.5 1.027397740015747
615.0 0.5599174315853723
615.5 0.9309337799118365
616.0 1.02147260822659
616.5 0.8796246336938205
617.0 0.6200408795345497
617.5 1.8286692407382994
618.0 0.8790947379023855
618.5 1.3325037631566778
619.0 1.1071928620635547
619.5 0.6733397823429951
620.0 1.4654606340768894
620.5 0.8094025722883011
621.0 1.5001936320533082
621.5 0.8040829467834051
622.0 1.3310727088504755
622.5 0.7933070898157035
623.0 0.5640302186567979
623.5 2.38077093033778
624.0 2.318460037350351
624.5 1.597785539748643
625.0 0.9630630955975321
625.5 0.6929742609819741
626.0 1.0927435425686296
626.5 0.9331039824702323
627.0 1.6486698405012632
627.5 1.8508336450079874
628.0 1.6141981568830848
628.5 1.6160883431666808
629.0 0.9393534339314688
629.5 1.4866819775718985
630.0 0.7383714393725993
630.5 1.1157225102375308
631.0 0.8472006990250078
631.5 2.59798047981595
632.0 2.1306464863607997
632.5 0.9749517613227777
633.0 0.9578986377215821
633.5 1.3691715209052555
634.0 0.9209630129401396
634.5 1.0027628649652953
635.0 1.1841187260563384
635.5 1.4195438595188592
636.0 1.0980154915290985
636.5 1.0155647915915764
637.0 1.759350540841529
637.5 1.3636764411422355
638.0 0.8665119922123578
638.5 0.6882799120832979
639.0 0.9410795869685933
639.5 1.746943902895805
640.0 0.8920820693858793
640.5 1.0858354614099184
641.0 1.3645570901806527
641.5 1.1079161231615688
642.0 2.154776304079607
642.5 1.4791757782749926
643.0 0.8543255001871441
643.5 1.5732437987743944
644.0 0.7384297523388501
644.5 0.8866438886826566
645.0 1.8045821020337813
645.5 1.2238712047936284
646.0 0.6069673158018052
646.5 1.4567462789812202
647.0 0.5020555861315901
647.5 0.7561575559189522
648.0 1.7981598088503739
648.5 1.3944672554050372
649.0 1.1822680398616985
649.5 0.9376733090280951
650.0 0.7351197704062413
650.5 1.8434418618561703
651.0 1.8352993851679915
651.5 1.437511374450874
652.0 1.4068641912486615
652.5 1.5115302439151992
653.0 1.6399699125320648
653.5 0.8492599555999361
654.0 1.2044207923382162
654.5 0.9335394102051833
655.0 0.9416358017155853
655.5 0.8658080956513192
656.0 1.291612614693563
656.5 0.8175721818823158
657.0 0.8272356999783608
657.5 1.1570280500174401
658.0 1.1477545827491147
658.5 1.1612697563934073
659.0 0.8499536686793728
659.5 1.656914708729283
660.0 0.417533758475462
660.5 1.5706625454390934
661.0 0.6539763110193366
661.5 1.1772334641162572
662.0 1.481179186789841
662.5 1.527257334479437
663.0 1.9263712179147605
663.5 0.8675814738255936
664.0 1.786640890085577
664.5 1.230092242985853
665.0 1.531756173117895
665.5 1.6340301195600564
666.0 1.027430593383868
666.5 0.9433326822850172
667.0 1.0013035392186815
667.5 1.287977318598182
668.0 1.1718722978380884
668.5 1.593026780245286
669.0 0.5224255254533576
669.5 1.0978735563964421
670.0 1.7666918305564145
670.5 1.0799011160856997
671.0 1.702983022663855
671.5 0.9551280023733731
672.0 1.0086051552453088
672.5 0.6419234398263285
673.0 0.6669917867965443
673.5 0.9301741956140426
674.0 1.329443387435923
674.5 0.7618002526960859
675.0 1.7835347465417069
675.5 0.9920356928180224
676.0 1.5037553361455531
676.5 1.7430972681620498
677.0 0.9545446843431138
677.5 1.011327591880825
678.0 0.9356803843599699
678.5 1.223760587247122
679.0 2.4150237259860896
679.5 0.6878580788343887
680.0 2.3800503178260066
680.5 0.6169157877821854
681.0 1.598202831754861
681.5 1.0294493458795688
682.0 1.2060718273546929
682.5 1.214609829838557
683.0 1.521962778026822
683.5 1.257667366169003
684.0 0.9558207897734827
684.5 1.4273925793191347
685.0 0.7262780466916834
685.5 0.2
686.0 0.9533457189913115
686.5 1.14315833856997
687.0 1.1670387472153763
687.5 1.2326262098466336
688.0 1.0997962664074714
688.5 0.9618126660706392
689.0 1.004074817914474
689.5 1.1552265574682168
690.0 1.4313405017993623
690.5 1.9161403860962696
691.0 1.52538215897752
691.5 1.3567546564607111
692.0 2.2101085229648643
692.5 2.0939677537579895
693.0 1.868785097825594
693.5 0.9286490325912777
694.0 1.0738172968095592
694.5 0.6343168365710494
695.0 0.41503807404265547
695.5 1.1407028145788656
696.0 1.8128436734374007
696.5 1.31561910122584
697.0 0.9168940790762289
697.5 0.9757595401466352
698.0 1.2980860873942222
698.5 0.7266267095069817
699.0 0.5762804367672852
699.5 2.7487340594113285
700.0 2.1148801921180236
700.5 1.347605368391163
701.0 0.8608506473820712
701.5 0.7532746286523635
702.0 1.3845345918838365
702.5 1.3124519549703675
703.0 1.2993570794719531
703.5 2.1479451052553262
704.0 0.3588534005896056
704.5 1.4368511558429908
705.0 0.9117406656243973
705.5 0.49720960841892387
706.0 1.0361869880051795
706.5 0.793869654378992
707.0 2.2618610849386283
707.5 1.8956503150345267
708.0 1.3652718134459412
708.5 1.8936487772775146
709.0 1.3831242828588555
709.5 1.378183472137518
710.0 1.5224265868545777
710.5 2.0475484623767723
711.0 1.2978501719071498
711.5 1.0335539115767796
712.0 1.9917306566045323
712.5 0.8672224530972045
713.0 1.298170086848376
713.5 1.0225001246566534
714.0 1.118210271310603
714.5 1.0893396523022982
715.0 1.2723121782339475
715.5 1.4804325832798915
716.0 0.8037768999678794
716.5 0.9552739130004559
717.0 1.6639286575954877
717.5 2.1565653569947925
718.0 1.2774571293211574
718.5 1.0697330940429124
719.0 1.282554367066989
719.5 0.8270671591467371
720.0 1.058955456493202
720.5 1.3512483501746027
721.0 1.4090049098755082
721.5 1.6689920844565473
722.0 0.7538652503265855
722.5 1.6071464292720552
723.0 1.205862591274264
723.5 0.6638687598154183
724.0 0.8126455060537211
724.5 0.9002524436898434
725.0 1.487422614141384
725.5 0.6169803610504269
726.0 1.4048178416906922
726.5 1.0669537828405635
727.0 1.8117869409468328
727.5 1.1215835039175293
728.0 2.1839518106423332
728.5 2.6003357293942013
729.0 1.2337781589516366
729.5 1.5031952513510953
730.0 1.2945883660704736
730.5 0.9036445043949002
731.0 1.286368440910896
731.5 0.2751910361997967
732.0 0.9825023652786831
732.5 1.47151982425447
733.0 1.0900128271940037
733.5 1.8796109796181673
734.0 0.9501687454076104
734.5 1.01913642977565
735.0 1.1756499966491099
735.5 1.2985457627732306
736.0 1.1034880714898958
736.5 1.5645304404112705
737.0 1.616668424191622
737.5 0.6766419814435289
738.0 1.0766777020995846
738.5 1.5156556314537015
739.0 1.3632244039290042
739.5 0.7903321213979322
740.0 1.0759236249453585
740.5 1.4266891841038585
741.0 2.1002609845516744
741.5 0.9934439303252767
742.0 1.2076451755117477
742.5 1.03545337990289
743.0 0.7726496520760422
743.5 1.3942495331311873
744.0 1.1329480058673849
744.5 0.6427969537957404
745.0 0.951826847569095
745.5 1.0694435020541886
746.0 0.9985456176849271
746.5 0.7072344134523901
747.0 0.9310703833631568
747.5 1.2967014953188984
748.0 2.2696813201706942
748.5 1.4140316633260488
749.0 0.5441196198620974
749.5 1.1732017875772138
750.0 1.3080127962967856
750.5 1.198471926715236
751.0 1.3880205955270943
751.5 0.8246349232588133
752.0 1.511828675106901
752.5 0.6828605808619859
753.0 0.6089611657308525
753.5 1.7663744613452326
754.0 1.3597757150339813
754.5 0.7973497460880927
755.0 1.4766404101145414
755.5 1.3853717289833993
756.0 1.1200224494966267
756.5 3.226163500113775
757.0 1.38112431107656
757.5 1.0966447229332177
758.0 2.4040079878776766
758.5 1.2779273074788418
759.0 1.477479977567733
759.5 2.0786790620201074
760.0 1.8239149634781038
760.5 0.780359617634113
761.0 0.9061175399829744
761.5 1.3831167482315938
762.0 0.9943321221811521
762.5 1.6653279210528236
763.0 1.5163173419212705
763.5 1.4660635304032055
764.0 0.7022875830496648
764.5 1.2903132934936248
765.0 0.9949653008981052
765.5 0.7748561930633135
766.0 1.6657894781440379
766.5 1.6292155778740598
767.0 0.9442902759980331
767.5 1.0542555255938906
768.0 0.8716093164874761
768.5 0.8284329855538117
769.0 1.164861935748255
769.5 1.1740431055417728
770.0 1.1590445993773597
770.5 0.833472881105927
771.0 1.129180401113301
771.5 0.7988774753574166
772.0 0.6110865532926428
772.5 1.4991476136712314
773.0 0.33080076816542925
773.5 1.1239309405683375
774.0 1.1181569502240514
774.5 0.5775668771272467
775.0 0.5648025495397319
775.5 0.6228206252493851
776.0 0.6937049720348138
776.5 0.703910412348689
777.0 0.9040489925435631
777.5 1.5975330433247636
778.0 1.097175823467583
778.5 0.7272351039757621
779.0 0.9944974976168212
779.5 0.8980181449696679
780.0 0.653127688461423
780.5 1.1524981832680004
781.0 1.733145989542422
781.5 0.7409941672599762
782.0 2.299742213887824
782.5 0.8647572043034911
783.0 1.6479176182778588
783.5 1.0973050593517233
784.0 0.4737576860592002
784.5 0.7826892201074038
785.0 0.9406358316889685
785.5 2.431183134847747
786.0 0.6645789769777777
786.5 1.7582549921864121
787.0 1.7296687578136898
787.5 1.0900239360354627
788.0 1.091101971935791
788.5 1.6664215454867775
789.0 0.980296431542306
789.5 0.9471040997361255
790.0 1.6254730141025868
790.5 0.6281324428386842
791.0 1.550575074279511
791.5 1.1486108924282608
792.0 0.8689768584455718
792.5 1.1643930097564184
793.0 1.609692648707918
793.5 1.882147816588283
794.0 1.9666086967655825
794.5 1.552454492312767
795.0 0.6505162228268107
795.5 1.0732866223846462
796.0 2.179213703375563
796.5 0.9384610344811399
797.0 1.700429179056739
797.5 0.7533723285325751
798.0 0.7359463908062895
798.5 0.7552975170507379
799.0 1.209490786704803
799.5 0.8854281772677346
800.0 2.1438644774817703
800.5 1.262086288573526
801.0 0.7561086611131302
801.5 0.5809059898365107
802.0 1.6903519005582004
802.5 0.8455606050454709
803.0 0.649425338366634
803.5 1.147249659510556
804.0 1.0340401464949092
804.5 0.7226224468377084
805.0 1.3878003439842992
805.5 1.7394006584972859
806.0 1.3980101181912414
806.5 1.1090831925200602
807.0 0.6289171725235079
807.5 1.321542116191924
808.0 0.5071031005090654
808.5 0.7951130891139939
809.0 1.1857505997576934
809.5 1.4654101126445602
810.0 1.3839052574259538
810.5 0.9734182160908935
811.0 1.2155881942028433
811.5 1.1493163938686104
812.0 2.613181914453367
812.5 0.6944813541249285
813.0 1.429891600185103
813.5 0.7884543536008877
814.0 1.4383882384399995
814.5 1.6900364404834436
815.0 0.9992257968571966
815.5 1.323057561107823
816.0 1.9431945816531566
816.5 0.9481573598410944
817.0 0.8302739380315827
817.5 1.0508190371798372
818.0 0.7332920848172769
818.5 1.3583130080483399
819.0 1.052642618293056
819.5 1.0152056371507858
820.0 1.227024815622411
820.5 1.0072695189014151
821.0 2.36094011986782
821.5 1.9605746455020476
822.0 1.3410340869153776
822.5 1.7303285042990606
823.0 1.3001798981470725
823.5 1.7519819381593462
824.0 1.6401095661804557
824.5 1.4071244016549347
825.0 2.422190405280102
825.5 1.6898713661278992
826.0 1.035603230575323
826.5 0.602065549347965
827.0 1.6319925163583948
827.5 1.5015977682176491
828.0 1.3114448124898654
828.5 0.7154279104029995
829.0 1.4774130623713373
829.5 1.6593191809514316
830.0 0.8033326639533932
830.5 0.7734014762437673
831.0 1.4333763306282181
831.5 0.9884318285691094
832.0 0.8281329251940321
832.5 0.5765159138553662
833.0 1.8201873990359092
833.5 1.0862307766537354
834.0 1.0124674045779842
834.5 0.7926317736398946
835.0 0.9265397847204988
835.5 0.5774243482088541
836.0 0.6236562657101385
836.5 0.715398070762689
837.0 1.2580543585854935
837.5 0.7763968354914638
838.0 0.5324336999861088
838.5 0.8115386283638963
839.0 0.7115573249230311
839.5 1.655990313877136
840.0 0.9985398710214648
840.5 0.8538362150549147
841.0 0.9333571996855506
841.5 1.3508833576642743
842.0 1.1924601852805006
842.5 1.4081261503912201
843.0 1.5684114388240742
843.5 1.3339340820312888
844.0 2.0315275771361034
844.5 1.0972709123982858
845.0 0.9212784813368776
845.5 0.9404976232605333
846.0 1.5773356192121653
846.5 0.6575470765486771
847.0 1.2077054919599084
847.5 0.7006535527548952
848.0 0.9861830147489539
848.5 1.5836214135097046
849.0 1.3956826228263015
849.5 0.923646796327273
850.0 1.7356514810102168
850.5 1.70590320824448
851.0 1.0164406259637673
851.5 0.8159508053821583
852.0 1.9251526961405925
852.5 1.4295377974399992
853.0 0.7481273707579263
853.5 0.7490602970885638
854.0 1.1322707060080524
854.5 0.5582721546391491
855.0 1.3735806404026607
855.5 0.7489088821002742
856.0 1.6696818699663691
856.5 1.3274362790450285
857.0 0.7845162733010627
857.5 1.0528597657881031
858.0 0.674178094692315
858.5 0.7920878789939731
859.0 0.7365008860808278
859.5 1.1253240100076292
860.0 0.8198644266429428
860.5 2.0533061750680126
861.0 1.4237778758166322
861.5 0.5718444634802766
862.0 1.0173908878311242
862.5 1.606595270276335
863.0 1.5184721895068845
863.5 1.3213219402738892
864.0 0.5942536581076951
864.5 0.6773500764568058
865.0 1.0097296212233544
865.5 1.6782940406292426
866.0 1.3760613543855211
866.5 0.6938401538590018
867.0 1.3712182756230447
867.5 0.5630626294056711
868.0 1.0517214659596206
868.5 2.2229454256184873
869.0 1.5406793325962715
869.5 1.7775390765771193
870.0 2.06490313444412
870.5 1.0877380924501652
871.0 1.310227437968808
871.5 1.221077942215125
872.0 1.1733852948992458
872.5 1.4326675838671514
873.0 1.4487853762037686
873.5 0.5888937768097238
874.0 1.515955039193378
874.5 1.094694260764446
875.0 0.6341510237647601
875.5 1.3522129149001307
876.0 0.9422702735469609
876.5 0.7183836062184423
877.0 1.377436278708613
877.5 1.4289267944859938
878.0 1.1014336049042575
878.5 1.4677208738898768
879.0 0.6890435305378062
879.5 0.8934094146469558
880.0 1.0992435831489926
880.5 1.3611312772296829
881.0 0.9453197638267042
881.5 0.6983629358694297
882.0 1.2141980089216622
882.5 0.6892371960128996
883.0 1.242459327774899
883.5 1.3576067005414236
884.0 1.8854285618424078
884.5 0.8995253263091838
885.0 0.9618220715855068
885.5 0.8157496270429718
886.0 1.1618905168286293
886.5 0.8828067924433315
887.0 1.1079401603313836
887.5 0.9168207967754564
888.0 0.9001721504500837
888.5 1.5819820017671717
889.0 1.3658422503608039
889.5 1.7461871414945427
890.0 1.074337503212084
890.5 1.1436930857836236
891.0 2.0148453051649513
891.5 0.666324080737321
892.0 0.7962487063971317
892.5 0.7088473372521338
893.0 1.2911518859334692
893.5 1.5376409262963155
894.0 1.088961999999579
894.5 1.163144083714237
895.0 1.0316047666738077
895.5 1.4854381601667055
896.0 0.6959119913447764
896.5 2.249785539024237
897.0 0.8069568840835926
897.5 1.11331264442466
898.0 1.1595774827233643
898.5 1.0447072903335617
899.0 1.3336002340456903
899.5 1.637826095972482
900.0 1.0302305062890684
900.5 0.8256059133628306
901.0 1.5375928113093715
901.5 1.195112037306614
902.0 1.7068143849558362
902.5 0.7504173763228195
903.0 0.9961947719982656
903.5 0.9940918063041226
904.0 1.8048917212711397
904.5 1.7681934184124313
905.0 1.0133537808350659
905.5 1.053889713023468
906.0 0.7996855268977481
906.5 0.4827873842438704
907.0 1.169465967463422
907.5 0.8945499837057215
908.0 1.1773502541863974
908.5 0.7366714269089476
909.0 1.4264175761296936
909.5 1.178407337698086
910.0 0.6869098720643491
910.5 1.0002547602949163
911.0 0.7759273971727771
911.5 0.9635845270351714
912.0 1.9836695273059664
912.5 1.6431007215559177
913.0 1.0815318161755632
913.5 1.0033165094080339
914.0 1.0784653898763827
914.5 0.8841783387716333
915.0 0.5744780322888772
915.5 1.4591002098914678
916.0 1.8505620376636502
916.5 1.0191080777661723
917.0 0.906270041759772
917.5 1.597416736082134
918.0 0.8009528816911078
918.5 1.3089147731597035
919.0 0.8593862289118561
919.5 1.171771997601653
920.0 1.3983442827691215
920.5 1.1991645397174564
921.0 1.0061267359564945
921.5 0.8714646604618136
922.0 1.0007026112929964
922.5 1.3511662460069946
923.0 1.0815886978263125
923.5 0.7098104303957394
924.0 0.8695993876160241
924.5 1.6831268067938578
925.0 0.9512998741086711
925.5 0.9483389999646765
926.0 1.5573328859707036
926.5 1.0681663733850866
927.0 1.133552443327024
927.5 1.0104344605018056
928.0 1.5122894219872642
928.5 0.6436156023474181
929.0 0.8738898706744394
929.5 1.7309576149993597
930.0 0.6059384056122044
930.5 0.9166786080835052
931.0 1.3705981201358803
931.5 1.910864806206993
932.0 1.229821688229138
932.5 0.5241308020629967
933.0 1.43268517704914
933.5 1.5004538224223773
934.0 1.2477122800837384
934.5 1.791015845529818
935.0 0.5673787926705327
935.5 0.7801249941175148
936.0 0.6253575149884635
936.5 0.8773203381084826
937.0 0.7588692433987385
937.5 0.7950414918463533
938.0 1.7024979089030472
938.5 1.2537956473183622
939.0 0.646654509041257
939.5 1.4326035838893842
940.0 0.9382780910631479
940.5 0.8252401022730315
941.0 0.8172442273187872
941.5 0.34781847819112105
942.0 1.8070447216324186
942.5 0.4865689349530238
943.0 0.7252638072316147
943.5 0.9139869055555115
944.0 1.2547071143254551
944.5 1.7352237823920516
945.0 0.9324577098087803
945.5 0.9469448095721296
946.0 0.7152778719396149
946.5 1.0926712219176888
947.0 0.7666103579715943
947.5 1.0667423758192356
948.0 1.5886758070086735
948.5 1.3357552839998617
949.0 1.1240889461642471
949.5 1.5250168260881043
950.0 0.5055638400024225
950.5 0.8399392894472004
951.0 1.1110354417997177
951.5 1.056042270459711
952.0 1.4672252880061478
952.5 0.9489727470027558
953.0 1.8235061467047777
953.5 0.849511353173706
954.0 0.9354532913148125
954.5 0.2
955.0 0.9020489304663505
955.5 1.5995675150109825
956.0 1.0520069536519356
956.5 0.9129555901238654
957.0 2.2326510546687373
957.5 1.9202264328885017
958.0 1.419614824640796
958.5 1.099135047230207
959.0 1.0899960400315645
959.5 0.9017173192813527
960.0 1.4397657743662045
960.5 1.1976696825437654
961.0 0.7901476554774145
961.5 1.8839315839233222
962.0 0.771964315042479
962.5 1.5486571037918404
963.0 0.9596440758741688
963.5 0.9478702376909958
964.0 2.000742580347397
964.5 2.130003057811699
965.0 0.8455684950014799
965.5 1.7895464061769848
966.0 1.5465427533761027
966.5 1.2954774210752158
967.0 2.883086048085292
967.5 1.4263342882505814
968.0 0.8696924250423517
968.5 1.0379776672401304
969.0 0.8351487689823214
969.5 2.151697222349707
970.0 0.823139321890973
970.5 1.263103530544711
971.0 1.2257820233627588
971.5 1.5340833731317027
972.0 0.8173237500274029
972.5 1.4292497444791543
973.0 2.4280302782199294
973.5 0.8703933416294509
974.0 1.3860112533692241
974.5 0.7275406879368551
975.0 0.47093889954116863
975.5 1.7762966787554073
976.0 1.674245550963855
976.5 0.914403120826028
977.0 2.412324544689052
977.5 1.226209723543275
978.0 1.4460633247726826
978.5 2.2869648244652914
979.0 1.866837170187931
979.5 1.1158649811873866
980.0 1.6692153114099217
980.5 0.8750983376541788
981.0 0.9611723338135059
981.5 1.212999538401217
982.0 0.5038122238451962
982.5 1.4134709050992103
983.0 2.3003639941119394
983.5 0.7288945146395802
984.0 0.6179773247701925
984.5 1.2060693572381038
985.0 1.316555294101904
985.5 1.128578993684942
986.0 1.5749804922960502
986.5 0.9049520623653668
987.0 0.7372992066963369
987.5 1.0870773658947344
988.0 1.7429371495245856
988.5 1.075946519197806
989.0 1.2994602253169851
989.5 1.542163653363069
990.0 0.9962029469214668
990.5 1.383465526028334
991.0 0.7908989221100549
991.5 3.3648834830423704
992.0 1.7932953488939614
992.5 1.3559202426470702
993.0 0.8261417440150037
993.5 0.8029956740312314
994.0 1.0162064137602043
994.5 1.3448515746661855
995.0 1.9977039537721784
995.5 0.9575071334360388
996.0 0.9034735303987833
996.5 0.8920853395062095
997.0 1.317558187390509
997.5 1.710358025379612
998.0 0.8125890065528499
998.5 1.5414128598110037
999.0 1.248455221551823
999.5 0.6610957240523148
1000.0 1.1890538867959408
1000.5 0.9649964660953905
1001.0 1.2350787273919857
1001.5 0.7051697688965195
1002.0 0.7003879775784725
1002.5 1.5852299101811067
1003.0 1.1313219743165086
1003.5 1.0894820929806632
1004.0 1.3907152852288398
1004.5 1.0797371742961401
1005.0 1.5228142890913698
1005.5 1.1048490372527568
1006.0 1.3623106068083577
1006.5 1.4774919119737315
1007.0 1.462488210420444
1007.5 1.1519446058616891
1008.0 0.587077543307353
1008.5 0.559281300425994
1009.0 1.1071614860787924
1009.5 1.3961619937267393
1010.0 0.597549264812391
1010.5 0.9252910699733911
1011.0 1.7470502272742794
1011.5 1.0152411205968372
1012.0 1.013661471703457
1012.5 1.2802099993741805
1013.0 1.5821996341258124
1013.5 0.9564202087465871
1014.0 0.831638824424945
1014.5 1.2085602327188198
1015.0 0.7528562589694168
1015.5 1.4566279987254687
1016.0 1.218874637523604
1016.5 1.8090587532787914
1017.0 1.1030670649049412
1017.5 1.6065583139302393
1018.0 0.6417575581598018
1018.5 0.6147262015979673
1019.0 2.265370164197047
1019.5 0.9211016668554735
1020.0 1.6203367953625971
1020.5 1.0041513111003861
1021.0 0.9962390581139003
1021.5 0.4385328594258817
1022.0 1.2794023127610137
1022.5 1.191455805406584
1023.0 0.9358002359975548
1023.5 1.1611789647790918
1024.0 1.0148067246895938
1024.5 1.2010719900015863
1025.0 2.0134579188617443
1025.5 0.7678274195874802
1026.0 1.2044883298140185
1026.5 1.9250665883480815
1027.0 0.891252700413809
1027.5 0.7322940458412162
1028.0 0.8464159915723
1028.5 1.1668386342335477
1029.0 1.2031293562199286
1029.5 0.961878856727195
1030.0 0.6759711832302313
1030.5 0.5859414432641511
1031.0 0.8100844751636638
1031.5 0.6553813851215857
1032.0 1.7454015320172829
1032.5 0.5384809033630754
1033.0 0.9466436116493517
1033.5 1.4065256281823908
1034.0 0.7353178790786312
1034.5 1.0829200511885233
1035.0 1.7935738486572719
1035.5 1.7538356403929458
1036.0 0.8942439324091169
1036.5 1.1931903003645337
1037.0 1.7440691938076418
1037.5 2.3392763096351654
1038.0 0.3483214211477996
1038.5 0.6845747593055143
1039.0 0.8378727039443932
1039.5 1.4697518760223947
1040.0 1.6586629208521866
1040.5 0.8948404126950523
1041.0 0.7084206933813807
1041.5 0.7995380497630884
1042.0 1.815269818949039
1042.5 1.346608845111764
1043.0 0.9474024416893096
1043.5 2.1172827125973495
1044.0 0.7118588559713642
1044.5 0.6344716420203373
1045.0 2.815618345696387
1045.5 0.7154656625511917
1046.0 1.5052001303122335
1046.5 1.0067640549161205
1047.0 1.2141447657324576
1047.5 1.7146803461899474
1048.0 1.1969912216726497
1048.5 1.6721957496983264
1049.0 1.9696695907335624
1049.5 0.976242297485783
1050.0 0.673273830555967
1050.5 0.7468507821597685
1051.0 1.0651091165749762
1051.5 1.9459190019180141
1052.0 0.89419007567396
1052.5 0.8720027360565576
1053.0 0.908873513276944
1053.5 1.4308437514493404
1054.0 1.2258615545910816
1054.5 1.318552726677165
1055.0 1.163468878372111
1055.5 0.8281659696602302
1056.0 1.3133566226066167
1056.5 1.014179807871913
1057.0 0.8184672492342303
1057.5 0.7073355822246759
1058.0 0.5749147903048838
1058.5 0.7848726387536986
1059.0 1.4929926008002183
1059.5 1.5823358634590807
1060.0 0.7276036087878173
1060.5 1.0870871368430324
1061.0 1.909727457253719
1061.5 1.28200305631034
1062.0 1.5546918598186403
1062.5 0.6959010326352697
1063.0 1.3888169718585914
1063.5 1.129452891178497
1064.0 0.6855969003794556
1064.5 1.5717417792728865
1065.0 1.8492230510631087
1065.5 0.9172755459987072
1066.0 1.1750107109113355
1066.5 0.7183888361181728
1067.0 1.3959754723402007
1067.5 1.4519479102128419
1068.0 2.1187035219950703
1068.5 0.8534631074714258
1069.0 0.7180370408795511
1069.5 0.8111045962777168
1070.0 1.9682331932289203
1070.5 1.2871947764272202
1071.0 1.9583118904677044
1071.5 1.7544330445525198
1072.0 1.1985615148715287
1072.5 1.3410915778287582
1073.0 1.4529817391754167
1073.5 1.1241891765313765
1074.0 0.5580309391992871
1074.5 1.1139125726252703
1075.0 1.0669596711219709
1075.5 1.3725279302818088
1076.0 1.3559031364470688
1076.5 0.7572394502548381
1077.0 1.0288336751375764
1077.5 0.8820606833011113
1078.0 1.1099911517729768
1078.5 0.8708716324890583
1079.0 2.281801453643067
1079.5 2.0845895016345777
1080.0 0.6957671073934464
1080.5 0.9561393833062035
1081.0 0.8941353096788118
1081.5 0.9059364052296746
1082.0 1.3268392677292034
1082.5 0.8511411552375713
1083.0 0.6439284578706553
1083.5 0.7764943359342309
1084.0 0.7086355532317549
1084.5 0.577588971493413
1085.0 0.7192132782951004
1085.5 1.331929527523197
1086.0 0.6846121429182657
1086.5 1.6872805853426063
1087.0 2.325188317633609
1087.5 1.112226120819537
1088.0 0.6213790808096322
1088.5 2.2759366570350905
1089.0 0.8321372671310573
1089.5 1.3603919054605034
1090.0 1.189287888235135
1090.5 0.5748065215386987
1091.0 0.9195738190937912
1091.5 1.9045334739355337
1092.0 1.3603762973475602
1092.5 1.1657886910467725
1093.0 2.2889958455036106
1093.5 0.9565206351741016
1094.0 1.0246232197747807
1094.5 0.9695279239086647
1095.0 1.1476054003856386
1095.5 1.155732779119181
1096.0 0.6073479611474392
1096.5 1.4776270129820355
1097.0 0.5831679936956498
1097.5 1.4596515241587351
1098.0 0.9678590122234022
1098.5 0.8256429917231682
1099.0 1.3983645168830736
1099.5 0.8911722106915887
1100.0 0.7595028470865495
1100.5 0.708243208202715
1101.0 0.9167573142307508
1101.5 1.5453588739595117
1102.0 1.282450561008606
1102.5 1.805494891253342
1103.0 1.1694295023659849
1103.5 0.5802103206713826
1104.0 1.754528715901622
1104.5 2.2050896584447153
1105.0 1.9528473071603227
1105.5 1.7269157604852299
1106.0 1.0786181648944486
1106.5 1.3885818264966994
1107.0 0.8029957384285438
1107.5 1.4550451569753542
1108.0 2.052917532171345
1108.5 0.6729901245921166
1109.0 1.3818570418690204
1109.5 1.3020714030466767
1110.0 1.580379633413517
1110.5 1.5688733210923234
1111.0 1.0728697919255024
1111.5 0.680180450035262
1112.0 0.9586966762549839
1112.5 1.1641571190448845
1113.0 0.7714934575628936
1113.5 1.035851641940418
1114.0 1.276770437371263
1114.5 1.141326383332377
1115.0 1.2888882329099713
1115.5 0.7561800678216476
1116.0 1.1919254107976998
1116.5 1.5816818530984493
1117.0 1.8117074614789352
1117.5 0.734078801612991
1118.0 1.7691203817156373
1118.5 0.7293261813394014
1119.0 0.8381297567916748
1119.5 0.9368475762423026
1120.0 1.3429002566355157
1120.5 0.5275078832444768
1121.0 0.8225874021808168
1121.5 1.2118273441275693
1122.0 1.2115809212158677
1122.5 0.8896954758735105
1123.0 2.1223202859662726
1123.5 0.9263195563967181
1124.0 1.1961399506485466
1124.5 0.6116472299214124
1125.0 0.6516635305966805
1125.5 0.8993635444504127
1126.0 1.1553910181269396
1126.5 0.8619770906640898
1127.0 1.062244130888631
1127.5 0.6626136801380751
1128.0 1.124444458696228
1128.5 0.9780662987787756
1129.0 1.2116822896187207
1129.5 1.3243626164289322
1130.0 1.018549021380865
1130.5 0.7429636607469274
1131.0 0.540141958064505
1131.5 1.3104562952696515
1132.0 2.0362714925362178
1132.5 1.1714944259681856
1133.0 0.9518472622406249
1133.5 0.9511917364860819
1134.0 1.6839589213461492
1134.5 1.202071673285224
1135.0 1.5485564132084773
1135.5 1.651044899544202
1136.0 1.0456772995963222
1136.5 1.8916220904499927
1137.0 1.0816624947952556
1137.5 0.9549505788048617
1138.0 1.1659414883276584
1138.5 1.2446169287719737
1139.0 1.7986367522563573
1139.5 1.0742157558857681
1140.0 1.291368472439343
1140.5 2.2010810948293766
1141.0 1.0891959635086979
1141.5 1.2681963613619485
1142.0 2.8940167545140065
1142.5 1.143309882000441
1143.0 1.2645313053954772
1143.5 0.7151593740551685
1144.0 0.6764352479629512
1144.5 0.5594167213040333
1145.0 0.5237214341893389
1145.5 1.4751667983504326
1146.0 1.2532289050649326
1146.5 0.8900902545214672
1147.0 0.721883591889475
1147.5 0.849413600143017
1148.0 0.7389015247267111
1148.5 2.168697245479202
1149.0 1.4996435060299993
1149.5 0.6120456000098515
1150.0 1.63567782435503
1150.5 0.8412784570914178
1151.0 1.220868818225765
1151.5 1.0007183181073462
1152.0 0.8066787642568353
1152.5 1.899467232897859
1153.0 1.1111308497121901
1153.5 1.1364662519586795
1154.0 2.2190192335888055
1154.5 1.6967270956277984
1155.0 1.0926724176256326
1155.5 1.4843486294057024
1156.0 1.087133172482841
1156.5 1.0610734650576799
1157.0 0.9729781659724295
1157.5 0.7819439333910083
1158.0 0.9225432973099613
1158.5 0.6750688273034304
1159.0 1.6726425239790392
1159.5 1.0568014174570237
1160.0 0.6324374860479309
1160.5 1.9814400159781753
1161.0 2.451488350332984
1161.5 0.839755785537991
1162.0 0.8075787821283087
1162.5 1.17734671685044
1163.0 0.9704139644942695
1163.5 0.7377696972176454
1164.0 0.9735949470453754
1164.5 0.845652103461677
1165.0 1.2988435254943718
1165.5 0.6656726159477971
1166.0 0.7229172139099582
1166.5 1.8425541567733792
1167.0 0.6123229663807249
1167.5 0.8030012795536653
1168.0 1.720045186724371
1168.5 1.6102470317876805
1169.0 1.2253564415545097
1169.5 2.5323030354778995
1170.0 0.8007620998635273
1170.5 2.4755457542841213
1171.0 0.645718446823887
1171.5 1.7405281772716017
1172.0 0.9940814333186923
1172.5 0.6650313658546628
1173.0 0.7779039750648911
1173.5 1.5169608706071733
1174.0 1.8893278540017338
1174.5 0.7285041671039263
1175.0 1.1290061696606235
1175.5 0.9264148586201373
1176.0 0.9470967790787586
1176.5 1.0775542409710077
1177.0 1.6733756906285695
1177.5 0.575850343675744
1178.0 0.9960217636564415
1178.5 0.500911870041443
1179.0 0.8457164196291034
1179.5 1.4557241815572879
1180.0 0.5503184356890225
1180.5 1.1246671519491978
1181.0 0.6971416812648155
1181.5 1.2528543259177507
1182.0 1.0988145500054327
1182.5 1.093378533395557
1183.0 0.75698983610556
1183.5 0.9159097362204079
1184.0 1.351034572000252
1184.5 1.3372049491703166
1185.0 1.856161642419638
1185.5 0.46385419040327064
1186.0 1.6133629906572284
1186.5 1.0291344199638255
1187.0 0.9135571493799276
1187.5 1.5185629068507167
1188.0 1.617034392578911
1188.5 1.0012314525813122
1189.0 1.3050386834690055
1189.5 1.0021035927936288
1190.0 1.7461935871998833
1190.5 1.3731623664940227
1191.0 1.8408434291887315
1191.5 1.5388910787693704
1192.0 1.0739222992267876
1192.5 0.9270180214114225
1193.0 1.1233055424301062
1193.5 0.5435834273385194
1194.0 0.8254040042623396
1194.5 1.3912599637490761
1195.0 1.464905982939345
1195.5 1.1025201512896063
1196.0 0.6346444400939756
1196.5 1.7871286315333919
1197.0 2.4731301497684393
1197.5 1.7921909398822577
1198.0 1.3679908735581132
1198.5 0.9082342961226455
1199.0 1.0088935350488908
1199.5 1.7301913269681086
1200.0 1.2583145588024853
1200.5 1.461014595460429
1201.0 1.2858360213629876
1201.5 1.7500734761623258
1202.0 1.3812162852099776
1202.5 0.8655321436254576
1203.0 1.1261699961172331
1203.5 0.9588087655637797
1204.0 0.6038585050688332
1204.5 2.9344993409552447
1205.0 1.8545344132120025
1205.5 1.181506548743149
1206.0 1.8783475498249365
1206.5 1.735240156580667
1207.0 1.5654574016150256
1207.5 1.6359598675718412
1208.0 1.2658802274401797
1208.5 0.8094238007151618
1209.0 1.484792649702552
1209.5 1.156218354002124
1210.0 1.323855626127618
1210.5 0.9414226216567776
1211.0 0.40785972012627425
1211.5 0.7410526482368354
1212.0 0.5551790453830405
1212.5 1.1188163178028763
1213.0 1.2639745718102342
1213.5 3.017527835334219
1214.0 0.8078053202994429
1214.5 1.496290247073086
1215.0 1.834857076810799
1215.5 0.8131537443014841
1216.0 0.6939707214327192
1216.5 1.2324084625127552
1217.0 0.9817130617563261
1217.5 1.6739499881834772
1218.0 2.4789765435990994
1218.5 0.4200597785137026
1219.0 2.248984404450343
1219.5 0.7504235704747872
1220.0 0.8176500146401019
1220.5 1.2423550679918036
1221.0 0.7775198940986489
1221.5 1.7838758308721627
1222.0 1.0996742311213472
1222.5 1.5630044555028704
1223.0 0.948932134035099
1223.5 0.7917708670686462
1224.0 0.9282310554067368
1224.5 1.405851595866138
1225.0 0.9841162078870344
1225.5 1.579274242462165
1226.0 1.3986278138797759
1226.5 0.5906463712708168
1227.0 0.9856103447791398
1227.5 0.9933422549226691
1228.0 2.2086774136407024
1228.5 1.1182625812009064
1229.0 0.7683502812554676
1229.5 1.3556836138225083
1230.0 0.8189738663885059
1230.5 1.0308672304528579
1231.0 1.2986720383406989
1231.5 0.7665944160068106
1232.0 1.302285847483902
1232.5 0.7124241505755048
1233.0 0.9593417898655994
1233.5 1.220160179577886
1234.0 1.1736741514092788
1234.5 0.9214566721552604
1235.0 0.8890453645264708
1235.5 0.7710182302219284
1236.0 0.8974856612322673
1236.5 2.2834462606483044
1237.0 1.0461999169143523
1237.5 1.4348432273182032
1238.0 1.292959929607234
1238.5 1.9302864525486743
1239.0 0.7821825431291866
1239.5 1.5363325901030918
1240.0 0.8378221666406623
1240.5 0.9161557519743161
1241.0 2.1699425363714395
1241.5 1.0456654967185575
1242.0 0.9544309710329386
1242.5 0.7196335718611107
1243.0 0.8903875482865273
1243.5 1.2778671017079752
1244.0 1.1406963556685532
1244.5 1.4717764459229565
1245.0 1.1334322097099783
1245.5 0.972734153121718
1246.0 1.3381854939245181
1246.5 1.5672975674179008
1247.0 1.0022454047930989
1247.5 1.256096727138221
1248.0 1.071515087803687
1248.5 1.312368081830229
1249.0 0.6702097710995133
1249.5 2.259817010804134
1250.0 1.0410411085284481
1250.5 2.3401827240932023
1251.0 0.8827353742190658
1251.5 1.4111132944648421
1252.0 0.7027711910980305
1252.5 0.7655748634297278
1253.0 0.7463023668854336
1253.5 1.0953289628411116
1254.0 1.2919652745867076
1254.5 1.493351447566078
1255.0 1.9040659973071674
1255.5 1.8152899988166609
1256.0 1.1983866384760244
1256.5 1.6127120997960789
1257.0 1.9214018365712864
1257.5 0.78273194310605
1258.0 1.205690670379853
1258.5 0.6725200389166881
1259.0 1.4032491030024588
1259.5 1.4488076038061135
1260.0 0.6610787296803562
1260.5 2.0087428090723085
1261.0 0.9456356867775895
1261.5 0.5817002064312881
1262.0 0.9957639363142499
1262.5 0.8204769126465155
1263.0 1.9077639863290266
1263.5 1.604617146828699
1264.0 1.3565345803227413
1264.5 0.7255413891595568
1265.0 1.1297355707451535
1265.5 1.1256682279020536
1266.0 1.508167880043853
1266.5 0.6820343450359068
1267.0 2.3889363807361548
1267.5 0.7534025584194951
1268.0 1.412825495074626
1268.5 1.345803934907164
1269.0 1.142207436103662
1269.5 2.205712645821553
1270.0 1.1898015971501827
1270.5 2.3312293341204486
1271.0 1.3113651652524578
1271.5 0.408111692105068
1272.0 1.0745472586713798
1272.5 0.9619338293411497
1273.0 1.4216309317510076
1273.5 1.0118368801178275
1274.0 1.2487816300508934
1274.5 2.0915420426716103
1275.0 1.204852781096828
1275.5 1.687725816904747
1276.0 0.6431423958346845
1276.5 1.3531167471413532
1277.0 2.0794420102742426
1277.5 1.0385747300727708
1278.0 1.2513194212779282
1278.5 1.2944705333587305
1279.0 1.2820342633207065
1279.5 1.1701577762142108
1280.0 1.530406342648157
1280.5 0.6191752705225007
1281.0 0.7598910598719757
1281.5 0.7632422798847476
1282.0 1.302875290998826
1282.5 1.8485128575722314
1283.0 0.8502640660652021
1283.5 1.8582030745062035
1284.0 1.1777057559661044
1284.5 2.0719105743478483
1285.0 1.428675368142227
1285.5 0.7017999745223543
1286.0 1.5558467866150165
1286.5 0.8861071544309644
1287.0 0.8895615574161756
1287.5 0.7145414599627239
1288.0 1.7923467029517544
1288.5 0.7206679449370152
1289.0 0.8535958421927983
1289.5 1.3000719804191319
1290.0 0.5827935933072593
1290.5 1.0219015881924558
1291.0 0.8908700121493589
1291.5 0.8733648231498724
1292.0 2.1478079382207227
1292.5 1.0448656483245942
1293.0 0.5640007252385733
1293.5 1.2113213853862537
1294.0 0.9318791377544812
1294.5 0.9578416468534016
1295.0 0.9157551708688054
1295.5 1.169694118960637
1296.0 1.676025064829926
1296.5 1.0743790048776372
1297.0 1.117232342804558
1297.5 0.8207235876821833
1298.0 1.7036050485530034
1298.5 0.6208336611849047
1299.0 2.095461826410027
1299.5 1.550808369682666
1300.0 1.0051735296934547
1300.5 1.3719370476202648
1301.0 0.922199353089286
1301.5 1.0331502233421597
1302.0 1.2702387370673427
1302.5 1.194193726504815
1303.0 1.8057634144852792
1303.5 1.6694529134029539
1304.0 1.0666770871487208
1304.5 1.5974502585593142
1305.0 1.4074609024725881
1305.5 0.6272161229958494
1306.0 2.155588502585257
1306.5 1.3066792379593353
1307.0 1.1969518406056547
1307.5 1.4388177124525003
1308.0 1.4517359419910623
1308.5 1.3244531217472189
1309.0 1.1711690055333226
1309.5 1.5269817544508673
1310.0 0.690263953290478
1310.5 1.4214661566119595
1311.0 0.753590216956756
1311.5 0.5511307336674107
1312.0 0.8314206277765253
1312.5 1.632268580875067
1313.0 1.4633724876361507
1313.5 0.5310539370351077
1314.0 1.6070927034585978
1314.5 1.7292148666417213
1315.0 0.978939417989201
1315.5 1.2857408368559509
1316.0 0.9529131610839323
1316.5 1.6049086324185715
1317.0 0.7445565222698919
1317.5 0.8991831210606516
1318.0 1.0807662728368856
1318.5 1.895514048227712
1319.0 0.7912972498205664
1319.5 1.3025222429592842
1320.0 1.1003734288075164
1320.5 0.42582675132021786
1321.0 0.9226783975114901
1321.5 1.4801994765975541
1322.0 1.6815121977637046
1322.5 1.4589027476507372
1323.0 2.0682152965585936
1323.5 0.6153053668899271
1324.0 2.2242659892222285
1324.5 1.7604049101384007
1325.0 1.3638502961048817
1325.5 1.67592607646267
1326.0 0.9768192728400765
1326.5 0.6432265998893512
1327.0 0.69795028773503
1327.5 1.002982127426965
1328.0 1.2887342126924786
1328.5 1.1315141813474994
1329.0 0.9554642008072008
1329.5 0.887878786684605
1330.0 0.7479269531192803
1330.5 1.8859830961480009
1331.0 0.8132229285849355
1331.5 1.360110604641699
1332.0 0.7679235521936978
1332.5 1.3886003655020243
1333.0 1.0476058633407213
1333.5 1.1987089178202943
1334.0 1.3453204463292088
1334.5 1.7203824258353952
1335.0 0.6628905917495675
1335.5 0.7385510867449534
1336.0 1.2884259153484203
1336.5 0.6753746334686217
1337.0 0.8689281579739139
1337.5 1.6609255121112598
1338.0 0.671301967317053
1338.5 1.9272891175250455
1339.0 0.9770757878279581
1339.5 1.0016416259745233
1340.0 1.000705518370087
1340.5 1.4613406355958503
1341.0 1.6945039997443405
1341.5 0.9726226659519386
1342.0 0.9031345593774138
1342.5 1.4515664435294136
1343.0 0.7671872941763018
1343.5 1.0797204057282443
1344.0 0.2
1344.5 1.20389229870042
1345.0 1.0946207223942195
1345.5 0.9080976138229564
1346.0 1.7759884322586252
1346.5 1.9526559273605775
1347.0 1.5628673905437225
1347.5 1.1986735288845445
1348.0 0.7652641430241056
1348.5 1.6630508591425521
1349.0 0.8374605625878542
1349.5 1.0177270275895713
1350.0 0.934000971004362
1350.5 0.8472223793842445
1351.0 1.4200550586682232
1351.5 0.5226451773091156
1352.0 0.7538883641883516
1352.5 1.0633122287791792
1353.0 1.3860670805080655
1353.5 1.5322800084206722
1354.0 0.8447463260912095
1354.5 0.8003252523879906
1355.0 0.9029753991504375
1355.5 2.2791705325800713
1356.0 2.5171110509171335
1356.5 1.9909341149543214
1357.0 0.938994673427398
1357.5 0.9583561557631766
1358.0 1.1359919047728535
1358.5 1.1486045949794856
1359.0 1.2166715039391498
1359.5 0.6654278135564607
1360.0 0.8439254076954796
1360.5 1.1498693456381142
1361.0 0.9041240009929237
1361.5 0.9026661263977942
1362.0 1.2869561236352873
1362.5 1.0246040022782623
1363.0 0.6933166782694988
1363.5 1.3028829716528203
1364.0 0.8201144342971944
1364.5 0.6023502906097062
1365.0 0.7083883959907338
1365.5 1.8775299480155399
1366.0 0.9324403651735507
1366.5 1.396758103958239
1367.0 1.0362842827122056
1367.5 0.658794701343699
1368.0 1.5828197244530386
1368.5 1.3819678780294846
1369.0 1.14784839049106
1369.5 0.8394297949479842
1370.0 1.1676602232955973
1370.5 0.5972343644945857
1371.0 0.8733407933297461
1371.5 1.8470315659522107
1372.0 0.7489007740271661
1372.5 1.3204691801572208
1373.0 1.012857346335251
1373.5 1.745595326355308
1374.0 1.6368035367646243
1374.5 1.3910579897537414
1375.0 2.2070361197335484
1375.5 0.9404016024603599
1376.0 1.917869094335732
1376.5 1.4296936116889816
1377.0 1.070701665187014
1377.5 1.3945389473045573
1378.0 1.3399043447855217
1378.5 2.4307511886213033
1379.0 3.0113549570714992
1379.5 1.8810713289248429
1380.0 1.0002959721569684
1380.5 0.8699854578671249
1381.0 0.7669775672370205
1381.5 0.5495116471232775
1382.0 1.196369750062309
1382.5 1.1366672752861657
1383.0 0.42318544803056546
1383.5 1.0931960575968245
1384.0 1.8867718148766568
1384.5 0.6170432737934267
1385.0 2.189330138048186
1385.5 1.0560960928688523
1386.0 0.9757702085488685
1386.5 0.5361082493262078
1387.0 1.4328195769454037
1387.5 0.783622382785794
1388.0 0.9089670761917389
1388.5 0.6431105508526785
1389.0 0.9458187843304633
1389.5 1.9167941698313367
1390.0 0.6746570553138549
1390.5 0.5612033377440058
1391.0 1.1946191183562704
1391.5 1.0695428926809056
1392.0 0.9247893838822356
1392.5 1.428188112873682
1393.0 0.676074276666941
1393.5 1.0122576156576537
1394.0 2.246897976242325
1394.5 1.0565668739066554
1395.0 1.3410226311606732
1395.5 1.1440519560836908
1396.0 0.9484425363301445
1396.5 0.7625554967232734
1397.0 1.060426988209703
1397.5 0.871903274170357
1398.0 0.8996910087163338
1398.5 1.5337342485331897
1399.0 0.5682489902908293
1399.5 0.9163861107344236
1400.0 0.9768122022338972
1400.5 1.3361576315945007
1401.0 0.9360564572191654
1401.5 1.3091462792775999
1402.0 1.9937604112790273
1402.5 1.0747587906336686
1403.0 1.2702666307057255
1403.5 0.7461104601309849
1404.0 1.3678674151416876
1404.5 2.2831280300539434
1405.0 0.7930936456062038
1405.5 0.5055049188383037
1406.0 1.6153814083014058
1406.5 1.4930983034323029
1407.0 0.9967676435553684
1407.5 0.8205647359890158
1408.0 1.186318410210632
1408.5 2.446309731877523
1409.0 1.4920539407834095
1409.5 2.4517416689471396
1410.0 1.4527656688863633
1410.5 0.29582650550256306
1411.0 1.6031861809978054
1411.5 0.8140651826066965
1412.0 0.827901385448258
1412.5 0.6564583918636367
1413.0 1.8886838134238308
1413.5 0.9806511308689488
1414.0 0.814801993650559
1414.5 1.0995992974711748
1415.0 1.5757147070207331
1415.5 0.8808737743174676
1416.0 1.9697134334974808
1416.5 0.8500764862894957
1417.0 0.796643099866662
1417.5 0.7409065453135113
1418.0 1.326758807377365
1418.5 0.705714242720679
1419.0 1.6549899164415824
1419.5 1.2903732444854272
1420.0 1.616939820611655
1420.5 1.326617925994146
1421.0 0.9054608373037647
1421.5 1.2367577322810035
1422.0 1.6425194799681624
1422.5 1.5136186559811957
1423.0 2.6747438576287674
1423.5 1.9470495427482484
1424.0 0.5707577992356936
1424.5 1.7398192380357225
1425.0 1.7523459064970721
1425.5 1.6119449010161269
1426.0 0.7558969321881113
1426.5 0.9197355760661408
1427.0 0.7768902173587877
1427.5 0.8481283091469735
1428.0 1.6123685275881314
1428.5 1.3371314944237738
1429.0 1.0068759497349173
1429.5 0.5460958010746784
1430.0 1.563578486001276
1430.5 0.8794225090551667
1431.0 0.8697699866125694
1431.5 0.9236479968371247
1432.0 1.6026273848694308
1432.5 0.9230328749229431
1433.0 1.2022315221246036
1433.5 0.7447529955381568
1434.0 1.3497567044198473
1434.5 1.9290354109977117
1435.0 0.8116836936825164
1435.5 0.6597680797779559
1436.0 2.382562918102405
1436.5 0.6254125041527956
1437.0 0.5891105607380689
1437.5 0.8786005096418923
1438.0 1.1528824269319449
1438.5 0.9044966732064054
1439.0 0.9724954615286614
1439.5 1.0713824997028036
