0 1.3131749546258102
0.5 1.651889289645199
1.0 0.9763539667484116
1.5 1.174033579258837
2.0 0.9726932211657642
2.5 0.7243506304174531
3.0 1.8304312423476568
3.5 0.6613819474633041
4.0 1.4918395718083404
4.5 0.8076791178079141
5.0 2.0043805296978694
5.5 1.2413683911589233
6.0 1.4615323814754533
6.5 1.0620487250863402
7.0 0.8733793031569204
7.5 0.9035840669820753
8.0 1.5495371530591644
8.5 0.923512127003526
9.0 2.3481016391830494
9.5 0.9541065994124485
10.0 0.5804719098493404
10.5 0.9113869726825791
11.0 1.5691647326064169
11.5 1.23568935801176
12.0 2.7167638358709256
12.5 1.3452630209762693
13.0 0.6649579635443434
13.5 0.8613594380950801
14.0 0.8108841614330137
14.5 1.5896337172141757
15.0 0.9537113626558413
15.5 1.1079922387779533
16.0 1.2078769289927762
16.5 1.2374116542161768
17.0 1.7274041534209759
17.5 0.6972574046805995
18.0 0.7387912644225353
18.5 0.5968796813796202
19.0 0.8804030355906468
19.5 0.7219773140775482
20.0 1.582911758791397
20.5 1.1405555746032126
21.0 0.855955830525987
21.5 1.6969282566237107
22.0 2.2243402167195994
22.5 1.2159432589564205
23.0 1.102683040878181
23.5 1.1184430719349947
24.0 1.1695553698133074
24.5 0.4382487099425588
25.0 1.5234232455790302
25.5 1.6795191645654226
26.0 1.486625640721742
26.5 0.5246648842707108
27.0 1.2452401632957475
27.5 1.1233112135519336
28.0 0.8038499535413143
28.5 0.9824247029718152
29.0 0.8090193542222583
29.5 1.4921192753576622
30.0 1.4788891044460277
30.5 0.658449778884937
31.0 1.820413391058575
31.5 1.8539189993181373
32.0 0.7605952354557834
32.5 0.8640204539131278
33.0 0.6920176933273001
33.5 1.0339707843974955
34.0 0.9250092247944364
34.5 1.1641690031452847
35.0 1.0897258757981123
35.5 0.8593659912265619
36.0 1.0409570492581752
36.5 1.4278057794020214
37.0 0.8904897713832185
37.5 2.098031860406288
38.0 1.8887759332029395
38.5 1.3621494589816843
39.0 2.1272151100559733
39.5 0.7795043850535657
40.0 2.120678221954498
40.5 2.1410087753821685
41.0 1.6601899934879398
41.5 1.3928055878734362
42.0 1.5820492705808067
42.5 0.6024026105348639
43.0 0.9634721685145256
43.5 0.6475396598303215
44.0 1.725568627280184
44.5 0.8805348538350152
45.0 0.7578089781855579
45.5 1.053972526289465
46.0 1.0778098482948535
46.5 1.4556547059187528
47.0 1.2069731617045156
47.5 1.6717572154160325
48.0 1.0692103210172401
48.5 1.3468880691282203
49.0 1.1922790734244686
49.5 1.5322245751515742
50.0 1.298834312497919
50.5 1.2412937357274418
51.0 0.695827034414503
51.5 0.7649507748051354
52.0 2.314618374494245
52.5 1.182598509986688
53.0 1.1061912390590352
53.5 0.5352588371784216
54.0 1.1100090502513287
54.5 0.7311019267567094
55.0 0.734378646175909
55.5 0.8177898688087043
56.0 1.421899297820098
56.5 1.0191443738196384
57.0 1.4904925156953726
57.5 0.8121823248040078
58.0 0.781074271663273
58.5 1.2489193769899105
59.0 0.677165332637718
59.5 1.9792017870239635
60.0 0.8008040869575597
60.5 0.7224049823223351
61.0 2.114474233462498
61.5 0.6638273227761321
62.0 0.8284769930273623
62.5 0.6884393317968796
63.0 1.288025215469852
63.5 1.07207843115541
64.0 2.044478429648545
64.5 1.1288764324392138
65.0 0.8312498621505904
65.5 0.6149483327052351
66.0 0.8115479459361555
66.5 1.082962414993596
67.0 2.1432711243932117
67.5 0.8686014252187584
68.0 0.6170845992723282
68.5 0.6628503015191897
69.0 0.6932802220704946
69.5 1.2352130498371152
70.0 0.9746749296907831
70.5 0.8019706106876592
71.0 1.9508964185472102
71.5 1.246937956071179
72.0 0.7875740396117832
72.5 1.3229724734318848
73.0 1.0545996678127234
73.5 1.1136272338608664
74.0 0.9013390752660694
74.5 0.9973982485152184
75.0 1.0141929181895915
75.5 0.7159123556155745
76.0 1.5344486855842085
76.5 1.0669264468797448
77.0 0.9633325028823091
77.5 1.0685603750006478
78.0 1.1394941994029586
78.5 1.4301241133394744
79.0 1.5170315556289418
79.5 1.150881414653424
80.0 0.48481145493765077
80.5 0.7902628862045125
81.0 0.9629881687250608
81.5 1.9883524289036383
82.0 2.0413074243997165
82.5 0.9263012201004244
83.0 0.657581732687701
83.5 0.8776295565653522
84.0 0.9331640116634548
84.5 0.49967723415949866
85.0 0.7360924019278297
85.5 1.6741353701928965
86.0 1.1686069553637768
86.5 1.1528435936390995
87.0 0.4470223574272154
87.5 0.577210727198634
88.0 1.1106493406484184
88.5 1.3759879840944245
89.0 1.7884940058695413
89.5 0.8580054368750072
90.0 1.271287930984533
90.5 1.4734901867514754
91.0 0.8128314022683425
91.5 0.5944758598801603
92.0 1.9709621985106929
92.5 1.2669505153026908
93.0 1.5560310704687672
93.5 1.5685707662493655
94.0 1.102206990084043
94.5 1.9498161609607259
95.0 0.7011632875925764
95.5 1.3750889555500385
96.0 1.0281932951573602
96.5 1.3124178829681894
97.0 1.3531516597346893
97.5 0.6348002705419102
98.0 3.0043316369758233
98.5 0.9697932227009928
99.0 1.1584698119217376
99.5 1.0361141649690686
100.0 0.880062254913296
100.5 0.34493859662006177
101.0 0.784448977444705
101.5 1.5204062696711402
102.0 1.255772309893864
102.5 2.514868549984964
103.0 1.2380908523971144
103.5 0.8300743060524765
104.0 1.898374769096005
104.5 1.7251542254356738
105.0 1.1139058028158193
105.5 1.4875095391582607
106.0 0.7556797630128583
106.5 1.6062067435205545
107.0 1.2015735290117324
107.5 0.6946932381229776
108.0 1.1193401182189733
108.5 0.4971530197065867
109.0 0.8329382889520028
109.5 2.406270412422974
110.0 0.9595088009018636
110.5 0.5945466248421716
111.0 0.8393035156855121
111.5 2.871007422746338
112.0 1.8433895720581712
112.5 2.0566695350863147
113.0 1.5615257349322764
113.5 1.8842497189905574
114.0 0.35608729689383
114.5 1.8867408265696213
115.0 0.7307832170811424
115.5 0.8035394910575536
116.0 0.7614100174890112
116.5 0.9753629622085714
117.0 1.3954323031914893
117.5 0.7379599914119466
118.0 0.963810907592972
118.5 1.4316543925847791
119.0 1.9279046500220296
119.5 1.625897114886944
120.0 0.9592573019932367
120.5 1.493583568253094
121.0 0.9125676821308351
121.5 1.0297342761593677
122.0 1.5042879138818244
122.5 0.61712182695069
123.0 0.9915904988852384
123.5 0.9276684507455203
124.0 1.0211903360993095
124.5 1.7010034636040259
125.0 0.9141354179566197
125.5 1.4924590279283731
126.0 0.8263218174707911
126.5 1.2841015857686675
127.0 0.8937551960317749
127.5 0.9139294918090408
128.0 1.474606814582137
128.5 1.2847779643238615
129.0 1.5867430043090398
129.5 1.0370591949581653
130.0 0.5972713851471546
130.5 0.7340508933751149
131.0 0.578617774042206
131.5 0.8881630242760321
132.0 0.9360876039922856
132.5 1.2195678976300177
133.0 1.2726660085790074
133.5 0.6524669024429781
134.0 0.7089425557001245
134.5 1.0350754049568562
135.0 1.2319080551886845
135.5 1.7060700080507378
136.0 1.5740300628606727
136.5 0.6877027074150496
137.0 1.9705797906049352
137.5 1.263058086687444
138.0 0.9412197664184347
138.5 1.0484338572744214
139.0 1.6541224952611837
139.5 1.6057057292064143
140.0 0.7585680065193465
140.5 1.9431088205775813
141.0 0.8578745546197573
141.5 2.573875995323627
142.0 1.6538697333200862
142.5 0.8068664152438301
143.0 1.3672940474105713
143.5 0.8265966583883925
144.0 1.5256043394189631
144.5 1.2332288447015822
145.0 0.575461244447088
145.5 1.7929769229232355
146.0 1.1576060155229113
146.5 1.8461039908028
147.0 2.5177776036311075
147.5 0.7608254822738645
148.0 1.3907611787986103
148.5 1.4929149520351759
149.0 1.1417523029773626
149.5 1.0020424004157358
150.0 0.9579184070678662
150.5 0.836003258003335
151.0 2.030926877730053
151.5 1.2644196839497204
152.0 2.2356972313606835
152.5 0.6934134929652169
153.0 2.3517712170165854
153.5 1.1450331630772124
154.0 1.7890785640172306
154.5 1.3563612025885965
155.0 1.069436655342661
155.5 0.8264166504955186
156.0 0.980758570681722
156.5 0.7484389271175002
157.0 0.841772110382697
157.5 1.4651457926639884
158.0 1.4357198849592911
158.5 0.7530123947787399
159.0 1.0558442048617693
159.5 0.6956632352596477
160.0 0.6709753741702478
160.5 1.0459048410573133
161.0 1.05585054357409
161.5 0.926810260337409
162.0 1.1069540507852604
162.5 0.6801758917888632
163.0 0.817454925463362
163.5 1.3287339891088013
164.0 1.1376214937599438
164.5 1.4352403547835588
165.0 0.6841020199941418
165.5 1.8469556918298742
166.0 1.3210728378009056
166.5 0.7694670190913826
167.0 1.125232672220227
167.5 1.7287874996444255
168.0 1.6282660176575412
168.5 0.6528352474357292
169.0 1.0430662897307874
169.5 1.098274866360414
170.0 0.9976008391412488
170.5 0.8795233455832907
171.0 1.067262871628391
171.5 1.1497987652341863
172.0 2.0352947530080088
172.5 0.8537049437248438
173.0 1.6278878074582546
173.5 0.7644849541918833
174.0 1.3545723973262052
174.5 0.8509605738383846
175.0 1.412163097942676
175.5 0.9800696849023008
176.0 1.3871597494554309
176.5 1.6906380022382113
177.0 1.4474838949292517
177.5 1.0036142052153294
178.0 0.7797418432165649
178.5 1.829825810465745
179.0 1.043809532574608
179.5 1.06286305912615
180.0 0.7860766392789682
180.5 1.0880078321097202
181.0 0.856620020291212
181.5 1.0536911807514526
182.0 0.9769263553901955
182.5 2.738415128796454
183.0 0.7894440213384523
183.5 0.4954544171665064
184.0 1.0843174790689787
184.5 1.8485749784023138
185.0 1.0911962524777827
185.5 1.1819434380701939
186.0 1.8510348065071924
186.5 1.0813682258043005
187.0 0.6640202133043358
187.5 0.3036451846148249
188.0 0.7856723192715791
188.5 1.3704562672535405
189.0 1.9756745524945474
189.5 1.3389063151708251
190.0 0.6365832642717254
190.5 0.5123781347480088
191.0 0.8394171345474597
191.5 0.5470489051620476
192.0 0.7115706445474744
192.5 1.6752911522384548
193.0 0.872206554021214
193.5 0.5529806700364155
194.0 1.8529737448614636
194.5 1.368368562790128
195.0 1.5938917645370094
195.5 0.6441217779854254
196.0 1.7652539483626148
196.5 0.3230990486960522
197.0 1.7259665453693114
197.5 1.7234367605964396
198.0 1.817899726208748
198.5 1.0420030921416836
199.0 1.2583710419187508
199.5 1.1231175477749027
200.0 1.1123331773314982
200.5 1.238889807591315
201.0 1.5189203952078945
201.5 2.2219167589929585
202.0 1.9050294206282081
202.5 0.6947237245158683
203.0 0.9362657044686113
203.5 1.8736461507900364
204.0 0.923423727695184
204.5 0.8319372717629372
205.0 2.142885226919033
205.5 1.625756862394203
206.0 1.8317426084635735
206.5 0.6086525826640672
207.0 1.153831176045638
207.5 1.8364759282143517
208.0 1.1755545887813867
208.5 1.8939002490201078
209.0 0.7462696267887352
209.5 0.704022429781265
210.0 0.7033474485278133
210.5 1.1479257637170002
211.0 1.3034590108987003
211.5 0.6476576788781909
212.0 1.0141303923676332
212.5 0.8227064054111838
213.0 0.5827043777184188
213.5 0.934713610182853
214.0 0.6467173935637687
214.5 0.8734901823322772
215.0 1.819694521773565
215.5 1.391310655871862
216.0 1.4234156797236308
216.5 1.60538534551377
217.0 0.8046366752746672
217.5 0.7968525610512451
218.0 0.9998208043749985
218.5 1.5102975281909692
219.0 0.7017253921666515
219.5 1.146931081501739
220.0 0.8515203831149658
220.5 1.289286050329058
221.0 0.8260381128741164
221.5 1.6772233695439365
222.0 0.9119419604811102
222.5 1.5029273148298792
223.0 1.013694747087832
223.5 1.2262931162758122
224.0 2.117711158122508
224.5 0.9053374226900448
225.0 0.8015280784532762
225.5 1.2101867586586135
226.0 0.7743081157898724
226.5 0.8793141117352197
227.0 0.6763270081573027
227.5 0.6538133149079125
228.0 1.7721376030111302
228.5 1.0970858560121028
229.0 2.1250717311159644
229.5 0.8089841242290059
230.0 1.4390691735016645
230.5 2.0586957591532435
231.0 2.4471713086482096
231.5 1.0578364657773751
232.0 1.635919611796675
232.5 1.9082849207497228
233.0 0.5149759672830776
233.5 0.973098416843816
234.0 1.5549518076040427
234.5 1.1100161026893358
235.0 0.8693659745402874
235.5 1.252921108629149
236.0 1.122365568939972
236.5 0.5619617247342258
237.0 0.7068958601760595
237.5 1.7515410434839598
238.0 1.4599001795468562
238.5 1.6230702493589468
239.0 0.7807408552784543
239.5 0.8783066553871308
240.0 0.5128174608211309
240.5 1.5364500857200767
241.0 0.98647892557964
241.5 1.13487287992157
242.0 1.3097343591414257
242.5 1.20599264943922
243.0 1.1584751387745584
243.5 0.945373454739694
244.0 2.5066901816218428
244.5 0.653144453738541
245.0 1.2178347389191768
245.5 1.800515393967808
246.0 1.096856760259889
246.5 2.2837885366477644
247.0 1.8936571299331189
247.5 1.1815942379856046
248.0 1.746156489092985
248.5 1.473453281997615
249.0 0.842479910041509
249.5 1.4615997690805405
250.0 1.1490814356608205
250.5 1.3366724889815944
251.0 1.1823775169654902
251.5 0.957389532659382
252.0 1.705829407617753
252.5 1.106954423326028
253.0 1.527510391156823
253.5 0.5915044318400062
254.0 2.065718802519406
254.5 1.591677918903955
255.0 1.7793608484582148
255.5 0.877480273135238
256.0 1.832354745778712
256.5 1.561218395730993
257.0 1.5473575092362841
257.5 1.1013151867705415
258.0 1.5072335781694859
258.5 1.1127628281623845
259.0 0.845725431989073
259.5 0.9671650411434959
260.0 2.3270098335422884
260.5 1.2432587458583741
261.0 0.8621620181907903
261.5 1.1268118890154522
262.0 1.1387555131357314
262.5 1.0153412301651308
263.0 1.193848364793681
263.5 0.8503429260074479
264.0 0.8616080291605619
264.5 0.9707839116742455
265.0 0.8683035705076324
265.5 0.8655440966199346
266.0 0.8008827461618371
266.5 1.6620030977139684
267.0 1.748580242751518
267.5 1.7685673488178209
268.0 0.8959662739470395
268.5 0.5039067569752536
269.0 1.909313200625961
269.5 1.5408141904569401
270.0 0.7615856654943312
270.5 0.9815755469768331
271.0 0.7170461484051163
271.5 1.6823607760420771
272.0 0.6602780015609448
272.5 1.195862211328495
273.0 1.3644343039676021
273.5 0.7215088493908723
274.0 0.2896313901101397
274.5 0.8520980164001188
275.0 1.869754179969243
275.5 0.5729953991935832
276.0 0.7873897110411585
276.5 0.5114365436669963
277.0 0.9315516474572956
277.5 0.9412487966395426
278.0 0.7860529474473767
278.5 1.1183091715670013
279.0 0.6799584918153894
279.5 0.631308674833541
280.0 0.7308513842250639
280.5 2.350799061988984
281.0 1.6837684170910192
281.5 2.371160402206859
282.0 1.1298907861438003
282.5 1.1432486714249572
283.0 1.1272333149415612
283.5 0.9149651290339202
284.0 0.8322605771234733
284.5 2.2100220015525673
285.0 1.5228159359606221
285.5 1.0179269794861423
286.0 0.882460987359645
286.5 1.6183908097024935
287.0 1.2472247937327388
287.5 1.0806823168632531
288.0 0.5090120743281604
288.5 0.9043363678503292
289.0 1.4160475326838535
289.5 2.396930054259187
290.0 0.7331396647820937
290.5 2.3087320672132705
291.0 0.7240678505987814
291.5 1.4409436735359153
292.0 1.5113865447599635
292.5 1.097218212760259
293.0 1.2089380541206765
293.5 1.4932017858661897
294.0 2.5537644466748355
294.5 1.1137832251186282
295.0 1.2544019148928158
295.5 1.6442129495124211
296.0 1.660441754567233
296.5 1.0228882530342813
297.0 1.096689940811213
297.5 1.5860991826863424
298.0 1.753253898235784
298.5 0.6708540566191592
299.0 0.8577443495649191
299.5 0.6255894813128365
300.0 0.920605893464737
300.5 1.8457368116653496
301.0 0.2945482676497859
301.5 0.7676430826089866
302.0 1.1053066062398378
302.5 1.1859302689386677
303.0 0.9735964175005222
303.5 1.7399026959154076
304.0 1.1996018001376902
304.5 2.2459452898434606
305.0 1.354906718614953
305.5 1.2297279750167207
306.0 1.5767309735022979
306.5 0.5806309053507575
307.0 0.8239615506732636
307.5 0.5555768072500408
308.0 0.7777660821440102
308.5 1.573221378035032
309.0 1.2505329154374754
309.5 1.211126010785473
310.0 2.5524675005044566
310.5 0.9993774348307567
311.0 1.6369564553214158
311.5 1.8246781725079204
312.0 0.807223484096262
312.5 1.3352276663143592
313.0 0.6785286592320022
313.5 0.8738748668951343
314.0 0.9812523405391255
314.5 0.8148006262300458
315.0 0.8248900944041528
315.5 0.9713352500754691
316.0 1.2535835183901236
316.5 0.8552115223429659
317.0 2.032339675826802
317.5 0.6307239896320002
318.0 1.356886840499293
318.5 0.7786741383354321
319.0 0.7280361857558761
319.5 0.8029647766267041
320.0 1.0566916297213034
320.5 1.1064777649600313
321.0 0.878964863207436
321.5 1.00305188546412
322.0 0.30500706397477373
322.5 1.5960366170684608
323.0 1.137373684508519
323.5 1.4553814213955971
324.0 0.8062632149774194
324.5 0.9476970036690227
325.0 1.271583228207354
325.5 0.9030744330478173
326.0 1.1393428724001229
326.5 1.1860590068528216
327.0 0.8481507591556425
327.5 1.4536866591126367
328.0 1.4692337255032397
328.5 1.9154220197125262
329.0 0.8021397143181788
329.5 1.00473417020084
330.0 1.9125759821818684
330.5 2.1117092583218344
331.0 1.3005774220532
331.5 0.9129689492766702
332.0 1.3503370165141728
332.5 2.069683838278171
333.0 1.8495517766277247
333.5 1.468227614769388
334.0 0.6167060718895522
334.5 1.6296863940079218
335.0 1.7839215118296636
335.5 1.6167122685742086
336.0 2.0351916876475027
336.5 1.2162343010840042
337.0 1.3734274413425458
337.5 1.0505081227773712
338.0 0.7455867638486572
338.5 1.00405417964812
339.0 0.8340546348659638
339.5 1.0661715401408842
340.0 0.7807242165258208
340.5 1.0907329664500969
341.0 0.8773596442413392
341.5 2.1453016181485345
342.0 0.862210737742821
342.5 1.391498162586109
343.0 1.5850599235949512
343.5 0.9431230324566606
344.0 0.9845056573047319
344.5 1.0414648140471916
345.0 0.8768613972982487
345.5 0.9851810182553651
346.0 1.0549516302732493
346.5 1.9743629735084236
347.0 1.0461414947695955
347.5 1.6888591007704845
348.0 0.8669147763287299
348.5 1.230685486857976
349.0 1.1087556384417312
349.5 2.0332427388149505
350.0 0.7596919669919768
350.5 1.1999618137962047
351.0 1.1800183179264137
351.5 1.3716079835434134
352.0 1.1028122442057273
352.5 0.9775264248138998
353.0 0.6257163922136546
353.5 0.9521046936535014
354.0 1.162403351547738
354.5 1.223980937069415
355.0 0.9473543264997677
355.5 0.6914349502720467
356.0 1.7197709137665314
356.5 1.7357768645971274
357.0 0.7618855479120658
357.5 0.9113079879896199
358.0 1.6751027574572617
358.5 1.1633790558169443
359.0 0.9892837051041163
359.5 1.3321667458789581
360.0 1.1046142075378058
360.5 0.7177316741432385
361.0 1.1422669394038645
361.5 1.1733861866607778
362.0 2.3108369310961288
362.5 1.5225994691821043
363.0 1.1215310528073081
363.5 1.2190630809565801
364.0 0.9636631605577823
364.5 1.1957405310851323
365.0 0.9912495142966897
365.5 0.515770714090585
366.0 0.7870173230448392
366.5 1.7181317379762397
367.0 1.0408333977558695
367.5 1.3176253400228364
368.0 1.2765778260899507
368.5 0.9982645013670878
369.0 0.7345989278604257
369.5 1.3369639653509697
370.0 1.4863013314241376
370.5 0.8320262959443891
371.0 1.9447779207865752
371.5 1.6952466316931583
372.0 0.7862014885759522
372.5 0.7594537783756826
373.0 1.348130735252084
373.5 0.7270074640919244
374.0 1.2680737207393373
374.5 0.8668011694824368
375.0 1.095597175358401
375.5 0.6478891621356682
376.0 2.372299162023598
376.5 0.7872100852010495
377.0 1.1986911481956646
377.5 1.286801560022056
378.0 0.8603209445407674
378.5 1.269751930376614
379.0 1.554378748696027
379.5 1.3797176286865245
380.0 1.6888341730814103
380.5 2.0604458768694727
381.0 1.368393788284823
381.5 0.8813258418225233
382.0 1.1116609531403172
382.5 2.2792007362958175
383.0 0.6159833714904452
383.5 1.3264421522614842
384.0 1.1320809083821846
384.5 1.0756180422147636
385.0 1.345602551590117
385.5 0.6825849450279304
386.0 0.916570378387936
386.5 1.5054505397509497
387.0 1.4277875761354284
387.5 2.4476431645746826
388.0 1.3035997876850423
388.5 2.4118919444819147
389.0 0.8684565150180992
389.5 1.1783059390601829
390.0 0.6680778809958958
390.5 0.878583071667155
391.0 0.7069819154184176
391.5 1.0508130294976639
392.0 1.0376234030038072
392.5 1.1080898528948142
393.0 0.9537418545410907
393.5 0.9455451996871364
394.0 0.8271162631932347
394.5 1.7747393969719658
395.0 0.8112642510039105
395.5 0.813943834046382
396.0 0.924018566576365
396.5 1.0105184816617292
397.0 0.6198528493153838
397.5 1.0414680788753272
398.0 1.726028617915658
398.5 1.028597630409714
399.0 0.8691871090181222
399.5 0.7576149027060273
400.0 1.390927841106631
400.5 1.4594059257289675
401.0 2.1019811712033496
401.5 1.4754640702076025
402.0 0.9309857920041231
402.5 0.9532911208508017
403.0 1.2031300342518614
403.5 1.1716186256526318
404.0 0.6098093159024305
404.5 1.4042780805801596
405.0 1.6642003243967496
405.5 2.339917979385644
406.0 0.8262670195112445
406.5 0.8254035782883915
407.0 0.953545839740617
407.5 1.8527701105402943
408.0 0.8716981291085233
408.5 1.9380316244590043
409.0 0.7686383677798714
409.5 2.0660967236972976
410.0 1.7519954666457958
410.5 1.4263617929071346
411.0 0.8773329376046515
411.5 1.12955147121652
412.0 1.9960850914033323
412.5 1.3986009065220935
413.0 0.8038000200906473
413.5 1.057203147911137
414.0 1.049900419612651
414.5 1.2750815543964862
415.0 0.9415131989344132
415.5 0.9078807904970713
416.0 0.8379863640788692
416.5 0.7326175713509164
417.0 1.275571052453966
417.5 0.5541062482063103
418.0 1.2137137359784096
418.5 0.8268166719119997
419.0 1.0890267023416875
419.5 0.5496263732889441
420.0 1.1816836722529391
420.5 0.906572833965168
421.0 1.7349307797992306
421.5 1.8903831860233964
422.0 2.063026723457639
422.5 1.3015242092963177
423.0 1.3485251127284723
423.5 0.7382677135970253
424.0 1.0905581917996674
424.5 1.094270558683056
425.0 1.3191147293414027
425.5 1.812886047381465
426.0 1.285570907590927
426.5 1.6196014002615704
427.0 0.9046561334933747
427.5 0.9713109417416913
428.0 1.2733677887430679
428.5 1.281682163571078
429.0 0.8507646335274184
429.5 0.8031073801824121
430.0 0.5645729843245366
430.5 1.8230432376341175
431.0 0.995202098585422
431.5 1.336320697705492
432.0 1.8091244662596606
432.5 1.1854221501144968
433.0 1.06457468178266
433.5 0.9778590903593309
434.0 0.6366921269289625
434.5 1.1380769908910235
435.0 1.278526480493701
435.5 0.4655575532126101
436.0 1.1831442052338084
436.5 1.0750851306539633
437.0 1.4998608371869193
437.5 0.990729647182705
438.0 3.0694752744908076
438.5 1.3248530837106574
439.0 1.105771577049767
439.5 1.8351870151079837
440.0 0.9570723740064555
440.5 1.4075618151793177
441.0 1.668565271487185
441.5 1.00985438761686
442.0 0.8385092545808635
442.5 0.7924902570137502
443.0 1.0268155790499938
443.5 1.1847211342407484
444.0 0.6276117090611164
444.5 0.2
445.0 1.7285857626020231
445.5 1.434021684910769
446.0 1.3750737969801157
446.5 1.8693606403314067
447.0 0.8402891793603686
447.5 1.114615597502012
448.0 0.7608951189080491
448.5 0.6674000488414752
449.0 1.83252047501103
449.5 0.7043588067264346
450.0 1.4172760925183634
450.5 0.5983253955402373
451.0 1.4432291372121064
451.5 1.8093168731263194
452.0 0.7447615882913974
452.5 0.6896379204888465
453.0 1.4161977577320952
453.5 0.9249171642035157
454.0 0.9732646924249282
454.5 1.5660463239103106
455.0 1.6823705260530675
455.5 0.9488298739714415
456.0 1.5557823203635044
456.5 1.1306603591356412
457.0 0.8779877582393457
457.5 1.4897213238696112
458.0 1.4874893485707816
458.5 1.1135241474377386
459.0 1.7271379743317565
459.5 0.7692725677357489
460.0 0.9450059063349527
460.5 2.15801631372252
461.0 1.094646092362681
461.5 1.3766780766619573
462.0 0.7433032044194186
462.5 1.3096663645758775
463.0 1.761857864972927
463.5 1.2373225290502192
464.0 1.537505061007403
464.5 0.7340328433958837
465.0 2.103988450604616
465.5 1.2638754412688202
466.0 1.457171704830325
466.5 1.554483869744368
467.0 1.6819949970079489
467.5 1.7843762759075776
468.0 1.2700763164995745
468.5 0.7852470696769185
469.0 0.8734446970325669
469.5 0.5161129717442436
470.0 0.6934802174454003
470.5 1.0288491355350722
471.0 1.4136846931697429
471.5 1.0997244116396023
472.0 1.4798308510924736
472.5 1.2252296291686644
473.0 1.0583894293582201
473.5 1.6655878879620847
474.0 1.1869874919084598
474.5 1.7001811885284894
475.0 0.665233428005984
475.5 1.4769943131529706
476.0 0.6932269060413312
476.5 0.8644123424349878
477.0 1.295112213338116
477.5 0.7584100647059121
478.0 1.3878195743378434
478.5 1.4310087470162804
479.0 1.7927337902824683
479.5 1.9249398468439138
480.0 1.4501655587176137
480.5 0.8083658504240849
481.0 1.3192125028633637
481.5 1.0338605636590281
482.0 0.9215020602807211
482.5 1.0405784512841856
483.0 2.422600060736503
483.5 0.8665522919885176
484.0 1.5944905182380165
484.5 1.9052701768121754
485.0 1.5459706740553898
485.5 0.9082982859430561
486.0 2.5987947899974637
486.5 1.0729318701610713
487.0 1.4211719861427834
487.5 1.5379714799496271
488.0 0.8080643042098312
488.5 1.037069673542943
489.0 0.6871611636179047
489.5 1.1156338117391376
490.0 1.7966875509972269
490.5 1.904962597363557
491.0 0.9166580117541694
491.5 1.4327360547218566
492.0 1.5988224679584424
492.5 0.66518994536338
493.0 1.4582716797146047
493.5 1.5402294591209658
494.0 1.382346180202265
494.5 1.3188912963794597
495.0 1.0846597824879813
495.5 1.6594510909126234
496.0 0.5159806786765372
496.5 1.217752149836282
497.0 0.6945920165771449
497.5 1.806591770892385
498.0 1.455580895624165
498.5 2.4345508582949895
499.0 0.5655218389884051
499.5 0.6722503055716336
500.0 1.3319653768561288
500.5 1.3943770861839284
501.0 0.6906405466487654
501.5 1.0660137220492982
502.0 1.3989771629312484
502.5 1.3235488675400906
503.0 0.997794733304141
503.5 1.2584731076329156
504.0 1.2580000696059914
504.5 0.8685018817396309
505.0 0.8691913748619222
505.5 1.2860965552423784
506.0 0.75669214624705
506.5 1.6127624315479157
507.0 1.69656493033939
507.5 0.8255650954125203
508.0 1.7099051470794837
508.5 0.6990192978124543
509.0 0.2
509.5 1.9830034579909759
510.0 2.349546432472637
510.5 1.48312707838897
511.0 0.5404416915583679
511.5 1.4308153767519292
512.0 0.5430909023840043
512.5 1.034636945052884
513.0 1.5322821148320342
513.5 0.8543424074957754
514.0 1.377161348685896
514.5 1.2681850554875969
515.0 1.7147005477310546
515.5 1.3964960811550837
516.0 0.6804642284498118
516.5 2.070948060754665
517.0 0.8504680585940919
517.5 0.9362341500767811
518.0 1.2662964326005546
518.5 0.7734169859994968
519.0 1.765990002117222
519.5 1.099706020935245
520.0 0.9270459968631966
520.5 1.5258185415314571
521.0 0.8355094976001008
521.5 0.4822641483322945
522.0 1.2926109385553564
522.5 1.331013535734306
523.0 0.6197656345125632
523.5 1.8140417742143873
524.0 0.907667191130106
524.5 1.2066768276377435
525.0 1.7377970768740978
525.5 2.8488702732478544
526.0 0.9553677365068042
526.5 0.9111126448708358
527.0 0.6196170135882294
527.5 0.819751242380764
528.0 0.8655235000313701
528.5 1.2962757116282118
529.0 0.7527186449644041
529.5 1.0802038349051548
530.0 1.4324979557219824
530.5 0.7541281852421522
531.0 1.4242425110167778
531.5 0.872902415932654
532.0 1.1822652320114078
532.5 2.0053329241053124
533.0 1.7819450385414701
533.5 0.867443582394716
534.0 1.9028744303705025
534.5 1.3443466136315312
535.0 0.8052271126613608
535.5 0.7810395097648517
536.0 1.8143145420648654
536.5 0.7499653255317136
537.0 0.39397025956412574
537.5 1.3168411606482442
538.0 0.6401613679896342
538.5 0.7102758014334994
539.0 0.8127998048605033
539.5 1.9501235421719856
540.0 0.8480855126116578
540.5 0.3710810319128428
541.0 0.778318106168119
541.5 0.8206815706821011
542.0 1.8308852589759739
542.5 1.4948897462972282
543.0 0.8355777917038817
543.5 1.2416297312088485
544.0 1.0094421937070281
544.5 1.4357373645400107
545.0 0.5216017373418084
545.5 2.4983653399751113
546.0 1.0167497734624673
546.5 1.1778058338185997
547.0 1.461929621686469
547.5 1.8018674444327414
548.0 1.0794642922951871
548.5 1.0818451992885714
549.0 1.5179173733691718
549.5 0.967642652065525
550.0 0.5175321411191248
550.5 0.9459472003482465
551.0 1.213479379445798
551.5 0.6973427017276159
552.0 0.8703737444510852
552.5 1.5168365905582513
553.0 1.8942149371055046
553.5 2.6023472888961523
554.0 1.029375461215646
554.5 1.3511795866271714
555.0 1.805116147501531
555.5 0.9118923917414031
556.0 1.3924494560841116
556.5 0.8203548183293897
557.0 1.2067089917314628
557.5 0.9794882427594251
558.0 2.0321785340624143
558.5 1.014894192209081
559.0 1.001377491547548
559.5 1.0952909754928042
560.0 1.5973837145412393
560.5 0.9967462143832821
561.0 1.4874368341722843
561.5 1.7785312066463432
562.0 0.8921153851719522
562.5 1.0952221235390847
563.0 1.2402487623606349
563.5 0.9404044629745962
564.0 0.5649063739378046
564.5 0.7586414703559085
565.0 1.4216780457145248
565.5 0.9775334100658557
566.0 0.7540855479735941
566.5 0.22426085030815135
567.0 0.9238684120735527
567.5 0.9716825784256891
568.0 2.2672702701315974
568.5 1.2132736379495928
569.0 1.780087662619257
569.5 1.3731720709746895
570.0 1.0334065733149123
570.5 1.0687381739896296
571.0 1.6549591131969663
571.5 1.0657212284925266
572.0 1.1650562922975403
572.5 1.0602686144129339
573.0 0.7671094655099135
573.5 1.4251773304150261
574.0 0.7349424621076923
574.5 0.7000324467560481
575.0 0.5413660451397646
575.5 1.0540613378551151
576.0 0.6415629714915632
576.5 0.2336279944313986
577.0 0.8013316245444052
577.5 1.0528798916642232
578.0 1.1184090145021568
578.5 0.7301973408501423
579.0 0.5658602473701788
579.5 1.1555888797379645
580.0 0.6853313455841574
580.5 1.5113364010681307
581.0 0.6211362527976972
581.5 0.822273209901083
582.0 0.9619862399137988
582.5 0.8413951952708569
583.0 1.2610651729753815
583.5 0.8973725748053722
584.0 1.0295219095958505
584.5 0.7902779345089627
585.0 1.2480488589774141
585.5 0.9169593737169404
586.0 0.5178568137520667
586.5 1.3208028746424856
587.0 0.9617735296561283
587.5 1.1044867917200731
588.0 1.325783178396994
588.5 0.8382265078486941
589.0 0.2
589.5 1.2086560774577946
590.0 2.6742773004416867
590.5 2.3589369147814163
591.0 1.0674249716753115
591.5 1.5437889650918988
592.0 1.258482635826101
592.5 2.1960327874330305
593.0 2.1936357102268387
593.5 0.34488978037082174
594.0 1.3319607311561983
594.5 1.7099499549037658
595.0 0.7287732244153188
595.5 0.7374927704710061
596.0 1.870207378460842
596.5 0.675730866242453
597.0 0.7920660565564621
597.5 0.5074275796439003
598.0 1.4254688142851195
598.5 1.1914184395225649
599.0 1.8046676971928997
599.5 0.9721339050853741
600.0 1.2406829986739156
600.5 1.358296486635422
601.0 0.9976262941956049
601.5 1.297786061623613
602.0 1.2592209316273646
602.5 0.8183961529687669
603.0 1.3317422856872003
603.5 1.1264139139589178
604.0 0.8844059769030506
604.5 0.7487320345679189
605.0 1.3290754435123258
605.5 1.237926164262011
606.0 0.7468137723120994
606.5 1.13930064386843
607.0 1.29854965518106
607.5 0.6869447787639459
608.0 1.3087956742389573
608.5 1.200981725974248
609.0 1.1039388612286816
609.5 1.4878766430572679
610.0 1.691935065137852
610.5 1.7261923840919002
611.0 1.5148888020094757
611.5 1.421187003987596
612.0 1.2448502620705755
612.5 0.5251022235359164
613.0 1.6368221822216262
613.5 1.8544940751589103
614.0 1.1685159995009013
614.5 0.8499087734138584
615.0 1.2583421361054343
615.5 0.47217143643101606
616.0 1.2533247704115529
616.5 1.2057785075229024
617.0 0.9989845064580902
617.5 2.0559428319933746
618.0 0.8275114609365433
618.5 1.8303793989117656
619.0 0.7626209495656879
619.5 1.2709484912529394
620.0 1.1657714957117316
620.5 1.1999175642320532
621.0 0.6891763973406876
621.5 0.6338565956160854
622.0 1.2592924769555913
622.5 0.8876580627287561
623.0 1.9674328234390859
623.5 1.9596629801827499
624.0 0.7967110961255615
624.5 0.9659749023689805
625.0 1.5940989197697566
625.5 0.876479980891381
626.0 1.0080643060087568
626.5 0.949710523568218
627.0 0.852505377726206
627.5 0.9389426889488789
628.0 0.5492864368102712
628.5 1.1742093372666986
629.0 0.9617001761607169
629.5 1.2368371704178864
630.0 0.933463183063826
630.5 1.0900037782171959
631.0 1.9708389308958147
631.5 1.4893528662172715
632.0 0.9676682594406047
632.5 1.090813632233468
633.0 1.805944672168095
633.5 0.9101211740436204
634.0 1.5817650224278512
634.5 1.2239470995524497
635.0 1.3460336613666561
635.5 0.9936799963552195
636.0 0.9915307328111759
636.5 1.2276984549642358
637.0 0.8299439021741969
637.5 1.0943775148619364
638.0 0.5517393953242162
638.5 2.6333592827796393
639.0 2.459906161288802
639.5 1.132033019737197
640.0 0.7648999108003882
640.5 1.297929178367515
641.0 1.0036328362561215
641.5 0.8743929575775173
642.0 0.7924597876360501
642.5 0.5693362092631555
643.0 0.6883139811742327
643.5 0.7679844741719208
644.0 1.5468724055940566
644.5 0.6315721745231343
645.0 0.9958225380951738
645.5 2.4663248528569057
646.0 0.7822026758274333
646.5 1.525894778098985
647.0 1.8467901563903546
647.5 0.8470862259626661
648.0 1.4861777046416862
648.5 0.8265186637907296
649.0 2.2074690478458603
649.5 0.8461345945565252
650.0 2.10237034393277
650.5 1.2439088611109805
651.0 1.0164448223089408
651.5 1.4379895233951365
652.0 3.111449301357321
652.5 1.67036816863305
653.0 1.9842575212832982
653.5 1.1012967327599446
654.0 0.9804906394365805
654.5 0.8541483613996209
655.0 0.4853075645777351
655.5 0.733731319669595
656.0 1.7624130933535094
656.5 0.9047621711197416
657.0 2.0950180344432976
657.5 1.9116039942362633
658.0 0.8631010890766153
658.5 2.1255652749695404
659.0 1.7744129672644962
659.5 1.691934224954687
660.0 1.2473285538383965
660.5 1.1241318648402583
661.0 1.5511019600401037
661.5 0.9477815053480957
662.0 1.343920202980975
662.5 1.9036347068756303
663.0 1.4248395776210592
663.5 1.6217137493935199
664.0 0.8327468524656353
664.5 1.2038479565951963
665.0 1.123107475311857
665.5 1.7787883851926805
666.0 1.023160062240247
666.5 0.9903241082972329
667.0 1.1348633089676472
667.5 1.221047639932853
668.0 0.5979294944050859
668.5 1.635596333873749
669.0 0.9881881285110043
669.5 0.7769478205105742
670.0 1.3273910954211345
670.5 0.7135780332165231
671.0 2.255035404970493
671.5 1.2956872393961145
672.0 0.957694871539658
672.5 1.5873629252423873
673.0 0.8668151943421192
673.5 1.1339692908288226
674.0 1.6300746958192862
674.5 1.1967321096419512
675.0 2.2236025452702446
675.5 1.2517019902136526
676.0 1.8619319846859825
676.5 0.9711183787549014
677.0 2.3589770871862745
677.5 1.1530623640466033
678.0 1.1126848801611542
678.5 2.238182787214441
679.0 0.8041095059305292
679.5 0.9323683614304017
680.0 0.4562585817071432
680.5 1.02421027394282
681.0 0.9653004898354849
681.5 0.8921791789059819
682.0 1.0011202577059566
682.5 1.515590266548246
683.0 1.9898047171273612
683.5 1.253717348595916
684.0 0.7870584403028107
684.5 0.7266178025074216
685.0 0.48429763603916515
685.5 1.3435033638602911
686.0 2.3231231773464787
686.5 1.1002798281617974
687.0 1.32951891819515
687.5 1.1386437034438102
688.0 1.8742510805465047
688.5 2.044664623671694
689.0 0.5112090916115138
689.5 0.8539061076119276
690.0 1.0578876926005212
690.5 1.3408328125343298
691.0 0.829130173285728
691.5 1.0757036291051667
692.0 0.7318371811514396
692.5 1.5208693888146034
693.0 0.9489993733745186
693.5 1.3541331439882551
694.0 1.5173463419728668
694.5 0.7062605916559039
695.0 1.561023977122114
695.5 1.1561186329904924
696.0 1.5087462539879328
696.5 1.1366119611279233
697.0 0.9001909848905573
697.5 1.9541790972883906
698.0 1.9923025862081545
698.5 0.7719687520343972
699.0 1.489449520351644
699.5 0.6053823986103628
700.0 1.6432985647313685
700.5 0.6893090958466216
701.0 0.6973606742405523
701.5 1.9434428421664778
702.0 0.9047262993479208
702.5 1.2160751510296413
703.0 1.0940997509313348
703.5 1.578428792654257
704.0 1.801223557406075
704.5 1.252764608202634
705.0 1.0206235594285096
705.5 1.788879596520785
706.0 1.2805798239841328
706.5 1.7501930231895166
707.0 1.3890362914688514
707.5 1.3326904782306102
708.0 1.5019015417652732
708.5 0.8982435081093412
709.0 1.0287629051623308
709.5 1.188559256604396
710.0 1.216017643225267
710.5 1.6347907185638784
711.0 1.0748663525455173
711.5 1.4482867257232988
712.0 1.2270402504880906
712.5 1.1052406359116
713.0 1.1418064337033518
713.5 1.7553863577133426
714.0 0.7413164515789687
714.5 0.9705834427769278
715.0 1.5148882539598298
715.5 1.1261116042999433
716.0 1.0004589310167942
716.5 0.7339295374014092
717.0 0.5087944984707578
717.5 0.8950152203404154
718.0 0.9682865884643874
718.5 2.059737833418886
719.0 1.19440648405931
719.5 0.8604671192997678
720.0 1.6304467552969266
720.5 1.2929088972327878
721.0 1.827524914622416
721.5 1.9138510231978305
722.0 0.6215785219789156
722.5 2.3233006137010883
723.0 1.202839126819292
723.5 2.3493232683846967
724.0 1.37237528342372
724.5 0.3420166605187526
725.0 1.235693821702979
725.5 1.017148337030241
726.0 1.0649091717161983
726.5 1.2207168917335574
727.0 1.4311107983292817
727.5 1.108074907443692
728.0 0.6890407393967151
728.5 0.6692323838415626
729.0 1.012076273627528
729.5 0.8085352850670193
730.0 0.8649795421116881
730.5 2.0677788458200186
731.0 1.8543250431676892
731.5 0.5121907404440571
732.0 1.779134860842997
732.5 1.1519662998968787
733.0 0.8667375147642808
733.5 2.1491834606486027
734.0 1.40658871403817
734.5 1.8880965701950978
735.0 1.195137059064088
735.5 1.0712406203209341
736.0 1.4257346927402912
736.5 1.5300982712709223
737.0 0.7835654355260708
737.5 2.3334262784450983
738.0 1.0183054864749166
738.5 0.6088497863063338
739.0 0.6284072908036649
739.5 1.2515798905205897
740.0 0.6381578570580124
740.5 0.8660078797349171
741.0 1.5621797506562491
741.5 2.260181185534554
742.0 2.2133664892237634
742.5 0.8108545539354055
743.0 0.5771822974454646
743.5 0.789234805328294
744.0 1.086722985300974
744.5 1.1899105444058646
745.0 1.4990398309668662
745.5 1.3052964442297363
746.0 0.6256279523420586
746.5 1.631747958647483
747.0 1.3741251657004552
747.5 0.6938687776804745
748.0 0.7182757940294611
748.5 1.5141856686672255
749.0 0.8319348013742727
749.5 1.3137648175044319
750.0 1.8231839441439517
750.5 1.0282923409455047
751.0 2.168810559335467
751.5 1.0188210718900224
752.0 1.1928931139323202
752.5 1.0553843887191001
753.0 1.319377670939264
753.5 1.4874471883122626
754.0 0.6113195053843468
754.5 1.573746950374429
755.0 1.0342252690378568
755.5 1.3773679027343435
756.0 1.078364858554159
756.5 1.1875821504876414
757.0 1.1074493604183768
757.5 1.8803007817159774
758.0 1.4352945393375882
758.5 0.6527755487993026
759.0 1.6973170063987615
759.5 1.8597512365446467
760.0 0.8198370521447959
760.5 0.9570066533753329
761.0 0.936268365345654
761.5 2.017865153831822
762.0 0.6856999317569734
762.5 1.7060032561970402
763.0 1.5029887434578746
763.5 1.602300849585069
764.0 1.0378251311724696
764.5 0.4294267756838148
765.0 0.9691571774114903
765.5 1.3373833627300722
766.0 0.8604449394760401
766.5 0.9760281328561577
767.0 0.7718280544707992
767.5 1.0525477311348963
768.0 2.159381521144655
768.5 1.09245454793996
769.0 1.84733866119291
769.5 1.8662962772445761
770.0 1.9844690491577457
770.5 0.5359628117421803
771.0 1.0680022149011266
771.5 0.6707032107839972
772.0 1.0867915896527358
772.5 1.0874003693268093
773.0 1.0296368394370234
773.5 0.6319133045507246
774.0 1.3957895532763387
774.5 0.9264921454280742
775.0 1.0145515510732164
775.5 0.9519037736368194
776.0 1.5030070585939224
776.5 0.8683970484120564
777.0 1.01227335019652
777.5 1.9961241329648571
778.0 0.7478757343701179
778.5 0.8042598011511464
779.0 1.82841493090265
779.5 0.783753859401605
780.0 1.2074629618632111
780.5 1.4447426071489566
781.0 0.9537642607922823
781.5 1.3565932252984272
782.0 1.575829665800575
782.5 1.1636517310968235
783.0 1.1662431195361032
783.5 2.7179752286527754
784.0 1.443386310617245
784.5 1.7252720763704628
785.0 1.8010630535090815
785.5 1.1887789276834582
786.0 1.1928782109180887
786.5 0.6876468590141478
787.0 0.8678889370414797
787.5 0.9804157130586139
788.0 1.6782772775403871
788.5 1.3588422306896915
789.0 1.3979342106793142
789.5 1.3655782172503628
790.0 1.4285062762373075
790.5 1.1621268970831933
791.0 1.0835682963432436
791.5 0.9660696141460432
792.0 1.0468643046332544
792.5 1.4917721198608587
793.0 1.1390923119504892
793.5 0.8156455013132761
794.0 1.0546950593129205
794.5 1.214884554032817
795.0 1.3882525513986241
795.5 1.3318416339070391
796.0 0.8697949587556036
796.5 0.9867521877593953
797.0 0.6844399113206745
797.5 0.5689197634929442
798.0 1.0514105213585325
798.5 1.2421250829279364
799.0 0.8997824687847698
799.5 1.0362086882113353
800.0 0.7248574579562617
800.5 1.0626533953001172
801.0 1.8085910347870149
801.5 1.3511881060096682
802.0 1.7458433272507163
802.5 1.0101832055323003
803.0 0.8446792064341939
803.5 0.9296121296610087
804.0 1.455985475130403
804.5 0.6253858408219761
805.0 1.8758246127908726
805.5 2.0278270725857945
806.0 1.206710727061319
806.5 1.0727176968400454
807.0 1.0392236905990215
807.5 2.302705136837157
808.0 2.0622092277568234
808.5 0.6982724145154635
809.0 1.0986512365443635
809.5 0.8852020955617466
810.0 0.5439596400674036
810.5 1.390414377489958
811.0 1.4861485849707403
811.5 1.9879778042910234
812.0 0.6252977821716593
812.5 0.3721299089593497
813.0 1.246760220430728
813.5 0.8365286788536367
814.0 1.702549097825647
814.5 1.4523284661426126
815.0 0.47973645897692474
815.5 0.6436309062488115
816.0 1.0512295219763232
816.5 0.8498084175155002
817.0 1.2212351826895615
817.5 0.5010011432049053
818.0 0.8156162304795305
818.5 1.066949662449629
819.0 1.282032725871773
819.5 1.7832767241094014
820.0 1.043142317064171
820.5 0.9564408893859777
821.0 1.4359589148878185
821.5 1.687541314296478
822.0 2.2102282606145405
822.5 0.9065955697202002
823.0 1.3121147014125634
823.5 0.8614524836511434
824.0 0.4302735389380744
824.5 1.136164881778825
825.0 1.358161115227689
825.5 1.3131605284584502
826.0 1.447975565963537
826.5 1.433748090206228
827.0 1.2461312085084568
827.5 0.8626226119883915
828.0 1.5462872410951454
828.5 1.1159117793677804
829.0 0.8470511523666061
829.5 0.7377778554745877
830.0 1.5291598130783755
830.5 1.3299305842163247
831.0 0.8150563851866903
831.5 0.8158631074226186
832.0 1.0933211410378618
832.5 1.3922463337173903
833.0 1.185865957850961
833.5 0.5000963960628914
834.0 1.1044677810073433
834.5 0.6246121388583269
835.0 2.011169893212042
835.5 1.446263846330969
836.0 0.6548355975242349
836.5 0.9051298572513254
837.0 0.9078814134127305
837.5 1.4934675534056026
838.0 1.4717403900171102
838.5 0.5236701302764774
839.0 0.2
839.5 1.0894271902935113
840.0 1.7540901089562997
840.5 1.181987463702431
841.0 1.0958486595632484
841.5 1.2604001696095297
842.0 1.3126864353492373
842.5 1.5481004778872614
843.0 1.7867273446928178
843.5 0.8305112862288802
844.0 1.9528224717568123
844.5 0.9380348275852852
845.0 1.3691119922453063
845.5 0.9369910068076214
846.0 1.4398797978438118
846.5 1.4229136304063048
847.0 1.1950698446040877
847.5 1.1146206577689108
848.0 1.5882661727977396
848.5 0.9410026034949264
849.0 1.5932576957405487
849.5 1.2043496919659715
850.0 0.8788440866303295
850.5 0.834400037775822
851.0 1.7150479619617134
851.5 1.2806687884722252
852.0 0.9675262145843803
852.5 1.4726122605202479
853.0 1.172628904871225
853.5 0.8498338192242681
854.0 1.0001889604996193
854.5 1.2167216576001132
855.0 1.1797558616320898
855.5 1.2618596622615494
856.0 1.4270611742509303
856.5 1.1104569311934598
857.0 1.265594487809524
857.5 2.1974708213154637
858.0 0.8395678654034358
858.5 1.2899684615509432
859.0 0.9634809115915941
859.5 1.1443757795977811
860.0 1.2160673526153314
860.5 1.3881808885848756
861.0 0.5615144075684537
861.5 1.293189847286651
862.0 0.8160741270368558
862.5 0.7600378183302071
863.0 0.9175955753482616
863.5 1.3371261082939951
864.0 0.7755853575730763
864.5 1.3186961489630746
865.0 0.8172109856788746
865.5 2.0964967887521233
866.0 1.361525110263344
866.5 1.6722720227615566
867.0 0.7581429448152617
867.5 1.5086118960924657
868.0 0.8457083629685196
868.5 1.0660020133230437
869.0 0.8721980000873464
869.5 0.5502549111013824
870.0 0.8928884045544071
870.5 0.5682894922657291
871.0 0.5616721054080882
871.5 1.331974788180976
872.0 0.9678066863013589
872.5 0.8761693285329719
873.0 3.306908830389649
873.5 3.22644172932517
874.0 0.7710350471443886
874.5 0.9276918737690314
875.0 2.148881227206314
875.5 1.0376271188356379
876.0 1.1149134084501158
876.5 1.2289769269385569
877.0 1.0472434109690023
877.5 1.3473849164817486
878.0 0.679586309112679
878.5 0.7743568850074405
879.0 1.2271867037586888
879.5 0.8076511655591303
880.0 0.6481600689509885
880.5 1.7361219938128363
881.0 1.7266748450157934
881.5 1.2828826546971972
882.0 0.9631748294434781
882.5 0.7516792929180045
883.0 0.813643977282519
883.5 1.6294321345482825
884.0 1.501677576693449
884.5 1.3123494435229313
885.0 0.7308502861612134
885.5 1.0682207407158617
886.0 1.2802402836566
886.5 1.3721857228060692
887.0 0.9191342689267168
887.5 1.6071620256599204
888.0 0.9697353513838504
888.5 0.8637388807093266
889.0 2.7160534852626776
889.5 0.7176820088093012
890.0 0.9130372648507061
890.5 1.630823639872802
891.0 2.078964835405965
891.5 1.1873146434032011
892.0 0.6418480660934796
892.5 0.850888649255912
893.0 0.7708596811771795
893.5 1.1705312929777079
894.0 0.8517774529196767
894.5 0.8130172335265586
895.0 0.9455772122004358
895.5 3.2450766300525413
896.0 0.8466889892888942
896.5 1.9805378603979005
897.0 0.6848729246744729
897.5 1.340530440181844
898.0 2.2685750467033294
898.5 0.9207310533350468
899.0 0.9716368286685106
899.5 0.7650507794300567
900.0 1.8399194114096402
900.5 1.215719058401524
901.0 1.0807994666995013
901.5 1.443552952843815
902.0 0.649802258292175
902.5 0.813154913275955
903.0 0.8033494365863696
903.5 0.9053569412569153
904.0 0.8098622623062054
904.5 0.8032500144432533
905.0 1.020995882843786
905.5 2.526893377794099
906.0 1.998493787290946
906.5 0.7411807102017374
907.0 2.0075132598881327
907.5 0.8867517899090251
908.0 2.1612153741310225
908.5 1.2503655779240572
909.0 1.9910915961781035
909.5 0.7802187744064855
910.0 1.4595464826057385
910.5 1.8295788467709064
911.0 1.1118583946651124
911.5 1.717059089265411
912.0 1.232106226435082
912.5 1.9326009441490655
913.0 1.5671686076536535
913.5 1.207925481428083
914.0 1.0461445422167648
914.5 0.9338814914675433
915.0 2.062269810477341
915.5 0.9907642953662841
916.0 1.4592751857004478
916.5 1.2583765211830182
917.0 0.7361230851418195
917.5 0.5024817475584049
918.0 1.0055435953009209
918.5 1.173831156031575
919.0 0.9448685103968929
919.5 1.0179961069507417
920.0 1.0591423156049329
920.5 1.5663985323321052
921.0 1.0311408278839056
921.5 0.8712281631250001
922.0 1.2501079337503436
922.5 1.7011011130893476
923.0 1.02859931696646
923.5 0.7332502487403161
924.0 1.3442119853735783
924.5 0.5321071513203629
925.0 0.6640125990288547
925.5 0.922437679927905
926.0 0.7706345498914593
926.5 1.5170805208608615
927.0 0.835218256952263
927.5 1.805848621073265
928.0 2.0062697296458722
928.5 1.0468181204623397
929.0 0.8921837062765896
929.5 1.3948701534711612
930.0 0.732830345439657
930.5 1.139737871871299
931.0 0.9345956262082682
931.5 1.2188800278747287
932.0 1.5191280241424159
932.5 1.4791693187866173
933.0 1.6239413120657846
933.5 1.6014959908317778
934.0 1.7276048976489613
934.5 1.3010506109685964
935.0 0.701716525107887
935.5 0.9992290353426396
936.0 2.477186389579313
936.5 1.0919127325601374
937.0 0.9598519985963718
937.5 1.064316398056547
938.0 1.8842695735494122
938.5 0.9291778946341511
939.0 0.9259687388681646
939.5 1.0610646749058796
940.0 0.9666140039810596
940.5 1.227002934471422
941.0 1.0453900958680498
941.5 1.4935823710378784
942.0 0.9668251691343808
942.5 1.312925730628404
943.0 1.2094546488141134
943.5 0.6136473072409343
944.0 1.5968385165544432
944.5 1.5968075904337335
945.0 2.187713355537669
945.5 0.7978691594404672
946.0 0.8886997254139415
946.5 1.240204406647079
947.0 0.844014584450187
947.5 1.1373201709512921
948.0 1.4536056446310677
948.5 1.0920339724494943
949.0 0.6748946216161699
949.5 0.9506153723929567
950.0 1.328595258344095
950.5 1.4244928775425134
951.0 1.012997026957632
951.5 1.075633806801876
952.0 0.5818876269177296
952.5 0.8083875978877191
953.0 0.8719519313424149
953.5 1.241195978137469
954.0 0.6727888907872275
954.5 1.330141933892861
955.0 1.1487638022374032
955.5 2.0836125392256024
956.0 0.7487482555405811
956.5 1.2448894432862991
957.0 0.9887655914557318
957.5 1.0242473608243505
958.0 0.5424271151056319
958.5 0.6369441072054476
959.0 0.6550847752792837
959.5 0.6622925118723435
960.0 1.0898897657052087
960.5 1.1154688189676594
961.0 0.6549223011832989
961.5 1.0620851228831514
962.0 1.1536169722302443
962.5 1.6633114308496615
963.0 0.762705089413408
963.5 1.590326505803215
964.0 0.8963552620828918
964.5 1.1574159885915192
965.0 1.2085631697840877
965.5 1.313011488789554
966.0 1.9331622042308942
966.5 0.9578886076026539
967.0 0.858684261877577
967.5 0.9923398331850295
968.0 1.3742590550129665
968.5 0.9322994227250697
969.0 0.975929880784843
969.5 2.1776658764044834
970.0 2.447065904963324
970.5 0.867481527212276
971.0 1.0021792051734095
971.5 1.2449774483225473
972.0 1.089306672012933
972.5 1.26987727688652
973.0 1.909874734855402
973.5 0.7862240479368781
974.0 1.0622268365558516
974.5 2.0591816476720832
975.0 1.3785013146871476
975.5 0.43489963823633837
976.0 0.9808432377525691
976.5 1.191732806407599
977.0 1.9817691417321495
977.5 0.7340857406991323
978.0 1.1176495328230853
978.5 0.8625567043199385
979.0 1.0346275603896984
979.5 0.8820255802963657
980.0 0.7698366277228172
980.5 0.7411865428551334
981.0 1.7881793085409576
981.5 1.0727657834005264
982.0 1.0038122201051194
982.5 0.9407255347276142
983.0 2.523220943099628
983.5 2.3129849464023016
984.0 1.7105001210864685
984.5 0.7872239844692819
985.0 1.3119749338721847
985.5 1.5139954868478624
986.0 1.214159412671139
986.5 1.3570384712213273
987.0 0.7020523819621447
987.5 1.7126089226235226
988.0 1.5808868418027542
988.5 1.072871210085911
989.0 1.7987323357058878
989.5 0.7881442775410002
990.0 1.0345322543292346
990.5 1.4451643800297858
991.0 1.5229135517653651
991.5 2.2736029007348266
992.0 1.4391280165151756
992.5 0.9530233279213978
993.0 0.581088894877649
993.5 1.0673743983435078
994.0 0.9113355918791708
994.5 1.4191161206627239
995.0 2.3677617837805056
995.5 0.5643161683859446
996.0 0.5629801266358732
996.5 0.9960585054754599
997.0 1.5167926276325838
997.5 1.3329038518349394
998.0 1.4610606438609817
998.5 0.629110206393908
999.0 1.1955883706863757
999.5 1.26958257050397
1000.0 0.7668122394080673
1000.5 1.143262275939415
1001.0 0.6882261614299876
1001.5 2.441545132979976
1002.0 1.025978218017218
1002.5 1.0062707585877277
1003.0 1.1801333569537853
1003.5 1.4274255292474614
1004.0 0.6444088052298997
1004.5 0.6738127381016759
1005.0 0.5453993034635551
1005.5 0.5648122777121564
1006.0 0.9040068116180204
1006.5 2.1142472177366605
1007.0 1.2617019705780068
1007.5 1.0958357611680671
1008.0 1.8985273580208828
1008.5 0.5086304446626488
1009.0 1.41287577224917
1009.5 1.037544495173519
1010.0 0.9814317777907182
1010.5 1.3502883403002102
1011.0 1.8300820241720797
1011.5 0.9106091489719735
1012.0 1.2336163922084136
1012.5 2.0271545325238582
1013.0 1.1249965832301254
1013.5 1.8320608757039296
1014.0 0.9768764350564798
1014.5 1.7890676497118312
1015.0 1.226987556191013
1015.5 1.024149267222658
1016.0 1.0842091681996044
1016.5 1.0398863633901794
1017.0 1.068895672646908
1017.5 1.1564829725307464
1018.0 0.9149925310202383
1018.5 2.0923888441230005
1019.0 0.8242542392090952
1019.5 1.1857063794776472
1020.0 1.168549100045777
1020.5 1.5408203759054824
1021.0 0.8711665284053967
1021.5 1.7578094054854145
1022.0 0.8696705117198518
1022.5 1.5994279161169795
1023.0 1.2800539980877348
1023.5 1.0576865246748484
1024.0 1.6307379044559338
1024.5 0.9619656110782325
1025.0 1.6148488796606002
1025.5 1.1533359570801223
1026.0 1.2997930231569783
1026.5 0.7866909097695222
1027.0 0.8619391388117916
1027.5 0.6860095180922017
1028.0 1.4722291620207115
1028.5 0.8433481171478252
1029.0 0.9086945728106416
1029.5 1.3152225346167863
1030.0 0.7674551004432564
1030.5 1.1035392898453809
1031.0 0.5724889652031506
1031.5 0.8645450461884009
1032.0 0.840263855263497
1032.5 1.059188356664673
1033.0 0.8685520476786242
1033.5 1.0353904782614032
1034.0 0.8627506989220904
1034.5 0.8110217269217217
1035.0 0.6353469789422977
1035.5 1.575948320032488
1036.0 1.2123593553142036
1036.5 0.9415807175927042
1037.0 0.9245632327006632
1037.5 1.1424232951864486
1038.0 1.1379494216603485
1038.5 0.769268013504975
1039.0 1.578378319993834
1039.5 1.108536809120383
1040.0 0.5210138347380806
1040.5 1.290010673968348
1041.0 1.03585921158803
1041.5 1.2745995444650124
1042.0 1.8071041131310288
1042.5 1.8969444648805425
1043.0 1.885684373888961
1043.5 0.7132273293283575
1044.0 1.2872269920762096
1044.5 1.460415008602466
1045.0 2.0133546916923395
1045.5 0.9949828541045618
1046.0 0.8999784630934557
1046.5 1.3591147929760363
1047.0 0.54900944848043
1047.5 1.3683830462092619
1048.0 0.9165418319384356
1048.5 0.7109458162929962
1049.0 1.1617208105652241
1049.5 1.0454237199346603
1050.0 1.0917912900135693
1050.5 0.45840104729012787
1051.0 1.7177755877182457
1051.5 2.8864744847750727
1052.0 2.31177796521286
1052.5 0.7578752212603712
1053.0 1.4322793811510424
1053.5 1.9558923213780914
1054.0 1.9243419225003167
1054.5 1.082373939976574
1055.0 0.5497060827473844
1055.5 1.4197409564454502
1056.0 1.5193167565790302
1056.5 1.335798308470668
1057.0 1.5631291497291326
1057.5 1.4445864582468346
1058.0 1.592049275969674
1058.5 1.5052277510923076
1059.0 0.6934342298712142
1059.5 0.2
1060.0 1.4048035749591596
1060.5 0.5758227654316137
1061.0 1.4639237692956035
1061.5 1.38703920089677
1062.0 0.8567038317242474
1062.5 1.4693236087165649
1063.0 1.0432312760945093
1063.5 0.8203569214181303
1064.0 0.9445788951408487
1064.5 2.073236409126495
1065.0 0.9039500919438039
1065.5 1.5524192772039318
1066.0 0.9355493941142494
1066.5 0.6827806455760542
1067.0 0.7365323756251352
1067.5 0.5884581037488946
1068.0 1.483970863489402
1068.5 0.8739222099010459
1069.0 1.058457013309714
1069.5 1.4565106351535544
1070.0 1.0393290712306662
1070.5 0.5967123629055258
1071.0 0.6950076550416231
1071.5 1.1346444162387992
1072.0 1.149927971324701
1072.5 1.2805599272239911
1073.0 0.8319175294028676
1073.5 1.1181533090023255
1074.0 0.8029264597814397
1074.5 1.0856099916405286
1075.0 0.9895493766370704
1075.5 0.677121002717199
1076.0 0.7053927729488421
1076.5 1.554352973943234
1077.0 0.8158131695406861
1077.5 0.8317160803689689
1078.0 2.107862161279784
1078.5 1.1587514986818181
1079.0 1.3227580297886958
1079.5 0.41429547085575213
1080.0 1.8386464485894527
1080.5 1.130960062241942
1081.0 0.8612978904803462
1081.5 1.8335572382592238
1082.0 1.0320174647382692
1082.5 1.2437713204737442
1083.0 0.5057148359523669
1083.5 1.2120676753519335
1084.0 0.9204490382724972
1084.5 1.2978381459864092
1085.0 0.751974852190144
1085.5 0.7290126344738872
1086.0 0.4443018082981395
1086.5 1.275150170122406
1087.0 0.48967958371113407
1087.5 0.7048647707935427
1088.0 0.6530309892542645
1088.5 0.3888134443633117
1089.0 1.6814216784119314
1089.5 0.6257305221001613
1090.0 0.8295803624346951
1090.5 2.2543559538231013
1091.0 0.8430946475660743
1091.5 1.0883075428641735
1092.0 1.5505187231569857
1092.5 2.0052529860193062
1093.0 1.932104695165577
1093.5 0.9036219258900487
1094.0 0.7292474357414039
1094.5 1.6080716003101503
1095.0 2.126112774651303
1095.5 1.7343809900785292
1096.0 1.623778177545459
1096.5 1.0878368147880675
1097.0 0.795203283270014
1097.5 1.2960484149310862
1098.0 0.7411680705462261
1098.5 1.548529686949
1099.0 1.096814125767759
1099.5 1.5790977090530995
1100.0 1.4257795552809627
1100.5 2.4013846099790737
1101.0 0.709198332145019
1101.5 0.9887884152486415
1102.0 1.1811677653152128
1102.5 1.0882424732658391
1103.0 0.7628207855797953
1103.5 0.7288381667974655
1104.0 0.7483792591515044
1104.5 1.0951368791728937
1105.0 0.363142292203695
1105.5 0.6913308128968847
1106.0 1.8515052393424583
1106.5 0.6187367330150502
1107.0 0.662758233867127
1107.5 0.7751756797430536
1108.0 1.6511173827974772
1108.5 1.7840556025720695
1109.0 2.034112743260867
1109.5 1.9034836639760488
1110.0 1.785140678515389
1110.5 0.7531487636969
1111.0 0.6184613572404596
1111.5 0.9142947740651435
1112.0 0.8713142778078002
1112.5 0.9101607677429631
1113.0 1.1153467463660713
1113.5 1.0275434460856263
1114.0 1.0193286313819008
1114.5 0.8742556423066403
1115.0 1.230198987689998
1115.5 2.01127177206101
1116.0 0.8287680668369167
1116.5 1.5091202924463274
1117.0 1.077693410151619
1117.5 0.6083260630588446
1118.0 1.5161558422340906
1118.5 1.879565048624128
1119.0 0.7137279467861544
1119.5 1.2028543263090652
1120.0 0.8357442088572032
1120.5 1.1013261984984881
1121.0 1.459310886801926
1121.5 1.7527478559911494
1122.0 1.588568756969735
1122.5 1.3533169811585302
1123.0 0.9521757924138232
1123.5 0.9263322863960095
1124.0 1.7989974182163133
1124.5 1.6756375574705171
1125.0 1.0660670285120106
1125.5 1.5633149227300114
1126.0 0.7465238062581414
1126.5 1.293144719907013
1127.0 1.607340039995679
1127.5 1.5735894453497723
1128.0 2.1176538125452633
1128.5 0.784262090349555
1129.0 1.443020410916175
1129.5 1.603670028718428
1130.0 1.0094757698229109
1130.5 1.126531538877293
1131.0 1.1251622694435885
1131.5 1.352896501909815
1132.0 0.9992662635134189
1132.5 1.5266411512849825
1133.0 0.8374277571377096
1133.5 1.4228169299803486
1134.0 1.5895436204347382
1134.5 1.08852508950929
1135.0 1.7452888631614025
1135.5 1.2485372879375454
1136.0 0.983323160378885
1136.5 0.6377851919847739
1137.0 0.7878188247435441
1137.5 1.5524432499132765
1138.0 2.08199757295913
1138.5 2.4454209749975897
1139.0 1.7062736272325347
1139.5 1.5461435693496823
1140.0 1.6710829966355147
1140.5 0.806996475894926
1141.0 2.2155746043322053
1141.5 0.8199969984151855
1142.0 1.0787169959575915
1142.5 0.8728869206892855
1143.0 0.765605317838552
1143.5 0.9400988845516974
1144.0 0.9628847012362294
1144.5 0.8483969589965632
1145.0 0.5397535967147689
1145.5 0.9925938611613873
1146.0 1.6804401677936627
1146.5 1.5172623423213838
1147.0 1.5828767881409063
1147.5 1.1148477332725277
1148.0 0.8335733483444591
1148.5 0.7796180531826415
1149.0 1.962558160496291
1149.5 1.5612680798045346
1150.0 1.4515163192968281
1150.5 0.7387822182704502
1151.0 0.931968727445645
1151.5 2.180383326119813
1152.0 0.98697282682651
1152.5 0.6973515467098954
1153.0 0.7224346361517703
1153.5 1.0532449957948622
1154.0 0.7514241726368368
1154.5 1.7094728274441682
1155.0 1.2638832125025412
1155.5 1.5672019056717401
1156.0 0.765963966992655
1156.5 1.5626355115283663
1157.0 1.3453440546591175
1157.5 1.8472676572636595
1158.0 1.1616156112004778
1158.5 2.717302118049997
1159.0 1.0550302783087089
1159.5 2.3147233796468436
1160.0 1.4181190207008039
1160.5 1.145315201523995
1161.0 1.3657052578556848
1161.5 1.5383143141556481
1162.0 1.0670957238910177
1162.5 1.2725546770456968
1163.0 0.2764168004223424
1163.5 0.7954470021743778
1164.0 1.7312681910703511
1164.5 0.97925761425582
1165.0 1.2440904884432766
1165.5 0.5660864952557132
1166.0 1.1776780528276323
1166.5 0.5270772732491491
1167.0 2.0692318471253097
1167.5 1.3535357036389655
1168.0 1.258178287416373
1168.5 0.8639175677295842
1169.0 1.0128147546019133
1169.5 2.1459224978292673
1170.0 1.0104172356618766
1170.5 1.6791042511308787
1171.0 0.984738822954458
1171.5 0.7376041153536902
1172.0 0.31509234221498894
1172.5 1.3545704071235276
1173.0 0.9050752936581778
1173.5 2.2333712421969287
1174.0 1.3047514048752786
1174.5 0.6081448995770596
1175.0 1.126004089861649
1175.5 0.8334007575739013
1176.0 1.407092563631836
1176.5 1.0597379704876788
1177.0 1.4294160025483333
1177.5 0.78975504290157
1178.0 0.639868240435132
1178.5 1.2767804758418544
1179.0 1.6267172353193102
1179.5 1.4164557389847583
1180.0 0.9334059399875259
1180.5 1.7645846758866046
1181.0 0.9018253433177432
1181.5 1.9307223354833298
1182.0 2.0016534397994237
1182.5 1.5046136146096665
1183.0 1.7377053470525683
1183.5 0.6998347601173429
1184.0 0.7219982755391354
1184.5 0.8086378294035007
1185.0 0.7786555622940385
1185.5 0.7261000080381769
1186.0 0.48498050323367203
1186.5 0.9100229436741605
1187.0 1.3768843935374946
1187.5 1.232036858064462
1188.0 1.8154479102067755
1188.5 1.065318505225224
1189.0 0.7938388461498131
1189.5 0.6461522329352754
1190.0 1.2019145231446757
1190.5 1.0278612318223848
1191.0 0.8207487821971868
1191.5 1.0234195116559506
1192.0 1.2651605866112465
1192.5 0.723491134067896
1193.0 1.0906510823261035
1193.5 0.7864226656397593
1194.0 1.1204789291340296
1194.5 2.9856985909384903
1195.0 1.6465903977105167
1195.5 1.387863398402259
1196.0 1.0664560284125093
1196.5 1.1837086007675386
1197.0 0.8973023692833935
1197.5 1.5974943822885899
1198.0 1.8613279013302366
1198.5 1.6592467206633854
1199.0 1.2809678313121238
1199.5 0.9833208396300155
1200.0 0.7118565298739714
1200.5 1.2742846494522928
1201.0 0.9585428911076121
1201.5 0.2
1202.0 0.6029676981401402
1202.5 1.80588903347985
1203.0 0.8809548614561328
1203.5 1.1915038979974808
1204.0 1.1739283663850824
1204.5 0.9551658472340128
1205.0 1.6499060603683289
1205.5 0.9669969210978364
1206.0 1.140511037920832
1206.5 0.7115492079734433
1207.0 1.5222718257518757
1207.5 0.8083474871616736
1208.0 1.68713215802616
1208.5 1.2307846706134895
1209.0 0.9716161591699785
1209.5 0.6956685819416304
1210.0 1.4653938930135348
1210.5 1.1797865728052903
1211.0 1.5335869542618745
1211.5 1.187905835218802
1212.0 1.0231257635848674
1212.5 0.5896406527156546
1213.0 1.218938924898572
1213.5 0.6363461191099891
1214.0 0.8169293401285436
1214.5 0.9718146020291321
1215.0 1.1929579128844838
1215.5 1.112782098127898
1216.0 1.1037538265036895
1216.5 1.5807265491320033
1217.0 1.9407959857903427
1217.5 0.9238516790990972
1218.0 0.5923245721586772
1218.5 1.069849213207955
1219.0 0.8066849120811288
1219.5 0.6104338425453553
1220.0 1.1460664551080657
1220.5 1.1726667195845712
1221.0 1.9025648320952229
1221.5 1.3847068179761144
1222.0 1.0526382683283222
1222.5 1.18685002362784
1223.0 1.5069960402166758
1223.5 0.7269534036815415
1224.0 0.6127860254796701
1224.5 1.5945002777930481
1225.0 1.5168420674697383
1225.5 1.237413992119667
1226.0 1.9170232649076429
1226.5 0.9970591208294122
1227.0 1.2504587772956968
1227.5 0.9402090450201214
1228.0 0.9899997447758735
1228.5 1.357272844347528
1229.0 1.5231679935499436
1229.5 0.9480218521463517
1230.0 1.0076483275456987
1230.5 2.1544280704604124
1231.0 1.074857194584019
1231.5 1.0289042867200284
1232.0 2.5880338073097273
1232.5 0.9371891142683471
1233.0 1.2248958820644638
1233.5 0.5828307214548111
1234.0 0.4128221501819219
1234.5 1.2260219627303974
1235.0 1.090809542667246
1235.5 2.560285307951598
1236.0 2.3352130824178725
1236.5 1.6122515985247161
1237.0 1.3828597864917749
1237.5 1.2245891397210515
1238.0 0.9479208289927752
1238.5 1.1907763261802833
1239.0 1.1129414298396518
1239.5 1.3585533660493732
1240.0 1.0384797397072485
1240.5 0.9355524979903669
1241.0 2.2324546416238427
1241.5 0.3936097354245333
1242.0 0.9246420388236639
1242.5 0.7794421249914958
1243.0 0.4565904932431869
1243.5 0.8072742030201133
1244.0 0.6697266038693666
1244.5 0.8697791728778099
1245.0 1.1826378341297843
1245.5 1.13908223235972
1246.0 1.1569349909241209
1246.5 1.0505893679591707
1247.0 1.9756337950641265
1247.5 2.022093525091771
1248.0 0.9459508047457462
1248.5 0.9659633693201439
1249.0 0.37671827135823777
1249.5 1.3392591019302853
1250.0 0.8165495497033687
1250.5 1.8434696363770955
1251.0 1.8961394568023464
1251.5 1.7724744807595378
1252.0 2.187008048242606
1252.5 0.9212929465969494
1253.0 1.6336034752011321
1253.5 0.5978233627168441
1254.0 1.3981818102920271
1254.5 0.7234872668084751
1255.0 0.7593533205178308
1255.5 1.8710873039431584
1256.0 1.6771754606904796
1256.5 1.7429473951181742
1257.0 1.2506527068895998
1257.5 1.601426146108099
1258.0 1.897873023321117
1258.5 0.520364257295284
1259.0 1.6592566730669192
1259.5 0.8519341273794516
1260.0 1.554492068004945
1260.5 0.6996906571431419
1261.0 1.568027830537286
1261.5 1.193522787252868
1262.0 1.71849334278517
1262.5 0.9187258444024881
1263.0 0.810978900674562
1263.5 1.121607918499276
1264.0 0.6450671037850864
1264.5 1.0210650340118264
1265.0 0.9282137252887465
1265.5 0.8866532379665841
1266.0 1.169829606343935
1266.5 1.050065225625322
1267.0 1.9067007263397344
1267.5 1.3838281587772627
1268.0 1.2318652606019511
1268.5 1.1675565339105423
1269.0 1.3469929776814695
1269.5 1.9684635723526345
1270.0 0.7389185260107844
1270.5 0.7891795491073761
1271.0 0.5317209768862673
1271.5 1.9336514108108755
1272.0 1.5433473331519427
1272.5 2.09907269660382
1273.0 1.3126037798145616
1273.5 1.2282966869804235
1274.0 0.7122602389874968
1274.5 1.0163477944677837
1275.0 0.8065249988422583
1275.5 0.7856485142940688
1276.0 1.0716886750985206
1276.5 0.7610351967045984
1277.0 0.7127350739683938
1277.5 0.8921617738794222
1278.0 1.1431735460237054
1278.5 0.9452351615365623
1279.0 0.7873007746304206
1279.5 0.9294747470607896
1280.0 1.3522523740735592
1280.5 1.238288714448818
1281.0 1.1577678901617356
1281.5 0.9373767253780554
1282.0 1.5302726538888096
1282.5 0.7036274720990068
1283.0 0.8347827426628374
1283.5 2.2726227968974557
1284.0 0.7114282672202591
1284.5 1.9701553811944215
1285.0 0.9347340876984742
1285.5 1.8035657679983326
1286.0 2.9034823981881335
1286.5 1.781382057153729
1287.0 1.352672170431747
1287.5 0.5647027255200625
1288.0 1.869766256555707
1288.5 1.2095061481359932
1289.0 1.006955158188483
1289.5 0.7126764374640799
1290.0 1.295270070242915
1290.5 0.6405137735006388
1291.0 0.7246964037331637
1291.5 1.3871730506607296
1292.0 0.8334189996867182
1292.5 1.4065135824518118
1293.0 1.090397017068791
1293.5 0.7706667823388731
1294.0 0.6771145134774209
1294.5 1.6440923962978007
1295.0 1.1756725018327907
1295.5 0.8192412848836064
1296.0 1.0334985341483411
1296.5 0.6048363981890379
1297.0 1.7966459126509544
1297.5 3.731904767259113
1298.0 1.3587929372666139
1298.5 1.1352205778010416
1299.0 1.3379938652115546
1299.5 1.875140777736259
1300.0 1.3736789920946375
1300.5 0.9273989145032328
1301.0 1.3899798686269087
1301.5 0.7144034746656487
1302.0 0.8885661827271312
1302.5 1.3907624143472843
1303.0 0.9926515129658842
1303.5 0.6133344182382905
1304.0 1.2763497322545982
1304.5 1.0230450075612556
1305.0 0.5920710589925329
1305.5 0.39502741516396256
1306.0 1.0427463976985032
1306.5 0.7968792399743543
1307.0 1.219950539804378
1307.5 1.3934337645567363
1308.0 1.720549549030813
1308.5 0.9608437514610049
1309.0 1.0166287121458488
1309.5 1.0599191495729108
1310.0 1.3428071461265207
1310.5 2.1937516666830565
1311.0 0.8825664818771433
1311.5 1.0267488083624654
1312.0 2.151776575130923
1312.5 0.6333347706457078
1313.0 0.8641474435813983
1313.5 1.2350532053380867
1314.0 0.6352653475895955
1314.5 1.5545483225907266
1315.0 1.4889349766176276
1315.5 0.8646517454608533
1316.0 0.40571865514573535
1316.5 1.7406912656274538
1317.0 2.1056202138254063
1317.5 1.3782727784535846
1318.0 0.6900008186380344
1318.5 0.580152586856628
1319.0 1.0414933992428466
1319.5 1.1060813220995003
1320.0 1.165681723862085
1320.5 1.3235755715728499
1321.0 0.8035581677363264
1321.5 1.1034710623445105
1322.0 0.897024752516012
1322.5 1.1130880630965418
1323.0 2.6780276422189666
1323.5 0.6890864345436389
1324.0 0.9641248939703595
1324.5 0.9958012698328513
1325.0 1.201868530454983
1325.5 0.7500872605293862
1326.0 1.166988000840528
1326.5 0.8216684141865647
1327.0 1.0212793789850967
1327.5 0.8610549047097411
1328.0 1.2672349254673865
1328.5 0.9155308809343677
1329.0 1.5239214462283632
1329.5 0.917716709552955
1330.0 1.1901742471244288
1330.5 1.2112152107569751
1331.0 0.5580288163143958
1331.5 1.0506584804815033
1332.0 0.5720798050485816
1332.5 1.7056029388898934
1333.0 0.6582396153710901
1333.5 1.1377031491856855
1334.0 1.1760087798557055
1334.5 1.2748162556800169
1335.0 0.683226091793102
1335.5 1.4450133045963975
1336.0 0.9685385325049816
1336.5 1.2351416798437502
1337.0 1.9313657422747306
1337.5 0.2
1338.0 2.13209352843701
1338.5 0.9327706554226356
1339.0 0.6887653479037774
1339.5 1.0251106281392168
1340.0 1.0591253357935968
1340.5 0.9204386884441181
1341.0 1.1728973811261452
1341.5 1.0789974356765317
1342.0 0.7214556485288341
1342.5 1.5826789536876538
1343.0 1.0762404698192136
1343.5 1.170495140820014
1344.0 1.1558992567861135
1344.5 1.275893053151129
1345.0 1.1210464472382016
1345.5 1.637618293040811
1346.0 2.1176264397292472
1346.5 1.5603814630546649
1347.0 0.9930814125824021
1347.5 1.1799459528128833
1348.0 0.7468152123936405
1348.5 0.6698527104103835
1349.0 1.4520525310990793
1349.5 2.914981674510933
1350.0 1.0287709765866042
1350.5 2.0476496037531797
1351.0 0.7027534930011499
1351.5 1.1192117189437845
1352.0 1.1269317935552672
1352.5 1.4692356411225107
1353.0 2.1791875409167982
1353.5 0.7788211868401318
1354.0 1.5147202295018822
1354.5 1.064353079649202
1355.0 0.706775475575282
1355.5 0.87641159964543
1356.0 1.003827494375101
1356.5 1.298606077200644
1357.0 0.702562667129617
1357.5 1.476913410832576
1358.0 1.9029866848857047
1358.5 1.454338184389915
1359.0 0.9858300837533159
1359.5 1.0534537366903
1360.0 1.1520659134648112
1360.5 1.0555953498604849
1361.0 0.37736682722586923
1361.5 1.2469965295354037
1362.0 1.1097145454362574
1362.5 1.7957768473437254
1363.0 1.0696959048466819
1363.5 1.2004689576100849
1364.0 1.2606549716889237
1364.5 2.1059763810807417
1365.0 1.0502139970671325
1365.5 1.834369195590368
1366.0 1.1192099022302155
1366.5 0.7572141146109446
1367.0 1.2488181176658024
1367.5 1.833602236757157
1368.0 0.6437564726043989
1368.5 1.5218630473044241
1369.0 1.2554547184047817
1369.5 1.3209416103011395
1370.0 0.8597485533919899
1370.5 1.898942685059147
1371.0 1.0007115420673922
1371.5 1.2052823303435338
1372.0 1.670509145161137
1372.5 0.6185743481020257
1373.0 0.768793613686213
1373.5 1.5727648086521353
1374.0 1.3756787608076335
1374.5 1.0807821988651631
1375.0 1.359930870474697
1375.5 1.077739016722183
1376.0 0.781034475157535
1376.5 0.9493490875051597
1377.0 1.1894936781040584
1377.5 1.3941554204434954
1378.0 1.1346755918042566
1378.5 0.741135620176177
1379.0 1.1317163204039753
1379.5 1.1776091154608763
1380.0 0.9719642693768258
1380.5 2.992555939932221
1381.0 0.6358707884020338
1381.5 1.4129993041294449
1382.0 1.2907297278046759
1382.5 0.707464176633675
1383.0 1.0290922625769219
1383.5 0.7852736606117519
1384.0 0.6192715179954009
1384.5 1.5077557753874213
1385.0 1.5573512712658548
1385.5 1.2912067619813963
1386.0 1.1876507895388029
1386.5 0.944157741214965
1387.0 0.8535301738307338
1387.5 1.495512949233503
1388.0 1.527610450015629
1388.5 1.9121643093038112
1389.0 1.8880660668500915
1389.5 1.3881883871090397
1390.0 0.482361755738383
1390.5 0.9346377955197887
1391.0 0.7380304684457779
1391.5 0.6661001121977927
1392.0 0.9286477541606726
1392.5 0.6018656417393402
1393.0 1.699915012301339
1393.5 2.3403023445150994
1394.0 2.023305883822725
1394.5 1.943729274959393
1395.0 0.7046101133121614
1395.5 1.7952395739137454
1396.0 0.9120193906808763
1396.5 0.8469522705330481
1397.0 1.8144535565121211
1397.5 1.9653382571015494
1398.0 1.4631072240721448
1398.5 1.4681507386674648
1399.0 1.5360685212845442
1399.5 1.1063050069688913
1400.0 1.3950309455011154
1400.5 1.0357251511414531
1401.0 1.2718184799028336
1401.5 0.9604605568713299
1402.0 1.6707031257645009
1402.5 1.1834769093320114
1403.0 0.5690954791802004
1403.5 0.9262260264578377
1404.0 0.7240005339434881
1404.5 2.6578749648585767
1405.0 1.2303257862296209
1405.5 0.6975121234814801
1406.0 1.8990322213403819
1406.5 2.1297295804169925
1407.0 1.111932957595145
1407.5 1.0097088138499062
1408.0 1.1525394965773592
1408.5 1.0717161474982841
1409.0 0.8580431361701595
1409.5 0.9696165219748825
1410.0 1.1640633339916076
1410.5 1.5894284542818786
1411.0 1.4312190874452662
1411.5 1.0878417075619922
1412.0 1.4708906918125233
1412.5 2.6716391701875892
1413.0 0.6649069594234431
1413.5 1.2009814889719286
1414.0 0.8098367935640665
1414.5 1.3124275906265144
1415.0 1.282622037536283
1415.5 1.2044135618461964
1416.0 1.115615693093729
1416.5 0.8957075006335017
1417.0 1.3072337185156115
1417.5 2.3918104185312306
1418.0 1.9527043184726818
1418.5 1.3979543750595707
1419.0 1.3155322369516038
1419.5 2.121878200619206
1420.0 1.0543689665358027
1420.5 0.926685317547062
1421.0 1.012098763067967
1421.5 1.7784386176204858
1422.0 1.1470231176773764
1422.5 2.048223594386511
1423.0 0.8547229990190693
1423.5 1.7107578493220343
1424.0 1.1254161510922214
1424.5 1.7155530408332886
1425.0 0.9314967862135588
1425.5 1.105442017003229
1426.0 2.038623435353823
1426.5 0.788343622296184
1427.0 1.4102921265920938
1427.5 1.4003586536294663
1428.0 1.4886603698954686
1428.5 0.6868914010607928
1429.0 1.5010873744953928
1429.5 0.756184732729783
1430.0 0.8425840649843507
1430.5 2.046259696058498
1431.0 1.3088788873981754
1431.5 1.5739583482202
1432.0 0.781651782704323
1432.5 0.90872104737414
1433.0 0.3183220093081707
1433.5 0.5692632630141965
1434.0 1.094780582977977
1434.5 0.9914486837231848
1435.0 0.685461086355355
1435.5 1.384994922769022
1436.0 1.0959453762539408
1436.5 1.0761890111816361
1437.0 1.686139168653348
1437.5 0.9797778937767179
1438.0 1.298084719078774
1438.5 1.2440581111108888
1439.0 1.1538976743955978
1439.5 1.0407202221567302
