0.5	2.4271397596953928	134.485
1.0	0.30295269876962616	22.992
1.5	0.2656421037694813	39.241
2.0	0.7074431561711059	34.138
2.5	0.3116945775016221	20.267
3.0	0.6705864871669962	69.095
3.5	0.3031944073892422	40.442
4.0	0.33759851396897045	100.762
4.5	0.6892935436613808	40.915
5.0	0.38607084761376903	40.264
5.5	0.37097855020832987	211.824
6.0	2.4282278000210598	100.866
6.5	1.0780226920274492	41.251
7.0	0.3533752596760897	23.026
7.5	0.7090791358217766	60.98
8.0	0.586431126581158	131.013
8.5	0.39129861238820673	161.119
9.0	0.5732267577551535	484.483
9.5	0.34239946317320885	525.027
10.0	0.4537681763199854	1011.1
10.5	1.2686490462942488	104.716
11.0	0.8371687799873129	20.485
11.5	0.5144770266157627	181.713
12.0	0.7143320560924784	45.641
12.5	0.9039137985414561	35.321
13.0	0.5042359519011766	57.565
13.5	0.4324410991121742	110.773
14.0	0.8389289022405831	75.443
14.5	0.40455936703374695	100.552
15.0	0.7282177049722968	106.199
15.5	2.4317256330220265	79.298
16.0	0.6867585727700476	100.737
16.5	0.9161286379143212	80.805
17.0	0.8276459007957782	27.628
17.5	0.4697252165552622	254.528
18.0	0.7710006013067695	70.946
18.5	0.8349210632845901	106.866
19.0	0.5514302902770116	240.93
19.5	0.514407610595179	110.645
20.0	0.8151929139730468	30.475
20.5	1.8758142870370242	50.479
21.0	0.740145365704002	18.651
21.5	0.47118874976370195	161.253
22.0	0.5801227719970882	114.825
22.5	0.4083353472936821	38.355
23.0	0.5786324834471026	120.871
23.5	0.41192361771582814	68.054
24.0	0.8541100367322244	116.623
24.5	0.44345138039183557	58.997
25.0	0.3755423026444298	70.721
25.5	0.4285954540671683	112.139
26.0	1.38571886482176	120.817
26.5	0.39143186923088186	39.591
27.0	0.6120270236949134	23.823
27.5	0.6892505704845517	50.536
28.0	0.5964696882939465	96.191
28.5	0.5238770754236215	261.902
29.0	0.6104585452375761	706.157
29.5	0.4327837497882766	53.897
30.0	0.3768413948972598	51.919
30.5	0.663166644317937	41.873
31.0	1.7748920351477633	80.658
31.5	0.46761674225015354	120.917
32.0	0.4516398532715435	120.765
32.5	0.7352076335233874	40.548
33.0	0.3692356178337475	32.726
33.5	0.31721090122635315	26.483
34.0	0.5385962966285665	69.991
34.5	0.7026757887079079	100.9
35.0	0.6999052292445345	635.179
35.5	0.6116258975896934	568.146
36.0	0.5718435616246639	173.599
36.5	1.1419304682179725	573.894
37.0	0.5306723631972405	80.62
37.5	0.4966139144086544	70.545
38.0	0.7066697922997207	151.212
38.5	0.4889154095031565	58.971
39.0	0.24303002809033353	70.478
39.5	0.7548491168760658	60.206
40.0	0.3273781854111565	161.136
40.5	0.6843791538226753	665.3
41.0	0.4334095848405675	518.546
41.5	0.5410713666018981	636.165
42.0	2.034176583754171	100.288
42.5	0.6533378054593639	47.038
43.0	0.5896910760981565	64.863
43.5	0.658536181660436	24.548
44.0	0.6106224416638688	42.422
44.5	0.6765934040057466	42.968
45.0	0.6564018176592058	82.106
45.5	1.071622385010715	50.501
46.0	0.5360968647325957	67.28
46.5	0.4346839576769603	50.394
47.0	0.6020137595634755	139.839
47.5	0.46422808163491863	61.783
48.0	0.4374550695051763	101.55
48.5	0.8265554245178158	161.557
49.0	0.42675986948046196	141.011
49.5	0.4236886009217391	42.032
50.0	0.7609688130638873	20.093
50.5	4.689383859582602	42.086
51.0	0.33224985566967874	40.44
51.5	0.592954725046031	36.711
52.0	0.6873157251802223	231.861
52.5	0.6156895027257612	736.006
53.0	0.4243138426367099	70.696
53.5	0.8495999354230734	138.863
54.0	0.30318732608973475	140.977
54.5	0.3474979064207821	131.026
55.0	1.1310025079910413	110.794
55.5	0.26901235875900514	241.766
56.0	0.5616182356901429	27.155
56.5	0.5430355205537271	140.97
57.0	0.4176343327087792	150.951
57.5	0.38338030450288196	90.662
58.0	0.7662867497908503	57.606
58.5	0.5656282587469086	130.907
59.0	0.6633902096889321	15.445
59.5	0.8866716173498301	40.635
60.0	0.13844926420099699	16.846
60.5	3.02692408294874	50.22
61.0	2.1317660468149042	71.0
61.5	2.373364605054347	100.681
62.0	1.2271848742981137	50.434
62.5	1.801199691123985	50.434
63.0	0.16418779956956164	18.108
63.5	10.503991149105353	50.345
64.0	1.863337929775014	100.551
64.5	1.886765289603263	50.541
65.0	2.1746575933433094	17.377
65.5	2.0406425990856882	17.761
66.0	2.306383155300124	70.383
66.5	2.0918507548659138	30.17
67.0	1.457202632760656	50.316
67.5	2.3312582637217045	16.926
68.0	0.1345259816208444	18.404
68.5	12.043594979425363	68.149
69.0	1.8649607116196796	18.684
69.5	1.4054076756967357	130.876
70.0	2.171119699918675	100.839
70.5	2.1228578484180916	20.199
71.0	2.244473071495324	50.232
71.5	2.044373104365134	18.575
72.0	2.0100908940108178	50.264
72.5	1.86530192998579	100.72
73.0	1.767688496704259	69.324
73.5	1.824669340261134	38.55
74.0	1.6866387786835502	57.713
74.5	2.230862233163934	80.389
75.0	2.349802178540719	70.633
75.5	1.5605260561733014	110.652
76.0	2.045851428432545	61.616
76.5	2.2624835884103387	17.571
77.0	1.807746296592474	30.172
77.5	1.582720812216132	40.268
78.0	2.097458500372884	47.258
78.5	0.15628382617349806	16.877
79.0	4.675123775284349	100.772
79.5	0.8137921235136724	100.545
80.0	1.458174059514755	50.614
80.5	2.2034117795073938	30.231
81.0	2.0409407550696734	50.55
81.5	1.761859586751695	71.424
82.0	1.757168030504378	20.179
82.5	2.6628031514214654	58.05
83.0	1.3281180078931465	65.151
83.5	2.2484795008876217	56.198
84.0	1.4778219784481428	70.583
84.5	1.4638325426153715	101.119
85.0	1.5134084540632182	18.342
85.5	1.5328986784671788	100.593
86.0	1.7434434220483697	50.381
86.5	1.839256442657601	50.304
87.0	1.4411294428607941	80.638
87.5	1.8648584785839368	19.072
88.0	2.1007828335544394	40.357
88.5	0.8967301942687055	150.708
89.0	2.1628858977256122	20.149
89.5	1.4056958706445575	46.427
90.0	1.8473066444757957	141.489
90.5	2.59516056403872	102.708
91.0	1.4662198738274628	90.51
91.5	1.6075050065502205	100.621
92.0	1.3210070031903858	30.2
92.5	1.6969965845727857	60.365
93.0	2.0959944894311997	80.766
93.5	2.485472429265551	60.504
94.0	1.7351329127418573	55.117
94.5	1.5876950689824267	16.497
95.0	1.750182748265751	50.419
95.5	1.964200092411915	60.529
96.0	1.3491448877358754	150.2
96.5	2.3130774162673875	101.352
97.0	2.8048638039771774	191.8
97.5	2.2666156038119087	121.068
98.0	0.17229761170640742	139700411212.4
98.5	0.13587433147854916	13.246
99.0	0.23683869895675974	5039.837
99.5	0.23120499707490144	4970.264
100.0	0.18875750846127046	4975.546
100.5	0.43688467662943675	9593.944
101.0	0.17119543176162005	9593.944
101.5	3.92371647121175	45.857
102.0	1.1138470743266669	120.837
102.5	0.5693414552614263	11.475
103.0	0.6676439758078071	111.132
103.5	0.4533579707399346	110.836
104.0	0.4538950421926869	35.691
104.5	0.680629294815488	131.158
105.0	2.559469049358591	307.35
105.5	0.9309433745751504	892.998
106.0	0.5038359211448473	1729.216
106.5	14.04197209541846	20.151
107.0	4.983267405673485	130.977
107.5	0.3758048702032528	78.884
108.0	0.7457524292788557	393.694
108.5	0.536779107271503	907.759
109.0	0.5726633415389696	63.398
109.5	0.4625502837678315	494.051
110.0	0.42059384764023433	141.916
110.5	0.7016033007458723	136.262
111.0	0.4560120901640091	514.581
111.5	0.7443699143916337	33.973
112.0	0.31405193256676817	37.035
112.5	1.2632446122308953	535.281
113.0	0.8534530612267113	374.185
113.5	1.3440128272524121	233.618
114.0	0.4827092612660185	496.046
114.5	0.32066511941954645	1130.318
115.0	1.126685114860003	150.85
115.5	0.4480836490794866	100.722
116.0	0.36763959417059244	20.37
116.5	12.13586934469822	48.913
117.0	5.3426703540657705	93.201
117.5	0.3403867578450683	1492.048
118.0	2.875917260333596	100.702
118.5	1.0709024420831625	1491.94
119.0	0.329387640207843	106.656
119.5	0.43636491495749435	960.284
120.0	0.47283890090107705	60.787
120.5	1.6236773777252662	802.831
121.0	0.8556194051601262	70.668
121.5	3.3373041745984926	372.04
122.0	0.4107631569113933	109.338
122.5	1.033117366144613	40.508
123.0	0.44957157497826106	51.707
123.5	0.6027314451814494	110.724
124.0	0.5818724281228049	137.301
124.5	0.5180978869081172	70.629
125.0	0.6057943644383047	110.738
125.5	0.6207994924667444	110.517
126.0	0.5905641584665225	157.17
126.5	0.6022329338925719	50.477
127.0	0.8331292424064612	444.777
127.5	0.5342342973105098	23.974
128.0	0.5176784412959109	387.365
128.5	0.6837556509262515	14.765
129.0	0.45013331006110396	100.703
129.5	0.7703364047215631	544.557
130.0	0.696335709230052	141.006
130.5	0.8858767999637722	35.157
131.0	0.6798108900665045	80.531
131.5	0.8978664580312963	35.492
132.0	0.13561933289115002	24.7
132.5	0.05136461487335954	1005.133
133.0	7.908754074412947	148.392
133.5	0.5147875977756959	4341.754
134.0	1.0379215636131514	70.663
134.5	5.079866726587104	60.231
135.0	0.8469641249040634	17.081
135.5	0.9534029016054744	103.118
136.0	0.680595420948581	26.106
136.5	0.7578340449662876	151.396
137.0	0.729688933313928	106.247
137.5	0.6965464573865547	383.132
138.0	0.6515695960209306	383.633
138.5	0.5060384452045987	696.012
139.0	0.8305867079515972	373.573
139.5	0.3189950976256902	1179.824
140.0	0.5535605028177806	20.217
140.5	0.05338957313044138	1356.646
141.0	0.7222125865229578	475.014
141.5	0.022424656051523113	2015.49
142.0	0.5242735044695213	323.225
142.5	0.538235038561686	565.389
143.0	0.07924015394722032	2550.029
143.5	0.07784115171021902	3092.619
144.0	0.6473736036596344	100.755
144.5	0.2895090582428669	3749.369
145.0	0.5265312591145945	50.36
145.5	0.013103858328964565	3802.26
146.0	0.8400274225907094	50.229
146.5	0.5445000451007257	70.569
147.0	0.5863327977355642	20.203
147.5	1.0665867969312195	272.519
148.0	0.8218782636320082	282.66
148.5	0.5717996679774644	17.109
149.0	0.16862537659439028	6833.011
149.5	0.5673500941320139	262.915
150.0	0.15057956435757047	6833.011
150.5	0.8117567680921145	524.598
151.0	0.16308198796471196	7473.593
151.5	0.1682694732075231	8133.342
152.0	1.0952191375236597	20.822
152.5	0.40904411034183613	40.435
153.0	0.7990876774318652	70.513
153.5	0.4246774156561541	90.544
154.0	0.5232750230861124	30.263
154.5	0.33993468345211153	100.033
155.0	0.19332770602265237	13380.494
155.5	0.03509404738807507	13558.219
156.0	0.7810651390745238	44.876
156.5	0.5327673238930645	21.451
157.0	0.6300003320420328	56.148
157.5	0.4982777695522912	76.698
158.0	0.22023242317992603	3708.311
158.5	0.035594848227018985	4866.989
159.0	0.13951963403909984	4866.989
159.5	0.13654645529721546	961.581
160.0	0.8621501504948182	547.156
160.5	1.6548590933936225	305.897
161.0	0.6050891407171999	130.861
161.5	0.548666326389141	110.795
162.0	0.6072845209495201	20.164
162.5	0.4540762877540808	131.145
163.0	0.5896972706759736	30.414
163.5	0.6519032589457863	130.851
164.0	0.4055594817019984	83.679
164.5	0.5240168176082187	286.856
165.0	1.407038600129381	19.287
165.5	0.7136258365852902	18.411
166.0	0.46356942546096136	130.948
166.5	0.30640282114369644	98.78
167.0	0.6443280840640949	47.952
167.5	0.30679438225688727	38.456
168.0	0.3724000264774009	56.382
168.5	0.6285523969074871	151.712
169.0	0.5988346515453233	21.214
169.5	0.4826884872149019	18.895
170.0	2.562183206959217	35.754
170.5	0.2706646820199274	20.419
171.0	0.7330245705486507	30.367
171.5	0.5986953689137072	80.647
172.0	0.5204004189628137	49.188
172.5	0.503827177587191	132.648
173.0	0.5108277304508582	60.583
173.5	0.5835040237780814	44.84
174.0	0.5164608285320358	99.928
174.5	0.5049284456184298	90.958
175.0	0.6108423036053703	120.839
175.5	0.5174767212932941	68.655
176.0	0.6335016030957945	16.091
176.5	0.5337879034568342	100.758
177.0	0.37729102529732556	110.845
177.5	0.33586488766684536	39.392
178.0	0.4624342655682308	51.954
178.5	0.46025362676856185	60.355
179.0	0.3430083739743893	14.501
179.5	0.42975418018960526	18.421
180.0	0.3787366245722576	131.129
180.5	0.45084388011361226	131.111
181.0	0.35618394743620274	60.383
181.5	0.3789116787178305	38.18
182.0	0.38150319504439073	39.467
182.5	0.36786156840194245	30.918
183.0	0.34164107697158663	11.478
183.5	0.3350252457858136	38.743
184.0	0.3974821103529177	12.641
184.5	0.3302069361288076	16.707
185.0	0.5533129315371393	21.923
185.5	0.5153347373060676	156.937
186.0	0.5966565654120349	50.385
186.5	0.46642509769493096	50.405
187.0	0.472644144189319	261.148
187.5	0.5354243809223586	51.062
188.0	0.3755676402911393	149.541
188.5	0.3993664005907728	90.61
189.0	0.4524283920610022	21.242
189.5	0.4578878505575168	19.449
190.0	0.6671608910710106	50.384
190.5	0.8292509571228676	50.406
191.0	0.5147027090013797	41.512
191.5	0.3400683010908128	74.645
192.0	0.5543549247889215	80.476
192.5	0.5550952175040428	20.285
193.0	0.4632695922574139	139.68
193.5	0.5116638493210214	151.144
194.0	0.4856567161191166	100.564
194.5	0.3968909926852081	100.573
195.0	0.3497330312394276	24.288
195.5	0.43150097610552235	100.662
196.0	0.34381992901196773	140.279
196.5	0.4297526284518902	23.758
197.0	0.4585365483305614	130.919
197.5	0.49270858514684596	98.471
198.0	0.4305640659658234	32.357
198.5	0.34118980020539835	37.664
199.0	0.5407807648934071	100.776
199.5	0.6839797886129655	19.193
200.0	0.5437224867852453	21.758
200.5	0.5727291199926279	103.503
201.0	0.5701454307733133	130.627
201.5	0.44824084990390584	120.856
202.0	0.6649509742908555	30.647
202.5	0.5319034567584486	37.674
203.0	0.6548079917530858	110.984
203.5	0.49430644588260614	41.508
204.0	0.5630825553504744	110.649
204.5	0.5045751017121894	16.96
205.0	0.4884427151673832	45.907
205.5	0.42599090613099566	120.788
206.0	0.45573753865735384	11.236
206.5	0.38810421516739646	130.863
207.0	0.6960074338328753	10.929
207.5	0.549438422892621	109.873
208.0	0.5636679919075381	70.503
208.5	0.4489413001204677	10.647
209.0	0.46717522841851195	60.206
209.5	0.5235490967691445	121.169
210.0	0.5950732485367478	50.324
210.5	1.2171802575665012	52.363
211.0	0.5721747994327815	113.828
211.5	0.649490635024937	22.337
212.0	0.7971921340751988	32.647
212.5	0.6770757474652311	302.547
213.0	0.5432197168309978	80.783
213.5	0.5115261136983206	100.726
214.0	2.1243300183013494	18.556
214.5	2.066171250109915	100.869
215.0	0.28538740072090646	135.468
215.5	0.34386888744398103	27.488
216.0	0.6351710706904002	90.566
216.5	0.6239548976938328	90.568
217.0	0.45345048006806016	80.568
217.5	0.6066881922548816	80.556
218.0	0.45573731824821145	29.824
218.5	0.5286101562978032	119.757
219.0	0.5721997236578917	22.122
219.5	0.5266872664471555	139.441
220.0	0.45330119850759654	11.683
220.5	0.5096652348255818	120.714
221.0	0.45663122729948236	10.487
221.5	0.16688750005346276	20.253
222.0	8.053633301868892	33.614
222.5	1.8057513578900466	19.792
223.0	1.9784607678713542	100.769
223.5	1.7980975014290002	100.898
224.0	1.5318955361902171	20.903
224.5	1.8138397065137635	111.932
225.0	2.0851759574313546	30.535
225.5	1.7077243211814717	79.802
226.0	1.9342681320383255	25.671
226.5	2.0306037899340854	20.134
227.0	1.9155284759683058	20.286
227.5	1.6656697127868523	38.757
228.0	1.5499517951633162	85.108
228.5	2.285429210123345	13.366
229.0	0.1781043612623631	100.14
229.5	1.2680364738792431	34.67
230.0	1.0205051059175412	20.092
230.5	0.7863738877377616	20.195
231.0	0.7448798611125702	20.159
231.5	0.8023648892197417	59.565
232.0	0.5732184559547079	80.591
232.5	0.16234867620823226	15.364
233.0	0.16635507881599554	9.225
233.5	2.9158918311491693	50.267
234.0	0.8849966305678225	10.147
234.5	0.17439016631036888	15.189
235.0	3.8578633713732193	30.177
235.5	0.7673911505501709	75.353
236.0	0.6557831998502741	98.419
236.5	1.1235759672763421	70.475
237.0	1.0617203193493043	89.1
237.5	0.905779566136374	101.382
238.0	1.1790607523531527	75.424
238.5	0.6704983103035322	100.635
239.0	0.7388375466798675	30.207
239.5	0.9152499872525964	56.956
240.0	0.6471178098018308	100.685
240.5	1.1695252300564034	90.864
241.0	0.6381907851682528	15.336
241.5	0.8765225139508759	60.588
242.0	0.8280021778859565	105.619
242.5	0.8427565808097659	40.353
243.0	0.6474983485725542	110.765
243.5	0.7389295526672269	66.085
244.0	1.2122327844494567	60.353
244.5	1.1636062943285645	201.678
245.0	0.5141317128765779	142.426
245.5	0.3561616443201308	80.602
246.0	0.5191351599818308	113.879
246.5	0.47584970012436656	33.864
247.0	0.3526060016500243	38.257
247.5	0.511870091515272	54.134
248.0	0.5189638447245714	130.813
248.5	0.5059115499729495	106.039
249.0	0.16055489917225907	14.988
249.5	1.6363674567817965	50.522
250.0	3.313014041216643	101.062
250.5	1.9045656620719584	211.969
251.0	2.611390461150534	90.547
251.5	2.717658205417092	161.362
252.0	1.8934679484941295	106.411
252.5	0.12340397275133573	14.808
253.0	5.457322731020712	50.408
253.5	1.9785724090835695	50.481
254.0	2.3548640311395643	120.827
254.5	1.8896880341858182	13.631
255.0	1.8724337752785853	13.938
255.5	1.7761715429523874	70.455
256.0	1.1529584645668693	60.507
256.5	2.318731258727284	40.125
257.0	2.0972457395475255	60.374
257.5	1.3253631016916163	60.372
258.0	1.6660930790235189	33.56
258.5	1.8996214167250232	50.445
259.0	1.6867118460108101	104.702
259.5	1.2402069401343256	64.308
260.0	1.9234778966823123	15.326
260.5	1.931832335402798	74.073
261.0	2.713151584841438	15.568
261.5	1.8704448199368218	20.175
262.0	1.5664702009214355	186.882
262.5	1.5564228890084402	95.614
263.0	1.7462950977369887	141.013
263.5	1.5865057563410156	80.621
264.0	2.5581002693878987	20.178
264.5	2.0412689165560276	90.792
265.0	1.96674115006435	96.361
265.5	1.1902144861460404	94.707
266.0	1.3824820508739006	141.059
266.5	1.4918245730673265	40.327
267.0	1.5719185085776057	130.818
267.5	1.087570787940696	34.707
268.0	1.9583746659848174	70.417
268.5	1.9111347053616268	92.923
269.0	1.7951294980052357	80.845
269.5	1.9109381407703043	80.369
270.0	1.8602214016720982	80.594
270.5	1.5083934873031768	80.574
271.0	1.3709896278248972	60.386
271.5	1.8105234473166587	232.475
272.0	1.3030746162842242	25.965
272.5	0.1631504172678516	25.965
273.0	3.024865541649949	80.55
273.5	1.7773942202485506	71.082
274.0	1.5625033864611175	587.222
274.5	0.14765132384444413	587.222
275.0	4.122085319511063	17.875
275.5	1.4232333447029737	13.059
276.0	1.8556773617087428	20.203
276.5	1.5082296172218725	70.565
277.0	1.9514578372886473	40.369
277.5	1.6362152277966275	120.949
278.0	1.8376406837048516	13.47
278.5	1.8726209439915755	54.037
279.0	1.849012637119992	70.642
279.5	1.578810118743085	70.374
280.0	2.2659973720150246	40.274
280.5	1.8179766862189815	80.669
281.0	2.1477176171388663	13.935
281.5	1.2576859883522755	80.937
282.0	2.1927071464320855	121.202
282.5	1.7747881621890076	111.194
283.0	1.809628961587908	80.572
283.5	1.5174887802285326	90.476
284.0	0.13590495387160798	24.853
284.5	4.128313888153066	100.547
285.0	2.670104752785891	50.613
285.5	1.8891541895465642	211.938
286.0	1.4594154743528844	211.844
286.5	1.9259622359384112	33.408
287.0	2.2341812059489365	131.036
287.5	1.6781859051966839	20.015
288.0	2.3464508600321947	102.648
288.5	1.9651567708614295	40.292
289.0	2.0270049544840703	113.474
289.5	1.4149002775793749	120.818
290.0	1.4331409751369426	444.711
290.5	0.1288460580403725	444.711
291.0	5.320743439264271	41.968
291.5	1.4430262561887162	131.408
292.0	2.258101838286525	20.191
292.5	1.7708487070066157	90.674
293.0	1.6692213315341196	445.262
293.5	1.9791602261715961	86.175
294.0	2.071826911290455	17.774
294.5	1.8120556341116032	150.658
295.0	1.2151003419347408	51.61
295.5	1.5967724013591402	120.79
296.0	2.306455945913123	98.773
296.5	1.5278840612789748	30.111
297.0	1.491548074627761	92.35
297.5	1.6593850954086928	18.492
298.0	1.984814841576992	70.4
298.5	1.8825650604518396	60.814
299.0	1.2528470736157717	91.477
299.5	1.9583360826561975	36.024
300.0	1.761983205876866	51.24
300.5	1.5250367869919275	39.813
301.0	1.3917984369236367	15.017
301.5	2.149616867346485	16.237
302.0	1.8969934379061417	80.479
302.5	2.5591962962478654	46.002
303.0	1.1719396032918847	104.534
303.5	1.6648173577627297	435.061
304.0	2.7173794845860813	21.847
304.5	2.7788235013559253	113.294
305.0	1.7529595936273656	30.098
305.5	1.8507449964355631	30.23
306.0	2.2407983624574936	65.828
306.5	1.8652109587138	97.562
307.0	2.1054851706233615	30.282
307.5	1.9726029130733407	49.259
308.0	1.884464193684735	30.137
308.5	1.4937667299601691	444.937
309.0	0.16608528672305997	444.937
309.5	2.0796006510441547	30.232
310.0	1.8730171532185411	93.424
310.5	1.9737586049907074	19.15
311.0	1.8775147146368147	84.753
311.5	1.589241271412436	455.703
312.0	0.5674628185087294	1167.149
312.5	0.6639218321677925	1719.125
313.0	3.741036523119349	68.182
313.5	1.5390582956983643	36.2
314.0	1.2128198801047327	44.549
314.5	2.403261508191213	71.013
315.0	2.086016526478605	73.992
315.5	1.8740938546720967	20.246
316.0	1.3692466994400683	42.691
316.5	1.8757712107626183	72.523
317.0	1.4860470580249403	17.757
317.5	2.0081075722399584	129.907
318.0	1.3814574397699284	323.096
318.5	0.5847986180740825	444.803
319.0	1.007980446214034	309.853
319.5	3.697277178262875	36.298
320.0	1.660111004222892	85.294
320.5	1.4577214092143969	425.138
321.0	2.7795219495021213	53.137
321.5	1.1326892459791764	70.941
322.0	1.951584350628386	45.41
322.5	1.6234482352857806	120.855
323.0	1.5388382424602185	60.579
323.5	2.2917023771565543	30.213
324.0	2.361223069562275	40.413
324.5	2.24098602307405	60.636
325.0	1.9828013084120915	44.247
325.5	1.6154941775433007	120.815
326.0	2.1441875322859514	130.816
326.5	2.1364070148274097	28.886
327.0	1.799350576210096	90.918
327.5	1.9368335098580163	60.114
328.0	2.518116876923911	70.311
328.5	1.9749828302020058	485.008
329.0	0.1219350720582205	485.008
329.5	4.877102050865387	64.789
330.0	1.385454334951603	100.674
330.5	2.1682799768391794	150.437
331.0	2.414694374208196	15.457
331.5	2.0095567142858726	100.55
332.0	2.2903193681859766	70.461
332.5	2.785666672846877	71.263
333.0	1.478498698050154	100.454
333.5	2.0639598384140627	33.281
334.0	1.693314756679102	90.474
334.5	2.427087154000584	68.639
335.0	1.669268971391367	85.13
335.5	2.0080628125426543	110.648
336.0	2.2935493363312536	40.196
336.5	1.5755210116310951	90.52
337.0	1.7026470940756153	27.984
337.5	2.0682858605090058	50.288
338.0	2.608840264327713	70.525
338.5	2.3504253805536734	130.986
339.0	1.6995738989329214	16.267
339.5	1.969007110719517	50.378
340.0	1.821361473752901	30.216
340.5	1.6167861984901686	30.182
341.0	1.68612205459397	90.524
341.5	1.9274208050332944	70.481
342.0	2.473836089797336	60.037
342.5	1.6418814531751722	30.263
343.0	1.4592128831514992	65.414
343.5	2.5361080219959886	111.991
344.0	1.4430927332386267	60.596
344.5	2.0849223968718102	40.201
345.0	1.3496980019412343	54.47
345.5	2.2603523076311838	30.265
346.0	2.2619623370930984	39.614
346.5	1.6839383455151622	40.325
347.0	1.7410121012844086	50.463
347.5	1.9949895071762396	60.491
348.0	1.742897377678139	41.368
348.5	1.5353507873555836	30.262
349.0	1.9515034445121873	67.481
349.5	2.270029574241458	38.113
350.0	2.200347505152753	50.307
350.5	2.4414926502250376	44.296
351.0	2.5770009219122927	70.408
351.5	2.508830033424342	124.349
352.0	2.2172204523962002	70.49
352.5	2.436461014448178	42.85
353.0	1.8710526468648494	21.037
353.5	1.6969546343883235	102.783
354.0	1.7538683178187675	46.538
354.5	1.7632972193025567	60.415
355.0	1.7619184296268264	94.965
355.5	2.4847419437973346	131.448
356.0	2.0111184431449645	59.407
356.5	1.4327735808353534	90.558
357.0	2.099506708284546	55.674
357.5	2.3578202688060435	80.503
358.0	1.842105779134502	110.844
358.5	1.6970276676099094	110.691
359.0	1.9296797232330969	80.54
359.5	1.7811172342677444	70.568
360.0	2.8180725891781986	100.5
360.5	1.0321829090673236	50.408
361.0	1.4572064493322818	50.632
361.5	1.9444365030178519	70.354
362.0	1.883970549535361	80.605
362.5	1.1994232232592041	50.345
363.0	2.2333111324167714	30.166
363.5	2.123447129840331	92.176
364.0	1.8324662882807272	102.235
364.5	1.1362481277013183	70.551
365.0	2.345685436699104	43.948
365.5	1.9293481881059094	70.517
366.0	2.2169044200484893	36.048
366.5	2.2162423085592082	60.985
367.0	1.9812378961201296	40.267
367.5	1.642344892177741	70.476
368.0	1.129794433256641	444.97
368.5	1.60161985586946	34.453
369.0	1.7155412011210387	17.334
369.5	2.650337129100494	90.581
370.0	2.6410851465851946	191.685
370.5	3.03029834016545	131.363
371.0	1.8150271876024928	20.18
371.5	1.625086652444023	60.36
372.0	2.182974270904217	90.528
372.5	2.9486923798130933	100.875
373.0	1.6317294822595083	49.867
373.5	2.429814899378582	60.446
374.0	2.3243494420016506	30.266
374.5	1.5400870824970783	75.118
375.0	1.2126325222305885	344.761
375.5	0.48200576430481323	964.804
376.0	0.3504293846860338	1260.361
376.5	0.398125658408373	1411.075
377.0	2.145197429102441	48.434
377.5	1.880193811669851	60.28
378.0	1.6563826773715684	133.342
378.5	1.7691501142626234	74.249
379.0	1.5170825515015582	50.248
379.5	1.8318610570805784	100.571
380.0	2.0231052616996785	70.451
380.5	2.249208085674034	30.201
381.0	1.0859835491057677	100.708
381.5	1.7488943699475334	60.812
382.0	1.657695636390963	80.418
382.5	2.0278949859322513	42.132
383.0	1.9830426251859916	60.298
383.5	1.2533696311983786	90.55
384.0	1.3363734192112178	80.663
384.5	1.970551047848992	80.532
385.0	0.8758653266791117	100.673
385.5	1.4533360691702382	17.107
386.0	1.9821913133113302	30.172
386.5	2.406444978013347	123.417
387.0	1.2790524920631716	40.346
387.5	1.4727625114465424	38.92
388.0	2.222404968372502	30.248
388.5	2.2856175446759357	60.449
389.0	1.3964189349625376	90.583
389.5	2.1394789472315656	20.229
390.0	2.2209796137754134	88.365
390.5	2.0471591527282955	60.656
391.0	1.803315938106826	101.213
391.5	2.1131867830565403	187.844
392.0	2.873044643959436	90.428
392.5	1.8018271780905728	90.738
393.0	1.6439740291241964	90.72
393.5	2.561898338820171	109.375
394.0	1.6547126234752205	80.324
394.5	1.9686716315237591	90.65
395.0	2.0378434904158795	16.616
395.5	2.126885156876804	54.521
396.0	1.4457332722208704	90.649
396.5	1.9326370873790804	100.577
397.0	1.7309347512242654	106.919
397.5	1.5059534685922151	119.785
398.0	1.959637142393255	30.733
398.5	1.4790094690748312	90.659
399.0	2.1207957789806597	60.574
399.5	1.62925744056023	98.708
400.0	1.4475626142068156	81.462
400.5	2.353535616794406	100.872
401.0	1.2500074153685043	19.833
401.5	1.2841562318573496	70.95
402.0	1.6177431499151602	81.413
402.5	1.5125619466505642	130.776
403.0	2.1251725000675554	40.234
403.5	1.5111544769453706	70.59
404.0	1.8192660290580027	123.112
404.5	1.8929000884342064	66.264
405.0	2.1687304801129397	30.212
405.5	1.8114966294189185	83.074
406.0	1.1966216662907698	110.904
406.5	1.7853569155772884	18.787
407.0	1.7172379297917177	48.598
407.5	2.481316741266589	80.419
408.0	2.359077432621292	46.598
408.5	1.181217416866187	50.163
409.0	1.3086930076287642	30.136
409.5	2.1060468504400336	30.195
410.0	2.5873870308286806	75.724
410.5	1.2622060787207303	111.249
411.0	1.644066686268174	23.118
411.5	1.7773425104698086	80.484
412.0	1.6315667721863742	110.857
412.5	1.6989550575622527	23.643
413.0	2.264561977942784	30.066
413.5	1.377981551125518	141.372
414.0	1.7731783415001294	26.623
414.5	1.4828289355370492	130.853
415.0	2.3667709238767123	30.572
415.5	1.1440471867981055	60.443
416.0	1.5456047592126154	100.704
416.5	2.022345826036976	113.214
417.0	2.3586257580253043	70.553
417.5	1.8704654331054362	80.803
418.0	2.1570203323106405	111.788
418.5	1.2502643389896346	110.609
419.0	1.6573272270875299	130.856
419.5	2.5758521698560055	70.393
420.0	2.162147085857853	48.076
420.5	2.4973144129832687	89.168
421.0	1.792280204486828	80.55
421.5	1.8738026181189755	48.935
422.0	1.786085716976683	20.163
422.5	2.1583457943518662	50.401
423.0	1.6763099511487536	293.015
423.5	2.3012060195866253	77.223
424.0	1.4647745584721865	76.711
424.5	2.795679234739451	51.138
425.0	1.660175939558904	57.738
425.5	1.391611522715753	100.606
426.0	1.3327152047156183	76.823
426.5	1.947641401233621	110.706
427.0	1.5264466138758075	20.137
427.5	1.5879129925440367	201.828
428.0	1.1605662326876973	485.523
428.5	1.457926638771254	21.106
429.0	2.9962901710867795	30.012
429.5	1.2441269170268208	78.191
430.0	2.1487379514113445	30.212
430.5	1.944373133813483	50.323
431.0	2.0790409712754485	60.811
431.5	1.7589385728447213	130.92
432.0	2.4006752993178906	60.438
432.5	1.9703010938356689	80.411
433.0	1.2811661585985923	140.982
433.5	1.9869818534363832	60.382
434.0	1.8073021142864372	60.634
434.5	2.509869649617041	61.006
435.0	1.4013909612679598	44.893
435.5	2.226865404535696	70.519
436.0	2.242562522260628	57.738
436.5	2.0718112204616714	47.54
437.0	1.1587230621636702	151.21
437.5	1.7206183541010576	113.055
438.0	2.3580834489342153	45.381
438.5	2.0875555130378878	30.213
439.0	1.4282933878643138	108.755
439.5	1.8484644879505912	41.502
440.0	1.8976726118233909	50.381
440.5	1.8170132607918532	30.813
441.0	1.2023378704293477	90.404
441.5	1.8086038091421324	30.346
442.0	1.930602395256456	130.75
442.5	1.779464945419071	61.139
443.0	1.8331325867544697	30.26
443.5	1.7212719562223506	90.655
444.0	1.8438238928186304	100.596
444.5	1.70596970963408	40.268
445.0	2.448799555963535	111.026
445.5	1.7526872143067571	30.24
446.0	2.4529156450825704	40.375
446.5	1.3486366251300494	110.766
447.0	1.6145860699243495	46.122
447.5	2.0558460945631256	80.582
448.0	1.737367106738059	74.416
448.5	2.056126939967431	80.534
449.0	2.037095468323568	100.755
449.5	1.8865144868666952	57.28
450.0	1.7506761572430811	90.408
450.5	1.6089617401596776	56.493
451.0	1.7679339095452984	140.987
451.5	1.9031809017390031	110.847
452.0	2.350894702109054	80.56
452.5	1.5857298974654483	100.491
453.0	2.420726187649297	91.085
453.5	1.7929810803834505	60.376
454.0	3.0072762242291513	70.253
454.5	1.2850752224226525	90.673
455.0	1.7952389155278081	30.148
455.5	1.8738872772121367	23.854
456.0	1.969164030759169	86.295
456.5	1.6927755698578102	85.438
457.0	1.2898339676106965	71.184
457.5	2.0331257894137593	80.376
458.0	2.3742507385182274	81.944
458.5	1.4612857575694362	30.245
459.0	2.5237426073380447	30.175
459.5	2.1234271722495275	60.528
460.0	1.9849803090900078	60.571
460.5	1.1945259582062924	60.464
461.0	2.1326053450561333	110.59
461.5	1.9531409431310625	144.76
462.0	2.2503573394541587	150.928
462.5	1.0198469907877115	443.877
463.0	1.5663009154175291	49.686
463.5	2.038034108488875	126.357
464.0	1.8291097362837536	50.401
464.5	1.7584983416533733	80.89
465.0	2.262028497715582	60.467
465.5	2.5962729589670417	86.061
466.0	1.4558255544885474	64.439
466.5	1.9463537811045766	61.35
467.0	2.3249428229084645	60.257
467.5	1.8623386128268948	90.695
468.0	1.6825609947015563	60.489
468.5	2.2070898997408137	49.938
469.0	1.7955128421299102	20.229
469.5	2.160904197321023	80.557
470.0	1.5075323800808798	50.412
470.5	2.6415355562119323	20.299
471.0	1.6354243351916509	20.325
471.5	2.278583011892219	15.415
472.0	1.4246429879709905	129.234
472.5	2.050430889400974	90.572
473.0	2.359204735785542	60.556
473.5	2.272725518558034	108.534
474.0	1.7507278212638768	60.828
474.5	2.108397102042033	88.565
475.0	1.5738928364859972	120.702
475.5	2.4044916998052437	123.641
476.0	1.7324517970990838	87.806
476.5	2.1775844636338637	233.197
477.0	1.8189601304057552	106.418
477.5	2.410777990055264	92.711
478.0	1.9217617701304486	92.483
478.5	2.1068817650240415	110.689
479.0	2.03563014254385	89.588
479.5	1.3184008555388054	30.227
480.0	1.7668920829137658	30.193
480.5	1.4839069865237617	70.629
481.0	2.27049052602993	60.883
481.5	1.1774828376366906	24.466
482.0	1.8158475571299024	30.211
482.5	2.14037548204641	50.568
483.0	1.867840620188791	24.528
483.5	1.8681208737482853	113.871
484.0	1.7314761552707192	40.339
484.5	2.121503384057326	20.54
485.0	2.1596155749655623	60.402
485.5	1.32415579864488	60.295
486.0	2.714216190950859	79.057
486.5	1.7117197132200674	60.316
487.0	2.2884812324497577	89.795
487.5	1.5117370795800902	70.601
488.0	2.0099847035360767	71.59
488.5	2.4978580043524716	50.257
489.0	2.3675570075299746	60.46
489.5	1.298853549265519	70.534
490.0	2.4142607174901607	42.28
490.5	1.9179642023403356	85.101
491.0	1.7470772612089824	119.625
491.5	1.6793463911412283	59.706
492.0	2.175813316967987	80.585
492.5	2.471860967011524	44.701
493.0	1.94783175301418	69.182
493.5	2.163757588629705	40.259
494.0	1.983048373653867	70.531
494.5	2.007158421936301	64.069
495.0	2.0709973580981393	101.163
495.5	1.220343093328692	67.395
496.0	2.699698163746431	60.616
496.5	1.718277762704206	90.734
497.0	1.7267019943781705	100.6
497.5	2.023216390757464	110.569
498.0	1.590184510303268	80.542
498.5	2.168722600588143	161.076
499.0	1.5206735515672118	124.034
499.5	1.8506803075778837	21.183
500.0	2.081639217260387	70.454
500.5	1.9663205096953325	50.305
501.0	1.8789489579511995	66.353
501.5	2.295183415042727	120.806
502.0	1.773606357637426	27.092
502.5	2.1902422867747786	30.355
503.0	1.5903935703770284	63.935
503.5	2.1237295121266584	60.008
504.0	2.4556144572974774	60.261
504.5	1.7256229114570096	40.413
505.0	1.7325955356999714	42.547
505.5	1.6994424753258726	17.93
506.0	2.2871273287386638	70.65
506.5	1.3639273743920344	90.487
507.0	1.6735444454271178	40.257
507.5	2.026498396576294	49.346
508.0	2.2882310829058365	30.291
508.5	1.8099786434406817	80.765
509.0	1.7891965254063011	70.551
509.5	2.1046985891896925	91.027
510.0	1.5044502014675618	71.838
510.5	1.8930677386616952	100.659
511.0	1.5709805094339029	80.514
511.5	1.8710556913245602	90.708
512.0	2.2597044872046523	110.693
512.5	1.847410368651844	80.496
513.0	1.7800129680112378	99.537
513.5	2.0772425550594007	100.974
514.0	2.026586086360249	60.691
514.5	1.1777922930371623	70.494
515.0	1.9625974620555566	120.927
515.5	2.029147075410372	90.449
516.0	2.0703888539978346	85.617
516.5	1.0617554244982212	80.699
517.0	2.1467342938226777	30.228
517.5	1.51145862924542	133.831
518.0	2.655178263157789	28.439
518.5	1.595913528169232	30.232
519.0	1.949870080727218	72.365
519.5	2.229634268125587	118.398
520.0	2.5871828114878435	60.382
520.5	1.167526119151534	116.242
521.0	1.6638831360457926	100.749
521.5	1.9072383841128726	16.953
522.0	2.1423270110213055	110.736
522.5	1.466691188188386	90.619
523.0	2.280909358348541	30.239
523.5	1.4309796324238575	31.243
524.0	2.5183222930067544	17.45
524.5	1.5673612829825903	65.455
525.0	2.278090675660704	53.831
525.5	1.7342535223342854	60.359
526.0	1.6504338487878254	120.903
526.5	1.610294721099725	90.651
527.0	1.9876101276776175	111.038
527.5	2.0866512740238448	14.905
528.0	1.8997026152809147	51.912
528.5	1.8522627382615595	46.2
529.0	1.709902662628435	18.166
529.5	2.1474707971952274	80.505
530.0	1.7998864470746463	90.684
530.5	1.6226866992033426	108.596
531.0	2.33863118578172	23.133
531.5	1.778330683738193	30.19
532.0	1.507786921666248	60.443
532.5	1.5609018469261788	67.87
533.0	2.0616793729405853	30.197
533.5	2.113596379958773	88.056
534.0	1.5321264670420203	60.438
534.5	2.1674380712193773	17.022
535.0	1.5342319990420201	80.48
535.5	1.9481841441835872	16.844
536.0	1.5349110334680491	101.116
536.5	1.7287117943781254	50.034
537.0	1.8686118488133876	16.899
537.5	2.0556900133503624	162.046
538.0	1.4505165745567723	100.605
538.5	1.5505709612127576	30.195
539.0	2.3821966533567673	62.671
539.5	1.8025935573437994	140.986
540.0	1.5121142353023485	89.334
540.5	2.400107153084212	20.148
541.0	1.3292807279705734	50.41
541.5	1.7824235260935863	80.574
542.0	1.50261806174369	70.389
542.5	2.9341081797756194	30.462
543.0	1.9148554154542021	100.701
543.5	1.4590073886738464	60.534
544.0	2.1866455312856625	59.996
544.5	1.4712111062784459	110.705
545.0	2.2403146910155245	30.197
545.5	1.5965805575342593	74.728
546.0	1.7698001471781402	100.54
546.5	2.476698243660805	20.327
547.0	1.4458303062602706	22.498
547.5	1.8605723053082857	30.266
548.0	1.7122049560418986	87.901
548.5	2.037964699406023	20.072
549.0	2.041104571797419	50.61
549.5	1.378300207509664	60.439
550.0	1.69401124775989	94.739
550.5	1.5559414302167682	140.906
551.0	1.4576023760064625	90.65
551.5	1.6500835762900397	18.225
552.0	1.938452980726856	53.747
552.5	1.8607015189115192	49.196
553.0	2.0411013321392324	50.303
553.5	1.0291377383498481	80.642
554.0	2.051798527756265	151.082
554.5	1.803001197090586	100.608
555.0	1.8455150032227252	90.403
555.5	1.1505704421082437	70.387
556.0	1.9220284853868832	40.159
556.5	1.0899498562581573	70.674
557.0	1.8563781417759728	45.651
557.5	1.21229774102601	51.798
558.0	1.7023073350502405	80.552
558.5	2.371949231648715	29.019
559.0	1.9737093447944287	87.111
559.5	1.8119738422088916	80.458
560.0	1.506671088837626	20.099
560.5	1.365054755444083	49.928
561.0	2.4130873615723174	60.463
561.5	1.5279580703502658	77.247
562.0	1.3580309892660052	15.413
562.5	1.8965038594542716	110.791
563.0	2.0201647318659037	75.613
563.5	1.695578289701885	30.344
564.0	2.3416935513337007	91.038
564.5	2.0111742089638365	50.378
565.0	2.422488890444772	90.467
565.5	1.6859465631054884	50.128
566.0	2.4277043626723884	90.563
566.5	1.7617179851219822	130.92
567.0	2.107167016414791	110.753
567.5	1.8708766525308713	100.223
568.0	1.5923088344976484	57.943
568.5	1.6340133173619924	68.245
569.0	1.9958793436626763	60.427
569.5	1.481842067277403	272.891
570.0	0.7553559850064326	444.818
570.5	1.0472185380119037	1015.977
571.0	4.292381581594886	45.754
571.5	1.11496647447048	50.374
572.0	2.102127125439695	90.775
572.5	1.9137081537236056	55.054
573.0	1.8380426128838274	80.544
573.5	2.0261411944308745	131.066
574.0	1.4632373198425215	455.127
574.5	3.025432458051229	20.737
575.0	2.2150934388378998	118.754
575.5	1.9378312966157925	200.835
576.0	2.161634994680675	94.284
576.5	1.6241839815727155	45.438
577.0	2.0375291549472045	444.957
577.5	0.48897321185773307	876.489
578.0	0.39330817354070147	446.509
578.5	2.064259505692785	42.406
579.0	2.5178624261544287	16.562
579.5	1.5831389498772441	100.824
580.0	1.718550891824592	50.313
580.5	2.0386523234797265	30.111
581.0	1.2622133469246235	109.355
581.5	1.593378667682319	80.578
582.0	1.457188666041958	80.586
582.5	1.7678727999614934	30.199
583.0	1.7787849380153968	20.136
583.5	1.3890999388303356	40.261
584.0	2.2491937889102616	120.675
584.5	2.063576598453641	60.284
585.0	1.236387032784413	48.766
585.5	2.1901811949834977	60.432
586.0	2.214277060915526	70.355
586.5	2.494294063861908	47.616
587.0	1.248324051321815	30.201
587.5	2.1051466067816276	17.6
588.0	2.056621465630249	45.816
588.5	1.5750429553307235	51.098
589.0	1.7841937504027163	78.727
589.5	1.6054581398475158	141.32
590.0	1.1984879376947453	455.099
590.5	2.1970172651353277	19.673
591.0	1.6651463250428875	17.996
591.5	2.907236917206894	80.723
592.0	1.6234468957628017	65.59
592.5	2.239251756364385	18.444
593.0	2.2166937732675427	60.379
593.5	1.4390905493220778	31.079
594.0	2.298579833375614	50.235
594.5	2.2515344375144313	80.532
595.0	1.5552707792110765	70.526
595.5	2.229327073190342	30.159
596.0	2.2048211643256104	101.924
596.5	1.8818342513778166	91.557
597.0	1.6297357816443463	35.51
597.5	2.3252449885712623	20.263
598.0	2.0908528059324913	110.733
598.5	1.7470736960771267	20.164
599.0	1.2994487471923573	60.537
599.5	1.3898689325068652	30.363
600.0	2.5660614957562458	90.943
600.5	1.638806521096502	90.56
601.0	1.9686988727595942	70.497
601.5	2.325827143577925	30.212
602.0	1.9728117035143402	78.16
602.5	2.197493340190329	102.392
603.0	1.276392942511301	98.949
603.5	2.209294688931118	47.326
604.0	1.8525407295460001	45.421
604.5	1.856584742473143	30.22
605.0	2.1622566695942544	68.091
605.5	1.5866964792384208	52.781
606.0	2.1402378071280825	60.33
606.5	1.7447514150047567	120.763
607.0	1.9425406162138454	15.233
607.5	2.430002881692902	80.543
608.0	2.0637350541485167	110.824
608.5	2.0725355721360827	20.536
609.0	1.647183334449795	88.668
609.5	1.5062942641906938	70.466
610.0	2.0082830941413596	92.588
610.5	1.3802076286545935	128.416
611.0	2.1977573212627433	30.188
611.5	1.4718412074836638	30.276
612.0	2.1245154641979522	60.569
612.5	2.6267271533595222	61.066
613.0	0.9699565197721512	17.883
613.5	2.343168302562881	30.283
614.0	2.0884033557665607	80.514
614.5	2.3653094586896737	50.326
615.0	1.011234531066006	67.022
615.5	1.8628227809756162	50.01
616.0	1.83440333658634	90.768
616.5	2.772168280313244	31.719
617.0	1.31940869750325	100.78
617.5	2.41214354215013	80.509
618.0	1.5659198101822247	46.177
618.5	1.8468497158923016	76.651
619.0	1.4490448469761934	30.198
619.5	2.462838039838096	60.281
620.0	1.9443662249882596	70.4
620.5	1.7004539117382098	60.453
621.0	2.4436826481200344	110.741
621.5	1.7843717580357341	20.148
622.0	2.3061229090096296	23.578
622.5	1.4507610718815047	34.41
623.0	2.0273627885179994	90.632
623.5	1.7952559176089637	40.313
624.0	1.8932394968164012	30.125
624.5	1.3782933112008717	39.496
625.0	2.446202621012295	60.489
625.5	1.8869397136250896	212.771
626.0	1.7213964831474278	60.342
626.5	1.8726605580247426	30.234
627.0	1.5446518277266135	17.591
627.5	2.176358609742102	15.87
628.0	1.5916278906010617	55.077
628.5	1.7854707778667236	50.28
629.0	1.5559746103920078	34.457
629.5	1.4720429162383522	60.511
630.0	2.25168371679795	95.891
630.5	1.9167286086848039	30.183
631.0	2.491056046263371	100.546
631.5	2.5077375785784173	30.104
632.0	1.4901711333383891	110.783
632.5	1.8825751925761516	87.856
633.0	2.3038718720038758	16.483
633.5	2.156413876270695	50.643
634.0	1.756213953145033	16.283
634.5	1.1365312023520988	60.281
635.0	2.4730559164757175	45.419
635.5	1.773856911855963	70.464
636.0	1.489910354216705	202.465
636.5	2.2323742478463866	50.308
637.0	1.9052593832280207	80.533
637.5	2.1943807642735558	80.429
638.0	2.356674270386705	101.303
638.5	1.4835661799915925	60.476
639.0	2.1395204710760027	20.026
639.5	1.655447731043913	80.564
640.0	2.2367344133497524	82.533
640.5	1.4740998845687525	91.049
641.0	3.358148544615704	50.452
641.5	1.5461592765922532	111.784
642.0	2.036829872917455	80.758
642.5	1.6524274779284986	70.315
643.0	2.0169671383074492	60.61
643.5	1.7477252542728061	40.299
644.0	1.9806014838033925	120.844
644.5	1.3323124540474367	30.152
645.0	1.934297920701466	60.423
645.5	1.9277287506496528	50.48
646.0	1.9253646752654496	80.659
646.5	2.13807102680885	191.955
647.0	1.7551893407012351	193.795
647.5	1.8933131395557516	17.004
648.0	1.3874713843351785	120.844
648.5	1.8709607119356766	100.535
649.0	2.190609309414852	30.138
649.5	1.986707566738373	90.546
650.0	1.490138926269072	126.508
650.5	1.9371906887667827	137.21
651.0	1.6059860981912397	30.223
651.5	1.9501622896888635	30.21
652.0	1.7246767055611987	130.108
652.5	1.9185414430410648	60.37
653.0	2.747409103038545	47.006
653.5	1.4150377881546785	110.878
654.0	1.5192525351956447	70.347
654.5	2.6558863203847225	50.27
655.0	1.5466798730994646	105.378
655.5	2.980557873962034	35.673
656.0	0.7545210412143207	161.13
656.5	1.7294536432694256	60.377
657.0	3.319779845598764	20.157
657.5	1.8880635947550353	131.014
658.0	1.8846384152784132	45.861
658.5	2.408100788160108	20.219
659.0	2.2344795151358	47.239
659.5	2.1312227823806698	55.035
660.0	1.5269255806959565	40.648
660.5	1.9377035513913279	80.676
661.0	1.6227133057932055	100.369
661.5	2.7033150388395564	30.264
662.0	0.9324589680934485	85.332
662.5	2.118328035704172	90.823
663.0	2.1953282677086614	90.657
663.5	1.8306998075098597	60.482
664.0	1.7448802656544309	80.506
664.5	1.9718286365253992	110.828
665.0	2.0112485650100065	46.534
665.5	1.744650444775439	119.133
666.0	1.2869026538958928	100.829
666.5	2.3148152531738124	40.251
667.0	1.9404744950134987	18.299
667.5	1.6417681328444838	30.194
668.0	1.6043171385589718	80.676
668.5	1.7211989658094913	120.792
669.0	1.8113922802146205	100.561
669.5	1.7702496907355059	92.006
670.0	1.5123965462525746	90.677
670.5	1.8326291629804838	58.035
671.0	1.9556222143361957	191.794
671.5	2.432762345633076	59.393
672.0	2.07928457052068	90.705
672.5	1.6694852512325684	115.579
673.0	2.1461841661199195	80.759
673.5	1.7396417084199935	39.97
674.0	1.5536959242354327	49.846
674.5	1.8679034783689121	110.583
675.0	2.406193317459027	52.101
675.5	1.1221011187900347	100.762
676.0	2.188331087784707	80.519
676.5	2.052858496467403	151.798
677.0	2.8719984345805534	20.156
677.5	0.9596545959510089	104.107
678.0	1.6725175899094602	118.311
678.5	2.6981333789457884	17.523
679.0	2.4088037165662204	40.403
679.5	1.1815358654490544	96.725
680.0	1.8830966961316429	39.285
680.5	1.4600314512929433	100.736
681.0	2.3928020930825076	23.636
681.5	1.403783570788983	83.55
682.0	1.6285701108382091	80.575
682.5	2.2459918184749466	15.185
683.0	2.6724386645308593	60.646
683.5	1.03550219384853	30.25
684.0	2.2605326781108857	40.14
684.5	3.148859371219376	71.548
685.0	2.138445956194339	54.781
685.5	1.3566576750681139	222.886
686.0	0.6191335870900344	415.56
686.5	3.052707846573338	100.665
687.0	1.667817322162983	118.572
687.5	2.1008221058959524	30.339
688.0	1.8371960690127254	70.567
688.5	2.3159553145311618	20.389
689.0	2.0331188730444016	15.384
689.5	1.5392985609604717	50.451
690.0	2.2838588837090787	191.84
690.5	2.6214936073824395	100.614
691.0	2.2056714795706465	90.673
691.5	1.8246136905500892	110.774
692.0	2.0872773938152656	90.642
692.5	2.4536820390723566	121.062
693.0	2.343946443661151	111.1
693.5	1.6420034687415874	99.97
694.0	1.5581272879497792	60.418
694.5	2.0744398339141275	80.649
695.0	1.881659050831554	17.263
695.5	1.3782747806934175	80.526
696.0	1.975878501491017	161.181
696.5	2.299527697043866	111.515
697.0	2.387889214157403	97.072
697.5	1.0332124131437128	455.137
698.0	2.5609056512581816	21.575
698.5	2.2933990993365136	30.443
699.0	1.2292847475648343	120.948
699.5	1.9853310186921846	17.381
700.0	1.8312768088841962	68.298
700.5	1.7562384468848087	40.006
701.0	1.1173064334464327	79.574
701.5	1.78181323756545	60.236
702.0	2.510458257329692	15.412
702.5	0.5780247822817206	70.398
703.0	1.7454409315408161	100.761
703.5	2.447669213653373	30.176
704.0	2.7118009074901517	78.658
704.5	1.0240140386658505	81.089
705.0	2.121464578748079	100.767
705.5	2.0219143713201517	100.588
706.0	1.7306996745318723	97.323
706.5	1.5592282968955966	30.091
707.0	1.6010806731073326	69.527
707.5	1.5661421356226526	90.647
708.0	1.8499246669979208	100.706
708.5	0.9518733232689393	60.468
709.0	1.6974392703728918	77.321
709.5	2.1044403037752843	102.431
710.0	2.7853944357294957	90.653
710.5	1.520107239489515	18.139
711.0	2.039762610156941	30.254
711.5	1.5981249782013756	107.935
712.0	1.4626646427850793	70.519
712.5	1.5458388715695248	60.479
713.0	1.6302371705446534	120.797
713.5	2.6635846070690583	16.62
714.0	0.5116357873931976	110.744
714.5	1.5494620809410093	81.845
715.0	1.13930017647435	203.41
715.5	2.974041311863074	192.313
716.0	1.3173242523689703	49.668
716.5	1.7805869280793825	120.637
717.0	1.6618815374382931	30.448
717.5	1.888834300139063	133.538
718.0	1.275830943130735	64.921
718.5	1.2494523875701173	73.219
719.0	2.0628986950689474	141.089
719.5	1.6813887551922682	78.287
720.0	1.726703698193711	83.472
720.5	2.0240571061205914	100.996
721.0	2.4172569249123326	15.334
721.5	0.7957361062704003	60.487
722.0	1.7702865262039331	60.351
722.5	1.6992071706209213	76.108
723.0	2.3005028224289847	39.741
723.5	1.4308906618477435	80.321
724.0	1.7568514613894377	30.357
724.5	1.596611765549807	90.647
725.0	2.0251229825437496	18.499
725.5	1.1647111993583983	100.612
726.0	2.2468826899736603	50.766
726.5	1.8874862734289581	48.788
727.0	1.7848238197503428	80.649
727.5	1.184608335279344	42.937
728.0	2.1212787160861675	70.396
728.5	1.4883043431096845	131.0
729.0	2.015124963027624	27.588
729.5	1.5180922616421813	20.188
730.0	2.2335090547435863	37.716
730.5	1.700335172065366	30.272
731.0	1.9987737668444792	50.564
731.5	1.3256795292710097	60.531
732.0	1.8186441797908093	142.859
732.5	2.385133188895327	201.879
733.0	2.9730147589496956	70.65
733.5	1.5551353086405328	100.625
734.0	1.8378886650861872	30.254
734.5	1.6792423357246657	110.672
735.0	2.222589662500231	82.035
735.5	1.6173268498844702	444.595
736.0	2.8578693856368536	24.504
736.5	1.2647115719439004	22.499
737.0	2.4986387801369885	47.043
737.5	1.9394082460658686	63.311
738.0	2.0894693015515062	26.166
738.5	1.4516835629796425	15.224
739.0	1.8026651043102206	30.387
739.5	1.7482259137167941	50.49
740.0	2.3939903246960896	24.836
740.5	1.9826244831419826	60.336
741.0	2.164507572862992	52.361
741.5	2.0237985872637325	71.856
742.0	1.412669767317333	50.607
742.5	1.9959692522793295	20.206
743.0	1.793753916303991	100.812
743.5	2.1967126407195234	100.705
744.0	2.470171008335763	40.137
744.5	1.8528263561734823	60.383
745.0	1.7752529866586255	110.57
745.5	1.8416127974629	80.507
746.0	1.426060979871914	75.943
746.5	1.5454207394050006	40.311
747.0	2.4960208702029054	30.194
747.5	2.1251006571234323	60.49
748.0	2.3708393168592057	131.002
748.5	2.313972363875477	67.904
749.0	1.641437403008343	30.295
749.5	1.4622425903534382	60.419
750.0	2.5098615565957783	14.759
750.5	1.10190316394162	50.284
751.0	1.4399714596021487	120.944
751.5	1.9312584799768817	70.565
752.0	2.8922833885721753	20.144
752.5	1.4093889379437767	151.911
753.0	2.5331967097953827	61.021
753.5	1.8368071085076274	69.341
754.0	2.2040736748977654	71.011
754.5	2.0077003864668024	50.332
755.0	1.4500174152727143	46.949
755.5	1.7991216039382405	40.325
756.0	1.691570160075842	17.032
756.5	1.3650508018714365	90.656
757.0	2.2544267580921704	80.357
757.5	2.9822895724587575	60.504
758.0	2.3213538758558165	54.973
758.5	1.2202771684691966	15.586
759.0	2.334039146560754	20.353
759.5	1.8488705731442874	70.547
760.0	1.7215062972727562	80.667
760.5	1.5574588656357835	70.301
761.0	2.2859464869911656	17.207
761.5	2.060032215105653	17.874
762.0	1.569479179151942	90.658
762.5	1.6052774798015421	69.597
763.0	2.80080971346497	252.562
763.5	2.025001519148594	45.28
764.0	1.9101866605722018	100.69
764.5	1.8402557615883695	131.897
765.0	3.094069709434398	47.789
765.5	2.192652430016832	40.348
766.0	1.7955697927298082	100.506
766.5	2.136787268578638	140.972
767.0	2.100997867718211	20.706
767.5	2.116924039665622	30.423
768.0	2.3392278916631617	99.276
768.5	1.8932700854333906	68.972
769.0	1.8602444843163588	40.232
769.5	1.2975357052447913	60.544
770.0	1.9232682166081811	40.264
770.5	2.4881806259739663	281.5
771.0	2.7912871582731786	19.41
771.5	1.6344623610027744	56.831
772.0	1.5537914306598348	30.123
772.5	1.5977619900731377	45.86
773.0	2.022249788395265	72.207
773.5	2.2881028113368043	18.063
774.0	1.2513983098719708	40.317
774.5	2.135445297120525	29.099
775.0	1.9798998069645206	110.958
775.5	1.8233071974059027	60.456
776.0	1.443130786658162	201.887
776.5	2.7356572446728302	50.31
777.0	1.6344652016054146	39.026
777.5	1.4705181709970563	141.917
778.0	0.932928746737125	434.618
778.5	3.453349887506246	136.308
779.0	1.5617691620524818	74.355
779.5	1.3762627557364493	70.421
780.0	1.9629920642971996	30.294
780.5	1.7184664752310739	80.758
781.0	2.226887800189968	47.429
781.5	2.3368062514045205	52.4
782.0	1.7943183402174483	57.472
782.5	2.067859036242721	60.501
783.0	2.354986717227335	70.552
783.5	1.6025227930206056	110.868
784.0	2.5854805266684897	30.084
784.5	1.575188350290996	45.678
785.0	1.9212946471619348	70.656
785.5	1.6276909811668385	60.521
786.0	2.3256433806655843	49.396
786.5	1.6516588290724903	70.302
787.0	2.3236652347569224	110.469
787.5	1.4471894871555822	70.537
788.0	1.760376138612357	70.491
788.5	1.5715143361248345	88.225
789.0	1.847600302450012	50.439
789.5	1.4680264298060075	52.58
790.0	1.8173825704507636	50.202
790.5	1.36813014841098	100.781
791.0	1.8955181792827869	120.914
791.5	0.9649573112712225	130.868
792.0	1.317782971144308	110.533
792.5	1.3398663950738958	24.841
793.0	2.061918923164482	71.034
793.5	1.41260385146715	120.821
794.0	1.298830932499323	110.852
794.5	2.152644035552649	68.677
795.0	1.0438651317678713	60.267
795.5	2.203610485081708	100.566
796.0	2.1342328294473742	108.194
796.5	2.044942541252547	50.306
797.0	1.640541581771449	30.339
797.5	1.9900389054556669	70.473
798.0	2.127135177059609	70.362
798.5	1.9063144286547717	49.971
799.0	1.3732393439219779	30.814
799.5	1.960959048855012	100.623
800.0	2.0256579581869083	46.345
800.5	2.3722876866684492	136.173
801.0	1.3061501651731857	40.099
801.5	1.400370088247249	57.233
802.0	1.926970094961116	181.036
802.5	2.3935448713059606	87.164
803.0	1.8080351062958233	202.318
803.5	2.0333047792964782	165.481
804.0	1.9459816846404137	202.432
804.5	1.8555904413749993	156.662
805.0	1.873603602825589	111.535
805.5	2.154473847627727	146.418
806.0	1.3644762326736215	110.808
806.5	1.9697559426307232	47.061
807.0	1.4154078893779969	80.598
807.5	1.7711662453458776	60.45
808.0	2.0930886158230564	50.391
808.5	2.1114470490953563	53.802
809.0	1.5769814805235458	80.304
809.5	1.5301234407281807	50.344
810.0	1.9507463557903852	80.531
810.5	2.214951100208676	45.229
811.0	1.2392915962034876	98.349
811.5	2.0646757515639362	30.228
812.0	1.7019348120600177	20.225
812.5	1.5842695867400913	36.611
813.0	1.5987632286471143	110.919
813.5	1.8543893336191064	188.092
814.0	2.4142192926663895	30.268
814.5	1.5069780730981672	60.422
815.0	2.105535919329756	192.036
815.5	1.3425343443058753	36.665
816.0	1.7556438850265583	186.399
816.5	1.5299944455734529	70.433
817.0	2.267330859561725	45.216
817.5	1.9006961822899662	120.799
818.0	2.1105377028716235	98.471
818.5	1.8248789250981645	90.618
819.0	2.2874399636036626	100.927
819.5	2.1210959335679793	141.222
820.0	1.9077692992780524	181.88
820.5	2.0482506133296363	45.699
821.0	1.9477796934444767	77.629
821.5	1.4249302079750905	23.323
822.0	1.6833196124991658	100.874
822.5	1.845137462962942	38.276
823.0	2.304052747213549	60.479
823.5	1.6965725366852764	16.575
824.0	2.152499708917316	48.923
824.5	1.119798174363496	130.873
825.0	1.7168203498008825	70.645
825.5	2.5454610260889363	79.847
826.0	1.5748807535903688	120.96
826.5	1.8580863977487472	92.072
827.0	1.735843712930324	70.957
827.5	2.271527783679748	20.334
828.0	1.9304852533765993	30.287
828.5	2.2821515588344026	54.089
829.0	1.704650353271639	57.519
829.5	1.8991565994039294	119.741
830.0	1.5995026955155787	53.091
830.5	1.9363193179765523	30.276
831.0	1.9427403861441714	63.22
831.5	2.0801219561279702	71.521
832.0	1.7905350278036345	59.319
832.5	1.8523369893373332	70.563
833.0	1.9923333811719082	140.822
833.5	2.1019471200193083	91.35
834.0	2.232881977722299	111.155
834.5	1.5684550779637063	30.202
835.0	2.057482254830473	151.58
835.5	2.198619025768571	192.091
836.0	2.1946394401895173	171.856
836.5	2.2100397531768152	100.593
837.0	2.354016855816057	115.725
837.5	1.7331285969664763	60.474
838.0	1.675740118792162	114.584
838.5	1.735795113849284	80.625
839.0	2.179826278584957	182.031
839.5	2.189404595915717	73.291
840.0	2.1229387790818364	167.096
840.5	2.058716898515962	40.303
841.0	2.029346538813587	120.761
841.5	2.0625004662908983	70.841
842.0	1.2129410111112728	252.415
842.5	1.865863421575976	120.868
843.0	2.0693959911030304	70.482
843.5	2.0932503010664156	19.78
844.0	1.6693450894103015	90.643
844.5	1.7810436206326858	88.926
845.0	1.6520545196386556	80.448
845.5	2.8463681317085068	140.007
846.0	1.1081590712169413	161.754
846.5	2.8142703901383257	70.406
847.0	2.23268238215662	45.87
847.5	2.199232246351906	74.185
848.0	1.448511832837114	60.469
848.5	1.625122379942246	90.652
849.0	2.2073055221551265	70.699
849.5	2.6317481363407307	90.637
850.0	1.7548825295188044	110.982
850.5	1.7246587949681866	80.627
851.0	2.2162089602518873	80.639
851.5	1.941896236295718	84.2
852.0	1.6584638923558785	102.748
852.5	1.9470617387619455	161.087
853.0	2.168639531353713	100.986
853.5	2.7449349455880085	171.658
854.0	1.5805294622263988	81.639
854.5	2.2118320765348356	56.082
855.0	2.825555300601956	91.125
855.5	3.0773366440703196	60.356
856.0	2.3957908728394983	108.943
856.5	2.3080049814999715	76.506
857.0	2.1749634650233065	60.488
857.5	2.146504811097168	60.657
858.0	1.83058773250796	80.841
858.5	2.5415781146867844	158.459
859.0	3.340780401063457	69.371
859.5	1.8659755492565746	55.607
860.0	1.7554668714531545	100.281
860.5	1.88567826242633	47.377
861.0	2.157069885374169	121.211
861.5	2.210695407102041	30.398
862.0	0.8421510320722542	292.826
862.5	3.68177698550183	60.474
863.0	2.7284532407613318	100.793
863.5	1.7970111566425044	112.865
864.0	2.651287951946792	43.49
864.5	1.9996855659918074	50.369
865.0	3.0740293218953814	115.243
865.5	1.3820014540448473	108.172
866.0	2.474654129707482	36.836
866.5	1.7670259201315939	150.942
867.0	2.3619013920301373	30.134
867.5	2.106671149360288	35.769
868.0	2.2286294326775735	211.778
868.5	2.3611944066588024	80.508
869.0	1.5808201709475742	103.863
869.5	2.2533756731561647	181.931
870.0	2.1414470657494618	100.73
870.5	2.1881492916996685	116.908
871.0	1.7579032145163351	79.484
871.5	1.945341887179379	60.376
872.0	2.498835764287391	30.573
872.5	1.6520746706597162	140.701
873.0	2.0360482825351567	54.156
873.5	1.6322347991202202	60.179
874.0	1.5993701003993392	80.758
874.5	2.0605677050362994	50.327
875.0	1.6303561484370395	143.072
875.5	1.7330123508533337	90.658
876.0	1.8140181407383411	20.213
876.5	1.6127010779131852	49.801
877.0	1.7566967874330859	141.373
877.5	1.2717443105997082	70.521
878.0	2.171092587283619	60.415
878.5	2.0715062153837054	97.304
879.0	2.159546006230625	140.68
879.5	1.7355694988506374	80.492
880.0	2.1215990725483715	30.235
880.5	2.337195868608305	40.181
881.0	1.5206091716585195	87.708
881.5	2.650372936348058	31.534
882.0	1.3915488628862127	60.453
882.5	1.8778451958917899	31.292
883.0	1.7576115781245936	80.516
883.5	2.1662355244334424	95.666
884.0	1.3519640612314467	31.342
884.5	2.125017632858993	242.402
885.0	0.7884144310594499	445.284
885.5	3.4684686435166894	67.529
886.0	1.4285511596576346	253.2
886.5	0.8635329841835516	505.416
887.0	2.42144430694918	46.761
887.5	1.990655493671849	90.878
888.0	1.9517873561016983	52.931
888.5	2.0065287185276954	50.418
889.0	1.1036294079208304	313.58
889.5	0.5902455708598291	465.639
890.0	3.163895806108707	50.475
890.5	2.478224560229183	35.421
891.0	2.467936177447411	80.015
891.5	1.6028982431688308	20.021
892.0	1.7230250322653096	140.274
892.5	2.638416063062019	40.338
893.0	1.4848304582891108	110.675
893.5	1.7855299482292595	24.5
894.0	2.4428254057198804	70.235
894.5	1.0142091093126469	40.278
895.0	2.2681235564316533	50.205
895.5	2.0684972276232014	73.477
896.0	2.194381058728216	80.643
896.5	1.8143797446904284	30.284
897.0	1.770282306473664	60.347
897.5	2.2528588665407896	30.239
898.0	1.36192694233274	445.501
898.5	1.4399052279776452	24.337
899.0	3.126785095598269	171.384
899.5	3.315972375319495	50.636
900.0	1.875684614397701	88.235
900.5	1.5249879802974418	181.882
901.0	3.1389819436338464	394.301
901.5	2.570128489441145	191.78
902.0	2.6399929087396004	60.361
902.5	1.820276963760343	212.211
903.0	1.0461667218194628	470.324
903.5	1.1390764085492753	912.376
904.0	0.1443256882672534	912.376
904.5	1.9409811767409886	90.493
905.0	2.2578428683752616	20.906
905.5	2.4444329768781734	60.334
906.0	1.967578405661123	30.43
906.5	1.4477680235800834	131.045
907.0	1.815275253278609	36.483
907.5	1.6490348393743046	272.651
908.0	0.687902039300416	414.296
908.5	2.8670064389105954	138.113
909.0	2.7829480473336075	23.31
909.5	2.019789498840172	555.494
910.0	0.906264996441598	424.436
910.5	1.403331782347104	785.334
911.0	4.449009278259895	70.199
911.5	1.9997993129462404	110.795
912.0	1.382791620726031	48.51
912.5	1.9325332111106956	88.023
913.0	1.7788857302741532	100.681
913.5	1.9708537130396295	80.516
914.0	1.3677041048473575	80.677
914.5	2.661991151121928	287.718
915.0	1.2788057409240103	555.791
915.5	0.22480766169780644	992.745
916.0	2.320865078226544	433.579
916.5	0.8680793627276437	535.774
917.0	1.138085682075121	1548.123
917.5	5.975309135962842	32.134
918.0	2.6974671729831026	524.522
918.5	2.7933889839520165	483.578
919.0	0.1308093967585452	483.578
919.5	3.6174804872700803	482.816
920.0	3.5680735761207107	44.837
920.5	1.7016793344893733	505.705
921.0	2.46857154979697	30.219
921.5	1.27041636474327	445.34
922.0	0.5982396439276119	268.893
922.5	0.2526487689472149	388.475
923.0	0.6361913723284401	1440.11
923.5	1.2519496247940562	41.116
924.0	2.1728094070968273	90.498
924.5	1.6917891880164773	161.459
925.0	0.5368648734088566	634.95
925.5	2.142439620208134	30.112
926.0	2.133466783069787	50.207
926.5	1.4766840012301736	15.945
927.0	1.8353376091967093	414.628
927.5	0.16592167167703187	414.628
928.0	3.3813020275878687	20.077
928.5	3.024882554423795	20.137
929.0	1.5536522573752558	35.733
929.5	1.9928197431745618	47.931
930.0	1.5665069436083956	50.335
930.5	1.4732769837213007	543.672
931.0	0.6651464195856358	1029.545
931.5	1.7363175203855785	461.543
932.0	2.9985931332455262	148.999
932.5	1.7270164660449034	100.777
933.0	1.9508383061111108	136.694
933.5	0.7143313937294481	546.301
934.0	0.5393090954678899	1028.732
934.5	4.388487184952787	327.419
935.0	2.6219613030763758	308.87
935.5	1.5001839877230139	207.931
936.0	2.075730074441176	134.716
936.5	1.967293788159298	90.745
937.0	1.4125621052701984	90.56
937.5	2.168076638850996	89.934
938.0	1.5313376436921091	60.347
938.5	2.181418893375552	110.985
939.0	1.917868094326603	182.559
939.5	2.429019114345645	226.727
940.0	2.685356874432593	80.948
940.5	1.9964321662157336	80.616
941.0	1.8300509306262795	182.95
941.5	1.4492879854279594	95.449
942.0	1.6414046717654809	72.963
942.5	2.0262216777414177	100.907
943.0	0.8443014226054955	444.554
943.5	0.9019766957482769	43.573
944.0	3.7371855162601344	250.78
944.5	1.463714373417669	30.288
945.0	1.5744700411726769	70.479
945.5	1.7651667072453512	212.09
946.0	0.7346355154857508	435.26
946.5	3.3891323545078467	18.937
947.0	1.122984929369002	167.825
947.5	1.730124436068223	30.287
948.0	2.019482042078738	30.164
948.5	1.5801360190162483	92.433
949.0	1.7427165589264748	80.73
949.5	1.6740168159922661	434.658
950.0	1.4366649953222856	23.83
950.5	2.215765212150473	21.359
951.0	1.6913639931307147	70.534
951.5	1.9522359127152376	70.285
952.0	2.628873416959494	30.433
952.5	1.7445950225768403	333.154
953.0	2.5920162986617927	80.582
953.5	2.093924159996995	30.261
954.0	1.8394150048453732	50.318
954.5	1.9757277613796203	80.559
955.0	1.7534430529116656	130.994
955.5	1.7179035983422042	48.75
956.0	2.096820984723115	30.192
956.5	1.3406322333738743	292.818
957.0	2.214805846564059	647.662
957.5	0.080402861150959	929.33
958.0	3.044986042215078	49.667
958.5	1.9186755420734218	20.092
959.0	2.050590095952374	60.475
959.5	1.7072898405102073	30.214
960.0	1.6657734047764572	100.643
960.5	2.02840699944313	90.702
961.0	1.3663810859954546	222.143
961.5	2.130711901967054	82.555
962.0	1.9457422997621132	151.291
962.5	2.3868752559743682	30.252
963.0	1.9181531347349547	68.071
963.5	1.675018504690163	16.067
964.0	2.023379358191889	151.977
964.5	1.7830927324516048	94.162
965.0	1.416220241922174	455.077
965.5	0.13377270526825408	455.077
966.0	3.308949574905984	150.77
966.5	1.8028748642270847	39.257
967.0	2.04345066605607	72.944
967.5	2.040154459546325	70.201
968.0	1.8403037572881442	507.139
968.5	0.600953608773434	415.066
969.0	3.0098259067599384	63.023
969.5	1.9469350629367257	50.428
970.0	2.0745707844668453	50.399
970.5	2.2915589549348527	30.444
971.0	1.743935006459153	69.036
971.5	1.9409658840776238	37.259
972.0	2.246335537641282	434.508
972.5	0.1613813438052215	434.508
973.0	5.885182698021215	30.277
973.5	1.453426407563213	16.541
974.0	1.9834559075926157	110.95
974.5	1.7744753123260102	30.202
975.0	1.5326375594283983	100.698
975.5	2.0977269870403807	15.225
976.0	2.111609204135265	16.866
976.5	1.162371754590146	80.54
977.0	1.1676502420977541	19.647
977.5	1.4859535624658502	47.712
978.0	1.9281276483864573	100.783
978.5	1.374790363605728	60.115
979.0	1.0664299997758653	40.27
979.5	2.0635990179939796	70.408
980.0	1.8162072897396855	60.325
980.5	1.56794459015262	96.302
981.0	1.3607091988547573	96.302
981.5	0.7480233528469911	848.264
982.0	2.6791395096189707	141.514
982.5	1.4398191183899502	48.157
983.0	2.1246104703041087	78.335
983.5	2.0132412991800686	134.686
984.0	1.2797677154033882	41.874
984.5	1.845359104219062	99.42
985.0	1.58449506568949	222.142
985.5	1.0471533496308458	454.945
986.0	3.296518614576504	24.264
986.5	0.8978460418558719	445.875
987.0	4.396920506611434	68.122
987.5	1.465584888094521	66.464
988.0	1.4183858823934767	110.697
988.5	2.1678971334741135	60.655
989.0	1.8893751701959627	120.839
989.5	1.6762379516742838	40.263
990.0	1.5450805777206695	232.749
990.5	0.5681099984889367	465.439
991.0	2.8601111729182493	35.16
991.5	1.495135532205243	21.217
992.0	1.867306148673477	100.539
992.5	1.9491422969124825	80.524
993.0	1.9538573566737045	30.192
993.5	1.8862305739206635	90.714
994.0	2.378039055573751	92.065
994.5	2.0416349864337215	30.497
995.0	1.4453487533821066	60.445
995.5	2.1461464224320963	16.135
996.0	1.4030041465583296	131.063
996.5	1.761983369879373	48.883
997.0	1.7118709671893078	90.502
997.5	1.8594231763805735	30.03
998.0	1.3813027253773946	79.28
998.5	1.9018157538267095	313.05
999.0	0.811289148815699	454.628
999.5	2.423253105834076	49.496
1000.0	1.690033507769745	90.654
