0.5	0.4261371356756017	102.634
1.0	0.10173666705506264	135.823
1.5	0.29745651204905144	18.038
2.0	0.11193769256194708	12.69
2.5	0.27071701770283835	87.171
3.0	0.011214086141297748	43.527
3.5	0.03794219166573585	16.645
4.0	0.23173612506851754	100.803
4.5	0.8303918963904434	121.85
5.0	0.8601485120851049	10.658
5.5	0.0385514094139672	41.12
6.0	0.4218340151071663	33.412
6.5	0.4348364435632314	10.018
7.0	0.7008157345592929	13.132
7.5	0.33369502001972323	120.902
8.0	0.5414750112777091	11.566
8.5	0.06608007620240194	12.217
9.0	0.4386769717328374	50.868
9.5	0.08884408701029406	23.397
10.0	0.15705572146975405	120.504
10.5	0.30891249283229155	124.246
11.0	0.39014033894208683	14.176
11.5	0.0505692871279369	12.124
12.0	0.85681631959096	11.51
12.5	0.014365350546675596	9.924
13.0	1.580012901908353	70.486
13.5	0.14461767958244193	14.291
14.0	5.010812001498847	64.913
14.5	1.998658122205885	56.41
15.0	0.15965475889955189	49.667
15.5	0.18872556595868903	90.512
16.0	1.7655225412188424	100.719
16.5	1.076298057224794	70.605
17.0	2.1421640386059932	150.565
17.5	2.7083784505980053	68.093
18.0	0.13841555499680294	19.072
18.5	2.5076096542240243	20.118
19.0	2.29293281316639	60.473
19.5	0.1274592459491881	30.158
20.0	7.887350328172972	170.659
20.5	2.002377097795964	107.407
21.0	2.1062429307236297	100.717
21.5	2.2815787340216747	114.407
22.0	2.6498829678250906	70.422
22.5	2.2659326917909413	80.611
23.0	2.1537943362438656	90.917
23.5	1.7015670675196157	131.411
24.0	1.5066036214809124	100.596
24.5	1.8552624606529422	97.518
25.0	1.366737192149006	170.996
25.5	1.2940870199183139	102.431
26.0	1.5896104195521135	54.206
26.5	2.3793439986162763	171.509
27.0	1.125154965638599	55.556
27.5	2.213620311451928	101.132
28.0	2.17837203512358	64.565
28.5	2.198975637076205	58.71
29.0	1.7280490314383647	50.353
29.5	1.9038354448959287	40.571
30.0	2.3924657297302154	20.288
30.5	1.9508370442114649	80.519
31.0	1.7312668308915078	20.439
31.5	1.7183753575478047	80.645
32.0	2.9113934326895814	40.444
32.5	2.161316815869186	100.676
33.0	2.368309082243209	222.334
33.5	2.7320001174698594	84.551
34.0	1.5024373684557564	141.029
34.5	2.2735526768047456	116.486
35.0	2.5841790997767005	100.681
35.5	1.7650494572094555	151.134
36.0	2.3521536543446824	120.95
36.5	2.221207443316861	90.107
37.0	2.067089853811656	26.793
37.5	2.6739919096156086	60.296
38.0	2.177021462180331	60.435
38.5	2.27948390988888	102.139
39.0	1.6646886499203624	221.334
39.5	2.3799532149163234	104.928
40.0	2.3520617414122404	50.313
40.5	1.8204971728341042	90.569
41.0	1.861638064216386	60.45
41.5	1.5604974444691804	129.619
42.0	2.9318163389866183	40.367
42.5	1.5902635262832516	131.142
43.0	2.1304107893522803	50.215
43.5	2.1271733386892304	59.604
44.0	1.8679129509480588	80.498
44.5	2.2248159813618655	30.29
45.0	2.174265539680927	80.569
45.5	2.21659804202581	232.085
46.0	2.376034228789871	64.264
46.5	1.678376577596798	50.316
47.0	1.6288914974850894	120.89
47.5	2.479568513919364	50.323
48.0	2.5664884390282774	40.373
48.5	1.4866581923431874	90.678
49.0	2.3545653068100965	86.85
49.5	1.9096621635049758	110.683
50.0	2.94763426520553	120.853
50.5	1.5318654736310184	116.478
51.0	1.7723393040265387	95.179
51.5	2.320143853004217	45.253
52.0	2.560030497588151	60.451
52.5	1.573522053612865	40.291
53.0	1.76352516831652	130.847
53.5	2.105315720994631	40.581
54.0	2.4416102349006232	109.136
54.5	1.9407333917875536	80.565
55.0	1.741072736058968	65.095
55.5	2.075982997944482	153.183
56.0	2.515697817643602	80.704
56.5	2.1006491431274013	57.1
57.0	1.6091328090702033	60.343
57.5	2.188142116594208	104.477
58.0	2.031635886152527	101.045
58.5	0.12029903612625277	34.436
59.0	7.093874770317533	50.657
59.5	2.270923069103752	50.559
60.0	2.0880264844772864	50.361
60.5	1.8351825270794286	50.418
61.0	1.788258344733474	37.11
61.5	1.063488846975514	120.722
62.0	2.1716424567862127	40.149
62.5	1.381312545015687	73.717
63.0	1.5480623108590235	105.918
63.5	1.7869346209124386	60.514
64.0	1.730035063377794	35.373
64.5	2.495664159340018	115.718
65.0	0.16113715917848795	10.45
65.5	1.491846942065586	100.714
66.0	0.14482714712776323	98.966
66.5	4.410943910098787	74.429
67.0	2.1854352580926197	60.284
67.5	1.5013369616350336	100.401
68.0	2.420180474657624	20.166
68.5	1.7885020410807864	110.818
69.0	1.6332734072198045	110.911
69.5	1.2432764475673335	34.911
70.0	1.5926139505523529	20.042
70.5	1.3470283668171752	20.154
71.0	1.3340287734537513	20.106
71.5	1.0897198506308492	17.076
72.0	1.543160826250926	90.488
72.5	1.6919066592396639	50.336
73.0	1.5631331154779233	72.856
73.5	1.8438669730129758	107.223
74.0	1.3728268205895593	80.665
74.5	1.4634733096947488	80.549
75.0	2.408549646529296	15.873
75.5	1.5168592670942018	80.45
76.0	1.6853002585451167	60.282
76.5	1.7612951427531112	70.537
77.0	1.5800335332737705	50.477
77.5	1.813692601564317	50.171
78.0	2.0352784384430387	50.133
78.5	1.3585255122035527	110.754
79.0	1.7744452187594955	60.433
79.5	1.3386237718262408	60.338
80.0	1.6730768451019786	130.958
80.5	2.1035218427653803	80.531
81.0	1.6899161398565792	60.44
81.5	1.5698967748703707	33.346
82.0	1.9629885010876569	60.456
82.5	1.6321177484330147	60.486
83.0	1.448162183092622	15.827
83.5	1.136836064326722	70.641
84.0	1.8838576281687232	30.13
84.5	1.4186245842013403	70.411
85.0	2.088663563273136	75.848
85.5	1.245091059420892	80.593
86.0	1.582780031751195	80.511
86.5	1.8523345222066485	55.225
87.0	1.394657370908072	60.233
87.5	1.826246485923315	70.334
88.0	1.5451456673704569	90.642
88.5	1.6714042897713215	116.911
89.0	1.624512681093729	60.384
89.5	1.4481613893450236	60.378
90.0	1.7151592557183821	60.336
90.5	1.7417255900644222	55.39
91.0	2.6498086492883046	19.597
91.5	2.249716059449539	116.192
92.0	2.0067147709484843	15.006
92.5	1.7418248216823276	100.586
93.0	1.6903203703122058	60.538
93.5	1.4654420756917927	15.046
94.0	1.3919696414845442	80.683
94.5	1.5567857916720556	110.801
95.0	1.6630333624187403	110.938
95.5	1.7083239413698137	80.445
96.0	2.272354891279936	60.335
96.5	1.6898230119335553	60.516
97.0	1.5357993394942464	70.424
97.5	1.6092346221271319	50.41
98.0	2.0404554387694005	110.771
98.5	1.8604038163452385	50.115
99.0	1.2511465104613932	54.487
99.5	1.8355418056079136	70.688
100.0	1.39848281267809	80.55
100.5	2.2525599014337843	60.515
101.0	1.7122455971418082	40.25
101.5	1.8375540643620067	70.226
102.0	1.4242537135741753	20.245
102.5	2.1638347090898846	70.115
103.0	1.3129748344248993	40.25
103.5	1.4230641012802099	130.931
104.0	1.9267479412668416	13.562
104.5	2.1032874233587346	60.378
105.0	1.2364263043283767	33.534
105.5	1.855202127026526	26.753
106.0	1.651640362366339	20.13
106.5	0.13420550826721137	26.699
107.0	1.4081622737578403	20.091
107.5	6.244356008475037	100.839
108.0	1.2151362227645768	20.211
108.5	1.4526061173323195	48.429
109.0	1.6891446715399283	42.767
109.5	1.746498787748147	444.539
110.0	1.9353159901993604	60.644
110.5	0.12009861741035135	444.539
111.0	2.485127936559634	60.534
111.5	1.3483762494379496	40.286
112.0	1.9346026687995703	60.678
112.5	1.61958140727405	79.821
113.0	1.9627839637824975	50.363
113.5	1.8627882426753248	85.2
114.0	1.595988035635485	56.441
114.5	1.7470850981229902	80.377
115.0	2.0385278813681778	20.051
115.5	1.697949998200301	90.594
116.0	1.7438206928879165	13.218
116.5	1.8770664701308366	80.488
117.0	1.7856032486359847	20.265
117.5	1.6182157742396293	130.827
118.0	2.2403869097349016	143.138
118.5	2.2155931827556645	155.083
119.0	1.873682110969284	423.754
119.5	3.058203025188958	272.965
120.0	2.5933414285305303	35.025
120.5	1.6297092729423421	70.379
121.0	1.555261937407164	60.479
121.5	1.373319199368611	110.802
122.0	1.5502323620341	34.269
122.5	1.9402427331571097	90.882
123.0	1.9169890546621975	285.766
123.5	2.3010545118979935	20.068
124.0	1.4902884636858789	110.961
124.5	1.626923148907249	35.748
125.0	1.493625171062257	76.078
125.5	1.3615653239185104	120.739
126.0	1.8376245760788643	66.997
126.5	1.8703354223602124	50.3
127.0	1.6787578385598143	70.642
127.5	1.69961886310445	55.544
128.0	1.7246626818692077	130.967
128.5	1.7998043426909995	69.633
129.0	1.793078233954602	80.472
129.5	2.007609738662834	90.491
130.0	1.3932018181500463	13.131
130.5	1.5972681006625553	80.534
131.0	1.1895275025611882	110.854
131.5	1.3820715217552906	50.283
132.0	2.109099751278324	70.475
132.5	1.4776700829525278	60.411
133.0	1.465189982288371	20.354
133.5	1.6918150614206127	130.862
134.0	2.1828766803390343	20.214
134.5	1.5992078096248181	110.841
135.0	1.6123132621027434	50.384
135.5	1.7869106441351041	40.326
136.0	1.8615514485564677	80.448
136.5	2.3720829871508724	45.956
137.0	0.8470025290329392	60.408
137.5	1.9259930709717723	20.211
138.0	1.5228633897257355	83.842
138.5	2.127789349425555	76.023
139.0	1.739572916768867	16.538
139.5	2.3243252240884864	50.463
140.0	1.6077450326517035	70.523
140.5	2.5006136511235537	20.482
141.0	0.6156604495151383	60.566
141.5	1.4802905426138373	12.516
142.0	1.8507064557531294	13.606
142.5	1.7690953183439382	130.941
143.0	0.9433891531201036	50.329
143.5	2.127373792789628	77.548
144.0	1.8482746771178864	35.729
144.5	2.424283729708108	15.131
145.0	1.5524356166209778	32.942
145.5	1.69439216364446	20.287
146.0	2.031390840599461	57.12
146.5	1.6271206660895228	80.562
147.0	1.747184040188042	15.718
147.5	1.4440724179944737	20.25
148.0	1.9648294759459135	55.857
148.5	2.008860753495574	61.061
149.0	2.302585266087265	40.17
149.5	1.9031283300005333	90.736
150.0	1.7028635639255794	24.692
150.5	1.670950330076404	40.276
151.0	1.2412937621303926	70.576
151.5	2.140902633293527	161.57
152.0	2.617707862636614	20.485
152.5	1.7699112022114227	324.001
153.0	2.4304572185152726	40.078
153.5	1.5024254392393894	35.056
154.0	1.6408351436077189	77.725
154.5	1.626749764833902	96.355
155.0	1.3437052432022205	70.417
155.5	1.8163399951448784	80.488
156.0	1.5748705892939316	40.26
156.5	1.6523966900477818	84.345
157.0	1.6499261937599476	24.07
157.5	1.5551767323596257	80.457
158.0	1.7605292627803573	88.569
158.5	1.6056675049744693	80.559
159.0	1.897463441644575	15.437
159.5	1.4499210904356803	52.989
160.0	1.7408594446393582	13.859
160.5	1.7183297987305775	20.278
161.0	1.4414233212968641	59.487
161.5	2.0467088291057354	60.449
162.0	1.43227845241346	33.015
162.5	1.5679248276467086	76.764
163.0	1.9104961253330854	20.24
163.5	1.5576307934956126	49.2
164.0	1.8246104104431262	120.894
164.5	2.033858031115148	80.451
165.0	1.516286714410992	84.682
165.5	1.9610777833588047	70.529
166.0	0.16843627810905698	21.061
166.5	5.087896512080577	100.625
167.0	1.5830572898929836	44.723
167.5	1.5869715385408996	60.503
168.0	2.1150833162063303	36.657
168.5	1.853475113399346	80.483
169.0	1.712608883842932	45.63
169.5	2.2103832022795427	30.204
170.0	1.4377997302985814	100.574
170.5	1.5619875639953371	80.949
171.0	0.9443542099191256	120.97
171.5	1.6739949527787648	120.819
172.0	2.1949743712574823	110.553
172.5	1.7104522344073823	65.684
173.0	1.7265500563453013	110.701
173.5	2.1003363555186514	30.93
174.0	1.6684231185241014	87.087
174.5	1.6216667265967661	39.888
175.0	2.395923741157077	90.564
175.5	1.8856470026035306	121.754
176.0	1.5591491261809136	120.856
176.5	1.614014328094777	80.693
177.0	1.97825866018903	141.127
177.5	2.301709586208152	81.842
178.0	2.711802704360655	75.255
178.5	1.9270782809216267	60.51
179.0	1.9086885279631083	161.137
179.5	2.2068679651960417	30.915
180.0	2.3947297332449624	60.668
180.5	2.239640651932786	97.696
181.0	1.5128054877751629	73.852
181.5	2.1616822861774305	141.705
182.0	1.9860520812362823	22.618
182.5	1.8873549095629967	101.54
183.0	1.9271275979141733	23.694
183.5	1.6926482388217237	117.144
184.0	1.7736333447870656	115.716
184.5	1.7919643629540483	76.072
185.0	1.745770637843527	30.578
185.5	1.6757073353735767	130.081
186.0	1.6222800169148408	80.616
186.5	1.3280911331573815	51.032
187.0	1.288279293244091	47.82
187.5	1.6332056444053613	103.129
188.0	2.2796772290028358	53.531
188.5	1.6247792691095975	140.826
189.0	1.9622999415083402	72.605
189.5	1.3930636332892896	46.495
190.0	1.083643355072275	35.309
190.5	1.6565118552216218	30.29
191.0	1.5224648788155861	160.962
191.5	1.907230124609269	120.808
192.0	1.8317709878080894	70.494
192.5	1.7130656345233106	30.209
193.0	1.8296503545812843	90.823
193.5	2.18932174582397	54.672
194.0	1.857263240529446	76.201
194.5	1.2078792530281905	70.651
195.0	1.6690152123240936	70.454
195.5	2.0373498112576622	51.962
196.0	1.4534547649009992	110.679
196.5	1.8412962904274526	70.464
197.0	2.728169021069018	32.669
197.5	1.246637849947111	70.449
198.0	1.3848089428437516	130.486
198.5	2.1668340732518536	50.304
199.0	2.107278867126945	90.273
199.5	1.1202002157148019	110.945
200.0	2.052312459936593	80.5
200.5	1.129290013814393	124.466
201.0	2.4945774799984988	50.453
201.5	1.733179713716285	70.398
202.0	1.8924554304526326	35.816
202.5	1.3345819692276288	40.172
203.0	1.0171733565815106	145.402
203.5	2.3518398099313744	111.125
204.0	1.5374243709888618	60.433
204.5	1.2253824248199012	161.105
205.0	2.1641793005711194	70.603
205.5	1.770689827149321	120.817
206.0	1.900025769296606	121.349
206.5	2.1451134329940325	91.537
207.0	1.7804912654578944	36.443
207.5	2.181732269066403	50.186
208.0	1.6992938223607514	80.66
208.5	1.6354086533647043	80.759
209.0	1.6494230067762512	120.836
209.5	1.956169574041525	50.382
210.0	2.258968216659261	120.834
210.5	2.4505389146741092	25.058
211.0	1.5985459285388222	141.064
211.5	1.5180259265108893	91.254
212.0	2.062265371665306	60.296
212.5	1.7095684180232542	160.748
213.0	2.3301903619326643	113.858
213.5	1.9100485185916871	50.411
214.0	2.116619693873774	80.811
214.5	1.9988553729328595	75.543
215.0	1.4609413762647818	60.491
215.5	2.367498658852365	100.76
216.0	2.064621700999077	90.693
216.5	2.0927653613862622	45.4
217.0	2.2849990686218513	92.123
217.5	1.8542569438261227	90.369
218.0	2.358775933492929	113.633
218.5	2.2368698600062986	51.992
219.0	1.706888364851092	66.087
219.5	1.9244530083366576	140.894
220.0	1.6292484891554224	110.666
220.5	2.1321885989659175	60.479
221.0	1.6036305908078539	110.947
221.5	2.2309489099029443	23.55
222.0	1.9114187983695663	60.38
222.5	2.0738471163253265	50.823
223.0	2.3801903591278624	110.888
223.5	2.3176964638338355	60.483
224.0	1.7096064048277018	60.481
224.5	1.9690368155447966	60.433
225.0	1.388455548037654	44.463
225.5	1.8648382312740803	87.575
226.0	2.2651202064337594	27.562
226.5	1.9962115846815585	100.985
227.0	1.9289320524813112	80.506
227.5	1.7300294956064224	140.956
228.0	2.2817542982389507	60.446
228.5	2.1450445594816205	26.752
229.0	1.483475000430176	70.564
229.5	1.503747422874192	80.341
230.0	2.607402806121517	140.96
230.5	1.9593264380930444	65.268
231.0	1.937722023422288	42.882
231.5	1.6844741634527616	80.673
232.0	1.6478635857580042	50.504
232.5	2.205916579381656	29.764
233.0	1.6632891132566623	40.314
233.5	2.454053478703757	90.392
234.0	2.005786564052754	80.461
234.5	2.4899757044847695	32.735
235.0	1.9206374533955075	70.367
235.5	2.425283704673499	59.9
236.0	1.6416562513355901	140.876
236.5	1.9567980889638958	70.407
237.0	2.1879406464809157	60.403
237.5	2.0733323582238694	45.601
238.0	1.974112841328936	70.342
238.5	1.6061225323564159	58.923
239.0	1.7721943004050196	40.297
239.5	1.679588319084304	46.112
240.0	2.2693641099329724	50.353
240.5	1.5126382436225039	140.967
241.0	1.876439016461257	90.842
241.5	1.7113783235038138	50.326
242.0	2.3621683869795778	111.121
242.5	1.5483762867573	35.861
243.0	2.028961711255636	33.008
243.5	1.5920015398747656	67.729
244.0	2.1494944592731167	131.645
244.5	1.5237863303714128	50.442
245.0	1.6852263518428827	21.553
245.5	1.8201955330922472	44.602
246.0	1.5961652561438893	99.41
246.5	1.9215757248386902	130.003
247.0	1.9626148315477288	80.692
247.5	2.6874656307454385	49.61
248.0	1.7603462828576515	60.427
248.5	2.054957412710357	50.402
249.0	1.6329501418691907	40.033
249.5	1.9596498179458608	70.312
250.0	1.6817189604254612	110.883
250.5	1.631954506348538	101.446
251.0	2.068436386655949	59.028
251.5	2.2670936343502	40.73
252.0	1.9420522307644934	40.631
252.5	1.6641557101037865	30.567
253.0	1.6251535245609514	27.353
253.5	2.2314552602736644	30.754
254.0	1.458984091189628	80.852
254.5	2.4322156251303855	40.391
255.0	1.8311316599440233	30.238
255.5	2.1929531517715226	91.448
256.0	2.0558912370727827	73.424
256.5	1.5607416068547666	90.677
257.0	2.0883933441933245	54.911
257.5	2.174107445249914	51.581
258.0	1.6480672870630124	120.713
258.5	1.8632119357772177	115.761
259.0	2.2874507413725063	70.557
259.5	2.1516021371207863	60.311
260.0	1.9210341449820445	76.294
260.5	1.519238577852584	19.744
261.0	2.3591076910413324	126.654
261.5	1.932460727860494	40.195
262.0	1.4100530382202825	42.93
262.5	1.531176308182352	70.383
263.0	2.27407253502812	47.723
263.5	1.6422976257524957	55.893
264.0	1.6818998600601314	100.627
264.5	1.7940308211577018	90.615
265.0	2.4526315053835765	116.501
265.5	1.7789171924813216	80.737
266.0	2.057217301000175	70.498
266.5	2.1631725234696613	60.493
267.0	1.616710712283847	60.444
267.5	2.0261141318020983	71.049
268.0	2.50267291314249	76.415
268.5	1.5989855763178382	80.764
269.0	2.124252108472989	90.506
269.5	2.1820376368335754	60.332
270.0	1.134883783328591	70.398
270.5	1.3785953107480404	105.19
271.0	1.7241373326857485	50.287
271.5	1.7164676789384217	141.2
272.0	1.0671282533435584	455.834
272.5	0.12659101543876944	14.271
273.0	1.5552190431336876	16.297
273.5	0.14911980869724725	18.58
274.0	0.17997928678131436	13.097
274.5	0.18561583194856485	12.426
275.0	1.5497864633494547	20.385
275.5	0.5781934003393048	50.563
276.0	0.7411983108352586	18.012
276.5	0.1618822210083186	18.142
277.0	2.181177306235435	23.631
277.5	0.576169581792251	13.334
278.0	0.13522004665386442	54.471
278.5	0.16949837935945788	88.116
279.0	7.282685035014715	31.21
279.5	5.961328124488252	60.567
280.0	1.735782454879665	13.552
280.5	2.242266251808815	29.241
281.0	2.036927422594842	80.322
281.5	2.21140654988212	8.88
282.0	1.3633727572432384	102.064
282.5	1.9838168102706137	35.526
283.0	1.7125121984519889	80.422
283.5	0.6562002017320919	445.905
284.0	2.187169742736593	10.112
284.5	2.575630583655249	65.753
285.0	1.812758232223894	80.58
285.5	2.2954974767151484	16.727
286.0	1.7882298857836543	20.202
286.5	1.5623132334484124	50.387
287.0	2.348396406628377	62.958
287.5	1.96587257603738	60.262
288.0	2.6776831177264424	60.396
288.5	1.9285450677454834	80.623
289.0	2.2379968766945337	70.421
289.5	1.7506669055717752	70.385
290.0	2.8015044093569452	80.669
290.5	2.064073838574725	120.833
291.0	2.098281180448002	80.526
291.5	2.158800651271913	91.867
292.0	2.3811417847459	60.472
292.5	1.8606426150645559	70.469
293.0	2.1570458637042424	116.567
293.5	2.4878070297453734	20.231
294.0	2.431341108019615	52.218
294.5	2.162299372133869	131.042
295.0	1.8802669870025224	48.623
295.5	2.518456281901572	9.577
296.0	2.404561865703292	20.125
296.5	2.492538340766562	20.292
297.0	3.086702781347201	60.484
297.5	2.508707074757142	70.34
298.0	1.6169700537273861	60.645
298.5	2.198635113494449	60.316
299.0	1.928042921424638	12.983
299.5	2.2176687256756513	100.864
300.0	2.3626226903049945	97.959
300.5	2.3512287895557256	110.645
301.0	1.4654157731402762	110.553
301.5	2.3186507564866927	80.364
302.0	2.1632372900334005	80.487
302.5	1.8293358750986968	40.415
303.0	1.8467702003530762	13.139
303.5	2.159119481798439	20.106
304.0	1.8376240126397962	120.826
304.5	1.4965824417381313	90.826
305.0	1.628317335638989	60.524
305.5	1.428629356051906	121.004
306.0	1.4018907650043073	77.64
306.5	1.8208518576071533	80.308
307.0	1.6936349987374728	90.525
307.5	1.2870144662462104	70.429
308.0	1.6250820517592295	16.773
308.5	1.119584680414587	80.435
309.0	1.7630323181113035	23.943
309.5	2.244749956856973	50.281
310.0	1.6430846665020986	90.512
310.5	1.833796033633446	83.787
311.0	1.8220087457733543	75.15
311.5	1.7109177051509503	9.981
312.0	1.42977149953313	80.519
312.5	2.415516737603535	20.096
313.0	2.4415675549112397	60.548
313.5	1.4936507714314822	80.541
314.0	1.6320250503694467	70.705
314.5	2.345367464789651	80.366
315.0	1.5579909833168997	20.231
315.5	1.3345729578852328	68.482
316.0	1.4467170584208195	35.03
316.5	1.5979344530324586	13.023
317.0	1.7289348783346599	76.821
317.5	2.655888108379719	68.969
318.0	2.1117639788849103	80.567
318.5	1.8142244243327181	20.12
319.0	1.656253736185924	150.998
319.5	1.6665554064664314	20.223
320.0	2.458882207575572	60.542
320.5	1.8099461159475816	59.578
321.0	1.6976124324171753	120.884
321.5	1.7603141188270872	20.129
322.0	1.9463100462749523	90.701
322.5	2.360694511891941	10.635
323.0	2.584606470457661	99.966
323.5	1.5432393563740745	30.044
324.0	1.7530713291743605	60.682
324.5	2.0394820681415915	20.486
325.0	1.782334307541845	50.357
325.5	1.824467887181113	70.521
326.0	1.7974031648823088	95.207
326.5	1.8857558611031549	80.514
327.0	1.6567418916068803	99.148
327.5	2.2245134714143826	8.953
328.0	2.454900713350366	80.271
328.5	1.4726495776553306	80.327
329.0	1.737718855962823	34.276
329.5	1.9474519288544043	80.355
330.0	1.9317392170311958	86.439
330.5	1.6685191461169353	68.891
331.0	1.2634658122757858	29.553
331.5	1.1039684538094618	73.532
332.0	2.060994165836666	100.833
332.5	2.0088940575226952	10.142
333.0	1.641174791096704	84.458
333.5	1.462166446104208	80.452
334.0	1.553382433406526	117.349
334.5	1.6086183678443544	113.391
335.0	1.8698204677202606	14.636
335.5	1.6169697013368254	8.99
336.0	1.7673571261206837	26.913
336.5	1.4753273300011525	120.793
337.0	1.9235505773675714	34.97
337.5	1.683513997035318	77.141
338.0	1.6697960231477442	117.321
338.5	1.8041884605469352	14.965
339.0	1.845460551350023	120.845
339.5	1.5597865026380502	28.931
340.0	1.983621095822278	33.404
340.5	1.4144265386925174	70.19
341.0	1.3519125630230702	130.764
341.5	1.936040340948811	13.527
342.0	1.7861876432192476	17.08
342.5	1.2135276172892855	80.634
343.0	1.451946316384267	34.363
343.5	1.8442554648601035	60.416
344.0	2.2415300243724183	60.454
344.5	1.1933314320846797	131.006
345.0	1.638660191400547	35.229
345.5	1.6519450129556765	113.296
346.0	1.4107865189832527	117.235
346.5	1.3405180657567193	20.149
347.0	1.7774307128904203	20.143
347.5	1.4510701763682805	94.39
348.0	1.6474359421296063	136.383
348.5	1.8092078718787328	80.561
349.0	1.9957486603728243	80.647
349.5	1.8636209734297848	42.747
350.0	1.6188313667466265	33.861
350.5	1.6428399132609885	17.09
351.0	1.566503137287058	10.861
351.5	1.6213435362287885	47.455
352.0	2.061199994726514	97.254
352.5	2.1122798957603153	50.443
353.0	1.8900291417193702	50.504
353.5	1.6335481933379656	80.633
354.0	2.3505802182769586	107.436
354.5	2.57891222185284	60.475
355.0	2.6140462282143324	60.384
355.5	1.3171899651096837	14.91
356.0	1.707037504859057	20.159
356.5	1.9883748569454902	20.21
357.0	2.614839940471324	69.544
357.5	1.2874384530760992	28.677
358.0	1.4818396607521724	70.584
358.5	1.628520793348667	50.6
359.0	1.9608553053509974	50.57
359.5	1.5593804186565732	110.768
360.0	1.1552281570460587	73.91
360.5	1.3644685321606669	17.341
361.0	1.5169765983656738	80.489
361.5	1.7621357486976312	60.422
362.0	1.6254646748644987	60.442
362.5	1.525926809886005	15.05
363.0	1.6401429248808135	19.004
363.5	1.3600513462895736	50.393
364.0	1.7725528487590982	120.893
364.5	1.6672290636739424	110.938
365.0	1.4522630723417371	110.948
365.5	2.204890803992928	78.918
366.0	1.9895713636470147	35.89
366.5	2.212370798896873	78.545
367.0	2.032377102042287	82.715
367.5	2.0359676181779913	60.353
368.0	1.649109118457403	96.277
368.5	1.9477675222784208	128.479
369.0	2.0079163965879485	129.538
369.5	1.4403899344573858	77.693
370.0	1.477525816943914	109.999
370.5	1.3365057422471063	39.287
371.0	1.4748243423591865	342.804
371.5	2.5010748551366473	11.061
372.0	0.6546888586754858	454.705
372.5	1.9174405850596663	9.228
373.0	1.5231295531591362	9.154
373.5	1.6263758947588587	29.453
374.0	1.6251327997822447	15.977
374.5	1.977987919538685	14.584
375.0	1.0798412301688298	122.76
375.5	1.7850767233399472	88.795
376.0	1.4698521067049177	61.228
376.5	2.156780783966972	65.625
377.0	1.9616136300238227	70.674
377.5	1.4135411659488029	60.479
378.0	1.372963282382192	120.967
378.5	1.6187352298919373	50.486
379.0	1.9276847175610363	80.523
379.5	2.071992516348397	74.824
380.0	1.8539593824678968	60.473
380.5	1.9984671778298349	96.289
381.0	1.3127205379946218	80.495
381.5	1.6716426913456834	187.71
382.0	1.940222793168865	90.366
382.5	2.233623920085116	27.32
383.0	1.941229287264719	60.508
383.5	1.5462647051658063	20.159
384.0	1.3331050573233656	25.855
384.5	2.3715572129780464	80.548
385.0	2.1612187345735636	9.414
385.5	1.4490157590004262	15.244
386.0	1.841844830715973	9.129
386.5	1.7899253146842122	20.139
387.0	1.9163929443734347	56.64
387.5	1.3774634117647018	100.735
388.0	1.9409120302502925	100.727
388.5	1.6033972919225878	50.432
389.0	2.108179394375938	50.475
389.5	1.3038559041004356	50.401
390.0	1.7776885873407593	16.392
390.5	1.5968160289263424	20.005
391.0	1.5707903130898127	20.003
391.5	1.338142713099829	32.629
392.0	1.2943698217660997	134.698
392.5	1.3830411188617946	33.341
393.0	1.3678325616619784	110.741
393.5	1.4644919393671663	35.393
394.0	1.4113664909237866	46.82
394.5	1.5077601715248048	100.479
395.0	1.7582350627641095	111.243
395.5	1.429430006864198	107.085
396.0	1.5339535893607192	170.908
396.5	2.0887010107534416	17.707
397.0	2.7254190100213957	9.686
397.5	1.582937029488189	10.428
398.0	1.4932736218390101	80.332
398.5	2.2786548674914204	47.433
399.0	2.128230067183711	40.954
399.5	1.3273320004698597	21.801
400.0	1.6292166601202096	121.097
400.5	1.388330329214661	70.502
401.0	1.7323265596233128	151.492
401.5	2.092064343059974	100.755
402.0	1.5733079430054144	100.676
402.5	1.8157916207882059	50.282
403.0	1.9635249797243899	50.286
403.5	1.706868790099506	69.104
404.0	1.7300854337798195	151.47
404.5	2.158967023158523	9.975
405.0	2.5409031077795046	60.292
405.5	1.9987775376501233	20.012
406.0	1.8948571993009693	81.515
406.5	1.6153106719255597	63.587
407.0	1.6425786694003013	80.042
407.5	1.7561542350359676	19.904
408.0	2.026126837942388	29.233
408.5	1.5360852638657738	102.25
409.0	1.3315313601675227	127.739
409.5	2.120176941268247	22.323
410.0	2.0115262686848596	13.262
410.5	1.2158329734237834	20.179
411.0	1.528233904520611	140.597
411.5	1.8155191113597082	29.535
412.0	1.953959724365987	73.142
412.5	1.817306147788437	60.259
413.0	1.5244617303905519	60.261
413.5	1.4941270777065558	60.581
414.0	1.4877211013840286	90.818
414.5	1.3821541971723386	121.031
415.0	1.501400151320649	39.127
415.5	1.7347086421815587	201.263
416.0	1.254408905086388	131.222
416.5	1.369311813939274	99.102
417.0	1.2719027837832708	20.17
417.5	2.4174228779545657	88.927
418.0	2.573580385673897	60.33
418.5	1.4289835057573195	20.1
419.0	1.3598245759510956	121.537
419.5	1.2861359391383853	92.913
420.0	1.2229754290326773	101.291
420.5	1.409595042387648	100.941
421.0	1.407794986892335	100.949
421.5	1.7610842926071901	71.682
422.0	2.0405564175193236	80.941
422.5	2.1387976706752387	50.282
423.0	1.8694226828556668	21.824
423.5	1.4154219421278131	50.517
424.0	1.353534557320381	60.5
424.5	1.2849417152311746	173.355
425.0	1.2504775877167036	110.252
425.5	1.985556653912175	40.296
426.0	2.005949681539376	201.957
426.5	1.7533418570638841	50.32
427.0	1.8842542135080131	50.286
427.5	1.5335399679856647	60.378
428.0	2.4646293292220385	292.606
428.5	1.539625572646231	19.969
429.0	2.0486064009043985	19.983
429.5	0.9446333805160132	63.606
430.0	1.034473108452785	65.424
430.5	1.9528178039788187	9.107
431.0	1.7952330558854201	140.994
431.5	1.8824526392558942	37.376
432.0	1.6735615561182373	32.389
432.5	1.8023018373593505	120.736
433.0	1.9376325142354118	120.773
433.5	1.922341746663731	70.679
434.0	1.5326662896456191	50.703
434.5	1.3054740334115231	404.542
435.0	1.8818678968840277	114.174
435.5	1.7387379160372116	20.104
436.0	1.6047190892436263	21.916
436.5	1.749795208949368	81.595
437.0	1.9788535575778627	15.23
437.5	2.317948464090274	28.88
438.0	2.335623527169857	50.451
438.5	1.2084938174009683	29.531
439.0	1.3404145474937053	20.101
439.5	1.795810986954463	60.422
440.0	1.8194606410020828	20.285
440.5	2.2259330810706364	60.473
441.0	2.0781155498748483	60.511
441.5	2.1648511759856834	80.498
442.0	1.9654958742007704	19.87
442.5	1.1131534263719713	14.977
443.0	1.4970700216033432	80.449
443.5	2.3638651967227697	14.468
444.0	2.5317435056981723	70.466
444.5	2.3347444493240253	34.356
445.0	2.0423752852861283	50.522
445.5	1.9813206996362138	134.742
446.0	1.8693261055403287	20.212
446.5	1.7241872477598317	100.759
447.0	1.446801021450444	90.249
447.5	2.387806422577461	60.259
448.0	1.9050730409828185	60.338
448.5	1.9974888707972742	50.391
449.0	1.819609867803889	65.834
449.5	1.6047062681856819	141.182
450.0	1.806705368707458	100.729
450.5	1.871675453659721	20.268
451.0	2.0603202301890504	100.611
451.5	1.4132236242198797	90.385
452.0	1.8027618067602964	60.437
452.5	2.145712996299699	50.47
453.0	2.046394284978926	80.642
453.5	2.020746782820772	80.688
454.0	2.1725140822687243	60.559
454.5	2.0180301941876286	90.631
455.0	1.5571033307921889	51.426
455.5	1.5966740292309658	100.65
456.0	2.3101411598788646	40.082
456.5	1.8980724961331021	60.43
457.0	1.8560707655740185	60.468
457.5	1.9422644879197293	80.93
458.0	1.3998904740030513	60.298
458.5	1.4152385405569765	60.522
459.0	1.913407399095871	120.702
459.5	2.100040451799863	80.455
460.0	1.898816743063352	69.541
460.5	1.720448979393249	20.183
461.0	2.141212396467928	80.457
461.5	1.5399385211882397	70.385
462.0	2.1096052915502446	10.837
462.5	1.8767085561458636	100.542
463.0	1.794750185525782	60.354
463.5	2.196072458314716	80.445
464.0	2.4169850881100547	80.76
464.5	1.994819385486232	97.239
465.0	1.5505140419648062	120.902
465.5	2.0160612813513064	80.4
466.0	1.8647732045465755	10.847
466.5	1.8643835506976696	75.607
467.0	2.229450524589934	20.202
467.5	1.710688835647844	32.204
468.0	1.933021105472149	31.886
468.5	2.4371143667619637	83.12
469.0	2.2346944604927685	9.483
469.5	1.6774701186824732	74.987
470.0	2.2930309115983176	67.368
470.5	1.7247749061873079	60.503
471.0	1.703150251357009	8.473
471.5	1.4771780453837373	110.708
472.0	2.343125826743574	70.586
472.5	2.0426352268640415	120.7
473.0	1.43876331473509	70.44
473.5	1.7196489130158246	110.912
474.0	2.496339142643714	80.298
474.5	1.8556987966628864	96.614
475.0	1.9264552753282422	70.587
475.5	2.239674088398568	20.159
476.0	2.1037150086550063	26.347
476.5	1.8814866278178985	80.344
477.0	1.9776543248477279	8.875
477.5	2.0629205088719273	140.699
478.0	2.1025591926820004	20.139
478.5	1.8960534019637785	100.5
479.0	1.1911929821908969	80.524
479.5	1.7765349031272726	100.426
480.0	2.245833392251955	80.403
480.5	1.5440301062753727	60.541
481.0	2.061872404392022	20.166
481.5	1.825832692571972	44.154
482.0	1.4952589156498446	60.482
482.5	1.623050941449746	20.18
483.0	2.0977773169278993	20.463
483.5	2.151058991594287	16.402
484.0	1.6472273178870542	70.354
484.5	0.143746177479891	33.571
485.0	1.5112144163848251	60.486
485.5	2.1394496995960415	30.291
486.0	7.737574713476985	50.759
486.5	1.6841103162178452	70.35
487.0	1.8894655961511788	60.433
487.5	1.9480712301835013	70.481
488.0	1.955471019294556	70.201
488.5	1.4795238281479117	80.42
489.0	2.0514851341666196	80.607
489.5	1.8876145953485	120.655
490.0	2.285617632934243	115.312
490.5	1.719173400794223	42.621
491.0	1.7000693201812103	120.865
491.5	1.7700798936319695	120.951
492.0	1.4873507962498904	70.677
492.5	1.9848792064687226	80.527
493.0	1.5998093873503114	80.437
493.5	2.1056656868963843	82.168
494.0	2.6253909559081503	11.146
494.5	2.5439590828387497	12.157
495.0	1.9690730237770553	54.122
495.5	1.52787620592964	34.316
496.0	2.0443546815684646	120.835
496.5	2.127266034243102	80.294
497.0	1.5868584615368058	11.5
497.5	1.8457168936252295	13.316
498.0	2.095659612351474	120.584
498.5	1.830871176263789	60.308
499.0	1.516263565124437	60.212
499.5	1.4750299717504216	120.692
500.0	2.232112920740518	120.735
500.5	2.0235895035657787	120.755
501.0	2.0441844683157315	60.35
501.5	2.2073769208311576	80.36
502.0	2.068570615290913	136.766
502.5	2.394998613328213	60.137
503.0	2.717597975945405	20.219
503.5	1.922197140889152	85.887
504.0	1.3368818268641929	120.993
504.5	1.6049925123279236	130.954
505.0	1.7569363367825683	54.6
505.5	1.8041097439870988	110.591
506.0	1.9948186076749943	16.099
506.5	1.948073131598381	20.067
507.0	1.9335079847289744	50.315
507.5	1.534004804570997	90.752
508.0	1.6229928678334256	90.782
508.5	1.984683871712854	99.741
509.0	1.8531745847028107	120.768
509.5	1.9370058589939334	120.793
510.0	1.7027301154597123	50.491
510.5	1.4892853511230024	50.427
511.0	1.6608278255128341	141.521
511.5	2.1561948706093306	90.656
512.0	0.07901070652987902	14.31
512.5	1.0906400597082002	454.875
513.0	0.14206122148360734	454.875
513.5	0.6861225189800464	1253.101
514.0	0.128735074173409	1253.101
514.5	0.17836072636575967	1253.101
515.0	0.16434971658660738	10.566
515.5	5.074693509413282	11.304
516.0	0.08950978034857933	11378.061
516.5	0.17098231393250757	11378.075
517.0	2255653.9968059435	139700450845.296
517.5	1.9778657679182692	267.282
518.0	0.3009094687590631	570.843
518.5	3.6155403131598947	70.933
519.0	1.418588892412216	36.845
519.5	1.9000390597932297	70.581
520.0	1.4928079716741391	100.582
520.5	1.5878290305936855	87.11
521.0	1.592464951873515	343.182
521.5	1.7354179128560685	61.882
522.0	0.9552249863842323	415.861
522.5	4.141266925313829	80.577
523.0	1.5376348020917414	90.876
523.5	2.038550400805679	60.546
524.0	1.7681904951853318	100.708
524.5	2.236709232364338	18.014
525.0	1.1530112827895942	85.153
525.5	1.6601418231762182	151.151
526.0	1.0298656434901576	465.489
526.5	2.4344945495856383	22.85
527.0	2.027578147292886	455.039
527.5	1.7476631428033242	40.313
528.0	1.726184559420766	20.17
528.5	2.0343417036213323	29.725
529.0	1.9453724422195329	49.589
529.5	1.5339826447772573	70.389
530.0	1.5421098100611998	50.973
530.5	1.737132948308057	47.221
531.0	1.5909921926729031	46.079
531.5	1.5272822503797452	90.844
532.0	1.6135998387080326	90.592
532.5	2.010503199188964	126.056
533.0	2.0352252410483427	155.456
533.5	1.398432192463714	110.947
534.0	2.5593317750281357	111.104
534.5	1.4591833177812714	174.342
535.0	0.5403607533885686	617.377
535.5	3.2396298621793265	20.56
536.0	1.3288461517512975	80.552
536.5	2.0419899043798684	212.147
537.0	2.120085339889388	46.451
537.5	1.77805516202781	182.057
538.0	0.863073072674335	424.678
538.5	3.3693198912403113	110.704
539.0	1.773265624799374	90.673
539.5	1.795413583597456	100.832
540.0	1.1882290405442995	424.527
540.5	2.6992908989644504	38.776
541.0	1.3236145109197806	100.935
541.5	1.4554827305035118	425.425
542.0	0.123422945930724	425.425
542.5	4.0502684941455875	149.146
543.0	2.109049664121555	20.303
543.5	1.8177793001764513	185.292
544.0	1.3700577481045928	566.868
544.5	0.1308835821827806	566.868
545.0	5.759339509043529	161.738
545.5	1.105614883033677	434.971
546.0	3.73558426796406	30.241
546.5	1.7164397771936755	28.419
547.0	2.1010884602050472	465.203
547.5	1.379773531024712	20.438
548.0	3.4558724609291906	40.325
548.5	1.3688962440698982	50.38
549.0	1.880262948816476	30.182
549.5	1.8916677119020098	60.352
550.0	2.32224868093348	35.86
550.5	1.4920377428014646	80.445
551.0	1.5696496270942515	70.477
551.5	2.2712138521889145	80.489
552.0	1.7408054992999318	110.707
552.5	1.8647032796987393	30.169
553.0	1.721686091803289	425.013
553.5	0.39044058043018726	1009.39
554.0	3.107284693290258	18.08
554.5	1.516483579034834	70.476
555.0	1.8634100975934285	20.575
555.5	1.764543621568207	30.231
556.0	1.7873188238431112	89.92
556.5	1.8102814170787815	126.135
557.0	1.7467554520983126	36.163
557.5	2.0244454963585468	70.525
558.0	1.9088665164945475	20.241
558.5	1.7661290469504614	60.437
559.0	1.832464931130337	151.525
559.5	0.9748685157728122	414.72
560.0	0.8996601180968626	79.423
560.5	0.9901805259602754	847.164
561.0	2.6124773394035157	202.533
561.5	0.3124354393707377	758.209
562.0	4.240138765987335	60.63
562.5	1.5976438772342472	30.193
563.0	1.8550239876281918	40.398
563.5	1.8330481206981337	17.906
564.0	2.0180144956949784	90.656
564.5	1.9439903393396447	31.86
565.0	1.4323271688853465	100.674
565.5	2.0892444682054276	15.528
566.0	1.7602019786332848	15.559
566.5	1.4805374734473047	70.842
567.0	1.5715555445099738	90.524
567.5	1.7858815201433067	90.732
568.0	2.4130484890445474	65.295
568.5	1.755647015005023	70.532
569.0	1.459868087909668	90.475
569.5	2.13046019251435	19.5
570.0	1.7749087419906753	50.663
570.5	1.4183077464792806	90.713
571.0	1.7162150277658828	527.024
571.5	0.12429231139978912	527.024
572.0	2.863855924209274	16.642
572.5	2.281005758524584	90.577
573.0	2.0232951550940785	45.412
573.5	1.941509192450539	89.649
574.0	1.7161006226112903	80.521
574.5	1.5734164294121387	110.753
575.0	2.0241426960752253	110.561
575.5	1.4443557092784658	90.598
576.0	1.71767790398686	80.597
576.5	1.8276663589982702	106.948
577.0	2.397454989515273	80.607
577.5	1.8384188364360068	33.81
578.0	1.9796298618404378	30.194
578.5	1.538197752994177	30.228
579.0	2.0484743840544253	77.672
579.5	1.976377144837488	141.904
580.0	2.5296710982530732	131.118
580.5	1.5804288366281969	30.219
581.0	2.0829659322285923	30.195
581.5	1.823194156459639	70.557
582.0	2.0220064618459523	16.175
582.5	1.6993993794505244	111.068
583.0	1.062287576977204	192.045
583.5	1.1524411566616046	1023.09
584.0	0.07715406348052781	611.526
584.5	0.9317736844661378	837.922
585.0	3.0570678926844903	40.256
585.5	2.169743783270847	15.441
586.0	2.001998044022595	76.457
586.5	2.009220581082992	80.628
587.0	1.6092394243821413	15.149
587.5	2.1377976904930414	40.283
588.0	1.729233047919816	27.501
588.5	2.4267007347850673	60.489
589.0	1.5491391356191804	63.764
589.5	1.5968069648633672	30.222
590.0	2.226768518619146	19.581
590.5	1.698333754979463	30.143
591.0	1.4516216154199002	60.513
591.5	1.764015288820762	15.922
592.0	1.9468453215470687	132.532
592.5	1.03552497166685	475.189
593.0	0.8375736874445865	132.532
593.5	4.728998722888362	100.286
594.0	1.7544962540439732	20.41
594.5	1.5751172793895953	47.423
595.0	1.7659238768808525	90.751
595.5	1.9595515869220526	49.937
596.0	2.3525221340805103	50.479
596.5	1.9888505751585333	202.99
597.0	1.0669950123063612	435.779
597.5	0.6886016130797143	260.146
598.0	1.59785205980028	69.536
598.5	1.8068014277328583	445.013
599.0	0.15687182137009073	445.013
599.5	3.9131012209757583	96.802
600.0	1.5600760520168602	100.65
600.5	1.6001504730232783	90.578
601.0	2.3053706049727647	30.288
601.5	1.7086249205382964	80.587
602.0	1.5585534826079221	50.475
602.5	1.9070768003603462	171.961
603.0	0.6102804502597474	495.665
603.5	0.9791729933869681	220.25
604.0	4.20610373930889	161.292
604.5	2.335223647190185	72.498
605.0	1.8321177820141556	76.909
605.5	1.3665693254245443	32.494
606.0	1.2423263309902333	242.791
606.5	1.7286076087631626	57.821
607.0	3.911868412061731	24.437
607.5	1.2022068810154003	111.272
608.0	1.270059658865409	424.646
608.5	0.7060168696715287	900.025
609.0	4.5526876353135535	20.892
609.5	2.138408170692027	151.691
610.0	2.1829791399668284	66.301
610.5	0.1733846151223981	806.033
611.0	6.513885002373986	60.668
611.5	1.2858413079654116	68.756
612.0	1.673584854011661	22.296
612.5	1.9461468565125322	112.619
613.0	1.8872597442195025	30.197
613.5	1.7722376129408561	18.364
614.0	1.6844243729321728	48.553
614.5	1.7232552220073922	41.699
615.0	2.1127467293942175	364.163
615.5	0.6193882287341562	131.233
616.0	2.1561212076290643	50.832
616.5	3.766576000781374	115.675
617.0	1.5997635929644183	90.736
617.5	1.8135948841048646	131.078
618.0	2.0447607600047584	90.871
618.5	2.4434880278178057	112.164
619.0	1.6096030174036005	73.031
619.5	2.023171858484639	60.434
620.0	1.8410264052367022	70.173
620.5	1.3281461479100367	90.63
621.0	1.8630545951152535	70.505
621.5	2.3401103375476406	30.286
622.0	1.455710705602158	222.608
622.5	0.7767076767568198	414.644
623.0	3.404365260920845	130.964
623.5	2.276972423419259	69.106
624.0	2.5908378892552095	100.503
624.5	1.8889165796329925	100.67
625.0	2.049357011784068	444.478
625.5	1.773457455627476	236.471
626.0	2.6020184424901287	432.364
626.5	2.4506863733418474	464.064
627.0	2.43200403651955	46.731
627.5	1.512658205447855	36.107
628.0	2.5115613034744353	100.654
628.5	1.396408865360193	80.764
629.0	1.7641843294761779	70.513
629.5	2.130227366721201	70.339
630.0	2.1907099292289574	100.84
630.5	1.9861837771332842	70.476
631.0	1.5974522178056494	50.305
631.5	1.9948036966072575	130.336
632.0	1.6581767246663044	117.776
632.5	1.7611680935958556	50.594
633.0	1.8750230503203305	171.974
633.5	1.7207806780022403	22.36
634.0	0.12953871403881254	22.36
634.5	5.0476381559676184	16.352
635.0	1.9522037332998867	120.871
635.5	1.597227506834519	15.336
636.0	2.4058984926445066	77.282
636.5	1.9053594527766542	70.446
637.0	1.9393606234690808	131.098
637.5	1.332636311627409	434.69
638.0	0.9675762108726049	349.55
638.5	1.7951262978251084	100.748
639.0	1.4592597498681437	100.78
639.5	2.215693711687791	80.44
640.0	2.4347381407353956	102.168
640.5	1.4896077532245653	110.684
641.0	1.8427326474445247	90.555
641.5	2.4093458727908303	181.674
642.0	1.304689820410066	434.958
642.5	2.454727587140847	28.365
643.0	1.4900861553164506	17.0
643.5	1.9797831885040142	123.687
644.0	1.9333321954811535	55.799
644.5	2.3028559714108665	119.627
645.0	1.5202844007881744	121.217
645.5	1.5582738501964677	30.177
646.0	1.9339799856635496	66.615
646.5	2.2168743802590245	90.51
647.0	1.8279898705967457	111.229
647.5	1.012948232982772	90.717
648.0	1.667643573100263	131.012
648.5	1.7483746080262232	181.638
649.0	0.9917248038523565	435.671
649.5	0.7191252485921775	130.07
650.0	1.729439098103592	90.676
650.5	1.2334230138042621	66.262
651.0	2.330102507096691	100.516
651.5	1.652991280043198	90.656
652.0	1.4979426130570155	45.961
652.5	1.8395371265604932	70.459
653.0	1.5324640586846874	30.177
653.5	1.4585553872801582	50.323
654.0	1.441911463192504	90.566
654.5	2.1638982018610595	70.379
655.0	1.8014726161017245	108.155
655.5	1.6105436713304242	90.55
656.0	1.988286418635976	15.165
656.5	1.9968206623268725	106.673
657.0	1.8094044206770201	79.301
657.5	1.802786990533933	15.178
658.0	1.5923421450875712	20.368
658.5	2.010288700027685	70.671
659.0	1.873129952177935	30.29
659.5	1.2446563523593943	21.636
660.0	1.14440690132287	20.288
660.5	1.450107387200935	145.477
661.0	2.1025263610475577	77.721
661.5	1.182403776347834	242.183
662.0	0.7503190862424421	474.872
662.5	0.7663671008547591	1020.812
663.0	0.8010072379157802	861.886
663.5	0.8922434912275004	52.788
664.0	0.577286284715827	550.414
664.5	3.244683106314553	42.93
665.0	1.7503289651175513	90.741
665.5	1.402976084196695	60.443
666.0	0.900138583001726	30.192
666.5	2.4520090265040655	109.325
667.0	1.4625916075367236	414.539
667.5	0.8228317592327259	109.325
668.0	0.1336269308154514	109.325
668.5	7.61548071189034	14.965
669.0	1.6763948132822633	30.228
669.5	1.3970790007589504	110.957
670.0	1.8754945309193771	17.761
670.5	1.2560491352402086	30.252
671.0	1.9098841974404301	108.581
671.5	1.3518574920514683	16.611
672.0	1.6855888541708421	110.767
672.5	1.7617478416808035	47.301
673.0	1.8119875390799016	90.697
673.5	1.079649792066076	110.736
674.0	2.07987682881684	100.84
674.5	1.8055305775968291	66.583
675.0	1.5636865441951389	90.677
675.5	1.6540916004090442	484.975
676.0	1.606875433652078	32.97
676.5	1.6332199327593364	150.804
677.0	2.038681167602283	100.66
677.5	1.8674288897068205	106.832
678.0	2.1900284125078566	30.23
678.5	1.7094269495764698	110.744
679.0	1.7389734737695017	102.461
679.5	1.7346881954126323	53.487
680.0	1.5640471852216102	70.383
680.5	1.530067586450843	56.611
681.0	1.706094289642154	80.698
681.5	1.6798540479398338	69.246
682.0	1.7309818444137057	109.139
682.5	1.5497598049441517	60.457
683.0	1.9494471216102767	38.155
683.5	1.8091086840643336	30.255
684.0	2.0571488345153064	50.55
684.5	1.6293403724610802	60.486
685.0	1.4759620621834761	445.179
685.5	0.16515580025093773	445.179
686.0	3.178301877989852	116.263
686.5	1.7699780193791317	20.364
687.0	1.8794946229799787	16.928
687.5	2.2054028796540113	131.604
688.0	1.933438030676818	70.562
688.5	2.031237287819552	38.704
689.0	1.8576409423724447	35.186
689.5	1.8365915544633378	60.463
690.0	1.7154641967773798	37.335
690.5	1.76850750930642	70.49
691.0	1.6044497861455582	20.136
691.5	1.850595676394627	99.531
692.0	2.2670143010735115	40.224
692.5	1.7784014306764178	80.694
693.0	2.0402653161843776	100.75
693.5	1.6238284438978383	100.721
694.0	1.8994886122386512	15.216
694.5	1.965174692562236	46.665
695.0	2.2173295390957137	75.763
695.5	2.253163278304852	313.461
696.0	0.46142356869090595	425.057
696.5	1.9515073897674413	100.345
697.0	1.4957305257156372	80.583
697.5	1.9599009391376165	16.827
698.0	2.048480080071684	30.211
698.5	1.8066706683717657	90.616
699.0	1.5135224518853214	65.299
699.5	2.493172763050051	60.322
700.0	2.1604347861863644	68.64
700.5	1.9025101140273628	70.299
701.0	1.8768165358606534	66.128
701.5	2.098266964494371	60.363
702.0	2.09399786680506	100.532
702.5	1.979965351491874	89.441
703.0	1.4451855165062857	90.763
703.5	1.2133428485511362	222.377
704.0	0.6120857435674152	434.778
704.5	2.566450258591591	50.869
705.0	2.1841116862028125	151.369
705.5	1.2587410714441545	455.375
706.0	2.193473449112254	56.724
706.5	1.9260936894858867	110.402
707.0	1.8556773792520853	130.922
707.5	2.1932019533858575	90.72
708.0	1.6838974472208892	46.927
708.5	1.9217705434120274	110.63
709.0	1.8744674169519642	111.196
709.5	1.9004739746402095	40.247
710.0	1.6388974870210946	47.628
710.5	2.2004031449696155	65.524
711.0	1.613317691760707	120.923
711.5	2.0791972121106577	17.882
712.0	2.155503393315079	30.183
712.5	2.0308682006852288	70.544
713.0	1.9037178245489939	37.797
713.5	1.8863825099176863	18.793
714.0	1.9273133607855244	70.577
714.5	1.654582256846598	101.606
715.0	1.6461801850671955	56.099
715.5	1.7539447937177146	50.502
716.0	1.7647899539137029	64.354
716.5	2.7240085279313457	20.17
717.0	2.136059296374524	17.046
717.5	1.5874922347950957	69.569
718.0	1.9299361100940773	30.291
718.5	1.4048805431375246	30.326
719.0	2.3373251502619072	60.375
719.5	1.8556929893998275	40.458
720.0	1.8279141778810084	69.228
720.5	1.5995679173329886	90.817
721.0	2.2439087546354144	100.991
721.5	2.1252817406076927	70.772
722.0	1.7507657925942974	100.645
722.5	1.7937908253630126	90.605
723.0	1.7377054092059352	70.302
723.5	1.3068855941852273	100.932
724.0	1.8711406097117713	80.526
724.5	1.7835577830120202	80.588
725.0	1.806182230456792	131.148
725.5	1.7637716924529296	272.59
726.0	1.6065232418486566	16.69
726.5	0.9312672720404318	462.765
727.0	6.444556949417468	20.497
727.5	1.4849093556352284	46.541
728.0	1.5192315810866166	98.411
728.5	1.5031765663727998	88.681
729.0	1.935400089239147	36.745
729.5	1.4458871532177364	60.45
730.0	1.920727139399318	60.523
730.5	1.5833308986777466	70.277
731.0	2.039812661178409	110.749
731.5	1.892738590601269	130.881
732.0	1.734197475289029	71.058
732.5	1.9300650619005761	70.433
733.0	1.6957670404379555	90.585
733.5	1.867169857247413	90.699
734.0	1.6797288113530733	131.167
734.5	1.9435284755181934	46.63
735.0	1.9949432995907872	90.465
735.5	1.7564245951614577	75.786
736.0	1.5775064986375815	80.463
736.5	2.295009042989087	15.819
737.0	1.6908319478274434	45.687
737.5	1.6898019640581528	30.248
738.0	1.8655743861774414	94.259
738.5	2.318689665603876	46.025
739.0	1.8122388156996725	57.705
739.5	1.872877893170646	91.176
740.0	1.7999728359667986	110.66
740.5	2.332601220865789	49.997
741.0	1.53997339355444	80.508
741.5	1.7534184341381678	30.067
742.0	1.9340881787433999	15.596
742.5	1.6454045577689933	36.423
743.0	2.181669067694284	90.609
743.5	1.7324724424127629	45.145
744.0	2.104160408488251	90.619
744.5	1.7739334967003733	30.338
745.0	1.7593700012061886	70.562
745.5	1.2620764068821118	80.6
746.0	1.8793224180693624	50.377
746.5	1.4003764173457582	60.504
747.0	1.871356538322473	60.53
747.5	1.7074780612478455	70.557
748.0	1.9569788586699277	14.663
748.5	2.207929979165881	97.355
749.0	1.6292887869178003	27.279
749.5	1.9513977370947808	30.317
750.0	3.1940877038735715	80.414
750.5	2.0659881098961943	90.83
751.0	1.3931734044661241	40.297
751.5	2.174534277081199	110.942
752.0	1.769458154537383	90.506
752.5	2.1675519457578916	141.05
753.0	1.606740669045098	30.267
753.5	2.111834231904314	120.752
754.0	2.2246410729982182	50.514
754.5	2.3530655506616656	15.688
755.0	1.4148790272571008	108.419
755.5	1.8965690036900023	80.629
756.0	2.2089825987692766	100.843
756.5	1.383782487311105	110.591
757.0	1.6434478564196937	90.509
757.5	1.500658736849897	120.776
758.0	1.596744595365396	51.658
758.5	2.352514396253814	60.229
759.0	1.3962962580598988	53.186
759.5	2.2421603612608463	45.937
760.0	2.51339332866803	30.175
760.5	1.8219822511839963	46.448
761.0	1.4940069838744698	30.193
761.5	1.743245109673317	47.943
762.0	2.363376174826818	151.435
762.5	1.3748515825990455	434.671
763.0	0.5650212374274584	999.84
763.5	0.3573963338692293	584.47
764.0	2.6636771118882314	90.661
764.5	1.8003425811368212	80.719
765.0	1.7513582175714895	80.845
765.5	2.6184096431661903	50.371
766.0	1.967744359857022	51.321
766.5	1.8059725265280777	66.801
767.0	2.732888498125065	50.756
767.5	1.918078568735063	80.67
768.0	1.8705305475701663	110.662
768.5	1.736242545944447	20.165
769.0	1.7395088545855588	57.302
769.5	1.426301575117473	120.94
770.0	2.030573279337588	17.868
770.5	1.7304004212395285	60.288
771.0	2.1152161447338274	30.175
771.5	1.227731046877588	114.766
772.0	1.6942424662008597	60.489
772.5	2.0157806432481102	120.659
773.0	1.5557996371330396	445.017
773.5	0.12048577332834119	445.017
774.0	2.755998127600337	47.377
774.5	2.128495447272991	444.685
775.0	0.16930292260349722	444.685
775.5	3.1321840026234518	65.865
776.0	1.5084200949664286	16.97
776.5	1.5579965697479758	16.599
777.0	0.9255966033388199	423.442
777.5	0.7629488519116321	434.883
778.0	4.324071895896816	50.299
778.5	1.3266028275785486	16.528
779.0	2.748345110838311	36.783
779.5	1.4885598187616318	100.969
780.0	1.1515242931641783	435.278
780.5	2.6020658522667035	16.954
781.0	2.0586508289941956	70.504
781.5	1.6766410794177273	90.665
782.0	2.2094854372430754	30.206
782.5	2.043199395050704	105.896
783.0	1.4541332073142212	435.263
783.5	0.15109914748857625	435.263
784.0	1.1051041826044388	150.071
784.5	0.846525400501304	1040.41
785.0	2.2511090719050144	453.229
785.5	1.925777950206166	70.471
786.0	1.6784794614894563	68.59
786.5	2.293175653298143	132.647
787.0	1.470825838880519	20.278
787.5	1.493237668775029	252.227
788.0	1.1030148413413476	434.204
788.5	3.077786756739639	18.375
789.0	1.9975051458563164	37.852
789.5	2.0555485431060116	126.83
790.0	2.1626712276365523	50.892
790.5	1.8119704693172083	151.485
791.0	2.142861497439303	89.488
791.5	0.8671014882190236	838.105
792.0	0.8955181287628146	16.707
792.5	0.1417486103459842	16.707
793.0	5.451717551345698	200.951
793.5	2.651052253789816	90.92
794.0	1.6149558059296891	66.911
794.5	2.052940418242378	47.102
795.0	1.6363719009774487	60.31
795.5	1.6333109477610384	70.441
796.0	1.8859215011856876	192.086
796.5	1.3538784439925733	16.149
797.0	0.8058572579970125	818.402
797.5	5.490965412166248	80.61
798.0	1.8663223489752583	110.863
798.5	1.604474764532085	111.659
799.0	1.0212227369374056	445.528
799.5	0.5810300063075365	434.626
800.0	2.2713167773567005	21.142
800.5	0.9697072509171993	222.864
801.0	0.9101095357348442	776.511
801.5	6.585610672072089	192.373
802.0	0.010298704913836144	427.281
802.5	2.9359346680858067	68.392
803.0	1.8632716255140769	50.317
803.5	1.2674687927773636	36.762
804.0	2.258506268886288	70.352
804.5	2.017884926552075	88.379
805.0	1.8080659964647292	232.406
805.5	0.9162760543757262	515.704
806.0	0.7218193905133001	956.141
806.5	0.3199061272683428	701.431
807.0	3.967498490023195	31.059
807.5	3.5619482160360696	45.355
808.0	2.131517766360926	45.8
808.5	2.042153089159109	20.136
809.0	1.818069740089584	100.603
809.5	1.8564180229863823	90.57
810.0	2.647019171643106	60.31
810.5	1.4935574804274268	60.227
811.0	2.209084465698023	20.22
811.5	1.5002444662135295	101.01
812.0	1.2764274509190703	505.572
812.5	2.2823922410571043	33.047
813.0	0.6741639331317826	476.992
813.5	6.737162346977561	40.39
814.0	1.1158792152079537	151.764
814.5	0.6786535370297406	455.177
815.0	5.385484168591702	232.065
815.5	1.0028493950985802	434.618
816.0	2.860245638407923	60.457
816.5	1.900202620030185	30.186
817.0	2.0837462667885998	30.78
817.5	1.7294997381272814	86.963
818.0	1.4784305910076125	76.98
818.5	1.2460486626942198	405.291
819.0	1.7801117881456412	18.181
819.5	3.9176954151418166	70.626
820.0	2.439650842382109	30.249
820.5	1.8814364981396794	39.721
821.0	1.6317314507796212	202.156
821.5	0.8841412716953138	414.788
822.0	2.0385027268835394	24.641
822.5	0.7797648284186164	448.213
823.0	2.1615491971528993	38.209
823.5	1.9538556566344427	30.224
824.0	1.8194259761719096	110.669
824.5	1.9845118287083898	110.869
825.0	2.0505242155867585	60.594
825.5	1.4832881890943228	45.01
826.0	2.127501705615873	220.044
826.5	0.8289931159602468	485.097
827.0	1.9687753617639345	90.09
827.5	1.301662855554191	87.868
828.0	1.8084188024606334	66.485
828.5	2.207143773408871	40.345
829.0	1.6386583932063068	80.582
829.5	1.5035763168143568	414.214
830.0	1.6818894121417276	19.289
830.5	2.9434791239696225	46.663
831.0	1.558410755679285	108.422
831.5	2.5439968335559118	72.541
832.0	1.6612415700636178	444.715
832.5	0.1535031957200877	444.715
833.0	0.3584870104243758	706.325
833.5	1.7709100619308278	25.327
834.0	3.1109808680753055	16.389
834.5	0.974009914813303	17.762
835.0	1.8818940422441641	1013.378
835.5	1.5592222475992095	406.415
836.0	0.5196633734504771	425.021
836.5	3.8807375465799154	90.579
837.0	1.7739069581140818	242.548
837.5	0.7637666474201944	414.512
838.0	1.0390588588214424	1014.943
838.5	0.06818718952601023	400.156
839.0	1.1335595189993115	1548.792
839.5	1.4386896815092596	29.334
840.0	1.8060606296244566	445.634
840.5	0.17963355307924922	445.634
841.0	3.71048220548302	44.255
841.5	1.2892589710472375	100.636
842.0	2.519560146931361	23.612
842.5	1.5551043224971157	111.044
843.0	2.1726143898672157	89.456
843.5	1.9519392538781055	60.335
844.0	2.653794569520334	105.656
844.5	1.965867798596952	51.98
845.0	1.961324610579088	110.648
845.5	1.6622929110746687	100.971
846.0	1.5294911956601882	60.341
846.5	1.7723242771014194	108.873
847.0	1.577216076311782	434.562
847.5	2.515286121670618	202.525
848.0	2.324165010414623	548.17
848.5	0.9081566867085558	829.654
849.0	3.239365821212784	139.433
849.5	2.0275738661010596	128.09
850.0	2.0721926980859755	18.446
850.5	3.20186283174899	80.747
851.0	1.9391030277619201	67.526
851.5	1.8701644461886269	60.514
852.0	1.4410894269063599	118.604
852.5	1.7553388759941435	100.714
853.0	2.5060886743240087	15.577
853.5	1.8422626334004184	50.439
854.0	1.6121857353462217	16.525
854.5	2.1753973815656744	60.527
855.0	1.997228605052673	46.62
855.5	1.3828842125377732	16.882
856.0	2.049017122712064	15.338
856.5	2.7745852766533114	40.314
857.0	1.655870482331641	30.216
857.5	1.7570269997034118	40.285
858.0	1.9769713351675215	151.616
858.5	1.1776818664741697	434.914
859.0	2.896837003806564	15.519
859.5	1.9644296428045145	72.172
860.0	1.900958788195704	36.075
860.5	2.2285271211697752	30.215
861.0	1.8455028745858812	20.141
861.5	1.6764008055252007	15.082
862.0	1.8687445483407086	17.478
862.5	2.0435349189958485	100.636
863.0	1.9136134113936372	110.54
863.5	1.648676856017181	80.603
864.0	1.4010000822801854	475.089
864.5	2.1375089398191465	150.629
865.0	1.5384621421538185	454.994
865.5	2.5213691699042156	77.237
866.0	1.9714237518059954	79.402
866.5	1.5454911132179001	182.261
867.0	0.851032953583497	525.763
867.5	0.6832056248535995	280.801
868.0	1.1612202905307243	446.021
868.5	4.224130845021115	17.431
869.0	1.333349930211961	68.324
869.5	1.831474665240909	90.669
870.0	1.5635642529881975	25.886
870.5	2.0162073653799255	50.521
871.0	1.883750700572025	40.006
871.5	1.9944854572295443	60.546
872.0	1.566491947411289	99.776
872.5	1.8555623318123178	88.708
873.0	1.682413330014724	192.122
873.5	0.9465139424000529	445.064
874.0	0.6444415230222964	380.47
874.5	1.6877781895091126	46.266
875.0	1.682514830914424	39.905
875.5	1.735304375741669	77.377
876.0	1.8454245716847224	110.896
876.5	1.8554490779770216	60.463
877.0	1.8811473420244444	85.009
877.5	1.5314184754769096	80.679
878.0	1.942674686000375	30.288
878.5	2.153410209852834	127.808
879.0	1.2951127491493388	90.494
879.5	1.762557760031254	16.546
880.0	1.7095865502126524	70.517
880.5	1.403534157640691	90.49
881.0	1.5442907527976315	30.178
881.5	1.8655925782203104	16.568
882.0	1.5918238196838965	16.89
882.5	1.430419266321443	110.708
883.0	1.9465980661150726	70.461
883.5	1.4710404233359822	110.875
884.0	1.4397498309610128	51.756
884.5	2.1180321252741594	90.505
885.0	2.045236497152145	70.577
885.5	1.9076405773871472	130.682
886.0	1.9991175447530096	40.312
886.5	2.0936692246034037	100.629
887.0	2.384916021253295	46.624
887.5	1.5606929976705073	90.459
888.0	1.3590852175622121	70.571
888.5	2.058411396700794	80.142
889.0	1.558547771505095	54.858
889.5	2.0280131670685915	110.6
890.0	1.1139572563490199	140.946
890.5	1.9191462086367084	110.781
891.0	1.6607598659346794	121.161
891.5	2.3241961151774015	110.69
892.0	1.5977232086100779	16.579
892.5	1.8921111912665076	70.619
893.0	2.2594076591206487	434.429
893.5	0.2949985375273417	920.962
894.0	0.49222732241605616	615.874
894.5	3.2169078659754087	107.438
895.0	1.6830551484809753	80.575
895.5	2.0836918560268853	24.302
896.0	1.7220567326942975	28.74
896.5	2.077231713863455	45.708
897.0	1.698580683448492	91.017
897.5	1.7988443469892723	52.635
898.0	1.3925524412772425	90.535
898.5	1.5835175370775223	16.247
899.0	2.2000060060322335	18.801
899.5	1.8180214461025017	30.469
900.0	1.3886402217393456	120.646
900.5	1.7421817731308276	67.781
901.0	2.0019954356938157	40.368
901.5	1.6474275965410237	434.749
902.0	0.7557999445726238	26.064
902.5	0.12704034280245938	26.064
903.0	0.9741788666046536	705.23
903.5	2.451583305939503	80.405
904.0	2.3963509174786775	50.322
904.5	1.9839386791097946	96.25
905.0	2.0474862136478773	70.438
905.5	1.709235200472409	56.0
906.0	1.6727994910534407	60.495
906.5	2.232878150175914	50.437
907.0	2.2236549281402693	66.139
907.5	1.543659545318814	60.437
908.0	1.681989636361832	50.521
908.5	2.329941162846362	37.469
909.0	1.2253550204750252	80.529
909.5	1.756217507256069	90.449
910.0	2.1101922670681916	19.478
910.5	2.0397151166208802	130.886
911.0	1.3994577073242325	90.709
911.5	1.4957690977781677	100.678
912.0	1.6078440288101263	134.802
912.5	1.9132462387893743	20.184
913.0	2.004157050175101	20.105
913.5	2.079497707110073	90.694
914.0	1.6458881914150758	454.872
914.5	1.105316882165698	82.731
915.0	3.104831249197824	20.873
915.5	1.791815186559295	30.306
916.0	1.8169811261033926	60.412
916.5	2.015395285295753	40.348
917.0	1.7940370766165734	21.19
917.5	1.437857451447329	70.553
918.0	2.1479925089982372	30.346
918.5	2.056652770545732	45.241
919.0	2.190239175554187	60.486
919.5	1.4684637455356253	50.42
920.0	1.899027449081994	20.134
920.5	1.6108005198760178	80.631
921.0	1.6635667474721165	90.693
921.5	1.4836989377460688	30.152
922.0	1.8078026513125156	120.93
922.5	2.079451131441851	70.473
923.0	2.3316622188819456	90.768
923.5	1.5497271812358273	80.645
924.0	1.9364276400943865	85.632
924.5	1.9571047040747271	30.215
925.0	1.4482532686151297	131.003
925.5	1.6861928103477142	68.878
926.0	1.5810935229423584	70.4
926.5	1.5802813800607545	110.738
927.0	1.5246783372917299	100.604
927.5	2.251493065221428	90.654
928.0	1.632176198214664	15.027
928.5	1.6284025152353274	139.638
929.0	1.4039534308176909	120.99
929.5	2.046892074779189	19.801
930.0	1.5813861008223624	40.263
930.5	1.6104662153636164	46.679
931.0	1.7438080470393686	100.555
931.5	1.4458139469374927	60.418
932.0	1.8327804953871607	100.668
932.5	1.9952960135639282	97.16
933.0	1.7321902869366586	202.239
933.5	0.6545810795281451	475.427
934.0	3.0579193702203207	28.353
934.5	2.0684416525729117	76.627
935.0	2.1854230926009786	30.288
935.5	2.1807457504444177	70.764
936.0	1.7700415123049953	80.61
936.5	2.5890793028070003	50.258
937.0	2.157025169684421	90.612
937.5	2.448517777472392	45.77
938.0	1.408480863770482	121.17
938.5	1.5676013065634136	90.62
939.0	2.288950989676269	90.603
939.5	1.3974487365619912	20.493
940.0	1.574682518828704	45.692
940.5	2.5215298097841488	60.446
941.0	1.5676001299898057	50.465
941.5	1.6848735438698457	100.947
942.0	1.3175111235453618	434.547
942.5	0.6115173072643726	240.944
943.0	3.167095948014524	21.226
943.5	2.6423789536948843	90.571
944.0	1.887862918876056	24.72
944.5	1.8724124980265255	77.567
945.0	2.066098976503946	80.415
945.5	1.7067827104651103	100.845
946.0	2.2235046889570564	262.419
946.5	0.666605357416975	454.583
947.0	1.9093892989381662	288.395
947.5	1.0465560812047043	491.428
948.0	1.9101515306379282	50.416
948.5	1.3326635360927968	122.141
949.0	2.1784824380252665	14.836
949.5	2.376862958856704	36.417
950.0	1.6544151880022406	16.799
950.5	1.8425296472754729	65.569
951.0	2.0606121029824687	30.21
951.5	1.7049208791116992	44.702
952.0	1.6385832121242083	60.348
952.5	2.1170904143399323	88.144
953.0	1.881544203391717	130.752
953.5	2.509552604633514	110.96
954.0	2.002303654507108	45.73
954.5	2.0075923908735347	77.365
955.0	1.6228593549323365	76.527
955.5	1.8946490818618542	80.617
956.0	2.1702543377951873	70.498
956.5	1.8228886503518371	98.741
957.0	2.2830629181919164	130.933
957.5	2.0073629516042777	30.234
958.0	1.8601149631952176	46.304
958.5	1.577110947267454	30.208
959.0	1.8142434362762367	231.424
959.5	1.0786480729287804	495.136
960.0	0.5400012511475151	1010.481
960.5	0.8298984459193707	822.671
961.0	1.8768574931641073	90.936
961.5	1.1481014242731042	445.64
962.0	0.45600812324936374	999.205
962.5	0.43566872307899207	633.544
963.0	5.514251425032344	100.53
963.5	1.4308491628873332	20.319
964.0	1.4149351736979512	131.057
964.5	2.009936743795234	114.883
965.0	1.7562393632500735	90.791
965.5	1.7971694891308705	108.199
966.0	1.6128925043036075	76.542
966.5	1.630104735142052	65.358
967.0	1.5925093891989048	90.596
967.5	1.7427683486565673	100.775
968.0	2.224344551562632	30.212
968.5	2.32350690478906	29.032
969.0	1.590752886770602	18.026
969.5	1.4275207759682116	100.881
970.0	1.7574121779962235	70.6
970.5	1.6019330656943669	100.678
971.0	1.9187092563185109	23.755
971.5	2.414387667348134	46.357
972.0	1.0909989774517272	121.955
972.5	2.188680021549328	92.163
973.0	2.0393789571992067	182.18
973.5	0.8162033216753994	435.332
974.0	0.6131456261415528	1011.342
974.5	0.427058572387588	678.709
975.0	1.9222697495218362	110.882
975.5	2.1086235128775432	110.861
976.0	1.556436217527546	191.991
976.5	0.7104295249150216	435.174
977.0	2.439643477124009	50.402
977.5	1.9486425169598935	15.844
978.0	2.175121712852073	50.48
978.5	3.153710224653476	17.612
979.0	1.870713731403745	110.63
979.5	2.46145174297336	50.492
980.0	1.7395935369559443	15.419
980.5	1.6611167503144513	90.558
981.0	2.216507782154358	112.84
981.5	1.5967399479796218	80.652
982.0	1.6644749208559337	90.56
982.5	1.7470707571833601	50.284
983.0	1.9140063857949616	120.794
983.5	1.8476672027346384	46.607
984.0	1.4422439226688708	80.561
984.5	1.5418304066685045	90.736
985.0	2.1106909388526107	74.962
985.5	1.9992050388505982	33.104
986.0	1.7990718134957921	20.319
986.5	1.5803769780709496	30.235
987.0	1.793441041605896	50.448
987.5	1.7913221194891649	80.608
988.0	1.4060731172572942	50.611
988.5	1.785103724219295	70.696
989.0	1.9068057393596802	45.153
989.5	1.8381519644650917	110.821
990.0	1.9199108973485757	181.94
990.5	0.9065855538182994	434.732
991.0	0.8698013858502065	1008.627
991.5	2.958327724473144	90.68
992.0	1.9838146581637446	19.01
992.5	1.9283094996361174	131.297
993.0	2.333722530140138	70.447
993.5	1.7425594552121855	171.672
994.0	1.2930315382719515	414.878
994.5	0.7170364224008379	978.197
995.0	1.2098142427948941	746.673
995.5	1.1053640267815257	36.223
996.0	2.0499704003031316	151.822
996.5	0.12502748112376977	151.822
997.0	4.787747415664749	76.04
997.5	1.4308880345080528	100.818
998.0	1.658967293268073	70.396
998.5	1.6181627682253874	15.016
999.0	1.9080146261394342	90.437
999.5	1.879804464392281	70.619
1000.0	1.6331415524212063	47.613
