0.5	0.14166950333475192	16.152
1.0	2.5441882016604307	21.078
1.5	0.8328938496453502	39.468
2.0	1.4565028839811718	30.41
2.5	0.5665197889923589	130.818
3.0	0.9877871553386904	13.418
3.5	0.5794162899067149	40.325
4.0	0.4741281853290969	35.098
4.5	0.6907500212897157	80.095
5.0	0.3723840008275725	20.142
5.5	0.6279881452594949	15.246
6.0	0.6718590327968587	15.634
6.5	0.37823481405926784	120.141
7.0	0.45938230095196125	110.757
7.5	2.8784998813047973	102.259
8.0	1.790591064631876	60.439
8.5	1.6151154508801313	70.422
9.0	2.188942104053814	106.969
9.5	1.3427702739503744	213.114
10.0	2.250677154778792	63.805
10.5	1.635650766715434	43.259
11.0	1.5700892022982949	88.211
11.5	1.2175350704488728	131.121
12.0	1.589316526279264	80.423
12.5	2.0287821680898124	60.475
13.0	1.6636304387079326	15.348
13.5	1.9777503844321371	90.598
14.0	2.2052586475576956	130.741
14.5	1.6115444946746005	42.302
15.0	1.8093152068384564	16.304
15.5	1.5183383309401217	110.474
16.0	1.5901315840806005	113.752
16.5	2.6219586519829914	200.46
17.0	1.7552083649088923	81.142
17.5	2.094214856050949	50.325
18.0	2.0548434335099066	60.509
18.5	1.4511971697403652	67.775
19.0	1.6308019621022456	24.414
19.5	1.6429868488390513	80.537
20.0	1.4999984442467895	110.794
20.5	1.4459375338710008	60.224
21.0	1.9374264527487013	40.161
21.5	1.6102267402362442	80.598
22.0	1.543489434293313	190.975
22.5	1.9833074821197332	17.008
23.0	1.755923709706173	90.66
23.5	1.5058088199889714	20.16
24.0	1.8748510660872792	60.86
24.5	2.107894431224895	100.626
25.0	1.8329263807395855	100.713
25.5	1.9751531255432357	110.737
26.0	1.6039189557710005	60.301
26.5	1.8133830329479756	68.208
27.0	1.9477192168296116	161.247
27.5	1.7071006878478363	50.313
28.0	1.7278796055338332	120.777
28.5	1.6504173038936745	14.776
29.0	2.1638481740832023	20.289
29.5	1.627336126269783	108.29
30.0	1.6209284504170556	100.884
30.5	2.25119714743137	77.081
31.0	1.414392411051189	80.438
31.5	1.9127075018475728	100.609
32.0	1.6893400788414341	80.613
32.5	1.774538779488195	16.722
33.0	1.5515108704608078	80.42
33.5	1.5336037725756095	141.45
34.0	1.8552397960735825	181.698
34.5	0.7393255345573604	435.196
35.0	4.3389613984979105	110.721
35.5	1.5249096295967928	110.797
36.0	1.6007959582658353	90.646
36.5	2.068642475163014	86.531
37.0	2.005064446713079	40.315
37.5	1.892539542161141	92.955
38.0	1.8262213519647685	34.726
38.5	1.8153477468968646	80.432
39.0	1.7829493918261896	192.12
39.5	1.5292978406371804	444.711
40.0	1.7223271893572443	189.017
40.5	4.449635281373385	121.184
41.0	1.3106524166342322	80.391
41.5	1.4696662294969236	515.07
42.0	2.9348900866580165	100.625
42.5	2.145922848049246	70.38
43.0	2.1953826647918775	54.649
43.5	1.6565280581264548	70.402
44.0	2.5161983240000674	20.213
44.5	1.544118020482134	80.572
45.0	2.004817553218786	191.692
45.5	1.894841773172606	50.578
46.0	1.9492821973155776	130.75
46.5	1.9559456662015373	35.653
47.0	1.6590533880871925	90.728
47.5	1.6534296155489652	20.199
48.0	1.7864362686931679	34.822
48.5	1.62985998470217	15.008
49.0	2.2543508894164463	77.349
49.5	1.852866692082462	20.175
50.0	1.9205574196645703	50.293
50.5	1.544521081068041	199.556
51.0	1.7917914814368106	50.488
51.5	1.8199815055689417	80.581
52.0	1.5187032750013947	90.551
52.5	2.2775895596211058	80.497
53.0	1.8118634267341758	14.711
53.5	1.623577375309762	40.347
54.0	1.611722422704333	110.882
54.5	2.02375259431894	70.441
55.0	1.776386149965819	80.291
55.5	1.1716276411737705	344.152
56.0	1.6292808108552046	100.657
56.5	2.701911198058396	101.124
57.0	1.5336304719869165	130.831
57.5	1.7006320647359416	46.484
58.0	1.3329285947137122	70.488
58.5	1.8999200706305626	80.404
59.0	1.9552706084182043	40.292
59.5	1.8760221474452046	80.421
60.0	2.746145368102027	20.248
60.5	1.5954054254292935	35.044
61.0	2.4360198094797614	50.42
61.5	1.512649461059614	49.668
62.0	2.1863384631313596	154.653
62.5	1.9863386596170556	13.795
63.0	1.988103606897418	70.525
63.5	2.049519458115886	70.379
64.0	2.055438631185179	120.875
64.5	1.8917565722740062	13.722
65.0	2.0398269172321646	117.754
65.5	1.9010103720919165	80.743
66.0	2.053308258555164	20.274
66.5	1.657231797441565	70.604
67.0	1.6333100015024613	20.287
67.5	1.6553065597759298	212.035
68.0	1.5947988232371877	148.899
68.5	2.935894973716519	171.574
69.0	2.11502656908075	80.424
69.5	1.6083759313995236	130.955
70.0	1.7415138490385063	60.342
70.5	1.8328118113898082	18.318
71.0	2.3673171119169294	110.642
71.5	1.7666671701931393	100.66
72.0	2.585555800091218	126.656
72.5	2.162758975500698	34.716
73.0	1.3786079033729883	152.027
73.5	2.4770425174423925	151.292
74.0	1.633539361316008	34.679
74.5	1.8985330972622065	80.292
75.0	1.342856246785201	80.701
75.5	1.3758068288243444	444.816
76.0	2.2138963918496755	50.328
76.5	1.9638903689633596	100.647
77.0	1.953937256137796	80.579
77.5	1.9027548556329263	50.308
78.0	1.643868620771848	14.562
78.5	1.8824756772409492	110.378
79.0	1.3777815118274088	97.846
79.5	1.9024209218009827	60.38
80.0	2.2995492072545765	50.341
80.5	2.067238844060512	35.518
81.0	1.5093990306673104	139.8
81.5	2.503426573805817	20.137
82.0	1.4281298682973764	38.24
82.5	1.924544161651553	151.038
83.0	1.7073973428441702	17.518
83.5	1.7397059170270521	433.95
84.0	2.518306072664135	91.026
84.5	2.7718095540078243	345.878
85.0	2.8151634217337587	90.541
85.5	2.5596555898601574	60.3
86.0	1.8490312842958347	113.3
86.5	1.6864014040218414	80.445
87.0	1.981616309221786	58.952
87.5	1.893300681699158	76.402
88.0	1.9225848566197514	34.198
88.5	1.7208310402981966	81.713
89.0	1.6162347780858732	129.413
89.5	2.5324423397289357	14.41
90.0	2.486271861829036	82.098
90.5	1.6174849303387249	54.291
91.0	2.2141249821268683	70.067
91.5	1.9512734425072122	130.946
92.0	1.2229344574756804	211.449
92.5	2.1128044470256406	211.165
93.0	2.744421220970753	60.358
93.5	1.859936662396478	40.308
94.0	1.8789138901970155	110.845
94.5	1.480724959416321	80.66
95.0	2.237464311577152	70.445
95.5	1.620642179293342	34.676
96.0	1.762337785629616	70.503
96.5	1.4694735039640263	100.764
97.0	2.534707801671552	45.891
97.5	2.1589670288288305	20.303
98.0	1.5671803657826178	130.807
98.5	1.9479469002352825	60.075
99.0	1.618679761649742	27.722
99.5	1.6255918995587553	80.48
100.0	1.9338786171908597	15.756
100.5	2.3365165193839372	138.998
101.0	1.9350062926535656	24.759
101.5	2.3152901636884518	51.121
102.0	1.6430710937083097	50.449
102.5	1.683527698032513	47.628
103.0	2.2571287461138447	263.238
103.5	2.44080406541634	14.147
104.0	1.863830050383274	80.527
104.5	2.552949254724834	272.863
105.0	2.173094051088905	96.405
105.5	2.2935064604221203	232.83
106.0	2.0949757539683973	60.335
106.5	2.23261806318704	70.53
107.0	2.8740867288115193	91.178
107.5	1.4922251222308727	212.379
108.0	1.204596868926442	674.501
108.5	0.15465107494784683	674.501
109.0	1.6899981389061554	95.725
109.5	2.6233804123033186	85.927
110.0	2.190457048844719	14.995
110.5	1.8456527693152363	104.758
111.0	1.6307443939886717	34.672
111.5	2.2783733488747138	60.285
112.0	2.0318879505176644	70.472
112.5	2.3354824782248853	89.641
113.0	1.0404299865328128	80.416
113.5	2.709339316532014	191.809
114.0	2.6009053244763702	60.295
114.5	2.2025598681105927	50.1
115.0	1.1960857056241057	91.03
115.5	2.197403555047524	90.592
116.0	2.156732275983404	60.238
116.5	2.662573670181494	60.171
117.0	1.1141317352905589	70.296
117.5	2.012183398725564	80.606
118.0	1.8457234467367263	62.218
118.5	1.6798243424896349	114.67
119.0	2.4615938376390387	80.65
119.5	1.8741377862660107	120.761
120.0	2.217886147940061	15.028
120.5	2.061586702776594	16.561
121.0	2.0954326130977505	50.449
121.5	0.9804317692356783	17.163
122.0	3.199648237828033	98.276
122.5	1.8930180321238539	249.323
123.0	2.439877112355816	50.287
123.5	1.5507415210404334	130.886
124.0	2.055345658031204	42.579
124.5	1.6114594695683075	80.507
125.0	1.5323332534853444	130.846
125.5	2.334341403865045	20.133
126.0	1.7463749118774028	120.793
126.5	1.8417808217507872	50.212
127.0	1.935697958043426	60.571
127.5	2.3094698331789156	60.404
128.0	2.015894479546978	80.585
128.5	1.6292427245738659	120.712
129.0	2.596429413021328	86.674
129.5	1.7776958980331332	14.902
130.0	1.7831492249187657	50.421
130.5	2.507035861721348	60.438
131.0	1.4252826459769474	16.055
131.5	2.0391323008794764	60.505
132.0	1.6567234559149593	36.374
132.5	2.012007655765685	78.818
133.0	1.7586323672915165	60.376
133.5	1.920525967738035	50.287
134.0	1.991137257158675	50.434
134.5	2.027920207752258	90.536
135.0	1.8029867851008055	65.465
135.5	1.3753588587263368	70.546
136.0	2.039278285392441	222.42
136.5	1.2513464451788947	35.004
137.0	2.010706774932299	90.627
137.5	1.6625261299962235	60.479
138.0	1.6644122245687594	33.502
138.5	1.816036875931493	60.348
139.0	2.725378275043455	20.831
139.5	2.1390252314660945	34.267
140.0	1.856922759131539	20.148
140.5	2.111165955951937	265.461
141.0	2.0453594479646586	14.524
141.5	2.2799273076136677	18.43
142.0	1.3759353256663183	14.481
142.5	2.1255494326877717	20.151
143.0	2.1013596225778928	14.585
143.5	1.9089559482964449	112.56
144.0	1.509410833252772	80.586
144.5	2.0692119541350817	40.204
145.0	1.967661153157763	70.415
145.5	1.8865175035376598	60.393
146.0	1.6187275441871896	120.974
146.5	2.0548962396017956	110.845
147.0	2.3488887246439853	14.409
147.5	2.309276528481524	80.747
148.0	1.3103174305518683	75.325
148.5	2.1399337277301123	36.384
149.0	2.1698372772023635	101.269
149.5	1.5668562040137386	131.15
150.0	2.068113869870146	60.273
150.5	2.410413419219194	20.48
151.0	1.7683428713220397	60.378
151.5	1.6167000804608216	100.671
152.0	1.6911942465420633	40.127
152.5	1.9131586869006125	40.268
153.0	1.5945188272057662	60.48
153.5	1.56356134923384	70.34
154.0	1.5869520799055783	40.346
154.5	1.6759309522861876	137.801
155.0	2.220308016044976	80.553
155.5	1.4213336056230033	100.789
156.0	2.4578806232431973	20.214
156.5	1.816751226143576	64.098
157.0	0.9120922299318935	104.512
157.5	1.538884764969842	130.881
158.0	1.552601693726094	20.035
158.5	2.404136568672456	20.131
159.0	1.7362120414737416	91.121
159.5	2.0344407548293084	41.153
160.0	1.6649009483939725	37.354
160.5	1.4118156967500737	42.838
161.0	1.157804551633518	36.494
161.5	2.4056256964721903	60.445
162.0	1.7993967927074042	110.805
162.5	2.4078148682523497	14.382
163.0	1.9793289360729898	80.641
163.5	1.773019954069798	36.741
164.0	2.9777734108133522	21.025
164.5	2.1398929532010103	111.624
165.0	1.104184488301204	80.553
165.5	1.6575514129336097	60.049
166.0	1.7870841039741632	13.974
166.5	1.9403640788248024	51.05
167.0	1.4656052601555118	14.528
167.5	2.388927134009914	60.392
168.0	1.8621760863229586	81.145
168.5	2.0293696849927305	15.847
169.0	1.7512367364783665	60.451
169.5	2.0512357528964205	40.395
170.0	1.6390601271731828	80.621
170.5	2.271233468412148	19.917
171.0	2.034793139773497	50.376
171.5	1.8381965681765855	50.311
172.0	1.5146438484582578	60.516
172.5	1.6275737482725767	34.531
173.0	1.9885627525615694	131.072
173.5	1.8648861348298285	171.975
174.0	1.808345291284462	212.417
174.5	1.5779554696124314	778.502
175.0	3.157166994774435	99.829
175.5	2.2836553870102962	80.613
176.0	2.0042331850432067	50.308
176.5	1.6684967996312945	110.84
177.0	2.5694236437069784	60.134
177.5	1.7666734297064692	107.507
178.0	1.7277013258757545	80.38
178.5	2.318525409421685	50.405
179.0	2.3197606881588264	86.095
179.5	1.9980338160553182	110.681
180.0	1.773514937079973	90.572
180.5	2.247406079898377	50.548
181.0	1.458621563720295	85.176
181.5	1.531243952822898	80.604
182.0	1.9182147521544408	87.26
182.5	1.6353885905606405	20.173
183.0	1.854269324160823	15.481
183.5	1.003091847070684	95.285
184.0	2.4116835321246146	20.225
184.5	1.5818198478654304	60.404
185.0	1.8123201475438482	60.408
185.5	2.416597005445145	24.453
186.0	1.7243318775107228	65.046
186.5	1.4533246815363037	94.898
187.0	1.977311089704006	141.365
187.5	1.4227781942943754	50.436
188.0	1.9240907137743584	14.802
188.5	2.1014887212344364	67.552
189.0	1.2749218596010834	60.522
189.5	2.207767305250491	80.601
190.0	1.8966623887560294	130.878
190.5	1.7983711949927987	77.655
191.0	1.671298941803946	110.784
191.5	1.7164193233999452	141.274
192.0	2.340304919158189	85.482
192.5	2.20056799775449	110.661
193.0	1.8874019796079196	25.597
193.5	1.4877923125274621	50.233
194.0	2.0652789472908766	50.323
194.5	1.4511893779312734	20.148
195.0	2.148933055671144	80.543
195.5	1.9316588511797992	191.217
196.0	1.5973134604469623	50.379
196.5	1.4889395555098017	20.069
197.0	1.504915162071953	59.59
197.5	2.0437808172185354	43.527
198.0	2.3968599756529607	81.101
198.5	2.6956367846068208	21.032
199.0	2.120532941943178	80.711
199.5	1.8276217618762818	213.741
200.0	1.3017152140036443	364.997
200.5	0.8938269904071124	964.852
201.0	1.4119301456574493	86.232
201.5	5.043682502600212	50.605
202.0	1.870197363715654	65.265
202.5	2.3609599053641173	50.808
203.0	2.033281045894241	80.54
203.5	1.1954700448345184	426.957
204.0	0.7523831667614376	444.499
204.5	1.2391211757132488	112.11
205.0	1.9918604724075046	70.656
205.5	2.1618033147675195	70.536
206.0	2.222623039942381	60.545
206.5	2.0789202963710665	60.434
207.0	2.4633110179661197	14.209
207.5	1.6513290890943961	70.553
208.0	2.316362550381291	15.1
208.5	1.488837622929812	130.918
209.0	2.019620377094104	80.441
209.5	1.9760055639551692	35.029
210.0	1.8980691341260805	20.256
210.5	2.180017540377799	90.636
211.0	1.8734311205874072	92.339
211.5	1.8249122927180432	130.971
212.0	2.4407259414800166	100.826
212.5	1.55620610125803	82.2
213.0	2.169699089201284	90.404
213.5	1.5100135346294836	100.679
214.0	2.4201007213604706	16.569
214.5	1.8561708271969517	14.177
215.0	1.5373035582438417	14.561
215.5	1.6808910201146168	140.708
216.0	1.9125835009339125	68.189
216.5	1.9450050359386508	36.043
217.0	2.0465484735573787	50.314
217.5	1.6230856557152886	34.208
218.0	1.6078671318063391	80.615
218.5	1.868005700197467	64.728
219.0	2.4470881006434433	98.33
219.5	1.7433122589786918	40.388
220.0	1.7367605695314967	15.217
220.5	2.6404116628780248	76.107
221.0	2.164000719118778	20.144
221.5	2.2764647232409336	120.682
222.0	2.3645356482150945	212.221
222.5	1.3333040197267216	20.15
223.0	2.7102138920595054	14.781
223.5	1.8058482890418408	20.309
224.0	1.078529778989892	60.58
224.5	2.035400234868433	30.062
225.0	1.653896857401662	45.264
225.5	1.4546813301676376	48.689
226.0	1.6440861662448896	16.766
226.5	2.270072232587146	130.753
227.0	1.4920912948327578	129.898
227.5	2.2845293855724282	60.386
228.0	1.5294417417218917	14.285
228.5	2.838740916973581	90.578
229.0	1.7672349732336097	117.176
229.5	2.0396523519068284	120.844
230.0	1.7382045106748045	37.297
230.5	2.2904572722029135	100.82
231.0	1.4749501396998026	100.742
231.5	1.5294573327246674	100.642
232.0	1.8081647408098405	80.461
232.5	2.237058503911469	70.277
233.0	2.1350017388740414	70.562
233.5	1.706336158169449	14.612
234.0	2.1366587745024823	45.142
234.5	1.9359836605455203	65.172
235.0	1.9428577871488155	16.346
235.5	1.9779395052957642	64.142
236.0	1.9396488730864714	23.752
236.5	2.019419662291511	36.667
237.0	2.4569770128724784	90.781
237.5	1.604231533513476	36.124
238.0	1.4528512336186656	80.483
238.5	1.9152645296150248	40.337
239.0	1.9547434230672804	95.508
239.5	1.7388879496472809	60.392
240.0	2.065089219763307	90.509
240.5	2.444708766395131	60.449
241.0	2.1013835983058167	130.521
241.5	1.5381224572427439	70.37
242.0	2.2083158754049426	35.261
242.5	1.6576198795710573	18.397
243.0	1.9651850951752619	152.216
243.5	2.0944508192014877	212.343
244.0	1.6347195009764568	70.41
244.5	2.6296825806603996	70.531
245.0	2.4268834635662606	75.905
245.5	1.798368266339168	20.135
246.0	1.758293715595837	26.22
246.5	2.2873479120461546	14.989
247.0	2.1652370627415456	15.1
247.5	1.249684301059766	46.763
248.0	1.952744892045688	20.246
248.5	1.393352184986755	70.513
249.0	2.15724778947314	172.088
249.5	1.732093496363713	30.294
250.0	1.472290371921136	90.657
250.5	1.5851303766449385	60.431
251.0	2.498614491533055	104.712
251.5	1.4203825440746982	47.239
252.0	2.178457479787527	14.861
252.5	1.890193736186371	535.256
253.0	2.467510320779159	60.449
253.5	1.582791538397464	20.149
254.0	1.838623679148038	13.878
254.5	1.993603199218936	120.907
255.0	1.7141972281906264	112.021
255.5	1.8604550765416212	70.577
256.0	1.6363349910142906	55.448
256.5	2.3293271258776573	181.801
257.0	1.4348469310734155	80.579
257.5	1.6676018865216	155.739
258.0	1.7109554893084145	80.468
258.5	1.7912690169249377	151.578
259.0	1.8448037909343635	50.254
259.5	1.7059911996984811	50.238
260.0	1.7225412051936466	14.374
260.5	2.1145452628050383	101.604
261.0	1.848764116068819	131.116
261.5	1.9165176078316462	170.338
262.0	2.1919050164720644	14.212
262.5	1.345480723271578	100.518
263.0	1.6075069503603336	20.14
263.5	2.7007896666247846	40.041
264.0	2.0599909270601273	30.108
264.5	1.6758796664118203	50.436
265.0	1.7351769336016853	60.303
265.5	2.5622840177983552	20.089
266.0	2.069476241888646	131.039
266.5	1.9164936306056843	70.488
267.0	0.17829331464032938	15.262
267.5	7.0145746532474735	36.958
268.0	2.0911865152409055	67.194
268.5	0.657603420300165	14.54
269.0	1.1136482982184277	36.347
269.5	1.1803294388758037	29.491
270.0	1.106782597859684	24.631
270.5	0.585899940588198	139.709
271.0	0.8530302027201895	120.825
271.5	1.604707321177848	119.157
272.0	1.2215863700704104	60.47
272.5	1.1063311655107009	100.693
273.0	1.1343195915069915	70.323
273.5	0.5084272983916267	126.714
274.0	0.34722029413669186	137.585
274.5	1.4907297547969727	87.955
275.0	1.2331808525238934	135.581
275.5	1.5059651268411072	36.759
276.0	1.4485985346629173	61.018
276.5	0.9599328091704186	135.135
277.0	0.8153143094032715	33.891
277.5	2.762695052040624	80.395
278.0	1.521310924274787	14.532
278.5	1.346170876760811	80.541
279.0	1.5435381169647377	47.933
279.5	1.4287073616752906	60.429
280.0	0.8851575490479617	80.608
280.5	1.4216443395422247	131.049
281.0	1.5764917336264832	86.349
281.5	2.704221439134992	60.217
282.0	1.0391692481293444	75.309
282.5	1.7505873914497017	50.386
283.0	1.3218339610680425	40.384
283.5	1.356164516440152	130.911
284.0	2.1070256513255754	50.193
284.5	2.2439488677785713	19.988
285.0	1.7662954544508713	63.541
285.5	1.945419124859895	50.639
286.0	1.1610131849278726	455.424
286.5	0.16348802852798225	455.424
287.0	4.5342889653513625	30.389
287.5	1.767946760059617	70.303
288.0	2.074704362598743	86.231
288.5	2.376881781212093	35.769
289.0	1.737608720387936	182.222
289.5	3.3956502455263426	14.375
290.0	1.5631895910547176	60.194
290.5	2.1317371653934085	70.461
291.0	1.9717267831061702	60.449
291.5	2.507465399288723	60.329
292.0	1.909695470270119	80.435
292.5	2.74086954727374	20.314
293.0	2.0424856367186055	80.719
293.5	2.050534390204129	90.569
294.0	2.5267019745294945	90.75
294.5	1.9976004787882735	80.405
295.0	1.6797095570835467	424.894
295.5	3.3939447664944313	40.08
296.0	2.2307761770242607	306.753
296.5	2.0155657416791377	141.989
297.0	2.4956320225500424	30.3
297.5	2.8067338074933077	454.742
298.0	1.5191160011917342	182.274
298.5	1.610319168216906	192.112
299.0	1.413895005501804	282.857
299.5	1.2157109853099466	629.369
300.0	2.1227222346221746	160.924
300.5	1.4842634615829606	111.27
301.0	2.1662951369188432	211.901
301.5	2.3783623565868703	595.822
302.0	2.1586747263547097	497.782
302.5	3.714478146481447	70.423
303.0	1.4180456651584838	182.477
303.5	4.453439052299594	162.158
304.0	2.8550487869517256	163.499
304.5	1.4906357868517317	42.255
305.0	1.6147148751588798	70.488
305.5	3.083737463992229	128.624
306.0	2.220332273327461	80.421
306.5	2.102989027761774	131.519
307.0	1.4525550346568077	114.994
307.5	1.0594226177584074	18.309
308.0	2.7315586518517643	60.179
308.5	2.288705655713792	80.481
309.0	2.0144403976365766	16.47
309.5	1.8806583827865577	94.951
310.0	1.8743882209311742	110.693
310.5	1.6772574105052187	70.519
311.0	1.7567185265025653	20.178
311.5	1.3462603679594864	15.456
312.0	1.8861896825241053	80.385
312.5	1.9733077181640266	15.677
313.0	1.4441106237284875	46.997
313.5	1.5678920706280122	33.156
314.0	1.9371534046308714	20.137
314.5	1.539865403218018	80.656
315.0	1.5679179929206475	15.051
315.5	1.4670358493766327	17.436
316.0	2.2140188496432565	110.702
316.5	2.234082924709793	40.354
317.0	1.635371093527638	70.071
317.5	2.197042933371053	74.422
318.0	2.3074072284676252	14.881
318.5	1.7045736255947301	60.385
319.0	1.678981785903	13.895
319.5	2.420702616279575	90.935
320.0	2.228529132111651	54.309
320.5	2.1339645724282312	60.197
321.0	1.8683410421017324	47.118
321.5	1.8507944463443904	100.618
322.0	1.5761560728627046	354.049
322.5	2.261721038667369	110.574
323.0	1.564742884493279	70.444
323.5	2.230516862051399	80.294
324.0	1.4954336757785778	80.907
324.5	2.3265390370511914	18.857
325.0	2.2808995370096543	121.257
325.5	1.2573655560096197	101.728
326.0	2.0205093595669608	38.168
326.5	2.3635129983471286	50.473
327.0	1.5615605265220907	20.758
327.5	1.7789611399584688	60.176
328.0	1.8027993043531823	50.461
328.5	1.6812167768793023	131.968
329.0	3.0450996783834414	101.877
329.5	1.7848415575518426	21.54
330.0	2.1707631330620774	60.373
330.5	1.4493314482016832	80.686
331.0	2.507465655888715	60.234
331.5	2.540364789920816	20.201
332.0	1.825659118790266	36.419
332.5	2.1034064672534583	50.641
333.0	1.8341472311973068	94.418
333.5	2.0036625866800293	80.454
334.0	2.2880174095772077	80.579
334.5	1.8226265256817555	90.582
335.0	2.0322862176227243	20.242
335.5	1.5094741958772027	90.652
336.0	2.070641261359931	22.096
336.5	1.9974658575689908	90.536
337.0	1.6695650175742196	34.661
337.5	1.172667443206681	70.537
338.0	4.031024703313699	70.2
338.5	1.4472562524733716	110.736
339.0	1.7590657324931018	34.09
339.5	1.4383195746064588	114.299
340.0	2.771969953502278	25.293
340.5	2.4769615844007107	70.659
341.0	2.1274770753981067	40.097
341.5	1.6219163957348666	25.625
342.0	2.1007074881732053	70.448
342.5	2.0836908093132074	40.306
343.0	1.708898175672208	60.178
343.5	2.495284856402338	70.51
344.0	1.4961485084809643	105.797
344.5	1.6751760220251781	15.168
345.0	1.836991486142402	40.343
345.5	1.825003814239051	50.418
346.0	1.6046134199426312	80.597
346.5	1.3489782863801065	88.346
347.0	2.8280831148798655	14.8
347.5	1.8536409250533425	60.567
348.0	2.070968406932731	20.178
348.5	1.879947554073301	20.226
349.0	1.6294984931729768	100.701
349.5	1.5193022402946672	20.162
350.0	2.0946804162082713	20.273
350.5	1.7752269699332155	65.726
351.0	2.1863689550965657	34.578
351.5	1.6927337181101583	76.191
352.0	1.6083393758575928	96.54
352.5	1.9943635632865693	40.217
353.0	1.8740396988863808	70.566
353.5	2.3143357782950544	141.067
354.0	2.2489641005530707	80.366
354.5	2.170286562380992	13.208
355.0	2.1548358988572196	20.159
355.5	2.1181607002471794	77.189
356.0	1.4620676699577586	110.647
356.5	2.190935626433447	41.566
357.0	2.5171042124361507	37.521
357.5	1.8374473841133996	16.206
358.0	1.5843567259296407	26.194
358.5	1.8386446641776886	415.249
359.0	1.726939147672512	50.368
359.5	1.0203844902309152	15.745
360.0	2.551481267661282	100.44
360.5	1.1629869432361741	51.994
361.0	1.8152729970988613	181.8
361.5	2.100576526252614	104.491
362.0	2.2768330673809336	93.683
362.5	1.7500556447635627	120.906
363.0	1.7675365046546592	76.768
363.5	4.204236123340653	80.22
364.0	1.8309968527171252	161.657
364.5	2.8254960014341126	51.762
365.0	2.133566754119734	64.967
365.5	1.85571882953345	60.382
366.0	1.946130249173541	34.229
366.5	1.3663609241677133	70.516
367.0	0.1306899417712042	53.565
367.5	1.0810219921650313	617.168
368.0	0.45963808356339025	823.994
368.5	1.5804397757850743	1649.925
369.0	0.5495393990569506	1875.528
369.5	1.0301505557602069	1229.814
370.0	0.15440312211285878	114.114
370.5	0.13035637262548036	51.202
371.0	0.5716624656553473	19.592
371.5	0.543611592549959	70.495
372.0	0.571184765459981	100.787
372.5	0.6402923684764577	38.964
373.0	0.48039582302221334	40.769
373.5	0.5150645099035802	151.052
374.0	0.8015834729100496	120.886
374.5	0.5001192921394777	50.365
375.0	0.4807622856114847	43.679
375.5	0.6815172690855447	120.811
376.0	0.48354993321703577	242.194
376.5	0.6196414029390808	716.15
377.0	1.0236893389519384	21.642
377.5	0.47819243628446434	100.656
378.0	0.6920403135501639	99.906
378.5	0.349573812561027	132.843
379.0	0.37962356316453794	78.324
379.5	0.8190006654610187	150.611
380.0	0.46593926676646547	120.883
380.5	0.5129146503261683	40.522
381.0	1.0437330112350882	22.404
381.5	0.5071513397074363	140.944
382.0	0.6959452716672178	90.571
382.5	0.8695621064720913	130.76
383.0	0.484386114154614	19.399
383.5	0.6764497011253621	21.953
384.0	1.2658720383208333	444.283
384.5	0.1377814547044283	595.257
385.0	1.4463495708670617	1132.863
385.5	0.6981887564354855	54.699
386.0	0.437856934555624	88.1
386.5	0.4142306316126354	20.532
387.0	0.8412312697170339	30.609
387.5	0.34718293793600163	110.841
388.0	0.38196950923584105	201.601
388.5	0.8641636367409417	504.762
389.0	0.4544384385403703	992.295
389.5	0.8102485777149263	17.263
390.0	0.7659036262086986	110.787
390.5	0.5344091949162022	20.337
391.0	0.48317222228927137	130.951
391.5	0.7075048026716254	63.941
392.0	0.5438945834176813	110.748
392.5	0.3996369237621115	80.537
393.0	0.6204435757011442	100.661
393.5	0.5089979941940622	90.637
394.0	0.4379779305876942	121.029
394.5	0.7428572402161887	20.658
395.0	0.6453685769027028	116.389
395.5	0.471068111301421	137.428
396.0	0.709789410846221	332.527
396.5	0.6695704214165897	726.225
397.0	0.9882291422651328	42.582
397.5	0.3896816816813615	40.448
398.0	0.46950080726361504	52.409
398.5	0.78021809213742	100.701
399.0	0.39201861378074815	43.664
399.5	1.0271849923298826	1367.05
400.0	2.324405380202432	608.27
400.5	0.8467568377812112	409.704
401.0	0.5197834508172988	584.065
401.5	0.1615857695205877	584.065
402.0	0.1728964172634723	584.065
402.5	4.154434434263845	50.43
403.0	0.5563430290303998	100.747
403.5	0.4166598726603996	32.991
404.0	0.3551071880654599	38.19
404.5	0.6912327349643782	50.414
405.0	0.4995610965299281	116.984
405.5	0.35288012217398834	130.972
406.0	0.7517225419789468	70.455
406.5	0.3826253584397872	50.414
407.0	0.4170737973700664	18.5
407.5	0.7194465654940913	90.716
408.0	0.4558542515354718	80.552
408.5	0.47861316407055277	50.506
409.0	1.0348670134465903	70.557
409.5	0.6524241197353221	116.901
410.0	0.5535725422530839	47.342
410.5	0.6396297219108186	17.743
411.0	0.5930098392401075	24.56
411.5	0.5647430149202137	30.495
412.0	0.7953219671558128	80.611
412.5	0.4899172546042967	39.471
413.0	0.38156578254695034	105.208
413.5	0.709807796109018	17.317
414.0	0.3287748915254747	65.769
414.5	0.43882346499304786	63.464
415.0	0.7447688965939568	50.444
415.5	0.471890834441306	120.948
416.0	0.497830086080456	121.017
416.5	1.7301366010085897	146.722
417.0	0.8283875873381141	141.338
417.5	0.32157721208999496	655.726
418.0	1.3419148642170577	46.99
418.5	0.45016614210363226	60.479
419.0	0.4396407259320236	49.119
419.5	0.6287587441878455	19.01
420.0	0.44302732667720096	120.909
420.5	1.8420454017443306	90.088
421.0	0.6490763538676841	17.103
421.5	0.48377412533282493	110.936
422.0	0.9857129637873805	124.873
422.5	0.4330750276359482	110.876
423.0	0.4857277010566427	110.798
423.5	0.5451670063349157	41.023
424.0	0.49079439606079006	21.965
424.5	2.5976238674341112	17.605
425.0	0.562507578428429	103.684
425.5	0.9063762307007575	60.18
426.0	0.41642108933741573	60.472
426.5	0.44888290396829666	26.872
427.0	0.6300704881976817	57.15
427.5	0.43461776560617593	99.446
428.0	0.39487437887996735	69.054
428.5	0.75820281880312	21.193
429.0	0.5332821529873498	17.969
429.5	0.6073697186576696	43.909
430.0	25.349057638339346	34.703
430.5	0.17893134882273665	13.094
431.0	6.759874482759843	64.58
431.5	0.1789061237017181	19.234
432.0	2.300793743370139	50.449
432.5	8.088891402884467	30.188
433.0	1.7708890413136726	32.98
433.5	1.8144064943981562	70.598
434.0	2.5435927389450104	50.474
434.5	1.304197013873839	38.865
435.0	1.5828354015613273	141.349
435.5	1.5291297573481157	50.291
436.0	2.0337402743173927	80.555
436.5	1.6678066469635062	16.035
437.0	1.9868610433393	20.124
437.5	2.0107165310566666	72.192
438.0	2.256584593237859	126.031
438.5	1.4918299567866486	100.689
439.0	1.6669530296934336	11.235
439.5	2.1127970788472124	100.483
440.0	1.9912096863668054	14.911
440.5	1.7662262269988969	64.164
441.0	1.9762302057041343	94.595
441.5	2.1519186782111484	201.798
442.0	1.9562427599201695	62.239
442.5	1.5060514454663008	18.487
443.0	2.652899434447034	756.434
443.5	1.753384534622595	10.962
444.0	0.14533423229742462	13.468
444.5	0.9791668006509862	344.127
445.0	1.9421153132909965	20.476
445.5	13.689079239506714	15.335
446.0	2.179117744217217	1092.286
446.5	1.9630194322864534	12.759
447.0	2.1484598983440986	87.84
447.5	1.5616928865670117	50.362
448.0	1.4975750668551362	13.791
448.5	0.5639597439104602	2051.901
449.0	2.1468152257434907	21.61
449.5	2.1377331518264366	90.77
450.0	1.7940212297959577	50.239
450.5	2.266876840405805	100.639
451.0	1.9637801617266926	30.283
451.5	2.198898705345387	50.176
452.0	1.8753716361709447	42.107
452.5	2.0617192738047536	131.082
453.0	2.074974332144878	40.24
453.5	1.9770369686452731	14.856
454.0	2.265024086094544	90.779
454.5	2.1372395372555633	70.591
455.0	2.1699090924338553	40.315
455.5	2.2962798060484113	100.685
456.0	2.275461717359793	30.353
456.5	1.5704453099327056	48.214
457.0	1.532006929083335	31.704
457.5	1.5686401384100783	55.079
458.0	2.188204991169898	75.818
458.5	1.6509409449286838	20.219
459.0	2.1779980578801594	60.51
459.5	2.209506611119	110.184
460.0	1.6999145069988268	201.11
460.5	1.7750978841219789	20.139
461.0	1.4432070006868916	56.886
461.5	1.956725194822532	352.228
462.0	2.569235494099032	146.317
462.5	2.524717811407392	50.392
463.0	1.599568442005638	43.644
463.5	1.6891284280512207	82.935
464.0	1.6759520425137826	60.437
464.5	1.8946634720738593	388.245
465.0	2.08470175978357	17.499
465.5	1.8855934250421313	54.674
466.0	1.9725227826081455	512.295
466.5	2.0714250259153077	34.138
467.0	1.5838168144162812	40.241
467.5	0.5987028234887033	607.963
468.0	1.4368636528369074	120.962
468.5	1.3600930153068254	110.46
469.0	1.4795954535606992	60.477
469.5	1.666037184935062	1562.286
470.0	2.2378604230546073	70.818
470.5	1.5133034240978531	30.166
471.0	1.0760642926821335	60.388
471.5	1.4614423815163855	121.049
472.0	2.3618676436451578	151.626
472.5	1.6851512708263139	120.817
473.0	2.0405938959810155	20.159
473.5	1.7386371534321226	100.443
474.0	1.9017777350529812	80.393
474.5	1.743248347992045	70.417
475.0	1.8168134523191886	60.21
475.5	2.0862635683488184	90.703
476.0	2.1723564131240707	37.994
476.5	2.25498006259339	60.39
477.0	1.796390604198286	16.743
477.5	1.5856070638607744	81.72
478.0	1.7096684554204382	20.351
478.5	1.8020088538713643	50.397
479.0	2.1221257731963634	49.316
479.5	2.145310706902111	60.454
480.0	1.9142571958449806	68.376
480.5	1.8936605972903817	37.183
481.0	2.3955543231724095	70.392
481.5	1.4161377554498105	30.265
482.0	1.7054808141226248	17.246
482.5	1.5132914935354036	100.56
483.0	1.3137550175850592	100.665
483.5	1.948989197190995	60.271
484.0	2.6149219635843197	30.271
484.5	1.6441541944979354	40.631
485.0	2.780402447150797	60.867
485.5	2.003143570965158	77.928
486.0	1.5594965386488928	90.513
486.5	1.3176504962899522	120.84
487.0	2.3619566915240493	90.549
487.5	2.2850413991186924	100.764
488.0	1.4993467005006547	120.812
488.5	1.616352786471791	32.665
489.0	2.144233028866717	20.058
489.5	1.9207300017537412	86.066
490.0	2.309894280303984	91.963
490.5	2.2378400804436924	92.275
491.0	1.8128634217564792	79.32
491.5	1.9512564328863027	21.954
492.0	2.035403869785193	50.282
492.5	1.733097091551394	11.503
493.0	1.592582359840526	45.352
493.5	1.455005811778693	32.206
494.0	1.47211840639619	34.172
494.5	1.2710776449831496	70.483
495.0	1.1883555883405958	78.604
495.5	1.713640372654632	119.759
496.0	1.9462264653568688	11.69
496.5	2.016867563926717	76.242
497.0	2.053126449842924	201.83
497.5	2.068977309599045	51.334
498.0	1.5562562261185644	57.637
498.5	1.8840694949899641	36.034
499.0	2.091690444091085	60.413
499.5	1.9798646675709561	80.382
500.0	1.5990585153325412	30.171
500.5	2.3659629252249164	41.649
501.0	2.2496304269882765	30.084
501.5	1.6116170547360738	110.623
502.0	1.7205815240593532	38.635
502.5	2.4210236314590348	40.229
503.0	2.6935489834755026	12.436
503.5	2.1712532387798587	70.346
504.0	1.6992745643101963	70.369
504.5	2.2991891877318866	60.406
505.0	1.8723389798310928	32.57
505.5	1.827685874481813	50.854
506.0	1.6054034671402677	73.567
506.5	1.7330986183926713	100.75
507.0	2.0490998887853213	100.804
507.5	2.369233286322021	100.627
508.0	2.4321611417382645	121.269
508.5	1.5581839553737948	90.652
509.0	1.7413602051784032	90.701
509.5	1.8267633476382317	50.517
510.0	1.7652829758998247	98.322
510.5	1.6437780443106171	140.546
511.0	1.7074539390086387	19.755
511.5	1.3420313712085996	160.988
512.0	1.6252030369367902	106.115
512.5	1.7328692168285185	81.724
513.0	1.6952424820313254	36.471
513.5	1.7807819378726137	72.794
514.0	1.8106556754982512	60.363
514.5	1.903941461379356	120.861
515.0	1.6569273703719751	63.718
515.5	1.998485146290607	43.372
516.0	1.8480297763386906	80.553
516.5	1.2922781700904662	30.64
517.0	1.338257746690919	30.663
517.5	2.3496226979866077	64.72
518.0	2.0957972820254342	50.22
518.5	2.024888705481937	90.485
519.0	1.463414496338118	90.492
519.5	2.210614874350877	91.416
520.0	2.594037455358752	40.302
520.5	1.4605993513789082	70.494
521.0	1.7376288693721573	70.477
521.5	0.33486357009688955	16.912
522.0	0.38241125882474225	96.099
522.5	3.263446269768965	100.66
523.0	3.64159767283874	120.908
523.5	2.038589659130586	100.818
524.0	1.69225221160485	100.806
524.5	2.0521779362389743	76.236
525.0	1.8676710520312918	74.55
525.5	1.3589350534436127	100.779
526.0	1.574718095315292	100.769
526.5	1.9903069351099882	44.362
527.0	1.779760883971254	20.229
527.5	2.36208042527059	100.79
528.0	2.0048648232698056	80.768
528.5	1.5911728181453042	74.831
529.0	2.134152813711498	62.889
529.5	1.8746945847925178	40.249
530.0	1.6726603667024027	14.084
530.5	2.327335937173766	60.45
531.0	1.6916745746876536	13.841
531.5	1.9707118920219766	40.277
532.0	2.18177043954792	54.698
532.5	1.7501962629400085	110.519
533.0	1.6498088858096034	110.583
533.5	1.5341945345148442	12.022
534.0	1.1807980977749744	13.129
534.5	2.082845859207083	17.442
535.0	2.5583317766446236	21.134
535.5	1.7820109603002252	69.056
536.0	2.1761037124148337	72.553
536.5	2.2843763214334474	70.161
537.0	1.9238924474908583	107.747
537.5	1.8035033035065584	19.992
538.0	1.692398167345142	19.999
538.5	1.9414865132638421	50.336
539.0	1.7384259630479888	130.801
539.5	1.667661817397098	12.149
540.0	2.155674191512829	60.359
540.5	1.5413425765943667	30.212
541.0	1.9218609841031487	80.215
541.5	1.5504386729009634	35.001
542.0	1.4174954302070124	70.344
542.5	1.8712418312946337	20.239
543.0	1.961078355234571	60.424
543.5	1.6843746344108477	65.469
544.0	1.8071514524497878	64.648
544.5	1.7672916603262543	100.646
545.0	1.8372478772502663	53.7
545.5	1.8761757226518496	90.77
546.0	1.725940048091786	146.564
546.5	2.230973880263337	14.989
547.0	2.3568772679246184	30.132
547.5	1.4744497336435973	100.768
548.0	1.4753610041311005	100.763
548.5	2.4429559308886093	80.634
549.0	1.9685851165904091	100.898
549.5	1.4169555878500517	75.447
550.0	1.781156194406622	77.781
550.5	2.137293198727889	95.873
551.0	2.14595815793001	95.159
551.5	1.6869941075832113	20.104
552.0	2.1285783835896925	30.622
552.5	1.0916521332101141	12.174
553.0	1.4568904106104577	100.629
553.5	2.1241926303378267	20.181
554.0	2.027641778395883	20.188
554.5	2.10389649442378	20.102
555.0	2.0633462641529334	72.311
555.5	2.1347262113476173	50.147
556.0	2.20279410668163	32.394
556.5	1.8170638628356002	120.779
557.0	1.5419583903008258	69.862
557.5	1.5245446047000553	80.409
558.0	1.7220402961854862	30.191
558.5	1.9376196742930054	60.398
559.0	1.8215757292745247	60.393
559.5	1.9180600723417482	16.467
560.0	1.8725425824169988	80.604
560.5	1.4268265945415488	11.6
561.0	1.5982830770820369	53.091
561.5	2.0048662881885035	49.177
562.0	2.064188667552829	46.967
562.5	1.5717393901003052	110.863
563.0	1.7127201312911637	110.878
563.5	2.1285170142865013	30.215
564.0	1.956148733217082	30.22
564.5	1.5620641319968662	100.831
565.0	1.4191677961408915	100.897
565.5	1.6784628286550543	60.259
566.0	1.6761471455863177	60.284
566.5	1.7930751685705129	109.698
567.0	1.9153508777716102	110.447
567.5	2.281089196188529	100.621
568.0	2.2019053831001156	33.076
568.5	1.2612142908060344	36.806
569.0	1.718763805486529	80.604
569.5	2.2131348688920394	115.738
570.0	2.0554439003077496	15.445
570.5	2.29629119880512	120.767
571.0	2.2716217392490057	120.777
571.5	1.8496326348729013	93.992
572.0	1.6381285790977267	37.791
572.5	1.7021822504650377	40.255
573.0	1.4446093920822236	14.693
573.5	2.020495377535295	36.632
574.0	2.5998228344788057	59.122
574.5	1.884808396465769	50.462
575.0	1.8812525117104482	80.67
575.5	1.7545230149098419	63.447
576.0	1.816539390729931	80.615
576.5	2.2601266490391945	60.333
577.0	2.2773730635376586	16.942
577.5	2.1561153057362037	70.036
578.0	1.5569077322142006	100.828
578.5	2.300882746113051	60.191
579.0	1.7265513637370726	60.285
579.5	1.3885144728960057	103.721
580.0	1.8133824070831217	117.082
580.5	1.7556815558772085	33.799
581.0	1.5018569648409454	63.979
581.5	2.2097569984925096	66.993
582.0	1.6799845838512997	32.046
582.5	2.3465463481677453	14.187
583.0	1.8249758343247435	20.1
583.5	1.6222567528571123	50.732
584.0	1.7347901456985422	110.994
584.5	1.6474838355247177	18.208
585.0	1.30336873164413	26.692
585.5	1.8148357760019855	40.242
586.0	1.5620227883507154	40.186
586.5	1.8354151921049962	20.132
587.0	1.8919858565814738	20.042
587.5	1.3772069726358094	80.6
588.0	1.3473176936801292	80.611
588.5	1.8103966250618222	98.178
589.0	1.3413402231749016	43.48
589.5	1.7536934419295467	80.395
590.0	1.7280610752112728	35.059
590.5	2.2526068418929714	40.144
591.0	2.250970008139609	39.812
591.5	1.7269816518384287	46.94
592.0	1.4087062081052821	45.293
592.5	1.4310385844110665	60.348
593.0	1.7960698637674324	60.27
593.5	2.1302111868694436	80.542
594.0	2.1008007032232263	55.283
594.5	1.6719985129922608	92.947
595.0	2.0590047331849335	70.561
595.5	1.4515361699481835	40.748
596.0	1.4980061022553046	57.425
596.5	1.966938809246975	110.614
597.0	1.9567441916038526	40.279
597.5	2.0541533194959194	109.129
598.0	2.320917381722825	78.109
598.5	1.7120013674492458	90.722
599.0	1.7891765039413814	90.616
599.5	1.361375304891268	60.359
600.0	1.56310280383427	60.565
600.5	1.475552880718434	20.166
601.0	1.9490374474508134	80.436
601.5	1.7622881289659222	14.776
602.0	2.320465498041771	30.215
602.5	2.0237302651093514	40.297
603.0	2.0454869233075	40.32
603.5	1.469720336505923	80.636
604.0	1.2171123176399319	80.617
604.5	1.5981376546946588	64.56
605.0	2.2823851703988565	13.061
605.5	2.4290049211825124	74.159
606.0	2.0655326165787358	60.089
606.5	1.584636203235319	80.442
607.0	1.493805502330209	30.231
607.5	1.5428899539592182	120.932
608.0	1.3883481500984631	122.705
608.5	2.688077018827164	50.192
609.0	1.944035140376593	52.14
609.5	2.0491190472868612	50.129
610.0	1.818106695052825	20.114
610.5	2.363972810206259	20.09
611.0	1.8783308421243936	100.61
611.5	1.6077214630517795	110.621
612.0	1.5248662093751373	30.209
612.5	1.8115081641683575	90.52
613.0	1.8169934758760051	52.271
613.5	1.8834313066430761	60.636
614.0	1.9641504274116086	35.033
614.5	2.0213300334139426	120.8
615.0	1.7619715310771262	80.596
615.5	1.4290968329088138	30.224
616.0	1.8654960238920628	80.564
616.5	1.562538233366421	107.807
617.0	1.7449219789417558	80.996
617.5	2.0987730174747243	67.429
618.0	2.2612757403100976	94.231
618.5	1.85433979908287	70.519
619.0	1.573840629779043	67.576
619.5	1.791470730701966	141.479
620.0	1.895073464071156	80.423
620.5	1.53940445628704	70.539
621.0	1.3451031365736033	41.214
621.5	1.7971433654048616	100.181
622.0	1.9028553928319407	14.315
622.5	1.188611499696428	90.724
623.0	1.281683712848974	12.687
623.5	1.861687813123786	15.495
624.0	1.7788346033386175	80.294
624.5	1.5064153429382012	90.62
625.0	2.033880666965689	30.209
625.5	1.9633775480033715	84.892
626.0	2.470114884263279	93.572
626.5	1.3958078124323001	141.382
627.0	1.4207346669533512	45.906
627.5	2.2865533416693062	40.201
628.0	2.4200806235895995	40.325
628.5	1.6770555497968154	70.516
629.0	2.0456497858436	70.517
629.5	0.14528199256573476	17.628
630.0	1.8738662360416376	60.471
630.5	1.6200016364215462	33.741
631.0	9.188030702049712	40.233
631.5	1.6982496206176432	50.381
632.0	1.8222160178757558	100.684
632.5	1.755868693859881	15.08
633.0	1.5880802301048391	90.736
633.5	1.759931152765852	50.378
634.0	1.6879549294175444	90.643
634.5	1.896122793499715	90.575
635.0	1.7610563137651498	90.656
635.5	2.369943168736078	150.695
636.0	2.348927379171279	20.205
636.5	1.6875819341048999	23.067
637.0	1.894968902247114	13.579
637.5	1.5017412900267662	64.627
638.0	1.3839113361908963	126.115
638.5	1.3632344569571555	80.444
639.0	2.4701781005822085	30.231
639.5	2.05027231659922	48.397
640.0	2.1505436046932394	20.081
640.5	2.475036588333783	30.253
641.0	1.9975997282694142	70.32
641.5	1.6355373888705578	80.536
642.0	1.9700312525196066	70.531
642.5	1.4996845899497306	70.588
643.0	2.074346811540139	167.906
643.5	1.8705961516639316	90.455
644.0	1.9373082103128776	90.365
644.5	2.4152405644623847	127.941
645.0	1.8752344020603295	12.895
645.5	2.0513493846803876	32.454
646.0	1.8766072523133952	148.934
646.5	2.050816505270959	33.798
647.0	2.68302429558145	50.231
647.5	1.6325194689079778	149.126
648.0	1.6540840176117093	70.461
648.5	1.5591697668286721	68.509
649.0	2.050791391540581	81.326
649.5	2.074255800461683	20.336
650.0	1.9773048595958946	20.029
650.5	1.9734411204725015	131.032
651.0	1.2596787405773855	90.418
651.5	1.8619971667568362	90.517
652.0	1.9246164346316919	60.453
652.5	1.8760854554305157	35.813
653.0	1.4751935502888114	80.412
653.5	2.22212115630063	60.703
654.0	2.3275973025744006	70.524
654.5	1.989705537669046	20.15
655.0	1.4075792212462908	100.927
655.5	1.6236275088916974	44.648
656.0	1.593240621329764	130.892
656.5	1.9770805909029923	80.64
657.0	2.0330831261642657	33.404
657.5	2.2171562888966823	36.363
658.0	2.398085813554198	50.93
658.5	1.730119480984193	89.739
659.0	1.6562743404249816	89.623
659.5	1.5751026701140225	80.262
660.0	1.5916527872921404	15.871
660.5	2.1754335061845205	12.395
661.0	1.8600169172064638	80.552
661.5	2.0288868824445707	50.475
662.0	1.434090338409629	50.46
662.5	2.391641986751062	50.298
663.0	1.8686839520896592	80.638
663.5	1.8994551160590307	80.85
664.0	1.9192552995577667	131.437
664.5	2.258484749640618	50.414
665.0	1.57168298232247	70.493
665.5	1.8368199565509462	17.66
666.0	1.752011536455889	58.756
666.5	2.1005385339973905	96.682
667.0	1.5245027906542785	48.051
667.5	1.8894500561505367	60.436
668.0	1.8478252546702023	55.29
668.5	1.9373568269558907	26.238
669.0	2.0453722466932565	60.369
669.5	1.6735889183631845	60.372
670.0	2.4264629967607796	36.004
670.5	2.4281872909184496	40.352
671.0	2.131999620447301	40.348
671.5	2.323296661401381	110.502
672.0	1.2586707478905357	70.564
672.5	1.7404259708518997	70.568
673.0	1.2830710370350003	120.919
673.5	1.6358424652449193	80.641
674.0	1.811117908138939	131.962
674.5	1.4974401879186372	64.989
675.0	1.5414484363458052	97.378
675.5	1.9330262924883932	66.821
676.0	2.1994709175572282	80.301
676.5	1.9195175634454449	130.905
677.0	1.5543356849615457	90.389
677.5	2.0155505283340944	100.335
678.0	2.139398534412721	70.344
678.5	1.555787504206778	30.224
679.0	2.051676439116876	80.729
679.5	1.471171830239363	10.994
680.0	1.850718679476388	90.584
680.5	2.029795339808781	60.525
681.0	2.316810533380342	90.758
681.5	2.3219158964184246	31.973
682.0	2.100692238710207	30.209
682.5	2.345127653964564	60.368
683.0	1.5664129241619755	19.963
683.5	1.9386664697041127	76.453
684.0	1.3893101232708063	50.359
684.5	1.6790447593279834	99.594
685.0	1.9905437027817614	70.243
685.5	1.915759332973202	36.807
686.0	2.076018795877879	45.913
686.5	2.11071802234098	50.685
687.0	1.1061106651669252	100.534
687.5	1.166514411606143	100.56
688.0	2.0476431355720006	72.035
688.5	2.4377341401805155	40.149
689.0	1.4452527668369743	151.101
689.5	1.7042101597359733	73.657
690.0	1.9445966447580925	131.047
690.5	2.093881030584398	130.965
691.0	1.4020820727629595	104.444
691.5	1.2787882565091866	60.338
692.0	2.187791697628864	32.787
692.5	2.551246264997353	25.429
693.0	1.6153792976341332	60.438
693.5	1.3697611563489989	60.532
694.0	1.671407094851409	40.141
694.5	2.115373892073354	113.731
695.0	2.029243928585662	30.161
695.5	1.7075628461651768	30.227
696.0	1.8442857774842765	80.645
696.5	1.5374345140306724	42.577
697.0	2.0481348216267667	80.406
697.5	1.7362891489507504	80.42
698.0	2.1917826453123803	60.35
698.5	2.2619750270099876	60.227
699.0	1.7332862649748007	50.4
699.5	1.8151469571004122	71.164
700.0	1.9364867305820563	66.529
700.5	1.6106341299432059	131.166
701.0	2.2170626314193562	12.342
701.5	2.1434849401935883	14.789
702.0	1.5674635749983934	70.488
702.5	1.3911026415487617	130.913
703.0	1.516200674034071	70.475
703.5	1.2934539950208261	192.432
704.0	1.7936108901805985	80.447
704.5	1.5878247631594786	150.75
705.0	2.63444122531523	20.168
705.5	2.3198036808319173	50.23
706.0	1.6156696027263282	18.416
706.5	1.4794729008439707	40.207
707.0	2.278236534916729	24.149
707.5	2.6253253597279054	30.299
708.0	1.7405191012591832	11.863
708.5	1.8455036792614716	70.877
709.0	1.8102380878807998	20.192
709.5	2.4487191311376346	39.015
710.0	1.3300729562780154	130.628
710.5	1.003845756153126	65.086
711.0	2.2389928189651265	76.813
711.5	1.6595728928310816	11.915
712.0	1.799078036064341	109.279
712.5	2.0395633200521686	60.153
713.0	1.5928119138578496	50.481
713.5	2.041274740742073	10.941
714.0	1.4060767565124275	80.533
714.5	1.7001370491904757	80.531
715.0	1.6019658162658545	60.415
715.5	1.5145467656247809	90.646
716.0	2.0500927850482293	14.106
716.5	2.2312718649302488	70.207
717.0	2.3146432871301976	30.214
717.5	2.528932029199668	12.953
718.0	1.7206604473457785	39.591
718.5	1.8674998529872402	32.691
719.0	1.5357283433130617	80.6
719.5	2.033181388845828	40.27
720.0	2.2791874172637523	14.715
720.5	2.2266065114922515	120.932
721.0	2.4290695086984035	70.42
721.5	2.221453832354804	14.119
722.0	1.433501148060718	100.555
722.5	1.7097198203837198	100.623
723.0	2.2647051690013096	37.938
723.5	1.7679913655618977	167.044
724.0	2.000389963887291	34.759
724.5	2.0823527555830403	16.274
725.0	2.303074324454296	23.588
725.5	1.784872389190266	11.578
726.0	1.496615143430165	120.977
726.5	1.4132757372578781	60.508
727.0	1.6800953034991677	44.83
727.5	2.14695087768351	20.149
728.0	2.3121619773436817	80.599
728.5	2.2469587691175494	80.592
729.0	1.892632442236328	93.195
729.5	2.2978020678835973	95.933
730.0	1.225694355138742	90.675
730.5	0.98192838910468	42.912
731.0	2.160347284246068	65.946
731.5	2.135629824473825	50.252
732.0	2.5617812917323453	50.435
732.5	2.4314160159528058	30.028
733.0	2.012720228091995	110.52
733.5	1.9192654967483498	110.563
734.0	1.3476927878097398	15.145
734.5	1.3419005901732783	12.051
735.0	2.060686469582708	130.797
735.5	1.5614460876734342	130.821
736.0	1.834799246825519	54.565
736.5	2.213674009481722	70.353
737.0	2.1019936383950015	15.803
737.5	2.085990818124086	34.704
738.0	1.5165975722846903	49.625
738.5	1.5735862520232013	20.256
739.0	1.4776303560263757	67.82
739.5	1.5768852970375047	80.494
740.0	1.4692568091097786	50.395
740.5	1.5104870487275377	90.777
741.0	1.870925673614097	60.444
741.5	1.790300137552603	37.034
742.0	1.8524900477209532	25.73
742.5	1.7511041606354223	70.394
743.0	1.7544335066868015	100.688
743.5	1.6377761737996568	88.492
744.0	1.90987924611918	30.22
744.5	2.1220653376350618	60.431
745.0	2.0407310368677516	115.79
745.5	1.6273825071332457	109.928
746.0	1.421313217564986	90.801
746.5	1.1815917240191949	55.032
747.0	2.548994484585045	85.989
747.5	2.493414761696413	85.023
748.0	1.889472109677396	92.127
748.5	1.6636762790761286	34.384
749.0	2.3384738141198578	20.792
749.5	1.8833792235806903	20.237
750.0	1.3084835283272596	80.483
750.5	1.4875091663229785	80.632
751.0	1.8309221976663315	21.527
751.5	2.1762612538762407	50.01
752.0	1.955748527054291	12.276
752.5	2.117778596116285	116.545
753.0	1.8468805679046012	110.784
753.5	2.0265853425469906	70.515
754.0	1.737740035786088	39.736
754.5	2.0283921433541447	52.787
755.0	1.9515099432606133	64.67
755.5	1.861181877941876	13.967
756.0	1.6833003672318552	79.617
756.5	1.4241474516189083	50.135
757.0	2.017356657970374	50.382
757.5	1.6620290384201883	93.093
758.0	1.590555962008471	60.45
758.5	1.541566911336467	88.92
759.0	2.3170709854217697	34.442
759.5	1.8253414754565742	30.911
760.0	2.258075052662335	120.88
760.5	1.9095965092672034	60.658
761.0	1.4939527684911502	65.394
761.5	1.5105975694079226	11.953
762.0	1.7651861543629144	50.268
762.5	1.984288995909956	50.268
763.0	2.1280741587153864	100.795
763.5	1.5082035628625508	60.429
764.0	2.20630718954762	60.197
764.5	2.0782708559607754	20.268
765.0	1.9587820181895514	110.756
765.5	1.66811088249129	110.915
766.0	1.7936211083533218	120.894
766.5	1.4727091496014697	120.948
767.0	1.6206302052721318	36.813
767.5	2.0508619846853025	70.451
768.0	1.9303028584591688	40.176
768.5	1.799526756702613	36.555
769.0	1.2686610772043165	30.207
769.5	1.3218570749632537	30.216
770.0	1.7432037229282902	50.124
770.5	1.8364607735833869	50.111
771.0	2.154117000024022	76.735
771.5	1.9778911266615227	72.382
772.0	1.6873245249098503	123.386
772.5	1.550172869722831	130.247
773.0	1.3537922200080394	70.511
773.5	1.6303519974360776	30.18
774.0	1.9290742426170926	36.459
774.5	1.8470256817336677	70.437
775.0	1.9511541607602172	110.795
775.5	1.4954421055090634	140.762
776.0	2.0550391621826636	90.499
776.5	1.7228061452540744	39.515
777.0	1.9279525374513815	80.492
777.5	1.4975766100172736	22.963
778.0	2.3374844590697035	70.66
778.5	1.8973287717764564	70.543
779.0	2.096559152433354	96.019
779.5	2.4349534736175	64.08
780.0	1.9048743769784864	90.461
780.5	2.252240345224213	40.244
781.0	1.813656117209082	107.42
781.5	1.642617847036288	20.175
782.0	1.8027746886349558	33.632
782.5	2.1370348307342972	100.937
783.0	1.702809496608548	141.572
783.5	1.811255295249819	56.021
784.0	2.0974720511343654	44.046
784.5	2.3750246964616646	80.608
785.0	1.8884260949489204	22.046
785.5	1.5220678047001828	20.152
786.0	1.5185968345709906	99.722
786.5	1.5247612834469364	100.726
787.0	1.7087877623770829	20.101
787.5	2.0944961976626164	62.845
788.0	2.363237687849713	100.546
788.5	1.8303356136851552	100.612
789.0	1.808662279967348	89.683
789.5	1.905700967177671	130.001
790.0	1.8890257910382404	70.348
790.5	1.9518309728848082	70.43
791.0	1.8164012194658727	99.586
791.5	1.6394062971142367	130.908
792.0	2.0296041852010247	62.849
792.5	2.3914685241473883	57.302
793.0	1.3818613533784778	96.308
793.5	1.155460485042645	60.436
794.0	1.8431938772371104	80.364
794.5	1.4859352050872685	110.86
795.0	1.9136202079136473	33.777
795.5	2.2571822679773303	20.23
796.0	2.03380779160967	64.946
796.5	1.4649324975274765	80.656
797.0	1.1660068348278352	70.54
797.5	1.1472039444519884	81.19
798.0	2.1436633133323326	62.792
798.5	2.2320334077579935	64.518
799.0	1.7962158250378695	20.117
799.5	1.9460618872520514	83.842
800.0	2.0041195699794234	90.819
800.5	1.5661937470061948	90.717
801.0	1.3075407486352506	104.561
801.5	1.5404863428511664	70.468
802.0	1.996368247975906	90.304
802.5	1.4269528336935269	14.384
803.0	2.4035334140569375	20.376
803.5	2.917611494379022	20.086
804.0	1.5664185664147114	35.498
804.5	1.2910711012692575	37.916
805.0	1.8181757889106536	60.41
805.5	1.373943350432211	44.349
806.0	1.7502118044659731	94.486
806.5	2.53381820126286	20.13
807.0	1.5327962438306435	136.946
807.5	1.773881862520307	10.947
808.0	1.584658758799328	50.22
808.5	1.2722692735433538	62.552
809.0	1.7023722250479416	50.397
809.5	1.9228170555152135	110.664
810.0	2.494725370579872	60.391
810.5	2.1445263963568855	60.466
811.0	2.045048536642937	70.587
811.5	1.6048127172839584	70.605
812.0	1.387460887779342	80.591
812.5	1.7531975723426998	42.464
813.0	1.978074266771496	20.365
813.5	1.7883360760456908	19.996
814.0	1.8028163081716373	47.72
814.5	1.3693383113576236	44.056
815.0	2.909465780535114	11.861
815.5	2.763105510657114	45.449
816.0	1.1682694277209111	40.246
816.5	1.6650673039920951	41.914
817.0	1.82899694374385	29.996
817.5	2.1078991235168836	32.044
818.0	1.802727105698048	41.462
818.5	2.1329231661224397	40.314
819.0	2.5573993151677716	40.272
819.5	2.684161864385501	11.049
820.0	1.3402177988234567	13.504
820.5	1.9360013727534573	60.21
821.0	1.3914945936853476	37.061
821.5	2.7217841786401316	38.829
822.0	1.0314384776015562	90.681
822.5	1.834081220841356	35.543
823.0	2.577093818209979	90.285
823.5	2.022045913085381	84.759
824.0	1.1297590773612078	80.448
824.5	2.0952620920503833	76.19
825.0	1.4224573214792173	18.915
825.5	2.619991716345077	70.615
826.0	1.00857890710939	36.384
826.5	2.305902201490811	14.469
827.0	2.1597310729418364	90.727
827.5	1.6154338475484382	67.738
828.0	1.7338271684136246	60.36
828.5	1.6309090771549453	80.609
829.0	1.915164678850944	110.676
829.5	1.6764554709011847	70.552
830.0	1.3228508009374362	80.625
830.5	2.1865075202352826	19.33
831.0	2.5710606054529093	50.188
831.5	1.5947549593589334	80.661
832.0	1.6234675836712806	70.427
832.5	2.3300857331517526	30.193
833.0	1.5350263511377702	104.403
833.5	1.526996283669514	60.323
834.0	1.8887460659389665	45.289
834.5	1.8571550975020357	64.753
835.0	2.2225507320675963	20.336
835.5	1.6339412252834074	120.828
836.0	1.7012679174516878	16.601
836.5	2.1236205198772384	90.638
837.0	1.5719488415836798	66.786
837.5	1.6174374755616685	70.629
838.0	1.4992396434949442	130.945
838.5	2.1286832495391304	66.259
839.0	2.4185838315564947	124.177
839.5	1.2745287279541617	116.623
840.0	1.9212433608708184	90.583
840.5	1.761465896534727	70.42
841.0	1.7965193806779003	90.535
841.5	1.3613459658912637	45.654
842.0	1.0048242564018106	40.269
842.5	2.1588049138021685	14.61
843.0	2.2474737607673196	30.272
843.5	1.9430968485945033	20.237
844.0	1.4447925752750288	70.552
844.5	1.3705120817623202	116.944
845.0	1.1634705820746687	66.06
845.5	2.4753251489593646	67.3
846.0	1.4303647297533377	60.527
846.5	2.0422238709100093	50.419
847.0	1.6762289600440623	121.806
847.5	2.1996752712187324	90.724
848.0	2.1848309467270606	100.308
848.5	1.9877512039178422	100.534
849.0	1.9886683276737456	14.199
849.5	1.8909669729687018	14.895
850.0	1.6428316922183506	66.442
850.5	2.232956820735461	70.406
851.0	1.5379383916312714	80.44
851.5	1.3217794496940485	30.212
852.0	2.410616087815059	60.31
852.5	1.499700634874044	69.78
853.0	1.4222906376341047	110.843
853.5	1.8308358976214425	21.836
854.0	1.9554733503619217	65.906
854.5	1.809796830108918	16.673
855.0	1.9920928707565526	54.201
855.5	1.3893922753545997	101.462
856.0	1.977545952747785	81.255
856.5	2.156266922507578	80.581
857.0	1.6167775587880597	84.293
857.5	1.6353666299511684	80.456
858.0	2.487271840594984	14.847
858.5	1.5723198844872983	55.497
859.0	1.9007657130991664	60.313
859.5	2.030411903771144	80.671
860.0	2.1365282346384395	100.702
860.5	2.109266110259455	80.544
861.0	1.6143651882114847	17.656
861.5	1.6446136198508403	90.683
862.0	1.7535834871482148	66.982
862.5	1.8722709557874146	14.146
863.0	1.4101985142446576	130.646
863.5	1.526389998896684	70.426
864.0	2.015906857851035	110.725
864.5	1.8958731678048928	20.146
865.0	1.200668650095862	132.618
865.5	1.986179197046782	80.487
866.0	1.9572665814149528	102.437
866.5	2.162004932119111	34.552
867.0	1.508217366627665	40.201
867.5	1.4669569890009513	30.341
868.0	1.89311968068032	44.677
868.5	1.5983414938057485	60.679
869.0	1.2225239997012554	90.664
869.5	1.7663596722689607	17.884
870.0	1.3852743569047536	30.225
870.5	1.5523698460723274	60.466
871.0	1.7225556693351083	60.393
871.5	1.832882674648384	72.228
872.0	2.172734843376033	38.912
872.5	1.0994462505479596	30.202
873.0	1.2215540958124924	17.901
873.5	1.8350879223139676	14.336
874.0	1.4727755576057842	130.894
874.5	1.4381036970258698	36.372
875.0	1.7086513684514628	60.374
875.5	2.1104912110016247	35.856
876.0	1.29291892425621	70.606
876.5	1.4422553609660163	30.172
877.0	1.6450113986543318	90.579
877.5	2.0073450386636793	40.124
878.0	2.1147574305361285	65.448
878.5	1.785298282633769	120.576
879.0	1.8751680270634896	70.455
879.5	1.9267739994910007	30.349
880.0	2.168001509784436	75.231
880.5	1.460884462904013	33.892
881.0	1.7304325690270488	80.58
881.5	2.237558593384994	16.633
882.0	1.69926789096449	100.717
882.5	1.6851594034114146	80.509
883.0	1.329705496172446	121.015
883.5	1.8091737623137156	50.42
884.0	1.8874468751372444	50.384
884.5	1.1231757382312693	35.529
885.0	1.8083322952359366	120.819
885.5	1.438578883809171	70.528
886.0	2.064000849653737	100.784
886.5	1.748977915975317	77.074
887.0	0.16419147476306437	11.523
887.5	1.9841845470105237	14.42
888.0	11.412820783397668	12.993
888.5	2.273074175294482	70.274
889.0	2.1599587251862387	50.63
889.5	1.597037349831831	83.979
890.0	1.803687399096248	70.662
890.5	0.8420281716745466	110.588
891.0	1.2127719337540777	11.971
891.5	2.074784939335792	50.179
892.0	1.6807332075287258	33.544
892.5	1.9344675157287863	80.601
893.0	1.8142549462682525	14.323
893.5	1.114387814037646	30.236
894.0	1.189917105266658	30.229
894.5	1.2639219137862998	18.058
895.0	1.0087918291262148	109.965
895.5	1.9297097769052944	43.701
896.0	2.4432018234263717	141.009
896.5	1.654864649177387	90.785
897.0	1.6672851541800677	90.745
897.5	1.4281890926286265	60.323
898.0	1.482001956612345	14.293
898.5	1.6977851959580947	113.0
899.0	1.7492552769995335	86.216
899.5	1.8099513289983724	50.364
900.0	1.9247308879429743	90.601
900.5	2.1722568477211635	17.812
901.0	2.0602893533225806	30.269
901.5	1.3346559257422708	62.306
902.0	1.2247226112547909	40.113
902.5	1.483969419504939	75.317
903.0	1.7115377145211668	60.369
903.5	2.0616283650891907	54.435
904.0	1.9167151885449647	56.79
904.5	2.2542602387387034	17.834
905.0	2.6443616680027295	90.242
905.5	0.9682639530501679	11.986
906.0	1.1225407810323926	141.634
906.5	2.086024140916443	114.074
907.0	2.263991957039365	70.123
907.5	1.8802220403301315	80.646
908.0	2.1198735230738923	100.837
908.5	2.0360934613258563	53.49
909.0	1.7682474233107799	54.567
909.5	1.77370019616715	50.479
910.0	1.607789345653203	19.923
910.5	2.036920027307996	20.167
911.0	1.424708937133017	100.728
911.5	2.323096850827891	42.603
912.0	2.5687187307780617	45.621
912.5	1.972147220027854	80.666
913.0	1.986314865742442	80.645
913.5	1.5644155480689084	110.802
914.0	1.5993174923922737	75.743
914.5	2.059690671445159	16.406
915.0	1.5268380219483426	70.893
915.5	1.6801679892333379	70.63
916.0	1.6716764072404573	70.638
916.5	1.4930170813409473	80.497
917.0	1.9433723606025168	86.754
917.5	1.592388998477995	40.193
918.0	1.585567987262303	40.184
918.5	1.2401666146104524	90.582
919.0	1.3145794630695722	90.575
919.5	2.1785362427065853	60.384
920.0	1.9332696792186372	60.367
920.5	1.5702783790829462	80.508
921.0	1.9176088933311086	80.596
921.5	1.844003613088846	56.747
922.0	2.0559936769354095	50.339
922.5	1.4989650573410214	94.14
923.0	1.5118479435951295	40.339
923.5	2.133237299019383	70.416
924.0	2.182520828261627	70.408
924.5	1.3836380054811874	76.96
925.0	1.478801354133227	80.629
925.5	1.8704959608249883	33.491
926.0	1.5135532509459861	30.284
926.5	1.965788830439646	131.331
927.0	2.13701712935833	111.151
927.5	1.909447608518271	34.416
928.0	2.1438785867213896	33.576
928.5	1.3020864992885113	30.24
929.0	1.7083775885683137	50.38
929.5	2.132008132856507	11.839
930.0	1.8696507632705366	70.194
930.5	1.9190095171377706	90.657
931.0	1.839680907293594	90.624
931.5	1.632408049540071	30.245
932.0	1.608649193222677	70.493
932.5	1.1196545864990972	80.623
933.0	1.4763129764669152	80.733
933.5	2.0597179289105005	40.27
934.0	1.7757163427914733	11.875
934.5	1.4546002206402162	70.541
935.0	1.7083683366875013	70.529
935.5	2.498854085113231	70.526
936.0	1.7936938543200547	66.353
936.5	1.206235371757769	20.088
937.0	1.248086777450805	20.287
937.5	2.1633537348666394	130.977
938.0	2.1630947572625656	65.74
938.5	1.876094082579981	124.496
939.0	1.8481734319119343	112.176
939.5	2.6235448349737323	60.198
940.0	1.968394140152003	60.212
940.5	1.471328690653237	73.039
941.0	1.3305515495468763	60.442
941.5	2.277833713280373	30.316
942.0	2.3324110988031257	86.219
942.5	1.4153534936897731	79.668
943.0	1.913667624030622	70.598
943.5	1.663087044248414	65.146
944.0	1.4124949895049699	60.604
944.5	1.4087393404074575	60.47
945.0	1.3826170202216745	60.457
945.5	1.341413869714687	32.58
946.0	1.4172918467474913	131.87
946.5	2.0919207477085	50.797
947.0	1.6956185624783098	47.645
947.5	1.283883731699341	131.096
948.0	1.0693728556517106	132.494
948.5	1.255570879068328	130.833
949.0	1.3164689192269101	99.108
949.5	2.0286045551879974	50.809
950.0	1.4890618464295562	25.969
950.5	2.060983289438221	30.215
951.0	2.3057318184469646	30.181
951.5	1.5696652238824462	87.252
952.0	1.3442290532169003	80.071
952.5	1.6601941624617682	100.792
953.0	1.6626010559042814	60.43
953.5	1.4292680159868547	30.178
954.0	1.6544086533024442	100.589
954.5	2.048492630309135	14.157
955.0	2.0487763930904355	13.599
955.5	1.7272538272330813	12.433
956.0	1.3149282181033775	70.268
956.5	1.521034096184295	140.81
957.0	1.1549297079815912	40.264
957.5	2.2885273618814232	110.879
958.0	2.1986766574252368	110.739
958.5	1.9598970287951851	69.404
959.0	1.736170993929992	100.793
959.5	1.5017229095999256	110.622
960.0	1.556367210961276	90.644
960.5	1.7953593043505942	12.297
961.0	2.1575372754921016	13.548
961.5	1.9720091980609622	44.785
962.0	2.1839315058042543	20.051
962.5	1.6980745409976719	55.086
963.0	1.263286500202807	161.241
963.5	1.1877665990825101	43.934
964.0	1.4991532583393576	96.083
964.5	1.868205770294344	86.324
965.0	1.8678032106295173	20.258
965.5	1.9029911800654438	107.544
966.0	1.3496925723110431	36.394
966.5	2.1723112828725393	40.412
967.0	1.4497910375041414	90.953
967.5	1.296339428254616	15.256
968.0	1.3322824464924523	40.247
968.5	1.3512437031223197	14.622
969.0	1.2738539887887341	41.44
969.5	1.4296672732779698	130.881
970.0	1.83164630161887	130.8
970.5	2.112313192793318	110.72
971.0	2.122033276507455	108.556
971.5	1.1706379273759222	40.278
972.0	1.2724391835780329	17.038
972.5	1.9095682924725923	24.598
973.0	1.4465368839744803	80.216
973.5	1.8540639623403148	70.416
974.0	2.049668793363954	30.192
974.5	1.760870151485598	60.425
975.0	2.029965682682328	11.961
975.5	1.4765772451270707	20.123
976.0	1.6083282419262432	60.256
976.5	1.7070331603606221	60.548
977.0	1.8209432586857837	35.89
977.5	2.402093641686875	60.185
978.0	1.9865531979007858	60.167
978.5	1.74504806787693	34.089
979.0	2.0278517389014987	14.092
979.5	1.5765979353641733	60.57
980.0	1.8005470069941896	60.475
980.5	1.7515592096203074	100.552
981.0	1.908673361661808	100.517
981.5	2.391709247060585	32.4
982.0	2.1130839108523385	35.102
982.5	1.4804508324236305	100.723
983.0	1.4548914407363691	100.719
983.5	1.666762120294683	65.618
984.0	1.864932035919298	65.017
984.5	2.5376663385338625	40.231
985.0	1.819283309848675	101.658
985.5	1.9789332236594177	35.694
986.0	1.9291173353238926	85.217
986.5	1.5076127397791672	34.691
987.0	1.668076585319226	118.143
987.5	1.5385054914535359	130.784
988.0	1.5387606251008443	90.67
988.5	1.8616467695140957	90.548
989.0	2.096151742898176	90.47
989.5	2.717841824081468	18.87
990.0	2.64356941969363	70.617
990.5	1.325176082721276	36.278
991.0	1.5616449851397811	30.179
991.5	1.5964086566023503	70.3
992.0	1.9601035434958896	50.386
992.5	1.626323405494436	70.535
993.0	1.6777826468184922	70.57
993.5	1.6693630904438868	30.199
994.0	2.2192573360971477	30.211
994.5	2.046171964277984	110.554
995.0	1.7525692953140046	60.306
995.5	1.8209385239056137	46.767
996.0	1.9212648021520513	80.605
996.5	1.8640950469002326	12.373
997.0	1.7436555598972863	57.37
997.5	1.5629356928138578	120.819
998.0	2.2942918774208643	120.84
998.5	1.6506772534604448	66.979
999.0	1.205055183272036	67.276
999.5	1.8204682708420985	81.782
1000.0	2.1492421815806133	70.655
