0.5	1.778383441305171	25.991
1.0	0.4523389504290256	35.056
1.5	0.5208105594275356	100.704
2.0	0.40328888157665504	39.551
2.5	0.4843443217977667	35.809
3.0	0.7687291922735574	60.45
3.5	0.5957359333475144	25.102
4.0	0.3295830062628862	30.199
4.5	0.1758666590186962	59.531
5.0	8.645334345267441	97.179
5.5	2.0073354149293285	94.903
6.0	1.894809488193367	171.336
6.5	1.689431658083652	90.414
7.0	2.0145714480852424	108.213
7.5	1.7164213675838267	131.082
8.0	1.6174222962671534	90.68
8.5	2.2110268628077643	80.561
9.0	1.5449645515470094	130.951
9.5	2.2693495167882354	80.578
10.0	2.491585287594711	109.641
10.5	1.6625753076561935	130.858
11.0	1.7508704154640666	66.051
11.5	2.0350195167106	108.09
12.0	1.6729129849382711	102.021
12.5	2.288706694636238	116.414
13.0	1.5417216781125376	42.068
13.5	1.8145756924820373	70.475
14.0	2.560131993477037	70.676
14.5	1.784145415636934	42.8
15.0	2.046740394350644	97.964
15.5	2.015001515199419	73.186
16.0	1.8957200589646188	120.827
16.5	2.1368266874158928	110.973
17.0	1.5130572341062956	70.445
17.5	1.975033068378468	40.773
18.0	1.4709333876788215	72.402
18.5	1.9466450734652714	107.658
19.0	1.5530390252428947	81.925
19.5	2.033373890083253	70.355
20.0	2.500253757725274	99.72
20.5	1.692515873774973	90.635
21.0	1.5785430985162077	69.477
21.5	2.1108216798963677	100.737
22.0	1.6505045133986187	100.758
22.5	2.1302627263443306	41.044
23.0	2.228536941196902	151.442
23.5	1.4504885793489612	90.546
24.0	1.7171363549946548	63.398
24.5	2.070542019166345	60.393
25.0	1.6634319119657228	50.443
25.5	2.262737879163971	90.58
26.0	1.5073765930082523	70.682
26.5	2.161890720670614	43.469
27.0	2.0590217951087415	60.15
27.5	1.558864920741841	80.664
28.0	1.932027767200569	90.651
28.5	1.6027097280884666	100.84
29.0	1.7993461636900114	80.382
29.5	2.295222128358557	59.444
30.0	1.4997717338596448	60.515
30.5	2.032721359261565	130.695
31.0	1.7048821542539847	110.839
31.5	2.1052178849946386	141.009
32.0	1.6041463308095565	100.574
32.5	1.5286797185539762	101.464
33.0	1.8587355372617427	120.697
33.5	1.8576556073875956	80.546
34.0	2.550239392265252	116.331
34.5	1.299264381856699	120.84
35.0	2.0759205294497143	70.371
35.5	1.960212060392787	70.715
36.0	1.5029428571548442	70.606
36.5	1.8576818913085236	64.562
37.0	1.933525978449554	93.533
37.5	1.9099794898230602	63.587
38.0	1.9487732063748227	70.494
38.5	1.9666741181112817	100.934
39.0	1.5040847535464457	70.481
39.5	2.5859621148986682	88.984
40.0	1.8236921157638617	121.272
40.5	1.4810377857861943	80.514
41.0	1.187877412874138	41.247
41.5	2.305320838161846	110.512
42.0	1.8470696767460686	110.573
42.5	1.603356281712536	80.524
43.0	1.9843323865432145	46.067
43.5	1.845998736279991	120.75
44.0	1.456319252678028	106.498
44.5	2.0277153776349466	70.808
45.0	1.2137708538007717	60.251
45.5	2.391752052890816	100.61
46.0	1.4589139894149565	131.058
46.5	1.5476095544150157	99.28
47.0	1.5824318833150428	120.977
47.5	2.3342016667838723	60.411
48.0	1.968011606445092	106.937
48.5	1.6893539823077723	140.619
49.0	2.204354738948179	80.68
49.5	1.94311800134636	124.847
50.0	1.6169676887263094	131.029
50.5	1.7900432609520462	70.595
51.0	1.8048802976841887	104.111
51.5	1.6976377757294498	41.542
52.0	1.900401251537378	80.406
52.5	1.9310418834686993	56.849
53.0	1.6454536546770748	60.385
53.5	1.8159140125185198	115.901
54.0	1.9542104815614576	90.733
54.5	1.8636194978152019	141.042
55.0	2.1809047790944116	118.051
55.5	1.9348597049754235	161.226
56.0	1.7630457417835417	70.368
56.5	2.3606009212351413	60.429
57.0	1.4613343357855035	50.674
57.5	1.9110497787354208	103.22
58.0	1.3527477958037994	110.617
58.5	1.742526173892663	80.471
59.0	2.5520886606858455	60.302
59.5	1.7047938734587873	120.803
60.0	1.7415740754290712	60.314
60.5	2.377686210527971	50.506
61.0	1.874302255550379	60.399
61.5	1.5493988164974177	80.632
62.0	2.5184344988676033	60.243
62.5	1.5388614265719083	140.952
63.0	1.8898368018636904	90.524
63.5	2.0885393192766823	87.741
64.0	2.0678601800848404	72.237
64.5	1.6459551418262703	55.022
65.0	2.0028849746245734	60.66
65.5	1.5533869981141573	100.599
66.0	2.5463652742845495	70.47
66.5	1.374748596631375	89.202
67.0	2.0559097546848113	161.163
67.5	1.8676238849935891	110.657
68.0	1.9660297238317113	115.782
68.5	1.914738686726677	80.693
69.0	1.5576831958614006	110.352
69.5	1.2538726150734998	80.667
70.0	2.026081645158798	46.446
70.5	2.466699562158359	98.576
71.0	2.135329413285839	122.924
71.5	1.616842795668431	80.553
72.0	2.0916943857544816	86.678
72.5	1.576433519705345	110.791
73.0	1.7044782955936675	62.358
73.5	2.1738643372615276	120.897
74.0	2.503178999211392	160.113
74.5	1.4136829608718446	110.817
75.0	1.9044051126014898	67.879
75.5	1.962351549417171	80.557
76.0	2.0412117761678368	87.242
76.5	2.0832373253246277	48.767
77.0	1.9622053339822847	80.564
77.5	2.169544318199876	59.698
78.0	1.5699886332202646	80.401
78.5	2.1215537214149283	90.635
79.0	1.728255863434178	60.438
79.5	1.9013409133404091	44.446
80.0	1.7986973310684895	109.323
80.5	2.1646141285904523	43.055
81.0	1.6670440014389163	100.793
81.5	1.7415316076020537	50.426
82.0	2.1299389063355667	84.421
82.5	2.540015190644267	70.338
83.0	1.9174966015198953	110.784
83.5	1.660245702871968	84.955
84.0	2.333767104679514	63.827
84.5	1.8199202130237728	80.437
85.0	1.775713306728553	126.521
85.5	2.0371903864503618	90.419
86.0	2.218057269140617	60.499
86.5	1.889232365914276	131.07
87.0	1.4839654609129538	60.338
87.5	2.1039676542549492	108.619
88.0	2.087781215414327	100.771
88.5	1.834089791295264	70.397
89.0	1.4567310432275986	130.974
89.5	1.8178572733638532	37.04
90.0	1.8235142391034227	130.782
90.5	2.0197006605800962	50.34
91.0	1.5303795003035807	41.805
91.5	2.535272120988437	60.73
92.0	1.604130997265784	80.421
92.5	1.9403797796700688	109.24
93.0	1.9859898442868364	60.457
93.5	1.4174322747636785	140.862
94.0	1.9488173258416084	106.629
94.5	2.0281544876511637	131.102
95.0	1.3055890896001834	74.933
95.5	2.681373464402611	112.743
96.0	1.815738987693784	64.205
96.5	1.5406346742212018	130.902
97.0	1.501962789821223	87.115
97.5	1.8417994942996456	130.983
98.0	2.1182104623712172	60.31
98.5	2.127971901746807	102.495
99.0	1.828310720227163	121.058
99.5	1.9079016901959633	60.463
100.0	1.973608275255036	60.485
100.5	1.5872241906465496	50.317
101.0	1.4678760150984664	60.994
101.5	2.0741838559291046	110.826
102.0	1.7343467606091398	110.752
102.5	1.6203916020384421	108.377
103.0	1.6570828475284627	71.099
103.5	2.031286740193249	41.9
104.0	1.7613212463101122	65.149
104.5	1.6348111731502184	70.374
105.0	2.1346123230984064	118.339
105.5	1.2912178042003104	120.876
106.0	1.5033632916603366	70.451
106.5	2.298464361356735	56.149
107.0	1.4059046384862457	70.55
107.5	2.119264205867996	119.833
108.0	1.7210128384844203	143.405
108.5	1.6497338958141174	110.772
109.0	1.9393740853626458	110.678
109.5	1.9519189555581584	80.845
110.0	1.8768727752044452	140.93
110.5	1.5478446806238955	120.696
111.0	1.6560894105238848	80.549
111.5	1.962133619443452	70.626
112.0	1.9839861411426778	70.719
112.5	1.9391627416047208	50.348
113.0	1.835591561110221	150.971
113.5	1.6362978023834442	56.318
114.0	2.1773898857645535	56.615
114.5	1.9255402502716445	76.891
115.0	1.8521452153489861	90.492
115.5	1.9998838157263898	50.277
116.0	1.8984328004025175	44.867
116.5	1.3826524636548787	46.866
117.0	2.2808638018617358	130.393
117.5	2.249861859307525	110.768
118.0	1.7896955972368227	72.781
118.5	2.0637419717914547	50.675
119.0	1.6286394620085385	110.736
119.5	2.4623291370783535	67.456
120.0	1.9906961259276272	57.716
120.5	1.0623495372108993	120.894
121.0	1.9828483749451076	70.314
121.5	1.877175701461449	164.45
122.0	1.4492975369928593	70.435
122.5	1.6434245920662833	40.167
123.0	1.915182492877335	123.343
123.5	1.5235439125595789	110.784
124.0	1.450012192145911	67.531
124.5	1.9059921035403145	115.456
125.0	1.0621634635639072	126.806
125.5	1.9379191812215066	117.551
126.0	1.7803340402642136	70.491
126.5	1.3366393429910084	92.553
127.0	1.9094483563520845	90.572
127.5	1.9582945228485689	60.705
128.0	1.0237697407835873	70.432
128.5	1.3823424561388464	70.521
129.0	1.4950874739373974	60.416
129.5	1.3338670143080715	70.928
130.0	1.5040870387970962	140.967
130.5	1.572790553370711	130.35
131.0	1.760467153515111	181.229
131.5	0.6850711307307668	515.817
132.0	2.2976714836982315	110.694
132.5	2.631124639250166	54.303
133.0	1.9430741076165072	61.212
133.5	1.4817616199043664	60.445
134.0	2.6583596506450196	106.237
134.5	1.962161903642499	80.44
135.0	1.8105433683098873	80.436
135.5	1.827658544543815	41.342
136.0	1.0316608014515178	140.821
136.5	2.284886803867656	86.032
137.0	1.8519553253705439	90.582
137.5	1.9071195855343035	122.997
138.0	1.8454860471797354	58.728
138.5	1.781274129127673	130.782
139.0	2.2663758268284004	70.536
139.5	1.3092756726726649	60.487
140.0	1.490255970391734	80.481
140.5	2.5369452720376726	43.423
141.0	1.4669921226273668	79.463
141.5	1.909151822535793	60.592
142.0	2.170955487304974	63.89
142.5	1.1042553827632984	70.627
143.0	2.342716539012531	108.168
143.5	1.6318320196207632	110.736
144.0	2.194450649120254	70.261
144.5	2.5488614409253563	60.471
145.0	1.691137844617779	71.086
145.5	1.7482178032419506	96.317
146.0	1.8722875955236566	151.579
146.5	2.7566663351715217	70.609
147.0	2.4224416739011314	67.891
147.5	1.561955282246104	90.582
148.0	2.547533549233592	80.81
148.5	2.213994711804902	63.494
149.0	1.7833556660066174	46.645
149.5	2.0857724130168394	100.89
150.0	1.7597439619510786	70.55
150.5	1.3824252784972282	80.699
151.0	1.52377110487515	70.53
151.5	1.5444130858970753	110.634
152.0	2.257902734313695	80.619
152.5	2.168208387776286	50.516
153.0	1.9329266560811842	100.543
153.5	1.4063649280312776	70.366
154.0	2.854303026724743	132.522
154.5	1.9766116552621285	131.13
155.0	1.8837514712374719	100.445
155.5	1.5752787446999756	60.466
156.0	2.4518620526467894	70.975
156.5	1.616259621568319	140.916
157.0	1.626009478875338	66.552
157.5	1.9494054927137467	70.368
158.0	1.9244616338901241	50.524
158.5	1.5878070356606964	130.945
159.0	1.550510499957818	130.922
159.5	1.7958767569841236	80.69
160.0	1.6187294741847442	61.722
160.5	2.441178376724886	60.471
161.0	2.0946642229202728	121.425
161.5	1.939293047469026	50.434
162.0	2.1146412652389777	126.998
162.5	2.0186640470203705	130.926
163.0	1.3231971236645763	151.591
163.5	1.4954553243989277	657.093
164.0	2.8278751121684906	50.42
164.5	1.583942558275481	150.934
165.0	1.1726844224988062	100.751
165.5	1.841294736453027	60.423
166.0	2.118082068466857	88.501
166.5	2.082759471969986	100.989
167.0	1.3843094971703955	80.466
167.5	2.098001898900895	117.102
168.0	1.4949590708762552	161.113
168.5	2.1493086458214683	70.752
169.0	1.1357497139320971	59.811
169.5	1.5525399107976945	80.432
170.0	1.9160354517285125	59.61
170.5	1.1284653426450613	80.609
171.0	1.878157161578521	110.682
171.5	2.177964680252784	132.784
172.0	3.1163197977319252	75.912
172.5	1.3936377298676639	50.901
173.0	1.3954293645730005	166.727
173.5	1.8308819968386811	40.471
174.0	2.102242870681899	110.694
174.5	1.1687703602658535	70.954
175.0	2.4489110827285305	68.455
175.5	1.7624374943056988	80.652
176.0	1.4898114912614595	76.435
176.5	1.254533014852841	112.545
177.0	1.8915594963296178	100.707
177.5	2.0326221492189998	54.823
178.0	1.632247655646041	100.519
178.5	1.934781240192749	96.178
179.0	1.9426158074812885	52.751
179.5	1.9610290277700917	80.324
180.0	2.5453310695203593	85.509
180.5	1.7827593598236215	38.408
181.0	1.849230673507251	90.487
181.5	2.026133605532	80.958
182.0	1.3935789396644032	130.863
182.5	1.5954524145126292	80.59
183.0	1.9618488350527614	60.392
183.5	1.3611882948326621	121.122
184.0	1.3847039217895551	90.489
184.5	1.5260436279649283	109.346
185.0	1.713480676053979	50.807
185.5	1.5507720633516893	98.997
186.0	2.272857754702814	80.727
186.5	1.7627782727473773	61.922
187.0	1.5412109495362214	80.531
187.5	2.1190574405039007	50.389
188.0	1.8480607730456993	100.703
188.5	1.8215426651775761	60.618
189.0	1.7665225873746724	50.464
189.5	2.326674044249978	107.256
190.0	1.9040948516633707	50.414
190.5	1.8311843162514845	130.886
191.0	2.1698584274096335	40.351
191.5	1.8308370421673932	41.744
192.0	1.3207633858224257	70.563
192.5	2.0221437888595934	60.458
193.0	2.167960387777804	90.635
193.5	1.8783113982735824	100.839
194.0	1.8242678590733612	90.745
194.5	1.7720963444992683	109.095
195.0	1.7545662498478083	70.621
195.5	2.212407152954721	50.285
196.0	1.98348348541103	60.686
196.5	1.810656142559324	70.547
197.0	1.763152810736077	67.786
197.5	1.5041549842352475	120.779
198.0	1.895900583932479	47.122
198.5	1.8870291962946104	70.519
199.0	2.0544108774785808	70.593
199.5	1.4635444728963318	90.728
200.0	2.1873540251146264	90.616
200.5	1.6616854385133946	131.374
201.0	1.7230011634770535	89.576
201.5	2.004926785824935	103.974
202.0	2.344177420782551	121.02
202.5	1.953897666497802	70.391
203.0	2.1087409532687107	100.234
203.5	1.843571200839454	70.595
204.0	0.1294989832861666	42.362
204.5	11.846307765451865	100.608
205.0	2.1056322097967106	50.694
205.5	1.5950113034520546	100.478
206.0	1.4980540058798688	60.479
206.5	1.9064975496228018	80.765
207.0	1.7827973451332702	99.599
207.5	1.5338213943040397	70.477
208.0	2.1289533331747954	50.123
208.5	2.235590726566931	130.968
209.0	1.8807732236435268	90.56
209.5	1.9965590824819188	36.645
210.0	1.5641877114818343	100.683
210.5	2.5996325397763522	60.725
211.0	1.7909855503864518	120.755
211.5	1.6212371764205775	50.291
212.0	2.005892309491141	119.69
212.5	1.5380469350573895	80.463
213.0	1.7107841748230581	69.155
213.5	1.8254865641450173	151.207
214.0	1.794064323905839	33.29
214.5	1.9530668249517102	50.514
215.0	2.195918991031161	60.977
215.5	1.7752818357338216	109.47
216.0	1.268316797427227	59.788
216.5	1.6487467878297148	60.349
217.0	1.813962294797225	161.808
217.5	1.9162957429845127	100.828
218.0	1.720649011468872	54.795
218.5	2.5231450655303953	127.324
219.0	1.6795845769175184	90.843
219.5	2.2991477036401786	60.477
220.0	1.465911298751205	60.527
220.5	1.9145436121615331	87.955
221.0	1.4579065607102786	62.059
221.5	2.3295198650434314	85.794
222.0	1.6532153993237824	81.021
222.5	1.8379362047152599	80.492
223.0	2.06406604803459	118.076
223.5	1.3302990753448436	90.818
224.0	1.7091939692737985	70.39
224.5	2.179494496951053	70.53
225.0	2.152714882659694	60.535
225.5	2.4764639779999906	80.659
226.0	1.1229373475193443	66.104
226.5	1.9767193985069584	60.398
227.0	1.9265939841349313	70.785
227.5	1.7036814442965509	120.913
228.0	2.115192448042858	61.53
228.5	1.5518063719440767	87.431
229.0	1.8757625191735519	100.664
229.5	2.0418443969754354	106.986
230.0	1.4199158310336495	110.754
230.5	2.104833135849461	140.88
231.0	1.965853532945331	121.004
231.5	1.9339404768452775	50.46
232.0	2.253304658797688	90.89
232.5	1.8383697298381219	120.548
233.0	1.7153419376525976	120.729
233.5	1.0678788719140595	80.543
234.0	2.1465604111601975	116.351
234.5	2.736563459701189	80.279
235.0	1.6677296904423737	62.255
235.5	1.8928979434936262	65.653
236.0	1.9473772640507852	70.438
236.5	1.821270715850439	100.761
237.0	2.39056624133785	70.763
237.5	1.5849788558220883	101.155
238.0	1.6940509130015364	110.802
238.5	2.2622822625860968	150.211
239.0	2.0074752316935998	121.29
239.5	1.522248970252636	68.786
240.0	1.9896382128077672	106.589
240.5	1.7122531641653012	52.941
241.0	1.9145584771853077	90.672
241.5	1.9535376626172056	51.919
242.0	2.1813446580128915	131.217
242.5	1.3627117066232677	71.127
243.0	1.6489276261456725	100.743
243.5	2.018210733130872	59.937
244.0	1.9169812352974096	86.528
244.5	2.3845747362757646	60.408
245.0	1.546515501582706	90.586
245.5	1.8875630958439538	91.204
246.0	2.3087411312670745	60.731
246.5	2.3002907117480067	80.658
247.0	2.156587256944074	100.924
247.5	1.4031605489812518	70.554
248.0	2.2692799394044054	101.696
248.5	1.8743672661130557	90.887
249.0	1.6155601876639072	80.351
249.5	1.7417136177364678	110.871
250.0	1.6635090549880542	130.88
250.5	1.7277755783770803	161.903
251.0	1.5601649068213777	109.9
251.5	1.8115873676338976	80.737
252.0	2.275091605366123	50.387
252.5	2.2003425713684273	101.714
253.0	1.9747251391263043	130.974
253.5	1.8860140161815875	49.719
254.0	2.606759843947935	101.02
254.5	1.5582925298032624	90.57
255.0	1.8698711614470245	56.327
255.5	1.6111330403551125	150.906
256.0	1.687611715200219	111.282
256.5	2.4707060824583773	60.548
257.0	1.3263439386790825	105.602
257.5	1.4734261256595473	72.174
258.0	2.061051559279804	60.578
258.5	2.119887209357113	70.542
259.0	1.514918476814606	100.708
259.5	1.618142119232855	80.37
260.0	1.9428900836398257	130.96
260.5	2.1072560315643702	70.421
261.0	1.6446589631724533	101.373
261.5	1.8600278775448609	91.29
262.0	2.31355367587298	60.469
262.5	2.2286694044649424	151.134
263.0	1.8459212322559515	59.165
263.5	1.9952863198566126	60.457
264.0	1.9276067261823517	100.662
264.5	1.9046757531048724	121.15
265.0	2.2156976340343855	101.6
265.5	1.5207658282722212	50.471
266.0	1.871364826959015	131.004
266.5	2.013798350984471	63.274
267.0	1.9641587803918277	101.491
267.5	2.0436172102733656	69.088
268.0	2.130595134326573	111.999
268.5	1.7533722103419445	130.784
269.0	1.811234112564113	42.983
269.5	1.8553314112539057	100.608
270.0	1.8166794325549784	70.587
270.5	1.8566198303527495	70.402
271.0	2.157004453984378	110.23
271.5	1.4137555411548297	80.656
272.0	2.3796256964209004	81.225
272.5	1.7844005733223165	121.667
273.0	1.5153972426732538	70.535
273.5	1.7013813990152167	90.638
274.0	2.279974587494379	90.605
274.5	2.2199734619909335	99.011
275.0	1.4496388937871594	151.088
275.5	2.4464925936070907	52.027
276.0	2.292736352576329	90.726
276.5	1.3416712680359302	130.943
277.0	1.7195503683170072	80.568
277.5	2.4030509589113267	50.805
278.0	2.119145540276745	36.367
278.5	2.273662226551731	115.609
279.0	1.956387280444757	110.741
279.5	1.8070228036419214	56.813
280.0	2.1185624410009707	80.528
280.5	1.4560133546232896	129.896
281.0	2.4681938990523653	78.774
281.5	1.930966073031437	60.4
282.0	1.702205688849538	82.967
282.5	1.2764047174573472	66.71
283.0	1.6912103724001282	81.187
283.5	2.634954737796426	50.119
284.0	1.5068292466606963	100.663
284.5	1.4793303759946246	80.466
285.0	2.069496674846202	50.355
285.5	1.88040453518709	80.66
286.0	1.512335966840809	124.697
286.5	1.271330990235694	130.859
287.0	1.7897250707267707	55.027
287.5	1.4997137867833545	39.594
288.0	2.162782043459371	124.666
288.5	1.5356722910587146	79.241
289.0	1.9204855768234559	62.531
289.5	1.823398369876159	120.667
290.0	1.934447129776681	60.308
290.5	0.9925442949255798	100.734
291.0	1.3711453321950393	110.868
291.5	1.4960525660374975	126.623
292.0	1.2536926557477732	109.897
292.5	1.3172706948355806	100.688
293.0	1.65156521137646	68.277
293.5	1.3727943521541595	150.807
294.0	1.9950524271476464	110.758
294.5	1.5073202597591724	150.991
295.0	1.957088174664814	90.455
295.5	2.5184423777487437	70.146
296.0	1.7405566874739256	50.699
296.5	1.771004095814168	61.731
297.0	2.263734062307538	76.286
297.5	2.204158243241366	69.758
298.0	2.033311484478122	50.639
298.5	1.4073384932066106	70.581
299.0	1.7366173117255375	50.496
299.5	2.0098596655822094	98.647
300.0	1.5121947311646253	80.552
300.5	2.3472249210091833	118.336
301.0	1.489543838847584	110.716
301.5	1.5990989275254943	120.778
302.0	1.7046436848101847	80.525
302.5	1.8446616415211514	64.051
303.0	1.1546530750899249	50.302
303.5	1.9813043099502448	50.346
304.0	1.4950437667053447	75.877
304.5	1.693836703483471	41.132
305.0	1.7512786075124902	80.367
305.5	1.967595285754916	60.26
306.0	1.58049611420507	141.14
306.5	1.5991852995881262	110.631
307.0	2.690102612801117	80.549
307.5	1.4865875825753418	60.487
308.0	2.3099869156921002	59.853
308.5	1.687918968539162	111.503
309.0	2.1746323081477454	110.896
309.5	2.0781861168602953	60.304
310.0	2.000704312072534	50.257
310.5	1.5691909218532056	70.476
311.0	1.7876268827917268	80.583
311.5	1.7682859128675994	107.631
312.0	2.189598485780615	66.845
312.5	1.9867723104887576	110.794
313.0	2.197324993835636	90.766
313.5	1.8834934447259606	60.357
314.0	1.615163821386463	80.507
314.5	2.0908726832886346	111.187
315.0	1.475403523713884	60.446
315.5	1.497349389721838	90.339
316.0	2.23283139749691	61.024
316.5	2.128975764833157	69.843
317.0	1.454623148848025	80.401
317.5	2.41653123503734	80.753
318.0	1.6187436385227372	130.983
318.5	1.9007938844010888	106.955
319.0	1.8284691014706997	60.405
319.5	1.330430762840867	72.155
320.0	2.4104990335069716	99.041
320.5	2.3504629581836682	50.414
321.0	1.4011101042939678	90.713
321.5	2.3540241429931807	130.243
322.0	1.5917600241330636	100.62
322.5	2.3302653269305447	86.357
323.0	1.828462072124623	151.21
323.5	1.7541724421099008	130.957
324.0	1.5005261269775685	80.415
324.5	2.186201166506457	80.512
325.0	1.3729934039505562	70.521
325.5	1.6513500769078433	41.439
326.0	1.274676193805737	130.716
326.5	1.758058818526054	130.871
327.0	1.6922850973467571	80.331
327.5	1.9381203494468022	127.197
328.0	1.9989351919411213	80.524
328.5	1.8723791009219513	60.333
329.0	1.205356893410671	110.784
329.5	1.6372507506242404	67.079
330.0	2.743166273515852	100.592
330.5	1.771103440398963	100.841
331.0	1.715395152128618	40.323
331.5	2.2272601708926985	60.587
332.0	1.9848734018613163	75.745
332.5	1.8180141423129363	80.361
333.0	2.108763274965082	70.465
333.5	1.517601670922926	60.491
334.0	2.3864592229261476	83.159
334.5	2.173380969122263	70.697
335.0	2.083438313080159	42.688
335.5	2.3080743074995596	70.724
336.0	1.5883277455591214	80.326
336.5	2.3675785092522523	120.931
337.0	1.6199075569531127	110.848
337.5	2.2803439534963723	151.192
338.0	1.7731285887630988	90.472
338.5	1.7995396889664712	99.345
339.0	1.5137277821897348	70.496
339.5	2.396379647675456	53.029
340.0	2.105169281536201	130.89
340.5	2.087110163149608	47.098
341.0	1.6328443060888134	70.684
341.5	1.4402591521166013	95.923
342.0	1.9546034725352104	81.144
342.5	1.6631407365954984	131.238
343.0	1.8926161355442042	49.85
343.5	2.5724059599730245	77.834
344.0	2.1597029266785603	70.571
344.5	1.8085308143653467	60.642
345.0	2.28595275120347	60.357
345.5	1.8205081174473348	110.719
346.0	2.1391991723147745	133.763
346.5	1.614085853939376	82.562
347.0	2.085729408915763	130.888
347.5	1.8031627758168731	51.416
348.0	2.0661287799484467	66.289
348.5	1.8480699614376628	51.981
349.0	1.8587569855552755	50.784
349.5	2.0622995409799403	90.551
350.0	1.3737810616591428	70.595
350.5	1.9686465006546952	50.27
351.0	1.5116097132092312	41.884
351.5	2.09875991948409	130.848
352.0	1.456109883958643	80.588
352.5	2.157049951840256	100.588
353.0	2.5244155636797343	171.91
353.5	2.0090603348485447	90.754
354.0	2.0426463841447844	101.797
354.5	1.719210294096941	151.206
355.0	2.3323194687665962	96.083
355.5	2.121953916239913	82.867
356.0	1.51318308284214	67.041
356.5	1.9965212976199214	102.049
357.0	1.77131321914155	50.823
357.5	1.7857118282652165	120.966
358.0	2.0318327999993686	141.141
358.5	1.5805912229054513	60.268
359.0	1.8096108650000826	151.337
359.5	2.28959733137675	104.288
360.0	1.862108785447104	110.791
360.5	2.0206967862673846	90.626
361.0	1.8980055837101064	99.442
361.5	1.5835053145262983	80.565
362.0	1.60578127200246	110.828
362.5	1.6503312435875979	121.04
363.0	2.0315134163791817	65.107
363.5	1.7980510822195115	60.622
364.0	2.087553442167307	70.834
364.5	1.8139757626855744	117.553
365.0	1.6941730876934462	90.742
365.5	2.2864482031236024	46.153
366.0	1.3594421757326993	80.527
366.5	1.8303156113139019	125.124
367.0	1.6751842305485163	60.477
367.5	2.119549208302336	102.288
368.0	1.3982339399151935	110.754
368.5	2.041658102075971	100.653
369.0	2.0242268157059806	94.355
369.5	1.9580302606528435	61.108
370.0	1.5289997131333175	109.493
370.5	1.890177656276399	50.607
371.0	1.5984412489467288	70.567
371.5	1.8487242510658943	66.495
372.0	1.785988364108348	80.465
372.5	1.4530123895154174	150.946
373.0	1.9655005400414822	40.641
373.5	1.636563554177366	131.094
374.0	1.674039062857784	65.821
374.5	1.961164909393072	108.736
375.0	1.4416532007806737	140.952
375.5	1.9953929068605112	87.268
376.0	1.585170690028906	70.847
376.5	1.9777015389068036	60.515
377.0	1.6055947895676843	92.317
377.5	1.9738077238958776	82.605
378.0	2.1428917531132705	70.511
378.5	1.7277287405266006	117.394
379.0	1.7972802433419117	84.716
379.5	1.7583870628337008	70.853
380.0	1.8465382174466538	110.918
380.5	1.9515457927626698	80.391
381.0	1.9528961390992416	121.131
381.5	1.9444363460509229	70.824
382.0	1.5912934342100287	151.36
382.5	1.9085738924125424	123.349
383.0	2.1462290669456925	151.78
383.5	1.5920863838672406	110.744
384.0	1.759030732944559	110.706
384.5	2.449839723932536	111.081
385.0	1.9810360824580908	101.911
385.5	1.5005401130298548	109.087
386.0	1.6289436831510218	121.225
386.5	1.830361615939634	70.371
387.0	1.9653522965046277	54.649
387.5	1.3245125196857503	110.697
388.0	1.7121940725686455	70.289
388.5	2.344283854087012	103.331
389.0	1.3423506208729719	100.618
389.5	1.951072734616655	90.53
390.0	1.9638956237826022	60.474
390.5	1.7894003222328694	82.449
391.0	1.7493419841022706	102.553
391.5	1.3683252400547712	70.596
392.0	1.9245673821205782	119.183
392.5	2.1674576815717685	80.476
393.0	2.194465371609036	50.401
393.5	1.1813572515143114	78.781
394.0	2.0892988974171134	71.888
394.5	1.795173389894815	120.718
395.0	1.488185511678112	60.403
395.5	1.668298499908625	52.395
396.0	1.7918411632016813	48.946
396.5	2.3536562697345835	108.938
397.0	1.6162792895830127	151.126
397.5	2.2099913145344834	60.394
398.0	2.2254658017986744	70.368
398.5	2.0463766969662887	48.986
399.0	1.9633239558708335	110.629
399.5	1.7069989816580557	130.935
400.0	1.778526368704998	80.437
400.5	2.8328267305758903	211.943
401.0	1.5489811534862576	80.631
401.5	2.4211366322035865	107.983
402.0	1.1964197084434154	126.719
402.5	0.1624289396995161	15.034
403.0	2.124893688216751	25.841
403.5	0.16118614865326225	18.843
404.0	5.778413352911778	65.721
404.5	0.7355484282634613	26.195
405.0	2.390255862451102	19.283
405.5	2.4184884265480564	20.597
406.0	2.370344802835486	22.284
406.5	2.591790355460585	71.749
407.0	1.702562220770346	70.475
407.5	1.2225482567901977	30.189
408.0	1.384643821457087	128.045
408.5	1.4707679540050793	32.627
409.0	2.833737013942595	70.395
409.5	2.52416122496351	20.124
410.0	1.7356328121396856	50.55
410.5	1.207779072687186	110.636
411.0	1.8100039861636907	20.755
411.5	1.9202974095968228	60.518
412.0	2.414615135445804	128.827
412.5	1.3723562806201601	70.457
413.0	1.7432327493720885	130.847
413.5	1.9496362486898793	45.617
414.0	1.9714339756855996	69.93
414.5	1.790963607281567	80.484
415.0	1.813602508576057	107.719
415.5	1.5140019415651227	70.478
416.0	1.685195672727453	60.493
416.5	1.6057522644292175	131.242
417.0	1.8603483697053678	66.823
417.5	2.40730232446913	104.232
418.0	1.4488281672171615	131.041
418.5	1.7401821515212876	30.21
419.0	1.7956557763411383	19.975
419.5	1.619957208181417	110.493
420.0	1.6061861676996496	120.757
420.5	1.802359380674566	50.33
421.0	1.6129348473214353	140.891
421.5	1.7368793428610472	110.771
422.0	1.5160255653664554	135.489
422.5	1.533988226645878	120.748
423.0	1.390981882170192	39.666
423.5	2.1496884920087105	130.815
424.0	1.340978980852879	20.376
424.5	1.6794870806111073	80.582
425.0	1.8480405277112415	110.666
425.5	2.5885602020187854	60.176
426.0	1.064071734946165	110.834
426.5	1.9767785239670912	67.033
427.0	1.8381674903740188	27.537
427.5	1.0096106909104328	117.775
428.0	2.0066022343685277	25.263
428.5	2.8737204528075524	80.852
429.0	1.5451062297010745	114.154
429.5	1.845593330774426	95.065
430.0	1.6000167516278252	110.647
430.5	1.5156681710406241	148.868
431.0	2.0331172061735017	70.665
431.5	1.6728625039027436	90.762
432.0	1.76592151549901	126.361
432.5	1.5821177711207197	347.754
433.0	2.1313717822000706	312.454
433.5	1.486456446472378	20.65
434.0	1.5620527033704281	60.564
434.5	1.8563283259140468	130.799
435.0	2.463693551000743	55.895
435.5	1.588650328004999	126.157
436.0	2.002155952769869	17.421
436.5	2.0852125734713196	50.219
437.0	0.8016123353134536	73.329
437.5	2.257413113610847	22.028
438.0	2.2618550025305293	50.318
438.5	1.8473077037603647	21.275
439.0	0.964867552803725	100.644
439.5	2.301526204707256	70.561
440.0	1.679599289159433	90.627
440.5	1.9698550380037232	70.386
441.0	1.7231535232670372	16.393
441.5	1.596640481259612	60.433
442.0	1.9165576201675587	35.935
442.5	1.1002309506907708	212.268
443.0	3.060414934389433	16.937
443.5	2.339132130829081	127.788
444.0	1.2998677081656294	147.711
444.5	1.2365732206712665	43.322
445.0	2.1235105637114255	50.449
445.5	3.3764330736982036	110.636
446.0	1.2944477825025764	21.158
446.5	2.3039278512689734	18.445
447.0	0.9360008084730339	49.325
447.5	2.0553050139666786	18.493
448.0	1.1804519811703702	48.295
448.5	1.3710772676089864	20.138
449.0	1.9870624520445161	15.736
449.5	2.7813737633807034	100.565
450.0	0.5680998187966888	20.088
450.5	0.14793617024875103	27.799
451.0	7.378747210860802	150.703
451.5	1.7533080682176345	35.305
452.0	2.288402774053626	90.528
452.5	1.6588912852403666	151.017
453.0	2.254038860356185	80.536
453.5	1.5240572194763644	140.947
454.0	1.6588186181448028	70.552
454.5	1.3873476968095608	131.109
455.0	2.377680090442888	30.805
455.5	1.6067508601581781	70.72
456.0	1.410698691847957	106.352
456.5	2.4563066144990016	49.981
457.0	1.4369606803197201	50.699
457.5	1.2040023712656565	64.87
458.0	2.326473729813055	72.324
458.5	2.0898393951767287	90.543
459.0	1.3093572265488143	110.69
459.5	1.9095526102787124	40.331
460.0	1.6028492935981267	49.333
460.5	2.149937033887588	32.246
461.0	1.38891816609394	158.751
461.5	1.7288921828870305	41.407
462.0	1.7571888652244165	90.674
462.5	2.321340636594276	40.202
463.0	1.883167986476436	73.273
463.5	1.7199082724288086	100.699
464.0	1.9518046829168343	80.519
464.5	1.7548969531549752	90.661
465.0	1.889201713439819	78.843
465.5	1.822523300440929	120.804
466.0	1.6386171427008196	110.689
466.5	1.9484486268821446	50.341
467.0	1.3264763101080386	110.581
467.5	1.8081200288279786	38.561
468.0	1.6987636182617103	70.389
468.5	1.9732405859388038	30.352
469.0	1.634934578529793	61.687
469.5	2.1894563583685236	106.213
470.0	1.3662872411988545	110.52
470.5	1.817584097350577	62.86
471.0	1.9296226138223593	100.715
471.5	1.6557498418473802	60.743
472.0	2.3405472830059315	80.471
472.5	1.788332714913698	80.073
473.0	1.4713567584229348	90.568
473.5	2.4401289727422517	50.535
474.0	1.6298555828631744	60.446
474.5	1.4081911777750749	60.177
475.0	1.7088593080782135	116.667
475.5	1.8459773269563584	99.936
476.0	2.3177456972836112	90.567
476.5	2.064887298811212	70.621
477.0	1.694387672507151	80.596
477.5	1.867713174740265	116.697
478.0	2.592225140708662	40.172
478.5	1.6190293408259147	40.878
479.0	1.7792316921684144	80.751
479.5	1.92270056229919	90.505
480.0	2.0259262395237743	111.055
480.5	1.7224376984087335	100.876
481.0	1.600121870838892	98.698
481.5	1.8976333064574742	60.417
482.0	1.6847057256397413	110.703
482.5	1.2610206910045538	40.34
483.0	1.6894133171927612	27.743
483.5	2.615119711610331	50.724
484.0	1.5314340357513647	100.664
484.5	1.7765772590792308	121.451
485.0	1.4883322336305578	60.501
485.5	2.098712516143498	27.761
486.0	1.761447250790875	43.133
486.5	0.5354012734873438	60.808
487.0	0.15156220387096925	35.959
487.5	4.309906587506774	50.272
488.0	0.6946716943247665	100.737
488.5	0.1511193856786003	19.8
489.0	6.050706092746684	390.383
489.5	1.7829349545585296	20.423
490.0	1.9368632268786	67.765
490.5	1.7732748707901322	40.123
491.0	2.155680605601967	35.352
491.5	0.12381611498336383	48.092
492.0	2.3827165038400913	118.436
492.5	0.4714732212899962	151.077
493.0	1.5705078286900251	28.276
493.5	0.4731468750116548	110.842
494.0	1.5369988046615475	27.047
494.5	0.5877269411075831	20.241
495.0	1.3562954702229923	22.161
495.5	1.559649028110191	145.337
496.0	0.7410222607259017	121.025
496.5	1.292457799073523	30.029
497.0	0.5203531341135877	24.328
497.5	1.0597934981484243	21.442
498.0	0.39287339813108446	40.429
498.5	1.2810319552954341	131.114
499.0	0.775107572762672	80.546
499.5	1.3176580305110048	22.427
500.0	0.3713594559654509	27.573
500.5	1.279095294444459	40.607
501.0	0.4668670512241342	28.438
501.5	1.9070119702527775	100.797
502.0	1.3595522003825202	83.393
502.5	0.7981984151724958	101.049
503.0	1.2809689003871723	29.358
503.5	0.6865279979982902	26.388
504.0	1.0521860680936002	20.703
504.5	1.3178931102073828	40.186
505.0	1.433668634867959	20.465
505.5	0.5734935011202261	25.217
506.0	1.270640461909375	100.728
506.5	1.8017416539654068	36.05
507.0	0.3401888316847231	20.941
507.5	1.5267562409176423	32.868
508.0	1.7865033059606699	51.169
508.5	0.9798171309271653	50.416
509.0	1.0925965167076368	20.689
509.5	1.1599090763990196	90.639
510.0	0.12802942112944965	72.282
510.5	5.973086637157605	86.131
511.0	2.1307012817033866	120.952
511.5	0.8332267788831721	80.549
512.0	0.16275532905359857	66.118
512.5	8.147237954627583	134.103
513.0	1.620867469325797	131.044
513.5	1.4798043648008967	112.55
514.0	1.5692072687562342	91.19
514.5	2.3860686438868033	80.605
515.0	1.8217322595222991	97.298
515.5	1.7269232517699162	141.362
516.0	1.5224162793213936	131.114
516.5	1.9130879440879438	96.472
517.0	1.5646134742010693	90.579
517.5	1.8404620924034536	84.722
518.0	1.7384701041416686	125.944
518.5	2.016341278157727	85.158
519.0	1.4273630086605715	80.507
519.5	2.1898014340936096	129.598
520.0	2.1568265263383077	80.58
520.5	1.9827489946934038	80.735
521.0	1.656853508834355	130.886
521.5	1.9823669383836486	90.705
522.0	2.117613760924572	95.454
522.5	1.438611395583902	130.98
523.0	1.744722336673638	81.154
523.5	1.999450094602187	141.036
524.0	1.7299701061693225	80.35
524.5	1.849911758548794	70.552
525.0	1.4608495403421022	141.006
525.5	1.4754718372003492	111.959
526.0	2.052087003293796	110.887
526.5	1.7269100993865152	88.064
527.0	1.2909258376136432	89.887
527.5	0.1453843457264303	14.856
528.0	7.472111077815696	13.827
528.5	1.472378836248348	110.795
529.0	2.0823711071449513	70.511
529.5	2.231124281380709	20.204
530.0	1.379122914828223	43.081
530.5	1.5573024704569853	104.009
531.0	2.0957277836428183	88.511
531.5	1.0536697659010639	33.75
532.0	1.2902471702579408	145.05
532.5	2.162753670210335	80.603
533.0	2.266618402624306	20.197
533.5	1.7474152620754857	14.003
534.0	1.1518844968471502	80.388
534.5	1.6201318674279226	40.111
535.0	1.9377423566826264	110.878
535.5	2.126440940468647	53.017
536.0	1.7300881815967954	50.278
536.5	2.053080309652617	63.035
537.0	0.1655337699718359	9.186
537.5	1.628368509879166	28.885
538.0	0.1617170285963244	25.13
538.5	2.472631537026238	118.393
539.0	0.3683715325699389	90.958
539.5	0.47054921463565563	120.351
540.0	0.7326867439331832	19.01
540.5	0.678754432192189	161.531
541.0	0.9131397000888597	22.015
541.5	0.8732570763776735	65.352
542.0	0.4444348015612302	143.852
542.5	0.12754991577034283	11.409
543.0	0.8015852507969938	60.442
543.5	0.710895196970531	50.399
544.0	0.7192221416830037	100.491
544.5	0.1247370890855023	10.678
545.0	1.2230598184430723	9.824
545.5	0.16131781607051188	9.824
546.0	1.7236423983986393	60.503
546.5	0.010663261268158792	88.736
547.0	2.1764209163016672	54.491
547.5	0.4575773700088875	70.631
548.0	0.6731877137482765	14.384
548.5	0.670661300998397	75.094
549.0	0.5441367975050888	20.279
549.5	0.4601562695013066	15.622
550.0	0.6625478916422065	131.073
550.5	0.35084688501561817	15.54
551.0	0.15650822636305306	33.36
551.5	6.522131731594868	50.364
552.0	1.562821476770948	100.878
552.5	1.9791109903358284	90.387
553.0	1.9157969100896561	94.914
553.5	1.7828937546784431	86.813
554.0	2.4223070353841987	50.253
554.5	1.5657808942927456	74.672
555.0	1.650530784342994	60.333
555.5	1.6226517448969904	100.631
556.0	1.8390178063478695	81.135
556.5	1.4126823412840392	100.681
557.0	1.3379077386409806	80.529
557.5	2.1179993222958204	21.167
558.0	2.2487866298753367	27.269
558.5	1.0696758882652864	80.937
559.0	1.5091806742345926	90.634
559.5	2.1626067160510467	104.09
560.0	2.1290262947615513	80.492
560.5	1.4585304076928014	101.224
561.0	1.8166823620540657	60.332
561.5	2.2420209108721303	70.695
562.0	2.3737790298290347	110.638
562.5	1.5720883341532428	100.611
563.0	1.8434848937828827	54.126
563.5	2.0404409388438656	60.339
564.0	2.913825185128834	70.625
564.5	1.3366506892997259	65.443
565.0	1.8362814034285304	70.456
565.5	2.347802192051934	55.165
566.0	1.6382503383700682	70.5
566.5	0.8375671533081525	120.842
567.0	1.5013383356405912	20.7
567.5	1.5092210466500797	40.307
568.0	1.7011344084460498	60.455
568.5	1.395948765309689	90.735
569.0	2.285954434794112	119.02
569.5	1.7254535370899704	70.592
570.0	1.7755579359645401	40.233
570.5	1.428873250570972	110.736
571.0	1.6716158939706494	141.266
571.5	2.5185093330414823	131.425
572.0	1.9757307602364917	40.283
572.5	1.5360028777034838	40.257
573.0	1.7821609094911008	81.064
573.5	1.995151008870148	30.211
574.0	1.3574582852253707	50.375
574.5	2.389924226267462	20.036
575.0	2.025452050621908	100.58
575.5	2.147365809213086	131.262
576.0	1.489625838236956	50.303
576.5	1.5629828103818202	53.977
577.0	1.7004602973842826	90.64
577.5	1.8565171316775853	60.641
578.0	1.6281019345370966	110.886
578.5	2.091046756106485	50.354
579.0	2.332345396559216	63.905
579.5	2.3208800839799184	30.244
580.0	1.4240126153833765	75.675
580.5	1.6927866032653955	19.426
581.0	2.0314444250451595	54.995
581.5	2.4557784574718426	40.32
582.0	1.6723109531212799	79.634
582.5	1.4201355260694593	110.7
583.0	2.0912197189615056	100.469
583.5	1.8425051418845189	51.12
584.0	1.6179426397131365	20.098
584.5	1.6878051566998848	87.053
585.0	1.7363569916632509	121.689
585.5	2.2276843478994	147.52
586.0	1.2536937175198606	100.63
586.5	2.1152098745941728	80.536
587.0	2.3239274261566822	80.617
587.5	1.801344868960994	63.574
588.0	1.5319311917529015	80.928
588.5	2.283331674760467	110.686
589.0	2.1513085543591663	70.363
589.5	2.0861335609001364	91.301
590.0	2.040622218644187	60.395
590.5	2.1312502145267804	55.59
591.0	1.6132946484713233	100.739
591.5	1.6595751846053	80.568
592.0	1.7594607554859538	22.176
592.5	1.576227091486844	68.609
593.0	2.20403887538617	74.009
593.5	1.8264860155005227	90.646
594.0	1.7475641271643518	151.015
594.5	2.601454209251688	87.883
595.0	1.7500187725382226	100.694
595.5	1.5644283645654582	110.767
596.0	1.6776154170100952	85.758
596.5	1.5611376270172606	92.578
597.0	1.9741860514177245	109.859
597.5	1.4336468187144837	80.6
598.0	1.8992189207598376	33.835
598.5	2.0629256650250642	90.524
599.0	1.9847294960525836	165.315
599.5	1.5359033110830085	120.883
600.0	1.9359277666758063	77.311
600.5	2.041955382427883	160.991
601.0	2.374935742280808	70.605
601.5	2.4359064232137206	24.957
602.0	2.0215695662692936	53.875
602.5	2.779543332698243	138.368
603.0	1.4561176889936456	110.958
603.5	2.311433395984403	60.581
604.0	2.165350293003196	69.833
604.5	2.3201345759030607	14.423
605.0	0.7318689876902168	30.172
605.5	2.727039545728406	20.221
606.0	2.027005737245661	63.749
606.5	1.7688229889838323	23.871
607.0	0.9171301788306672	102.18
607.5	0.13193738981961842	37.461
608.0	9.53590132779582	43.864
608.5	4.2665210177225195	112.52
609.0	1.3882708669745112	24.519
609.5	1.5534521330759008	51.76
610.0	1.745207068712857	150.873
610.5	3.606242885961641	144.7
611.0	2.307792948632195	46.39
611.5	2.7531083846436215	212.509
612.0	1.779746281574282	117.504
612.5	1.7640272993481576	58.239
613.0	1.7984828417722307	51.331
613.5	2.2926200229757594	43.234
614.0	2.008547178399862	130.732
614.5	1.5192936204532432	90.425
615.0	2.1209521747905056	89.608
615.5	1.413114818777404	70.829
616.0	1.7352824604307353	90.539
616.5	0.8099900055075427	57.231
617.0	1.1472244782819747	50.511
617.5	2.5313122521122104	95.977
618.0	0.8628467025235278	27.348
618.5	2.155507131679129	38.276
619.0	1.5932759598444874	120.885
619.5	1.9128447780864577	140.623
620.0	0.9961460958384405	110.775
620.5	1.0937542110941154	100.441
621.0	1.6105978908152518	191.181
621.5	1.765730770099874	120.919
622.0	1.3757578766387495	180.952
622.5	2.0078058446093747	150.95
623.0	1.8995507180036648	35.957
623.5	1.4027428119104515	31.778
624.0	1.5233006397454623	60.34
624.5	1.9626021931527902	123.804
625.0	0.9292889654280592	130.928
625.5	2.1749925143812865	46.726
626.0	1.2288843909066776	40.722
626.5	1.8716593297159885	57.791
627.0	1.195612908430212	42.034
627.5	0.9001922989411071	45.37
628.0	0.8018147985842408	70.35
628.5	1.3103098150827028	130.88
629.0	1.57866484658491	221.496
629.5	1.538562509878609	110.903
630.0	2.165030432665029	200.107
630.5	1.2016800345622085	50.45
631.0	0.7061294472169101	141.129
631.5	1.6305367054216082	130.681
632.0	1.4068493460866374	54.208
632.5	1.3386827403358217	52.056
633.0	1.5380013348026158	130.734
633.5	2.223620891674108	28.019
634.0	2.436279528029564	41.335
634.5	1.8827838526736744	160.851
635.0	2.21420376324919	130.726
635.5	2.1291611214151938	160.935
636.0	2.1512692752164337	45.242
636.5	1.1630542106865638	191.48
637.0	1.7606423442686663	31.186
637.5	1.7239051573503483	131.132
638.0	1.9807878770842797	151.563
638.5	1.6454474093257005	191.329
639.0	1.6621217992549422	161.113
639.5	2.3705357753900667	36.748
640.0	1.6672177735926197	20.235
640.5	2.6255102144848923	59.969
641.0	2.3432615401388937	37.899
641.5	2.053209521044648	91.321
642.0	1.2122974874205477	100.568
642.5	1.8332284905989078	110.947
643.0	1.5185087482292994	131.344
643.5	2.1532178647185534	47.928
644.0	1.57525532390602	141.981
644.5	2.7035621114477033	139.728
645.0	2.3783948654046916	90.597
645.5	1.8936134299533538	80.467
646.0	1.5797188935699984	140.979
646.5	1.2222465046164703	231.394
647.0	2.7832823007456264	107.445
647.5	1.5906123221698654	29.568
648.0	1.5035994019237937	161.017
648.5	1.112571768266577	38.156
649.0	1.42699643230144	26.056
649.5	1.6580155300698993	152.343
650.0	1.8777898275984086	150.652
650.5	2.1274431853590285	35.077
651.0	1.156916878786591	50.472
651.5	1.6935314758478561	43.09
652.0	2.2979988316501854	130.998
652.5	2.022999576920277	41.937
653.0	1.9290775296557916	42.451
653.5	1.3403716519277533	39.089
654.0	1.9037756208852905	38.999
654.5	2.2216696559309628	130.838
655.0	1.9840291585919514	162.055
655.5	0.9144862690985459	80.58
656.0	0.8782288840988067	28.951
656.5	1.6988760868934762	60.23
657.0	1.0965512801310822	36.342
657.5	1.6843986617437843	171.233
658.0	1.1101203703154723	160.861
658.5	1.3114837374395842	201.06
659.0	1.581722365956329	110.723
659.5	1.365581398042913	130.59
660.0	2.2029685699112616	60.398
660.5	2.165795920211613	110.596
661.0	1.938957864055167	160.931
661.5	3.1860701460967658	79.696
662.0	0.4539213661027965	45.289
662.5	1.0734247492721176	32.024
663.0	1.0442300841289174	211.277
663.5	2.4716921652905532	41.246
664.0	0.7279055435759214	201.401
664.5	1.3137163755796362	55.922
665.0	1.4102587888961884	42.896
665.5	1.8700004875612855	50.427
666.0	1.4720806458706672	150.915
666.5	1.6990916342691995	150.726
667.0	1.5845445354558039	131.672
667.5	2.193819151368721	219.027
668.0	1.4191642847924004	241.809
668.5	2.388295007978047	80.466
669.0	2.451511927465762	130.811
669.5	0.9901748335353877	191.476
670.0	1.5295238115209133	24.615
670.5	1.3168853478641813	41.55
671.0	2.3670175055591214	25.559
671.5	1.8678984438534034	130.87
672.0	1.7535333641961042	130.523
672.5	2.2075765393730236	151.1
673.0	1.784641211675086	279.776
673.5	1.4413736385427387	130.68
674.0	2.1526507192667896	49.114
674.5	3.0246049251288154	33.581
675.0	1.5354406302832704	57.94
675.5	1.9070063414786964	50.288
676.0	2.2243512075383567	47.826
676.5	1.1908130297321813	151.182
677.0	2.31872952533648	230.848
677.5	1.7788597301739963	141.036
678.0	2.429503778255949	131.394
678.5	1.6145907485113526	140.929
679.0	2.2076730939775433	241.504
679.5	2.33275601219035	150.816
680.0	1.5630592330995519	39.827
680.5	2.079984593746736	56.672
681.0	1.504716867649522	191.452
681.5	1.866395748276063	181.347
682.0	1.9345824072539024	25.697
682.5	1.6449575409498016	100.533
683.0	2.658342340705862	141.144
683.5	1.8843615036502288	190.972
684.0	2.6340546461693486	120.645
684.5	2.1649853192538187	52.233
685.0	1.6196116752408205	160.921
685.5	1.1474536318485038	181.645
686.0	1.2006164989917036	100.68
686.5	0.9965052685275042	110.743
687.0	2.0926819239357966	130.819
687.5	1.0250601944215538	52.244
688.0	1.9417239773390271	131.621
688.5	3.8339916214561183	103.025
689.0	0.873125941706467	201.234
689.5	2.2875293619404484	198.254
690.0	1.239710343525995	58.935
690.5	2.47213175831367	40.63
691.0	1.9520413019853802	34.109
691.5	1.9618271374462966	100.394
692.0	1.0848208829698562	46.448
692.5	1.867183682534003	150.807
693.0	1.4345604226363122	161.12
693.5	2.2256733989411788	122.525
694.0	2.3759123778359403	213.506
694.5	1.336840519000511	131.778
695.0	1.7827718202853535	150.952
695.5	2.0117174948563377	81.28
696.0	2.529828974435598	130.854
696.5	1.5834341082602705	151.15
697.0	1.6448319295701883	199.58
697.5	2.8871556597103663	40.635
698.0	1.2563598306633443	53.62
698.5	1.2596264224120073	191.656
699.0	2.598405886156024	121.033
699.5	2.0800621742546075	150.824
700.0	1.1330813952569976	140.62
700.5	1.853997385582655	302.638
701.0	1.5941578898651259	185.301
701.5	2.1207129495738886	28.98
702.0	2.6387942394009283	130.316
702.5	1.5860150450776735	201.071
703.0	2.411544985719401	171.131
703.5	1.5783758527070602	45.581
704.0	1.956957376766536	52.66
704.5	2.854208845130723	144.932
705.0	2.648021704437093	54.212
705.5	1.40346450506043	170.744
706.0	1.4238269292353374	130.461
706.5	1.6985538506082491	20.06
707.0	1.1647020843029567	55.151
707.5	1.5649391807253084	280.561
708.0	2.041852060007921	39.029
708.5	1.2237247878244157	211.29
709.0	1.5096257461459313	31.094
709.5	1.6004780805797767	111.133
710.0	0.7383564908550521	57.076
710.5	2.3748057744974864	90.481
711.0	2.510681930095645	120.853
711.5	0.9345158661478429	80.554
712.0	0.8272770221073519	90.426
712.5	1.2307286063705656	151.056
713.0	1.2270509573572783	34.004
713.5	2.4732533436783632	29.137
714.0	1.495612844165058	130.968
714.5	0.9812017943188397	36.82
715.0	1.4295062468924609	141.13
715.5	1.386769576103456	150.945
716.0	1.4546526084827445	60.233
716.5	1.6311879811411059	100.823
717.0	1.994054501285515	38.76
717.5	2.1434544459904936	31.357
718.0	3.0160026811953013	350.099
718.5	1.5789699079292954	45.956
719.0	1.570478152019448	261.641
719.5	2.368972257045119	86.134
720.0	0.9468120138047253	36.294
720.5	1.8429860712130215	40.661
721.0	1.5852396613453992	57.762
721.5	0.09887151034290545	56.412
722.0	74.04848832956661	56.412
722.5	0.5028285062650413	35.162
723.0	0.09822206897069378	51.722
723.5	3.052102423078035	150.797
724.0	1.4715132347829714	181.012
724.5	1.0163960526821259	47.558
725.0	2.2332164183484715	151.271
725.5	1.052962721009781	161.323
726.0	0.8794164623046061	171.354
726.5	1.2093386686299754	161.268
727.0	1.728166536808077	31.696
727.5	1.118584452633049	151.153
728.0	2.360611174494592	100.255
728.5	3.0858511213177837	79.599
729.0	1.5528285215776758	170.776
729.5	2.23534914028268	151.102
730.0	0.6035325945053092	45.045
730.5	2.2014195775925076	179.689
731.0	1.0925650158386906	31.63
731.5	1.0033465256060168	25.748
732.0	1.149921509937032	90.394
732.5	3.0537975855770823	80.728
733.0	0.5660541726908423	171.31
733.5	1.841461648383125	127.247
734.0	3.5154218134158057	81.352
734.5	0.4133988304858944	181.103
735.0	1.2446847264354093	181.227
735.5	2.06838443943019	160.369
736.0	1.8021092299739525	74.18
736.5	1.0806286419195614	52.629
737.0	1.706876887146304	100.722
737.5	1.5755942135694314	101.176
738.0	2.0572382893991303	38.545
738.5	1.887968738198368	60.549
739.0	2.2670292212356324	130.49
739.5	5.175200618195273	81.193
740.0	0.6911639242483352	35.772
740.5	1.7100663023665392	97.232
741.0	1.3276167823166467	39.868
741.5	4.393206304552866	141.156
742.0	0.9618062268084037	39.066
742.5	2.323980279270211	107.78
743.0	2.9198091856017965	314.779
743.5	0.8610818545694678	140.749
744.0	1.6973092972221506	161.157
744.5	0.9525474336996897	271.849
745.0	2.694598876274168	80.615
745.5	0.6534735518891375	51.689
746.0	1.1063651066158178	281.89
746.5	2.067159095114004	24.233
747.0	1.154577868207174	45.35
747.5	1.8445626598320402	80.736
748.0	2.2545959109002336	38.284
748.5	1.2776165793220593	60.879
749.0	0.9174510903285237	171.143
749.5	0.5788272558834434	34.659
750.0	1.4281707241000978	130.919
750.5	0.5777215091397838	130.845
751.0	1.6399979184815936	171.193
751.5	2.771694502657996	29.928
752.0	0.7751898762764788	55.83
752.5	1.7897857754817108	28.608
753.0	1.104711697405384	55.153
753.5	4.056356529033967	131.011
754.0	1.6033109079325314	150.989
754.5	2.1291738221602077	126.261
755.0	0.3479165752509175	150.85
755.5	3.790663849775746	130.848
756.0	1.7518994598034847	160.887
756.5	2.0900213112549	162.981
757.0	2.2668133857132924	199.109
757.5	1.1265706336528767	60.378
758.0	1.3933036717528864	35.333
758.5	3.5801031945249706	326.918
759.0	2.8819843651156165	395.736
759.5	2.603298228843825	100.639
760.0	1.701905049604245	180.775
760.5	3.899984195294713	120.336
761.0	0.7629867133742422	130.807
761.5	2.242393753411162	157.788
762.0	1.5165705551464117	232.013
762.5	2.527500833369138	42.117
763.0	1.1922241758492547	47.405
763.5	1.2309763642611213	51.332
764.0	3.110276921173466	121.209
764.5	0.553988638504455	181.043
765.0	1.9852733467391208	161.223
765.5	1.567990702087876	24.579
766.0	2.058132402179518	160.847
766.5	1.8709613330897739	42.999
767.0	1.9072561010315119	221.3
767.5	0.9679462558678568	161.504
768.0	3.590985952848793	120.755
768.5	1.5154271196657398	160.914
769.0	2.146184142255025	131.325
769.5	2.814073666758905	150.944
770.0	1.4175313802440743	53.496
770.5	2.234877211484649	161.061
771.0	3.2229758688663335	79.554
771.5	1.0533828766317364	130.523
772.0	1.5797917561838761	141.228
772.5	1.9200197634247191	171.231
773.0	3.286418346442942	122.366
773.5	1.3230933135462877	42.103
774.0	2.1582616987081327	56.081
774.5	1.864776365567358	121.014
775.0	1.9981749820510246	29.568
775.5	1.7759205908674065	261.971
776.0	1.3819353591591503	80.541
776.5	0.8674076895002363	60.525
777.0	3.7144809623162827	140.868
777.5	1.8016926746380855	151.186
778.0	1.8157426170462838	24.477
778.5	4.123595781951109	151.118
779.0	1.7434638459045484	171.016
779.5	1.2866431238001534	101.147
780.0	0.9518469196534287	322.031
780.5	4.08882159707385	130.857
781.0	1.0119151210684385	49.683
781.5	1.4045976369639865	31.676
782.0	3.443107691362353	57.29
782.5	0.5538759742574412	20.976
783.0	1.0555430451846142	121.008
783.5	2.178128406241944	140.905
784.0	2.2342784287468396	110.838
784.5	1.4288544764363087	35.216
785.0	1.3089578118828458	37.278
785.5	1.5863613218679131	41.661
786.0	3.187258957383121	140.732
786.5	1.326416383336946	40.642
787.0	1.2256844386407422	281.672
787.5	3.4895893513056637	39.666
788.0	1.5641135155598116	53.86
788.5	2.017066141078721	39.817
789.0	3.496461931829717	108.223
789.5	0.8155560728455336	60.756
790.0	1.6982278148589292	201.586
790.5	1.326800070678939	271.829
791.0	3.086715424362316	67.872
791.5	0.8813532785957869	131.008
792.0	1.3765896869463117	251.685
792.5	3.560040668221869	30.01
793.0	0.9914072444047821	41.165
793.5	1.5594419518024514	40.389
794.0	1.3353252349424574	48.338
794.5	3.9570825923622883	61.217
795.0	1.6409531620828772	150.759
795.5	2.0325194218443783	141.104
796.0	0.7200824407615883	26.408
796.5	2.9944031342197763	161.249
797.0	1.8969805462859237	70.527
797.5	1.4765068099909833	130.874
798.0	4.262089818579745	73.514
798.5	0.5555257229548455	150.995
799.0	1.7297829851075581	140.787
799.5	3.125078267358236	115.951
800.0	1.0579986388349498	18.648
800.5	1.1895055243763129	25.239
801.0	1.482997063209783	100.478
801.5	3.879727895247748	30.7
802.0	1.273392013120781	25.283
802.5	1.5295668666699833	28.254
803.0	0.9532471899232298	144.257
803.5	2.406911595669921	100.817
804.0	0.9749204809313902	151.017
804.5	2.5518543006148797	80.809
805.0	2.315470224259439	37.683
805.5	0.8108261146582414	23.237
806.0	1.8055973138744583	161.189
806.5	2.224222228643939	121.643
807.0	3.342260948165258	262.121
807.5	1.490716438520309	55.915
808.0	1.3812716353087013	41.034
808.5	0.865322958887646	36.978
809.0	3.17248780649171	221.423
809.5	1.8878161146803232	28.668
810.0	1.3988679842335379	46.968
810.5	3.3840781950444305	41.444
811.0	1.376167979094458	42.17
811.5	1.4679421620034299	80.691
812.0	1.8261044661642691	90.505
812.5	3.6775396812767243	150.951
813.0	1.0684020547215396	19.133
813.5	2.2108165731592107	50.386
814.0	4.204523172025948	144.114
814.5	0.7253674767687247	131.202
815.0	1.5205618190348595	34.892
815.5	1.2350991108882179	29.855
816.0	3.1155710811937407	532.008
816.5	0.9379545471841759	45.405
817.0	2.07432330324332	45.79
817.5	2.6297523755453667	39.189
818.0	0.4827522520991597	170.903
818.5	1.104869924424874	141.062
819.0	2.3069146154071776	100.79
819.5	2.4205111239442862	60.396
820.0	0.9679459678331332	160.938
820.5	1.6715781552337163	142.469
821.0	2.9071534014692686	101.005
821.5	1.104202950137619	110.609
822.0	1.5409551176357479	39.867
822.5	1.4023305397035506	63.755
823.0	3.4927422859912403	446.258
823.5	0.8111991054583714	60.848
824.0	0.9399445241537012	47.383
824.5	2.514706173436593	37.483
825.0	0.5808436734682757	150.737
825.5	1.1945216771027227	40.396
826.0	1.5747265604488139	41.387
826.5	2.1426088664071967	281.581
827.0	1.1520938731360728	130.933
827.5	1.83786976233558	211.82
828.0	3.5940719000770467	80.727
828.5	0.9680543176909564	70.388
829.0	1.9353347818666693	150.956
829.5	1.606402103426696	44.687
830.0	2.221396637027383	30.748
830.5	0.925503425933899	131.076
831.0	1.9222168509371502	56.242
831.5	3.419997710245046	56.367
832.0	1.6481924686047802	110.617
832.5	1.5833061152066694	118.03
833.0	0.9259101119886477	191.478
833.5	3.79135219797266	21.728
834.0	1.2300049241005684	39.774
834.5	1.4492823182555417	151.193
835.0	2.7172923858223688	115.022
835.5	0.8075537565291293	150.997
836.0	1.4572480443098674	33.414
836.5	1.238945781505439	55.833
837.0	3.8640489987338755	110.676
837.5	0.8732941170424533	23.568
838.0	1.6525150729173408	150.74
838.5	0.3844074600064909	30.388
839.0	5.303530037640786	46.094
839.5	0.3535036049413395	100.809
840.0	0.29668072971573844	34.547
840.5	0.14283135786567633	19.0
841.0	1.7493202123359182	241.542
841.5	9.022345100977555	120.673
842.0	0.6729878036146707	201.171
842.5	1.4957746480990664	45.324
843.0	0.1836601941089573	47.119
843.5	0.4306895484682429	47.74
844.0	3.010865440692224	151.128
844.5	3.3821952317199733	47.857
845.0	0.46458409181398486	221.418
845.5	1.4380008959201354	45.331
846.0	0.38893205447875967	50.21
846.5	0.8306586964467847	16.985
847.0	2.4916861182864776	311.938
847.5	1.562528150814388	19.86
848.0	0.6136073889921458	239.967
848.5	3.2884808106706043	80.679
849.0	0.2518227133882922	201.192
849.5	0.19710093642966428	44.046
850.0	1.0094030895451276	31.712
850.5	2.6628873921219745	100.744
851.0	0.42582740973283223	221.557
851.5	0.14973796297800984	23.106
852.0	0.6625814156356223	405.039
852.5	1.2827970784196572	23.542
853.0	0.0947375963289794	429.349
853.5	2.619219543958965	35.325
854.0	0.013469902848212126	53.914
854.5	3.434288192020798	26.451
855.0	0.3997450068121664	41.385
855.5	0.7694097351823629	45.154
856.0	5.671626262499167	115.008
856.5	0.37762213081737556	332.496
857.0	2.442442709590206	130.745
857.5	1.6597280845538829	28.733
858.0	1.6668136988625857	37.498
858.5	2.2055633547613507	80.691
859.0	2.982070911632743	40.601
859.5	1.121564981184135	201.036
860.0	1.846897503706603	151.073
860.5	2.159794621434725	120.804
861.0	2.275748789482895	191.225
861.5	1.8197383777450817	48.144
862.0	1.961676103812592	50.519
862.5	1.6453973794426986	55.824
863.0	2.269579360459427	130.877
863.5	1.2884526177738123	130.872
864.0	1.1001330127244269	60.511
864.5	2.297836878640469	161.794
865.0	1.4735383357460847	140.912
865.5	2.414657419481992	110.623
866.0	1.8734172025774805	45.002
866.5	2.0749025750162886	100.825
867.0	2.9914843264397235	80.859
867.5	1.562530010801036	251.821
868.0	1.4199123122674813	202.275
868.5	2.474716937450041	197.576
869.0	1.6341998512899854	44.205
869.5	1.655768627504184	58.546
870.0	2.522013134206273	60.472
870.5	1.37743579709909	191.016
871.0	2.2112995049915702	60.107
871.5	1.7542707200305114	32.296
872.0	2.3073019837576743	211.079
872.5	1.5054965416643162	140.747
873.0	2.193233065012529	150.641
873.5	1.934813019647986	160.763
874.0	2.3083257172060647	150.656
874.5	2.2057334841198464	141.135
875.0	2.082746035686034	110.711
875.5	1.9604923000118848	162.788
876.0	1.33811490121974	181.454
876.5	1.1604785215119704	43.897
877.0	2.0618629014872405	36.282
877.5	1.9312170894925489	17.893
878.0	2.368521400145753	51.999
878.5	1.8194553308007315	55.825
879.0	2.908118952588042	150.951
879.5	0.13807498474085864	16.665
880.0	1.6976326310506251	37.113
880.5	15.98962031688563	16.027
881.0	2.526981867006346	110.67
881.5	5.576061105081075	45.225
882.0	1.7732388255526734	130.978
882.5	2.752877405580193	75.35
883.0	1.694518060592772	141.053
883.5	2.451449165609903	90.48
884.0	2.2860390568775424	175.719
884.5	1.5926009262152083	110.72
885.0	2.1476381612552604	150.723
885.5	2.5915042488259155	100.52
886.0	1.8343732940658053	161.15
886.5	0.9452758666363557	26.041
887.0	2.077602455647485	211.856
887.5	1.4982133629795895	161.256
888.0	2.02909274058598	43.924
888.5	2.209110802969666	65.01
889.0	1.6815457245124106	178.011
889.5	1.8455122039632355	44.548
890.0	2.135272690422587	69.842
890.5	2.2255971811349102	140.895
891.0	1.5776176002588995	150.912
891.5	1.6987653445055804	110.375
892.0	2.0326954628634715	44.393
892.5	1.7930453246648481	24.561
893.0	1.5016033322919076	161.267
893.5	2.026780789012676	150.94
894.0	1.630590169857354	131.04
894.5	1.5678128352858913	33.808
895.0	0.16383972044386685	17.062
895.5	1.6205149019185936	120.891
896.0	13.75137223453537	30.192
896.5	2.2851624219376094	30.618
897.0	4.832539432119494	75.483
897.5	2.479364977975254	42.477
898.0	2.320803945182149	75.429
898.5	1.7651293598160203	30.187
899.0	2.278492736311731	45.23
899.5	0.7698111024291859	110.854
900.0	2.0870461828658935	17.475
900.5	2.2093301724628422	40.567
901.0	3.013182307349451	37.598
901.5	2.0005682355293755	42.474
902.0	1.7750229288403983	150.814
902.5	2.2709046350061444	120.888
903.0	3.033004062699841	122.254
903.5	1.247183207586356	110.665
904.0	1.8437756114255452	60.939
904.5	1.9719870529399897	180.955
905.0	2.185591686824949	133.829
905.5	1.3187812253162574	80.506
906.0	1.6144015490147483	110.923
906.5	1.4556988240111883	41.272
907.0	1.8700779559383633	22.606
907.5	1.8317078048228423	120.82
908.0	1.9000438498851306	80.456
908.5	2.1938463370282455	150.543
909.0	1.931625415706179	90.764
909.5	1.402688355307816	150.846
910.0	1.8002639769075888	236.78
910.5	1.4076240842572452	171.196
911.0	1.923429393023568	100.839
911.5	1.72159212066071	33.63
912.0	2.3752486672710535	39.849
912.5	2.975100813728124	79.809
913.0	1.5046100346656213	37.05
913.5	1.9079279338515127	18.169
914.0	1.2904810731076706	151.203
914.5	1.673279195541655	130.807
915.0	1.834852607268718	120.907
915.5	2.463446497374683	42.992
916.0	1.7266026062927107	272.537
916.5	2.660999421005457	55.246
917.0	2.072064722395585	47.267
917.5	2.475363918858668	130.875
918.0	2.350431872485899	147.77
918.5	1.5542072155863194	191.847
919.0	1.8873892502542067	59.637
919.5	2.301050015702879	140.992
920.0	2.7220498221463116	39.101
920.5	2.164152802959433	151.21
921.0	2.8148060096918823	100.553
921.5	3.3387656848560154	63.79
922.0	1.7203884191803682	38.432
922.5	2.572339806255347	140.572
923.0	2.7439419151143163	100.651
923.5	2.222082876836245	45.339
924.0	1.7115555673483704	140.737
924.5	2.374932027019615	150.615
925.0	3.1400229655672556	110.721
925.5	1.872878902799556	80.726
926.0	1.3985254189932128	100.583
926.5	1.762067515089597	56.609
927.0	1.715287576248567	21.703
927.5	1.678880411038949	130.78
928.0	2.089811669820195	56.669
928.5	2.0219831776333916	150.98
929.0	1.4061195447314454	160.996
929.5	1.8131482210036884	57.736
930.0	2.4137305078706297	50.958
930.5	2.8270394842657174	22.708
931.0	2.1797381413346186	110.515
931.5	2.3272028077514375	160.993
932.0	2.5070463229879807	161.009
932.5	1.4535310488523727	49.592
933.0	2.0110622435217635	191.107
933.5	1.3537165717624253	35.439
934.0	1.977304664201781	50.163
934.5	2.1315682471518174	34.582
935.0	1.693416315276096	38.3
935.5	2.344624001994351	160.837
936.0	1.95651628391684	140.729
936.5	1.5886241515183956	151.017
937.0	1.8725127639345127	163.303
937.5	1.262339291559291	140.969
938.0	2.156002068760266	121.278
938.5	1.5204467350591415	140.526
939.0	2.290663765899026	42.756
939.5	1.5334487744698784	110.895
940.0	2.1627847388420505	207.532
940.5	2.3133937206629223	58.268
941.0	3.124859385910116	40.009
941.5	1.4519883746827342	58.225
942.0	1.7816367380616205	90.596
942.5	2.7399063625563183	78.822
943.0	0.5019014638303184	191.551
943.5	1.979262642183606	140.98
944.0	1.512301891803764	44.785
944.5	3.730154726871236	130.921
945.0	1.9023826083646702	50.605
945.5	1.6314211200060542	32.073
946.0	1.801892962299889	182.406
946.5	0.12385048769065406	37.632
947.0	8.7533152120661	79.864
947.5	1.5171954459383643	140.916
948.0	1.7705312228179624	40.237
948.5	3.2285591777069724	120.827
949.0	1.7294873472052952	171.472
949.5	1.8745596738248815	161.165
950.0	2.0387835737042024	131.201
950.5	2.907623895820771	120.725
951.0	1.5911215555884806	120.969
951.5	1.3311173172162551	48.681
952.0	1.7113496794380838	100.632
952.5	0.5061256752202546	181.2
953.0	1.1830851038270762	100.587
953.5	1.6810510819353304	47.149
954.0	3.1678942585820895	140.853
954.5	1.048135384358719	120.739
955.0	1.7001815659362491	110.716
955.5	1.2782857453704422	191.333
956.0	2.105390608493456	130.836
956.5	1.4702125183521868	56.569
957.0	1.832741633333631	141.328
957.5	3.739496919320255	121.681
958.0	0.8470020971521119	58.66
958.5	1.9958863104414848	140.968
959.0	1.734855422690364	191.073
959.5	3.186236398069762	31.77
960.0	1.0877758748020447	28.423
960.5	2.841717037143723	83.528
961.0	2.0579434634881784	52.688
961.5	1.0855842979520318	46.856
962.0	0.7623579588174048	33.422
962.5	2.971986060329535	54.603
963.0	0.9559465701516905	130.784
963.5	0.849613595474317	160.94
964.0	1.3805317812645017	148.897
964.5	3.2696772727492887	38.259
965.0	0.28883662349327704	80.892
965.5	0.6838539614489941	291.77
966.0	2.005020475676729	38.298
966.5	3.1770706435809477	90.734
967.0	0.9450903245081718	120.869
967.5	2.230320030189813	140.805
968.0	1.36509420356429	40.305
968.5	2.84950942844198	32.635
969.0	1.9374326823133907	37.407
969.5	1.238299106100339	30.197
970.0	2.9724065777990485	41.922
970.5	1.219433244952143	281.816
971.0	1.792284502486868	39.05
971.5	3.3825179606640075	128.185
972.0	0.5305806122853949	150.918
972.5	1.1174371736673625	30.41
973.0	0.7788629452869762	392.365
973.5	2.783995820803192	141.199
974.0	0.4536876841002497	120.923
974.5	1.1336419994573559	90.775
975.0	2.22082328325347	157.415
975.5	0.3874825358661005	45.853
976.0	0.7894033083226923	42.368
976.5	1.9433124730900546	101.144
977.0	2.4811781484653004	241.663
977.5	1.171675930780658	151.133
978.0	1.9062925105016537	41.393
978.5	2.338253420372821	53.919
979.0	1.3323841394379508	110.836
979.5	2.082970596926002	39.89
980.0	2.125006656482258	119.707
980.5	1.1239035208300276	90.582
981.0	1.2892571211807309	120.752
981.5	1.715945629941004	212.025
982.0	3.2614161809811377	140.868
982.5	1.0695545082914986	70.474
983.0	1.9069555964035632	151.088
983.5	0.9480940914870347	38.362
984.0	3.1461104000559126	160.99
984.5	1.3163001536433114	110.434
985.0	3.9005356173694765	98.968
985.5	1.086480868022933	191.181
986.0	1.9208588904916422	61.7
986.5	1.751001174307591	56.988
987.0	2.8372787384698457	50.232
987.5	0.937255328413156	110.815
988.0	1.443483162881348	161.151
988.5	1.5938134519459417	211.674
989.0	2.3985205900500586	261.499
989.5	0.8314922188290108	100.642
990.0	2.0469670829283926	52.421
990.5	3.317036135214395	40.209
991.0	0.44700392437490133	52.28
991.5	0.6806572968698338	141.016
992.0	1.3001039956417908	412.709
992.5	4.1868513870309725	141.048
993.0	0.71529315847416	56.629
993.5	1.5753124800478264	100.736
994.0	4.0888683854795955	127.044
994.5	0.6614774369790575	34.694
995.0	1.4028884641804575	39.246
995.5	2.2639581514623153	36.727
996.0	2.734924769322452	110.662
996.5	1.0391994247519403	140.907
997.0	2.2130233200158225	74.189
997.5	1.4128988070219133	28.034
998.0	4.143188179521502	239.439
998.5	1.1430350508801652	292.162
999.0	1.5520800866502977	53.071
999.5	2.8624105196966245	171.177
1000.0	0.567707904546939	26.248
