0.5	0.16017135249088754	74.617
1.0	2.7393608229484356	59.73
1.5	0.3648698273946108	171.252
2.0	0.5708145794813132	120.84
2.5	0.7627677416448139	81.41
3.0	0.44604023199081494	171.339
3.5	0.5194301390111721	193.486
4.0	0.9128311015612061	120.73
4.5	0.5480331575393856	66.221
5.0	0.6168145315411689	171.125
5.5	0.5565525255333816	62.988
6.0	0.5499821806902994	152.0
6.5	0.8078512758764894	141.138
7.0	0.6040971072045221	71.4
7.5	0.6076930528277313	62.214
8.0	0.582426744516914	130.912
8.5	0.4138769727121639	160.93
9.0	0.4245699020876837	161.017
9.5	0.8033831044422955	161.008
10.0	0.43877332389410567	62.386
10.5	0.5288258567695399	161.228
11.0	0.570150890608689	135.413
11.5	0.4372123507222006	80.705
12.0	0.3413036776589974	130.85
12.5	0.7422805472523288	181.197
13.0	0.4208338845996859	130.817
13.5	0.4054133610287616	120.812
14.0	0.7657323795903533	141.12
14.5	0.5154937624485979	67.231
15.0	0.6790278757100788	130.946
15.5	0.9326764057431391	141.072
16.0	0.5880548986460333	80.412
16.5	0.5481854571567348	67.515
17.0	1.9306023187127954	21.134
17.5	0.8324729612213343	100.672
18.0	0.586894599857738	27.22
18.5	0.4161167907634463	68.814
19.0	0.547270471047188	42.046
19.5	0.48973067865621445	67.366
20.0	0.6331872768715913	18.6
20.5	0.5551271722442259	121.265
21.0	0.5243535775490651	50.692
21.5	0.8358772337104539	58.205
22.0	0.5250619642467067	71.311
22.5	0.16746162137851012	17.709
23.0	4.0794838053582	100.613
23.5	2.2252639553769487	50.564
24.0	2.0988223395120955	100.743
24.5	1.5441719366905073	110.816
25.0	1.7131528938877394	30.197
25.5	2.2021995564024897	101.923
26.0	1.2999448442550299	30.171
26.5	2.0752888808368555	30.201
27.0	1.8373127165943937	39.891
27.5	2.294544778698962	55.408
28.0	2.4275055263749197	17.217
28.5	1.9005139316214759	60.417
29.0	2.182416548758155	60.431
29.5	1.8899795961800263	70.569
30.0	1.494530518983703	15.017
30.5	2.604663495412277	14.44
31.0	1.6141256963688961	139.282
31.5	1.5586373838061431	50.64
32.0	1.6085130006570374	30.181
32.5	1.6388409987464005	120.674
33.0	1.4573083245116325	90.492
33.5	2.5458339926400146	100.671
34.0	1.609898250212997	80.758
34.5	1.9727542894117924	98.385
35.0	1.2229827727182205	70.627
35.5	0.9197949384986899	102.505
36.0	1.897215900457877	151.487
36.5	1.377595098979898	50.771
37.0	2.2965965716449004	120.584
37.5	2.4416895400532104	96.168
38.0	1.793627034972136	90.473
38.5	2.0464070572727753	116.156
39.0	1.7046222309799188	76.351
39.5	1.9582934917946364	30.274
40.0	1.6838020545301473	80.664
40.5	1.325138303190328	251.994
41.0	1.7564060216053405	60.398
41.5	2.4852412557067156	30.35
42.0	1.5743912705204897	75.291
42.5	1.7354002812681384	111.183
43.0	1.8298498671987309	108.526
43.5	1.6707485574523404	30.205
44.0	2.102393112840326	24.252
44.5	1.444150520519025	120.879
45.0	1.8896154991137049	30.169
45.5	2.2223194565396938	25.74
46.0	1.3749235102868747	136.264
46.5	1.8779218584477502	50.416
47.0	2.440344854383487	80.118
47.5	2.257132226684338	75.839
48.0	1.3683650047714868	80.565
48.5	1.9615377947795452	20.148
49.0	2.0429161807918166	110.867
49.5	1.8387863284098964	65.763
50.0	2.0026533958287867	20.313
50.5	1.6613772026649276	35.974
51.0	1.559696964969453	111.705
51.5	1.8532202587290876	55.951
52.0	1.8295035272193387	90.609
52.5	2.1818121209511565	211.758
53.0	2.172279433676931	111.628
53.5	1.9664544828552715	100.72
54.0	1.4761051369100346	47.194
54.5	1.6670850889697277	29.128
55.0	1.9313618112535436	60.576
55.5	1.5568556813588237	50.396
56.0	1.6633544837548229	15.562
56.5	1.8953619090081384	30.136
57.0	1.7662935338786296	117.254
57.5	1.6207690871370013	100.516
58.0	1.458951162020831	41.135
58.5	2.4460391074510315	57.773
59.0	1.490235339659721	87.388
59.5	1.6170819787349948	40.712
60.0	2.262417833284969	40.662
60.5	2.235039478166178	151.433
61.0	1.7295667089556905	39.943
61.5	2.388433476010874	90.593
62.0	1.6097835350655212	20.106
62.5	2.0222863868957286	69.42
63.0	1.708232503643532	90.549
63.5	1.8757193782967774	60.817
64.0	1.5345786130712111	90.586
64.5	2.0449290511680336	20.308
65.0	1.9481056344456118	60.438
65.5	1.6662170658270707	45.662
66.0	1.4402938344247729	38.514
66.5	1.810817420396335	60.497
67.0	2.3098826604282854	47.873
67.5	2.1118742926823946	181.957
68.0	1.4472490695824924	75.86
68.5	2.5944621605286	38.553
69.0	1.4227922985837609	40.203
69.5	1.7082375938405163	86.033
70.0	1.583645996923801	100.802
70.5	2.309070878657881	20.226
71.0	2.520269908949212	55.652
71.5	1.6504056658231352	70.674
72.0	1.8732189495119815	35.145
72.5	1.7213695600510917	80.641
73.0	1.9425640318725137	70.55
73.5	2.104712913408208	90.636
74.0	2.189434638399711	57.545
74.5	1.5822474912482063	100.541
75.0	2.137441301825706	20.182
75.5	1.6171741810089624	131.088
76.0	2.0612921856538864	70.427
76.5	2.1146906531837018	20.079
77.0	1.4613704778936794	60.488
77.5	2.2884409083701107	15.392
78.0	1.6967210276443434	110.96
78.5	2.3997435833822283	67.485
79.0	2.2546394080043726	20.28
79.5	2.07687137529733	95.491
80.0	1.6950856071730627	80.614
80.5	1.99214361511644	22.534
81.0	1.3008235841590332	110.952
81.5	1.5452949447239401	100.753
82.0	1.9042493014186552	70.446
82.5	1.8572610228388915	45.544
83.0	1.879013245539964	40.185
83.5	1.5864039837909087	109.021
84.0	1.9240913204798704	20.078
84.5	1.4956272066669176	135.394
85.0	1.6818783561007549	90.67
85.5	1.7935658449064162	90.619
86.0	2.102901374718121	100.763
86.5	1.651248487578849	20.246
87.0	2.706181453952138	50.268
87.5	1.360342172218316	121.034
88.0	1.7923566121310328	90.554
88.5	2.1206832909552795	100.575
89.0	1.688117236155349	40.555
89.5	1.5648985477670507	141.011
90.0	1.8113765058046767	70.308
90.5	2.5920147305988617	100.484
91.0	1.7067474720674942	113.969
91.5	1.627516085439544	40.288
92.0	2.156688480720825	16.6
92.5	1.663047085243251	50.327
93.0	2.3771504488888793	20.087
93.5	0.8479381183082422	70.561
94.0	2.0333230266060687	120.88
94.5	2.1071731753296064	36.237
95.0	2.027371110734079	90.769
95.5	2.400879352201938	91.029
96.0	1.4183829476268675	34.975
96.5	2.1282866262334834	20.158
97.0	3.0430641694074776	55.083
97.5	1.3878008160374038	64.623
98.0	1.8871223858325215	110.674
98.5	2.363341295873573	44.656
99.0	2.4235458451078733	106.265
99.5	2.006734737643994	69.983
100.0	1.8880183360702223	229.716
100.5	1.8898664448348983	40.344
101.0	1.7484713623981802	35.504
101.5	1.4918182491005345	102.437
102.0	2.130236894965782	46.116
102.5	1.7698251253164503	66.691
103.0	2.1139203040290173	17.91
103.5	1.335862234803914	110.641
104.0	2.6997638952392404	35.169
104.5	1.6532046358245625	16.019
105.0	1.9979784245694456	69.49
105.5	2.445572381509551	30.297
106.0	1.871940449083059	70.459
106.5	2.166596607805912	16.482
107.0	1.5417770378931666	70.347
107.5	2.135984050816383	110.724
108.0	2.1011776603244976	36.396
108.5	1.938667733012581	50.461
109.0	1.8908843653385226	100.527
109.5	2.434650615053773	70.31
110.0	1.7515553470855825	70.466
110.5	1.9286640877549992	50.351
111.0	1.8749718516247407	39.996
111.5	2.0390671065961548	90.697
112.0	2.015951513073563	46.06
112.5	2.197638988938395	76.247
113.0	1.6235385730620593	110.711
113.5	1.8388264899882223	80.645
114.0	2.2314290959668663	20.237
114.5	1.848105322206695	71.38
115.0	1.6042558740245585	55.984
115.5	2.3382549901157677	125.68
116.0	1.6746111648764015	60.478
116.5	1.691556269330359	16.225
117.0	2.3950141366961937	20.159
117.5	1.9348526401719297	75.071
118.0	1.7898132692565925	26.99
118.5	1.9243654909685988	70.868
119.0	1.4633862774449913	136.13
119.5	2.4208622004739007	66.933
120.0	1.648905409937021	35.372
120.5	2.1593710669790442	20.075
121.0	1.547047278889161	70.517
121.5	2.5034033982179023	60.656
122.0	2.226295379973237	80.8
122.5	1.5400880875351475	84.901
123.0	1.6913556657503381	45.55
123.5	1.6439511837824328	60.516
124.0	1.543937144996385	60.521
124.5	1.770764732642934	20.089
125.0	3.015803412557917	18.208
125.5	1.4271352239769366	14.719
126.0	2.2493112977620804	121.509
126.5	1.4384283598940044	110.628
127.0	1.6596344659344238	20.404
127.5	2.348061888880962	70.512
128.0	2.481654281013036	57.693
128.5	1.6540660307043837	55.775
129.0	1.9916205828779208	90.509
129.5	2.119101485995151	40.356
130.0	2.168153763934525	100.724
130.5	1.8470001368168498	100.859
131.0	1.8050194914676885	80.463
131.5	2.4580434379030947	30.177
132.0	1.9844079697220758	30.237
132.5	1.4496629704732613	60.45
133.0	2.1053583579441577	45.852
133.5	2.1568857092564997	65.013
134.0	0.6765525402942805	14.871
134.5	3.8212910612612254	110.798
135.0	1.8688287503501892	46.552
135.5	2.997911736952018	30.307
136.0	1.6914992321794045	90.825
136.5	2.07570429568329	100.601
137.0	2.887541915134092	20.653
137.5	1.794833317707953	14.8
138.0	1.4618361670838351	56.62
138.5	1.7774336081097435	30.202
139.0	2.4647031582262735	20.227
139.5	1.6073320385216985	90.665
140.0	2.039477014391568	20.074
140.5	1.8093618929015196	50.166
141.0	2.7185711880474606	21.671
141.5	1.4999965716870876	34.969
142.0	1.7269752882503504	30.19
142.5	2.204051713000563	36.741
143.0	1.7818680197189216	50.408
143.5	1.771520119431976	79.147
144.0	2.4175355776915235	70.441
144.5	1.9285398187981961	140.864
145.0	1.8842911912951148	20.177
145.5	1.5419657349930078	141.175
146.0	1.8166593935342759	15.213
146.5	1.656390406739328	110.684
147.0	2.0339499034359076	30.235
147.5	1.8471489179286178	65.38
148.0	2.255120769748324	60.341
148.5	1.8491436478669239	70.535
149.0	2.4813888269514126	70.949
149.5	1.3454807957565602	40.235
150.0	1.697149671738166	138.678
150.5	1.6466149880156593	140.718
151.0	1.600729758365209	121.08
151.5	1.8015769799265968	90.562
152.0	2.340002855518308	30.182
152.5	1.8246205594540916	60.318
153.0	2.1546429764850217	30.176
153.5	1.868411429391797	17.348
154.0	1.6609858356483633	101.511
154.5	1.8849460282720953	20.251
155.0	2.1386263869787165	22.704
155.5	1.6302846762331262	100.841
156.0	1.5401604684377557	32.316
156.5	1.42004885197883	20.053
157.0	1.7215411491975785	20.15
157.5	1.4274232137564005	130.647
158.0	1.8860560143213174	70.316
158.5	2.0942617946215565	70.42
159.0	1.6911561354215225	128.618
159.5	1.8109800981517676	65.317
160.0	2.296096285561341	15.617
160.5	1.7468472141528961	76.162
161.0	1.2132364458958778	120.741
161.5	1.833006713799229	52.75
162.0	2.2532230171813974	50.393
162.5	1.0543625756837691	69.125
163.0	2.0079981786079326	76.159
163.5	2.0035861915830235	60.269
164.0	2.0092795931087073	80.426
164.5	1.4922110853466855	107.636
165.0	1.7078542459068127	120.686
165.5	2.191990987931397	20.162
166.0	1.7127560783452187	35.963
166.5	2.18770281305875	20.03
167.0	1.8124766498842395	40.125
167.5	1.6851397422220467	40.275
168.0	1.748863853101022	120.837
168.5	1.7787652331454693	15.277
169.0	2.476171767726378	87.656
169.5	2.1039990749352566	59.344
170.0	1.9169615467828491	20.139
170.5	2.1633974702651013	81.982
171.0	1.164335778071355	70.352
171.5	2.2132050652880504	70.342
172.0	1.5351503045743455	74.477
172.5	1.8744605665883696	83.517
173.0	1.863013462290769	80.539
173.5	2.1266314498078236	80.593
174.0	1.8571561768755782	50.477
174.5	1.5822381863997872	68.931
175.0	1.5292582098586904	70.466
175.5	1.9387806302349067	73.255
176.0	2.1790900088922345	50.343
176.5	1.7626345318063206	17.334
177.0	1.6451402036729657	40.934
177.5	1.5073496121399732	56.571
178.0	2.0825995635383516	72.083
178.5	1.7307673367158984	91.003
179.0	2.2759018957903927	100.709
179.5	1.8480748930344466	46.7
180.0	2.1662238959442726	20.158
180.5	1.6374476948114804	66.521
181.0	2.6320578164823707	70.4
181.5	1.8379387495968822	65.399
182.0	1.9836908428756506	60.431
182.5	1.3882428659968047	110.556
183.0	1.5122696628058403	37.296
183.5	2.2103929644272915	30.218
184.0	1.9807379526984803	60.757
184.5	1.953726276355753	18.126
185.0	1.8209858645296284	120.922
185.5	1.7464795420323767	241.486
186.0	2.2345330864352424	40.202
186.5	1.988137227471241	60.596
187.0	1.5171832023352154	26.74
187.5	1.9212333123639025	98.9
188.0	1.6185555624753853	84.069
188.5	1.3856842553363857	30.177
189.0	2.4363830614774127	110.592
189.5	1.5151291152305375	120.78
190.0	2.081104302842403	97.685
190.5	1.6192314756598625	100.741
191.0	1.9805106300006872	72.629
191.5	1.4158553855427034	40.005
192.0	1.0825541535326582	110.903
192.5	2.715528682101432	35.507
193.0	1.5448195262667823	15.643
193.5	2.0482484342350746	70.159
194.0	1.457261264369434	50.3
194.5	1.4158686956333468	95.751
195.0	2.2223697358863137	66.606
195.5	2.695288509547503	40.37
196.0	1.9095320177926616	37.282
196.5	2.1011993744208697	80.442
197.0	1.5492292012460176	60.439
197.5	2.0517659069761667	38.782
198.0	1.680415944271	95.583
198.5	2.128926112421982	36.503
199.0	1.9152795962906235	30.171
199.5	2.0637947078594094	30.164
200.0	1.5654697692304034	90.396
200.5	1.9974136066478287	86.813
201.0	1.7066300667620502	70.455
201.5	1.8798919377484724	111.972
202.0	1.4548993445232192	120.75
202.5	2.1537533285524484	50.412
203.0	2.008320734459604	120.862
203.5	2.13104525323005	49.421
204.0	1.5052504478401987	90.512
204.5	1.6798786167747024	46.064
205.0	2.5415760993906584	66.727
205.5	1.9678549637224116	211.497
206.0	2.062261035465252	54.805
206.5	2.197157719548479	80.64
207.0	2.3870847364643963	90.613
207.5	1.431658787937614	100.596
208.0	1.9836081687811817	30.22
208.5	1.5635252865945415	82.36
209.0	2.449384383772068	23.696
209.5	1.4747832445615665	40.356
210.0	2.1540204362803097	35.176
210.5	2.019442626133145	91.393
211.0	2.096251657707565	80.52
211.5	1.509868110759734	44.748
212.0	1.9732658727953776	60.529
212.5	2.315733074657497	90.598
213.0	1.9637265004944797	106.084
213.5	2.0561049190788148	35.436
214.0	2.341968920590168	125.628
214.5	2.1311430102110664	80.657
215.0	1.694424028440395	120.756
215.5	1.6694798254606316	60.448
216.0	2.3131983003226555	40.422
216.5	2.0444960984018943	36.106
217.0	2.4082176945909315	30.65
217.5	1.4971670281464347	60.437
218.0	1.953643664101903	141.003
218.5	1.7242899272472434	107.841
219.0	1.6819285544601317	101.878
219.5	1.8264203520208289	100.602
220.0	2.260921581385367	20.193
220.5	2.2145604691339993	77.843
221.0	1.66878508664225	60.297
221.5	1.7537728815906304	110.799
222.0	1.8005222149052942	59.77
222.5	2.541990556312732	30.063
223.0	2.055657419752472	90.705
223.5	1.600686675163667	56.094
224.0	2.0267870191252104	66.217
224.5	1.8630124250377462	38.538
225.0	1.7470147820688695	30.194
225.5	1.8343482326613396	60.447
226.0	2.2734584930986403	75.733
226.5	2.6901630474682734	90.481
227.0	1.4559958360723737	30.204
227.5	1.8898237664352169	81.799
228.0	1.5175259813531952	76.614
228.5	2.124742544263888	101.156
229.0	1.1844906838249096	94.896
229.5	2.0178822116622435	30.167
230.0	1.3811459184806552	110.799
230.5	1.730079548064413	22.973
231.0	2.0457127247965796	120.949
231.5	1.633667925438811	20.112
232.0	1.9591365461376558	80.699
232.5	1.8120832897687233	126.628
233.0	1.3278281021924425	87.236
233.5	2.1089958025149835	110.758
234.0	1.974253542754896	100.731
234.5	2.168590474163182	110.82
235.0	1.5745047340164704	60.371
235.5	1.6942839022990033	60.513
236.0	1.767687226033199	50.462
236.5	1.8019797959968913	110.836
237.0	1.3921934993346705	78.35
237.5	1.986449118799084	30.307
238.0	2.323174274188332	90.731
238.5	1.9297106342077495	70.577
239.0	1.8194194902837184	90.629
239.5	2.3108251828999617	30.164
240.0	1.7437078033585331	30.189
240.5	2.2936719337716864	57.017
241.0	1.6866346854015206	100.698
241.5	2.0822373095257283	20.323
242.0	1.7678260023819194	54.648
242.5	1.807211022738017	80.52
243.0	2.2550471212527743	110.563
243.5	2.0444575766843167	130.784
244.0	2.8900439681776944	19.862
244.5	1.1046118288882913	80.454
245.0	2.564061298783477	90.536
245.5	1.686019345115341	16.184
246.0	2.230975538150739	15.398
246.5	1.4215287437501496	70.585
247.0	1.8105137506488265	14.708
247.5	1.7509703486549817	60.851
248.0	2.6170406319571673	52.018
248.5	1.2358766864192516	95.681
249.0	1.8169343508419826	100.66
249.5	1.6679313599611656	20.565
250.0	1.7583281106343742	45.526
250.5	1.8706003579983812	22.185
251.0	1.7136436890060773	55.929
251.5	1.6037582244372346	60.354
252.0	2.1619473811419496	65.474
252.5	1.5903570363536186	19.098
253.0	2.0948779490037577	57.694
253.5	2.467911284608374	20.323
254.0	1.4384757570965856	70.778
254.5	2.383172121386815	40.455
255.0	1.7509219727361371	110.844
255.5	2.02698393175629	110.724
256.0	1.9631791984735791	14.808
256.5	1.7007250331460106	72.66
257.0	1.684025960232824	60.367
257.5	1.8414099481452972	30.267
258.0	1.3287063783407502	90.662
258.5	1.8020515185975858	50.37
259.0	1.9692595722403712	70.454
259.5	2.563762611273557	40.59
260.0	1.8556472181712658	131.291
260.5	1.8843577360859305	66.759
261.0	1.8773655679206522	36.341
261.5	1.8444795557467721	90.777
262.0	1.6422783070751399	87.798
262.5	1.948545457374749	50.409
263.0	2.3432132123723157	80.4
263.5	2.19975362039998	37.058
264.0	1.3166913879549487	50.41
264.5	2.2345011840785576	145.575
265.0	1.9246521113011372	36.254
265.5	1.8974735693490388	100.74
266.0	1.8062824252460234	17.895
266.5	2.3419253704086618	90.301
267.0	2.2880868855014658	30.185
267.5	2.6489680067080594	20.123
268.0	0.9579969586216458	100.834
268.5	2.411946861076525	57.27
269.0	2.240271995647698	76.276
269.5	2.3858370706573715	60.449
270.0	1.9694354027508776	15.176
270.5	2.6113247934880164	221.948
271.0	1.1398837984914685	303.629
271.5	5.730393706117127	87.942
272.0	2.483376639825868	510.395
272.5	2.314011657885652	50.208
273.0	2.0460988094968107	100.753
273.5	1.9319352569249895	149.714
274.0	2.2093530422792163	141.23
274.5	2.692240194063019	70.968
275.0	4.246602815624334	176.887
275.5	3.5427616758707114	38.874
276.0	1.5774295993768992	30.364
276.5	1.9674787976655426	121.04
277.0	1.7428916531092236	50.506
277.5	1.5596872226504086	151.405
278.0	1.7157864868453134	16.417
278.5	2.292114824717564	80.534
279.0	2.076541412232545	40.352
279.5	1.5751218567797023	141.147
280.0	1.876584022404652	16.509
280.5	1.8559674650280913	130.978
281.0	1.9872052060915073	45.047
281.5	1.58098023385195	20.204
282.0	1.3310785598744375	90.748
282.5	2.092657273954144	60.442
283.0	2.306298696858539	119.595
283.5	1.9286690666086406	76.339
284.0	2.142200340494009	116.261
284.5	1.9532680223708208	35.589
285.0	1.9379798959679428	87.962
285.5	2.083697968209174	76.537
286.0	2.217801235687267	50.394
286.5	1.8269577807900452	20.036
287.0	1.9821802688046535	71.857
287.5	1.905096922305074	30.542
288.0	1.9070966410941423	131.981
288.5	2.049310263270925	60.456
289.0	2.2509875163144053	30.192
289.5	2.196988376034769	80.447
290.0	1.939468946624511	20.039
290.5	1.4673726754637355	70.817
291.0	1.5448087721976782	30.205
291.5	1.6496193081859238	50.523
292.0	1.8564898951943647	100.674
292.5	1.6949251615160505	30.209
293.0	2.2231907435570664	25.641
293.5	1.744892574560919	20.192
294.0	2.260317166621272	30.275
294.5	1.7822887892534234	20.236
295.0	2.6530378499587264	90.678
295.5	1.3919674117922367	40.193
296.0	1.998820968074024	87.316
296.5	1.715004775133702	20.407
297.0	2.3823663668942663	123.762
297.5	1.4071663446626221	70.458
298.0	2.096003019106614	112.438
298.5	1.6182427172423501	110.606
299.0	1.8121526266355126	30.2
299.5	1.1334750995594096	50.422
300.0	2.253755117137079	19.888
300.5	1.8808378636108674	110.645
301.0	2.2423182570715716	54.921
301.5	1.4948716754688645	40.284
302.0	1.7073385380936281	77.661
302.5	2.048643785800015	16.396
303.0	2.201795138824766	45.024
303.5	1.5582591793066713	40.501
304.0	1.2939123196413334	90.554
304.5	2.0610036972482066	20.248
305.0	1.530729274753636	20.105
305.5	1.7809972628420758	34.528
306.0	1.919297213210489	140.942
306.5	1.9527829861667625	60.33
307.0	2.0786426893168173	15.259
307.5	2.135878714702865	90.744
308.0	1.864619892191461	60.369
308.5	1.5892957054393946	85.959
309.0	1.3148639103100648	71.111
309.5	2.1349812478813277	111.042
310.0	1.9125644705699507	15.597
310.5	2.2735125493199497	45.547
311.0	2.369559973598525	40.082
311.5	1.0887856362539554	50.428
312.0	2.380649726000565	120.995
312.5	1.526913188531301	142.583
313.0	2.362247474002741	90.408
313.5	1.8311582077717174	168.706
314.0	3.2604069086289726	20.167
314.5	2.680897760352394	330.261
315.0	2.1920071970506596	157.358
315.5	3.4814346448271594	263.91
316.0	2.1602808438210013	76.892
316.5	1.9444095807969022	50.708
317.0	1.4431314390250851	20.064
317.5	2.1833415880960634	111.333
318.0	1.604696598013307	131.512
318.5	2.1225622271190807	80.754
319.0	2.8136471834753554	71.713
319.5	2.073612541885455	50.591
320.0	1.375070934006951	70.507
320.5	1.6220812231017177	80.388
321.0	1.678250877640661	60.431
321.5	1.7848304790923366	80.417
322.0	1.842437369329348	15.615
322.5	1.6030141592993312	47.275
323.0	1.7719808237108001	30.14
323.5	2.080126051625992	60.514
324.0	1.7436766021440917	60.406
324.5	2.2253577429426157	100.536
325.0	2.456951784500265	80.655
325.5	1.4018200436431032	80.393
326.0	1.722667319510722	90.616
326.5	1.1499374914343004	40.267
327.0	1.4291775992641589	70.474
327.5	1.9226128475024271	40.358
328.0	1.741333105591788	80.618
328.5	2.944252251586296	32.339
329.0	2.6507663185097052	15.856
329.5	1.4497275406119443	42.282
330.0	2.186427859410102	20.221
330.5	1.2021718432574406	34.546
331.0	2.2413534102711554	28.031
331.5	2.56525261801441	19.527
332.0	1.7141030430527306	71.253
332.5	1.7070262272923473	18.371
333.0	1.8380386384240792	171.666
333.5	1.4142620515850144	45.796
334.0	2.109054305226662	90.242
334.5	1.4430667430463977	30.149
335.0	2.351024585653355	70.042
335.5	2.169193837122168	110.759
336.0	2.0050955388760774	66.265
336.5	0.9755411430703128	151.26
337.0	1.7624698323356316	77.917
337.5	2.3362944928085936	40.349
338.0	2.208595452827423	100.588
338.5	1.2874912423474265	90.615
339.0	1.6402432003748046	18.994
339.5	2.056986663606767	45.999
340.0	2.142176855943384	35.644
340.5	1.7572409628458205	38.693
341.0	1.8457475862554242	16.593
341.5	1.842599753767585	70.362
342.0	2.2384999876895515	40.456
342.5	1.6529863970139975	120.613
343.0	2.26780903920193	14.84
343.5	1.8681706860873075	110.777
344.0	2.2281414496442515	53.884
344.5	2.462449784067164	20.154
345.0	1.7384725630948124	35.355
345.5	2.170718221574677	140.818
346.0	1.608724428567141	80.448
346.5	2.4661582564551754	91.307
347.0	2.015938973152341	140.867
347.5	2.0118585280030103	16.19
348.0	1.624753509990221	21.023
348.5	2.002535692492269	67.791
349.0	1.8533213845021443	74.564
349.5	1.773875951767682	110.65
350.0	2.1557302720206466	70.511
350.5	2.1679556332389747	106.732
351.0	2.004525046229376	41.803
351.5	1.7428965299488415	60.694
352.0	2.0567256620828087	14.044
352.5	1.600204647150503	110.781
353.0	1.9574479592779381	36.487
353.5	2.1316415973026146	63.839
354.0	1.5058395238549094	90.55
354.5	1.9473479896394035	16.288
355.0	2.047798995443512	121.038
355.5	1.736282182651444	14.703
356.0	1.3299096724616277	90.508
356.5	1.820220020236334	100.667
357.0	2.1006773281842106	65.853
357.5	2.147178287035427	30.197
358.0	1.884628976535461	20.198
358.5	1.9009990193007353	120.789
359.0	1.5943256095451055	64.996
359.5	2.1212892702318054	80.352
360.0	1.6100579852712764	60.524
360.5	2.3615879608447576	14.498
361.0	1.6325420847528909	91.031
361.5	1.6214380362599539	69.772
362.0	1.7489331270433364	40.261
362.5	1.9346948619471154	70.335
363.0	1.703678466952791	40.282
363.5	2.163376300841222	78.687
364.0	2.1442296058066446	110.771
364.5	2.0530638381710475	115.166
365.0	2.4087962887644956	86.068
365.5	1.9263316520016838	32.769
366.0	2.4911416225512353	20.038
366.5	1.9029214948410629	15.689
367.0	2.4908907331883228	14.704
367.5	1.5509637660663176	100.577
368.0	1.4934944461826414	90.447
368.5	1.6883342397300172	15.705
369.0	2.18738362542803	50.432
369.5	2.425589796157515	60.406
370.0	1.9084594315172454	97.526
370.5	1.9364645234177174	90.468
371.0	1.8723618406301812	30.063
371.5	1.7010537966146528	20.119
372.0	1.9899648854654353	45.093
372.5	2.2313235933958695	40.313
373.0	1.6900411447105586	40.482
373.5	1.9686121081699124	59.574
374.0	2.3718983660363473	60.342
374.5	1.8736133951579927	110.76
375.0	2.251123161431193	77.608
375.5	1.4755700795843896	70.342
376.0	2.3444197287199366	60.34
376.5	1.3815519300222412	80.545
377.0	2.066134350797778	90.632
377.5	1.331689638741021	30.184
378.0	2.0408907646123993	40.368
378.5	2.3246205884412974	86.939
379.0	1.5450735090404504	90.562
379.5	1.9234716537281447	40.314
380.0	1.9552491363383362	15.361
380.5	1.435189288076005	14.653
381.0	1.8962638133919465	107.154
381.5	1.9192288302398337	50.375
382.0	2.005211473446276	70.447
382.5	2.274467267635279	70.581
383.0	1.9983011389381267	130.957
383.5	1.53477387619589	45.972
384.0	2.1523203044675254	113.32
384.5	1.7784690967133536	63.295
385.0	1.99152839973485	42.017
385.5	2.3980073362485634	110.618
386.0	1.7639626560180222	30.199
386.5	2.5761718755743113	97.062
387.0	1.5403288169507325	47.888
387.5	2.2201053195407665	60.439
388.0	2.224623635117049	60.396
388.5	1.544882764969609	50.266
389.0	1.818022586355433	60.431
389.5	1.8523554404888198	70.593
390.0	1.6188389060292792	90.563
390.5	2.591761314261337	17.094
391.0	1.6505279909448127	70.497
391.5	1.7374359245576874	140.708
392.0	2.355028183507244	110.56
392.5	2.9995171355590635	29.498
393.0	1.1727118912820338	80.417
393.5	2.1915123259002103	100.547
394.0	2.1268111137927184	110.78
394.5	1.7705306471825442	67.288
395.0	1.8082526278559956	91.448
395.5	2.2059940005546412	26.688
396.0	1.7526242908865777	80.412
396.5	2.1848933317077504	37.918
397.0	1.8025653681646752	70.417
397.5	2.621607866810646	70.409
398.0	2.1349674790961615	90.587
398.5	2.1974267700779757	70.206
399.0	1.7420278409821806	80.27
399.5	1.5706398671121407	40.243
400.0	2.4456163548209897	14.687
400.5	1.7303611757734976	120.894
401.0	1.450822421652967	111.079
401.5	2.2658153887596413	30.159
402.0	1.7253452371631879	92.401
402.5	2.0105693833804477	50.316
403.0	1.7972446331823992	36.297
403.5	2.068426115361602	50.431
404.0	2.022352449857305	100.71
404.5	1.9426423150353613	40.282
405.0	1.7385361679088764	110.748
405.5	2.1783208923143698	80.42
406.0	2.3052803603285232	20.235
406.5	1.9332462066275822	131.051
407.0	1.8434073165470286	100.733
407.5	2.0527801480637446	60.633
408.0	1.2102869912031349	110.759
408.5	1.7099437610354014	65.7
409.0	2.0396239419614495	50.196
409.5	2.114374393912607	78.968
410.0	1.8927599830147934	80.442
410.5	1.9891680565036332	20.26
411.0	2.0259449322419445	25.384
411.5	1.7008456615353247	60.306
412.0	1.6997504134693888	44.812
412.5	1.6709711626882993	141.017
413.0	1.9095596164455322	50.389
413.5	1.9556876219116854	30.084
414.0	1.3423283478815757	20.122
414.5	1.8763803191169075	30.262
415.0	1.4688582879288827	100.639
415.5	1.6744609665810313	17.01
416.0	1.8951988072133696	80.56
416.5	2.0592471903372376	49.346
417.0	1.7778618193544422	16.808
417.5	1.9283997705576712	50.426
418.0	2.2562845441301773	30.161
418.5	1.36234657235039	70.608
419.0	2.43096795938127	90.375
419.5	2.228998950600122	30.071
420.0	1.9999655999966013	88.299
420.5	1.5402838470381184	40.232
421.0	1.9998685435620227	80.663
421.5	1.9875445721019078	44.536
422.0	2.646309079636831	68.619
422.5	1.8874596981868694	80.594
423.0	2.2196261797636847	70.674
423.5	2.0462648453912977	20.057
424.0	1.5559759001291436	100.681
424.5	1.9768207817394905	100.485
425.0	2.2323600897408418	74.534
425.5	1.868600105496041	70.39
426.0	2.15626316206606	30.253
426.5	1.790261779461037	88.508
427.0	1.6952843752326308	70.496
427.5	2.3968574002943637	76.167
428.0	1.9131876622593118	45.043
428.5	1.874694754017483	15.604
429.0	1.811868007999603	17.805
429.5	1.3136363926113397	114.048
430.0	2.007984457121225	72.332
430.5	2.4955525861605237	30.2
431.0	1.8690965025592166	30.29
431.5	1.6058568017784909	44.616
432.0	2.3685279730986073	38.82
432.5	1.669633368876425	145.612
433.0	2.2378350596025975	45.514
433.5	2.309920421749484	110.787
434.0	1.514972906903641	110.936
434.5	1.7163638090846767	20.195
435.0	2.0864053692039675	110.893
435.5	1.7294939727343588	70.629
436.0	1.6857272344771344	40.248
436.5	1.811345766445512	70.395
437.0	1.6890306580492978	90.521
437.5	1.7621908167902074	30.215
438.0	2.211967901198023	24.943
438.5	1.9632328281990297	120.74
439.0	2.2316552770870355	40.335
439.5	2.030864212740952	46.429
440.0	1.9416857336904372	40.315
440.5	1.6020360077337836	90.859
441.0	1.5132085956877024	226.501
441.5	2.4609533319320365	30.078
442.0	1.4224772585521614	100.666
442.5	2.1330105928259795	80.591
443.0	1.7816154957150445	40.585
443.5	1.4217712915703815	85.267
444.0	1.6906318817116857	20.174
444.5	1.947943269993285	30.255
445.0	1.360080490687027	60.437
445.5	1.8226735808497163	237.62
446.0	2.4942496511074954	80.839
446.5	1.785328434589307	102.835
447.0	1.8938606986162074	48.785
447.5	1.7210502560865373	96.323
448.0	1.7950594378402156	20.619
448.5	2.1789734611611093	16.138
449.0	2.955551111611455	76.327
449.5	1.1629344117505038	97.547
450.0	2.0160651621277883	114.442
450.5	1.6000129256319766	120.893
451.0	1.8670448222313738	94.577
451.5	1.8270169256708622	20.07
452.0	2.2540903266056826	37.014
452.5	1.6943062291709103	90.658
453.0	2.2128728920585123	75.974
453.5	1.5824361253364396	65.873
454.0	1.9468851931265712	15.22
454.5	1.7739437210128233	15.74
455.0	2.6088853781019457	80.561
455.5	1.8208397566894454	106.079
456.0	2.1921333227495867	65.666
456.5	1.8001915214142878	82.909
457.0	1.6126187173975461	50.383
457.5	1.8518749879281338	65.932
458.0	2.100577312403463	20.172
458.5	1.9234170655816023	70.823
459.0	2.0668336320257	60.372
459.5	2.5803683718053683	40.274
460.0	1.6958057174032253	55.098
460.5	2.549314420715093	30.006
461.0	2.094064835707446	68.685
461.5	1.7552975111897153	120.689
462.0	2.12502167100037	30.227
462.5	1.9063439832240763	85.601
463.0	1.8156193694193672	50.32
463.5	2.4779603193565616	20.053
464.0	1.497445728148281	60.422
464.5	2.110488299212843	140.808
465.0	1.500346264893888	60.41
465.5	0.9854560609506718	90.44
466.0	1.9876234127357593	30.211
466.5	1.6327001790739986	90.891
467.0	2.0685676389569	110.797
467.5	2.0903686290282737	69.618
468.0	1.9077125921437348	20.164
468.5	2.759590798132724	95.962
469.0	1.3408185783743878	70.432
469.5	2.0859078976888084	80.253
470.0	1.8185471775427362	140.914
470.5	2.205913061854427	60.2
471.0	1.6496104799409872	15.819
471.5	2.07871960527756	45.661
472.0	1.9867418690542826	40.39
472.5	1.4703884543928853	77.574
473.0	1.7228818446387941	34.55
473.5	2.0431955266509454	60.408
474.0	2.6036331182005714	30.073
474.5	2.342046675294144	90.615
475.0	1.4210079659100319	60.316
475.5	1.9809546012071415	40.276
476.0	2.4333023945179515	81.315
476.5	1.7781257107422297	15.8
477.0	2.1587083119320933	60.516
477.5	1.7202516094008937	118.335
478.0	1.5618931076235427	16.206
478.5	2.024931989088096	18.209
479.0	1.61772630437781	100.585
479.5	1.4015225325315943	50.31
480.0	2.1777398927616805	27.641
480.5	1.3645864593014145	112.667
481.0	1.8425407474996047	35.37
481.5	1.775748649400501	20.153
482.0	2.2128965498192468	60.519
482.5	1.7193974154391611	20.351
483.0	1.6956095911764806	60.265
483.5	1.4159775114251774	90.451
484.0	2.313991701468924	78.295
484.5	1.6153807518268848	110.8
485.0	2.398895989477077	27.332
485.5	2.4368388355411117	63.211
486.0	2.1202411196888145	120.844
486.5	2.316017311035908	100.83
487.0	1.9409115529978413	100.697
487.5	2.0574400513666213	70.768
488.0	1.6803914659922172	36.823
488.5	2.311815915140738	27.854
489.0	1.5512273685725384	36.652
489.5	1.6103433126822875	20.456
490.0	1.8424154483467066	30.294
490.5	1.6524946032989218	100.423
491.0	1.9519785654259083	75.301
491.5	2.434447498887565	120.573
492.0	2.0896509311975375	90.609
492.5	1.4659236912197777	24.962
493.0	1.8789359355406177	80.605
493.5	1.9866574461269852	100.777
494.0	1.5247087359656641	100.516
494.5	2.082793303359804	55.164
495.0	2.3002871127503473	30.712
495.5	1.9984889550028537	23.568
496.0	1.4520667585765104	100.666
496.5	1.9650039707138947	111.917
497.0	2.0846502829095006	35.308
497.5	1.770919327646939	20.169
498.0	1.7354873013946088	40.81
498.5	1.8952131411750175	40.21
499.0	2.1720688004727866	20.187
499.5	1.9219613708626988	70.443
500.0	1.7835908705099168	60.313
500.5	1.8190668488953852	60.5
501.0	2.2276135226382627	100.811
501.5	2.5069916401834886	60.601
502.0	1.2460652483571328	55.881
502.5	1.999716120507153	20.433
503.0	1.3907243816994193	118.703
503.5	1.255172958153532	60.536
504.0	1.5176874955592379	15.125
504.5	1.4456316591366063	40.294
505.0	1.1411028182782819	50.339
505.5	2.0997620853813324	46.656
506.0	1.518528518440452	40.341
506.5	1.9375984942232982	110.766
507.0	1.6531814925721904	90.479
507.5	1.5937231189165992	80.485
508.0	1.7905382138015569	57.422
508.5	1.9925347279096022	90.597
509.0	1.7637391709565566	110.918
509.5	1.6406551462528995	80.443
510.0	2.2942665418869157	98.321
510.5	1.4150174792529255	61.306
511.0	1.818595269909268	50.521
511.5	2.334820352799309	70.522
512.0	1.7944284687763419	49.023
512.5	1.6604105397961362	38.756
513.0	1.3823453001943582	54.579
513.5	1.3308247539051525	130.872
514.0	1.7553012756292996	58.695
514.5	2.0684843421424857	56.286
515.0	1.6610472818395041	107.252
515.5	1.5758034133771621	20.025
516.0	1.981317495711648	22.518
516.5	1.7851566809832158	37.885
517.0	1.9106373909278642	60.341
517.5	1.6599354245970077	34.888
518.0	1.4306571554038428	15.019
518.5	1.4457603330195363	55.848
519.0	1.963330166887617	70.524
519.5	1.9894685928529452	120.797
520.0	1.9840533551493964	110.906
520.5	1.609879780055995	30.423
521.0	1.6781457214099362	80.627
521.5	1.7809548435960116	30.095
522.0	2.3329783677188987	86.987
522.5	2.07865499896467	90.751
523.0	1.7203609527147097	30.221
523.5	1.958596548964433	20.435
524.0	1.7697970073894425	50.315
524.5	1.8348310171634798	60.402
525.0	1.8858882369312169	80.361
525.5	2.3206775773089006	61.567
526.0	1.4496800475985048	110.648
526.5	2.1272508519016795	30.205
527.0	1.8815970043764887	50.454
527.5	1.35403242287994	60.374
528.0	1.6039779962944445	90.595
528.5	1.7782355043417464	110.834
529.0	1.3163724131248968	90.534
529.5	1.952814196428717	100.622
530.0	1.6469287409904254	16.389
530.5	1.7205308454870896	68.248
531.0	1.6492730752952978	60.403
531.5	1.616340798750579	70.503
532.0	2.373467923882182	70.81
532.5	2.2593249438097973	97.607
533.0	1.7112692254924438	35.307
533.5	1.9162282504641832	50.139
534.0	1.7108255118215396	65.404
534.5	2.157891985376307	80.705
535.0	1.8682159587871514	60.325
535.5	1.9259641422567075	93.222
536.0	1.932476482212441	100.633
536.5	2.148810026620301	80.524
537.0	2.388978948491709	96.155
537.5	1.775680014243333	50.638
538.0	1.8374063464667474	20.741
538.5	1.9189816961736779	50.42
539.0	2.120069664278707	30.259
539.5	1.8356716259569466	130.897
540.0	2.101643851580109	16.33
540.5	2.319540849533293	20.135
541.0	1.5336931842208876	20.072
541.5	2.4558171335027192	70.498
542.0	2.2895354553355913	50.408
542.5	1.203509871122141	68.423
543.0	2.2710319936740464	20.161
543.5	1.6516266582159884	90.564
544.0	2.348483247744215	40.414
544.5	1.5481182863266842	60.422
545.0	2.383603434406628	65.053
545.5	1.7018814478333946	90.514
546.0	1.9371674245315031	78.553
546.5	1.6047577725245497	66.607
547.0	2.2810475250984568	141.465
547.5	1.6762220743356864	60.487
548.0	2.048040593656018	110.872
548.5	1.7102624063816232	108.645
549.0	1.7529636971212088	50.342
549.5	2.4581970710230827	30.225
550.0	2.0837793327515666	50.451
550.5	2.2784586485018865	20.257
551.0	1.599214952640107	90.738
551.5	1.5756491214001715	28.453
552.0	2.7642841089821824	20.172
552.5	1.1652337567786408	71.239
553.0	2.1719615655721602	14.845
553.5	2.0717257166349263	96.362
554.0	1.920123912789044	49.958
554.5	1.3719075023904679	101.74
555.0	2.291807174324994	111.231
555.5	1.9397099967467941	70.456
556.0	2.328261434829099	30.182
556.5	1.6949070659730077	30.504
557.0	1.9724514400308415	110.643
557.5	2.0100203707851008	17.093
558.0	1.7250591152111756	48.168
558.5	1.5981276802260067	20.222
559.0	2.3459409123603754	55.928
559.5	1.8645629729325373	90.536
560.0	1.8136754475783	30.271
560.5	1.7659266039836408	73.371
561.0	1.9249182139156167	15.023
561.5	1.606291815172848	40.234
562.0	2.5948977044069	101.11
562.5	1.4642753550563392	100.672
563.0	2.0311320739703014	17.761
563.5	2.0461989127250617	100.666
564.0	2.0381712076886096	14.812
564.5	1.8633480975222148	131.229
565.0	1.9810093306212344	70.558
565.5	2.004144055587514	16.964
566.0	1.9284969938444672	70.492
566.5	1.8897458483693554	50.379
567.0	1.8501502401644836	19.883
567.5	1.826597332335859	19.893
568.0	2.109927503501041	90.564
568.5	2.2182218064308294	79.068
569.0	1.957508861742163	70.494
569.5	2.5102057486799545	70.747
570.0	1.8761469114156628	130.939
570.5	1.804041217600007	100.545
571.0	2.369290325423488	20.082
571.5	1.620128180281515	90.59
572.0	1.675972472596255	50.369
572.5	2.3041214176584135	140.91
573.0	2.4007782131982234	110.947
573.5	2.3303470382940197	16.45
574.0	1.1996539945465972	26.146
574.5	2.1271933128278273	40.336
575.0	2.032978103289314	30.243
575.5	1.458143565063771	41.974
576.0	2.1401423953688306	90.605
576.5	2.694424260089934	40.288
577.0	1.6489642939956375	100.755
577.5	2.121667558063108	15.46
578.0	1.7458204952495184	109.507
578.5	2.0785609792853346	70.547
579.0	2.27792026255649	30.24
579.5	1.3774378673744774	70.606
580.0	2.1436693721968605	57.747
580.5	1.8969328656904771	37.497
581.0	1.98838567105002	66.211
581.5	2.061356077841618	46.5
582.0	2.005583917070246	30.056
582.5	1.6491912780823632	80.597
583.0	2.7238925696453298	107.792
583.5	1.1155625674859748	56.747
584.0	1.6760029219198236	57.054
584.5	2.515360173415927	25.558
585.0	1.9056746356276724	116.333
585.5	1.74946840050836	40.275
586.0	1.320319056446822	20.167
586.5	1.820275692131768	141.802
587.0	2.3015712099066516	76.388
587.5	2.576753514769632	78.59
588.0	1.66193396370813	90.526
588.5	2.1070182109648967	50.337
589.0	2.0404015296453686	70.642
589.5	2.287764763561816	104.14
590.0	1.3948132953003765	66.285
590.5	1.6518433762148774	110.813
591.0	1.553562912696486	111.01
591.5	2.2722497726677986	18.2
592.0	1.897920353375912	17.692
592.5	1.4201319466889486	16.117
593.0	2.4352775274680964	16.008
593.5	2.1771053121540374	20.14
594.0	1.326722747801411	111.008
594.5	2.0443970632520427	90.561
595.0	2.1557257800821508	40.23
595.5	1.6328760967643394	80.657
596.0	1.8514109603563667	16.63
596.5	2.472304019496985	100.642
597.0	2.685776053835471	68.56
597.5	1.4128026486554996	37.273
598.0	2.0056079970486778	80.855
598.5	2.1845015671084402	40.201
599.0	1.9793781378899262	30.203
599.5	2.0999693012952423	27.337
600.0	1.9788539874238649	60.47
600.5	2.352748671243585	15.503
601.0	1.9019682762328487	80.601
601.5	1.8792689755666048	16.188
602.0	2.6265715556521942	40.137
602.5	2.248038135664049	130.802
603.0	2.233507305323797	232.329
603.5	1.5333082726560934	40.32
604.0	2.18564730641488	20.161
604.5	1.930331066212253	100.682
605.0	2.1084955946651354	90.659
605.5	1.6105508743322983	100.477
606.0	2.506803093586394	90.265
606.5	1.9505240672292294	67.172
607.0	1.8646269225949084	30.229
607.5	1.5511895059810124	70.694
608.0	2.1859111199671584	70.497
608.5	1.6451093592097377	219.386
609.0	1.5699832863093277	80.705
609.5	2.0798721490737915	49.62
610.0	1.612034628725489	40.27
610.5	1.72270308519204	70.908
611.0	2.24918364225061	192.242
611.5	2.4901595946106774	90.938
612.0	2.0028114645300725	202.149
612.5	2.4689711920006423	81.022
613.0	2.3215810727375867	212.48
613.5	2.757110882470288	182.086
614.0	3.5022431503830647	110.69
614.5	2.4064076379821153	48.334
615.0	2.01353053562074	79.276
615.5	2.1389285210622946	142.212
616.0	3.1926959734910083	141.255
616.5	3.259725831754695	161.541
617.0	1.5520539663884798	313.377
617.5	2.559289765991842	99.979
618.0	1.6142243520002428	68.061
618.5	2.729217117785743	115.662
619.0	1.216203079942007	90.6
619.5	2.1978144444872947	70.447
620.0	2.448888298563157	18.252
620.5	2.2830028812933385	58.12
621.0	1.4511396840212414	65.955
621.5	2.734583813960346	20.39
622.0	1.9056036476650229	30.272
622.5	1.927394977603352	30.233
623.0	1.7162584309678235	14.655
623.5	2.4451213034837536	15.566
624.0	1.5528168901160648	55.135
624.5	1.8160253085236386	40.43
625.0	1.818212767701978	88.676
625.5	2.045986926805738	27.681
626.0	1.7083472308954595	70.406
626.5	2.0176211371731934	86.183
627.0	1.723688033648765	100.803
627.5	2.105211771688802	40.802
628.0	2.2521673758645058	85.654
628.5	1.9933253959950945	60.372
629.0	1.5331208056694545	191.802
629.5	1.9774846308710636	34.898
630.0	2.2977512386032943	106.952
630.5	1.9273597629676698	30.277
631.0	1.857053630331519	30.178
631.5	2.2892759540166447	110.83
632.0	2.031856708773772	36.914
632.5	2.088020259957361	50.323
633.0	0.7078346357368852	19.36
633.5	0.16893661570173157	15.318
634.0	14.155298480842081	20.208
634.5	1.8153771244632622	110.479
635.0	1.980432380207012	46.724
635.5	2.6050331371780566	82.61
636.0	1.8864114320485512	100.672
636.5	2.449384535165432	144.175
637.0	1.607731291332635	74.943
637.5	2.2114700507519434	90.923
638.0	2.2263715750230126	20.176
638.5	2.2065791176353584	86.424
639.0	2.08163356368009	111.185
639.5	1.8342575705929764	20.14
640.0	1.741080102072496	124.595
640.5	1.4882955142874505	97.648
641.0	1.2589904172145854	75.356
641.5	1.6488039780210506	30.188
642.0	1.9319891101407016	15.927
642.5	2.093117485634839	90.634
643.0	1.8631753868345338	100.669
643.5	1.471240137324153	50.476
644.0	2.604917935682369	50.303
644.5	1.9085533959026924	90.602
645.0	1.8616320501577432	76.06
645.5	2.182596466121021	120.815
646.0	1.811081587105385	90.696
646.5	2.0456234675813914	50.323
647.0	2.0785844595341523	49.977
647.5	2.0009456204736336	100.713
648.0	2.044470810770118	92.137
648.5	2.172550836713965	40.392
649.0	2.5192277120516904	60.296
649.5	1.9581761949274954	90.622
650.0	1.953121582675024	110.898
650.5	0.95132931661006	30.412
651.0	1.542728822317023	80.543
651.5	1.7559503004022288	20.154
652.0	2.602246200330334	40.295
652.5	1.7146340825168531	14.914
653.0	2.122151834805946	30.234
653.5	1.9598059227329094	70.548
654.0	1.6571938197954663	42.201
654.5	1.7688136480905394	90.611
655.0	1.9424652777630715	100.694
655.5	0.5297228753933234	120.369
656.0	0.14252402791093888	120.369
656.5	6.972393547827762	34.824
657.0	2.061014863702202	20.145
657.5	1.805372342159596	110.825
658.0	1.8612571276772025	35.198
658.5	2.008883020549164	18.998
659.0	2.1059232675881203	81.703
659.5	1.9725813210942373	40.236
660.0	1.631531875299225	40.361
660.5	2.531166840268035	48.634
661.0	2.7122895859002214	98.959
661.5	1.3993499924250201	35.677
662.0	1.8836688738238858	55.636
662.5	2.2722598764151405	90.708
663.0	2.518648966818675	60.523
663.5	1.4754675112791402	100.721
664.0	2.0163255308156214	17.445
664.5	2.232768717376693	80.449
665.0	2.3350722590072386	16.984
665.5	1.44654970437001	14.964
666.0	1.817567131773862	25.803
666.5	2.5903689800644543	43.811
667.0	1.969733997499519	100.788
667.5	2.057067877921203	60.333
668.0	2.3936125620715023	54.007
668.5	1.7550793400630116	15.785
669.0	2.287287512380066	104.132
669.5	1.5945995343462613	56.386
670.0	2.5650543429924033	50.317
670.5	1.8082129555199196	110.957
671.0	1.6458430606461159	101.733
671.5	0.5211313553046903	37.24
672.0	3.6314611396729473	80.576
672.5	1.9260767126215101	40.191
673.0	1.5257715295354795	100.874
673.5	1.8558779164041201	60.357
674.0	2.009487559553116	80.413
674.5	1.650139744378351	120.848
675.0	1.9400226551591706	60.498
675.5	1.8678717806061913	40.218
676.0	2.398090492585021	54.544
676.5	1.709633651134323	17.644
677.0	1.909721958074197	40.163
677.5	1.6547542381379547	124.693
678.0	2.366323105742696	60.445
678.5	2.5748344486014134	49.71
679.0	1.404951022521926	90.559
679.5	2.695811603725581	20.227
680.0	1.6875774696347057	46.962
680.5	1.8558060414265671	70.544
681.0	1.2921448752184614	100.583
681.5	2.2737378628011315	30.19
682.0	1.940980964903271	30.193
682.5	1.783010075447983	40.306
683.0	1.788530401218137	50.313
683.5	2.1956642914019864	108.338
684.0	1.7189200506483433	121.148
684.5	2.0029240160599713	60.413
685.0	2.0053492021590578	20.278
685.5	1.532838384787385	70.536
686.0	1.743535498981396	50.392
686.5	2.549923896679903	70.369
687.0	2.2325698835880146	100.645
687.5	1.6261127660038228	80.463
688.0	1.8700835779482703	15.186
688.5	1.4113672294702517	35.709
689.0	1.7176738684349775	66.448
689.5	1.9525743020108575	76.352
690.0	1.6019842484094506	80.697
690.5	1.8625140277690537	90.462
691.0	2.4678427135805396	40.263
691.5	1.5954813831100738	32.672
692.0	1.756084345286369	97.191
692.5	2.0916529644394064	75.476
693.0	1.4803307021344476	50.417
693.5	1.9733591782696431	70.531
694.0	1.669073416649874	80.631
694.5	1.9804928861981503	57.478
695.0	2.6023842244531274	35.29
695.5	2.3013787710619114	90.587
696.0	1.7334254410610523	67.135
696.5	1.5061935687132382	80.426
697.0	1.9876948097446994	88.424
697.5	2.4008509806543663	39.538
698.0	1.726586897168866	66.923
698.5	2.018395920039897	80.429
699.0	2.011278203389389	55.407
699.5	1.8366808964655954	20.164
700.0	2.0602127382878948	50.41
700.5	1.5803137802009435	78.079
701.0	1.7096883701201624	66.139
701.5	2.306912585966116	60.452
702.0	1.7504102341672456	46.794
702.5	1.7504186713957075	35.63
703.0	2.308037628154609	60.384
703.5	1.5761902005421693	90.59
704.0	2.2810472907344845	70.577
704.5	1.7066150553509105	130.819
705.0	2.459069812819279	60.315
705.5	2.183062260354914	20.201
706.0	1.8971912325816371	65.721
706.5	2.2841793955226244	70.417
707.0	1.8124150636125735	117.306
707.5	2.05981118691049	65.742
708.0	1.6030899709849964	30.212
708.5	2.6880232652304885	19.91
709.0	2.0246766957040028	61.763
709.5	1.6570651710046935	65.612
710.0	1.8203678413856574	35.465
710.5	2.174599000911823	47.363
711.0	1.6584776495226699	59.575
711.5	2.0350401529927415	60.503
712.0	1.6994719692410463	50.417
712.5	2.0135357127256786	70.384
713.0	1.9152550888522717	80.592
713.5	1.8119098824013662	90.713
714.0	1.478985828121322	80.592
714.5	2.0733644439391017	121.089
715.0	1.5634628299909645	80.737
715.5	1.676247399097544	95.698
716.0	1.594112503526597	141.106
716.5	1.6975116402865558	90.592
717.0	1.8283251094538557	60.474
717.5	1.745759949041511	20.051
718.0	1.8944390781632015	60.437
718.5	1.8320342848572593	118.719
719.0	1.8454913352155549	68.474
719.5	1.4253422573690575	40.261
720.0	0.5362161614280686	56.004
720.5	5.217294138638323	122.321
721.0	1.5582157946630713	50.237
721.5	1.8182455999101192	15.525
722.0	2.1205229446501717	20.046
722.5	1.2901084672009626	40.26
723.0	1.9553671588113672	15.173
723.5	1.5844567252338382	50.404
724.0	2.1922105516296333	34.403
724.5	1.8100673270656729	50.464
725.0	1.9072851588952362	14.512
725.5	2.004378151474018	30.201
726.0	2.240436970596899	70.33
726.5	1.976048325021087	30.381
727.0	1.8190932683240528	70.585
727.5	2.09893382737994	60.469
728.0	1.743724091148547	60.114
728.5	1.9702863836049824	19.665
729.0	1.629040959971199	14.692
729.5	1.5729740430401966	90.541
730.0	2.386211428337632	75.77
730.5	1.568104642263562	89.011
731.0	2.127011925839674	60.197
731.5	1.7935493518083518	110.727
732.0	1.8279044179649908	40.695
732.5	1.9522663696635612	15.099
733.0	1.8442469008328626	140.921
733.5	1.7965047655875994	40.4
734.0	2.470198366939946	20.144
734.5	1.1684662880297143	90.58
735.0	2.09786933350035	90.451
735.5	2.2125157275339014	117.125
736.0	2.411212181229423	18.139
736.5	1.4706569637859228	80.134
737.0	1.4894316284720317	50.294
737.5	1.827782838204628	70.339
738.0	2.074252723125076	80.915
738.5	1.1551702014670355	90.981
739.0	1.7255843375447621	60.26
739.5	2.1850205590412304	60.261
740.0	2.4784583723236024	46.184
740.5	1.882295215762073	141.4
741.0	1.668660295603655	80.634
741.5	1.7695890053148131	131.308
742.0	1.6343367993444635	15.468
742.5	1.8717435601117818	70.165
743.0	1.9310302621167637	110.799
743.5	1.799741941092679	50.192
744.0	2.5449415153023627	94.201
744.5	1.9347572112495768	50.44
745.0	1.5324323893426113	161.509
745.5	1.8915938391114988	50.19
746.0	1.7564000136786007	118.705
746.5	2.056624872378952	67.088
747.0	1.7387834463171195	78.091
747.5	1.4418585018649754	19.816
748.0	1.4225000609417568	50.4
748.5	2.13015615206236	80.531
749.0	2.0361800918377306	80.422
749.5	1.1905514077727335	30.336
750.0	1.750384288352337	66.218
750.5	1.6229091144364634	30.177
751.0	1.8769230632445497	30.312
751.5	1.8231037057495825	20.155
752.0	1.1940707118629152	20.14
752.5	1.7556904631997239	56.042
753.0	2.011501275616555	70.26
753.5	1.3853331159984963	118.667
754.0	2.1491289892681023	110.779
754.5	2.1102492296159974	24.816
755.0	2.027597579302978	30.183
755.5	1.0301948963842698	140.909
756.0	2.0768533605049635	49.052
756.5	2.1587270777735164	120.728
757.0	1.5394704391287133	120.927
757.5	1.5279290697214256	130.889
758.0	2.0963041439901793	36.306
758.5	2.0352112203604182	40.228
759.0	1.26116965802528	114.627
759.5	1.8503085885068529	40.233
760.0	1.7740498694715554	70.417
760.5	2.0177897106670675	90.989
761.0	1.2072623002221394	70.437
761.5	2.1359126480368587	30.553
762.0	1.808980796995455	55.571
762.5	1.920245677875705	92.047
763.0	1.5348185147263709	85.743
763.5	1.8867052127126736	80.514
764.0	2.149066684532999	34.971
764.5	2.370780461500249	15.175
765.0	1.8732945838598785	130.971
765.5	2.0807506203892467	60.583
766.0	2.5464664646721125	55.832
766.5	2.7067970195908213	15.085
767.0	1.5409822691664201	50.139
767.5	1.5466885431350155	70.531
768.0	1.4185848068177762	100.553
768.5	1.711459747852464	70.487
769.0	2.0487595921527975	15.059
769.5	1.93438310412845	30.277
770.0	2.118503221466702	34.467
770.5	2.2932680759461936	14.73
771.0	1.3038842109045814	70.45
771.5	2.5021269624783424	40.206
772.0	1.6687908807924998	14.91
772.5	1.569329598437156	80.457
773.0	1.799667397860547	80.483
773.5	1.4982148346656505	90.634
774.0	2.426315834818117	40.168
774.5	1.2024065222533304	99.517
775.0	1.952250590031287	50.544
775.5	1.6979709587417957	50.399
776.0	1.542160503129408	16.184
776.5	1.4207340884904518	70.636
777.0	1.8927230611826655	50.395
777.5	2.030089887192644	30.108
778.0	1.3225304463816785	30.278
778.5	1.3864122253685407	90.54
779.0	1.7869083708921487	40.828
779.5	1.4022147100232094	15.616
780.0	2.1952661033517753	45.129
780.5	1.4324880346262592	90.698
781.0	1.5165534427423917	35.539
781.5	2.251118579198323	16.467
782.0	1.8765081072457108	100.612
782.5	1.6114874745015026	46.273
783.0	1.964599399561294	80.475
783.5	1.7614962400739205	20.125
784.0	2.0059757482282308	110.775
784.5	1.3809344490423676	110.756
785.0	2.1450276351680064	42.734
785.5	2.000246122700591	47.58
786.0	1.7006783969879178	40.824
786.5	1.1413068939406208	35.199
787.0	1.308480856256979	130.709
787.5	2.1541708498964165	40.199
788.0	1.9485076694416152	90.751
788.5	1.3027608974487546	120.915
789.0	2.235440096207142	40.461
789.5	1.9455794274865654	53.458
790.0	1.545363808521358	35.417
790.5	1.6845434478246308	19.957
791.0	1.589142280719389	46.609
791.5	1.6777458810147667	90.527
792.0	2.5849615459134054	40.261
792.5	1.6658754043872852	60.879
793.0	1.297029422763047	30.209
793.5	2.38948023292764	86.339
794.0	1.667905163468464	70.499
794.5	1.4934327262051934	80.432
795.0	2.449645577640187	40.219
795.5	1.7428603238041578	50.457
796.0	1.816482966813686	70.478
796.5	1.73045293162961	100.619
797.0	1.8628798125564936	110.982
797.5	2.059770436390979	90.549
798.0	1.531115397947741	60.303
798.5	1.984544217273271	20.077
799.0	1.2747459332881115	80.488
799.5	2.109384146290692	50.518
800.0	1.5411530831885938	120.778
800.5	1.6162810847287934	15.051
801.0	2.885484323572179	21.207
801.5	1.5912612725018547	50.458
802.0	2.120281193250077	60.425
802.5	1.5992832906751742	20.135
803.0	1.4527823484450373	15.637
803.5	2.4196225133948315	100.614
804.0	1.8417551696802332	20.078
804.5	1.6624815018465993	80.644
805.0	2.3523115584406233	17.526
805.5	1.892568962941077	70.664
806.0	1.991001946295696	110.559
806.5	2.111071243502824	30.215
807.0	2.0157729766148873	30.131
807.5	1.9929187778290611	40.234
808.0	1.6636710562019028	81.038
808.5	1.66870448488957	120.883
809.0	1.6475095213862099	140.973
809.5	2.2797326831232674	96.129
810.0	1.8767829372935783	35.703
810.5	1.6322822814382405	60.44
811.0	2.3873300450291244	40.203
811.5	2.293608050347487	70.705
812.0	1.4256787195976282	90.511
812.5	2.1735118969193143	60.395
813.0	2.025076130520332	45.705
813.5	1.8851314798539895	49.718
814.0	2.1939321384184076	75.42
814.5	1.745552700580641	60.392
815.0	2.004033933008992	30.209
815.5	1.7402519016170688	25.225
816.0	1.5823531604653331	70.583
816.5	1.758730123521823	30.101
817.0	1.8608061840878944	80.449
817.5	1.8609444590877315	40.389
818.0	1.7129709923431324	90.58
818.5	1.7771574732882522	58.739
819.0	2.4497606004303094	80.419
819.5	1.860382329216412	40.524
820.0	1.4291897306004515	80.484
820.5	2.43617897266148	40.464
821.0	1.777693520558554	60.436
821.5	1.6730804454209167	80.703
822.0	2.0199791055883285	20.249
822.5	1.4714776679540298	80.506
823.0	2.1730269314451873	30.155
823.5	1.7828948774978874	110.785
824.0	1.647420425053652	80.542
824.5	2.049385730358807	167.467
825.0	1.7186354157627697	57.64
825.5	1.6258139205572142	40.265
826.0	1.9854037490300818	110.709
826.5	2.204924081150273	15.941
827.0	2.120970310280332	100.806
827.5	1.4441137729575186	46.055
828.0	1.8606036922333231	90.72
828.5	2.034109366567089	45.033
829.0	1.4827850926998127	70.454
829.5	2.0242001408800685	40.312
830.0	1.4650886127102947	119.558
830.5	2.46360296506084	40.373
831.0	2.0015794768424384	130.386
831.5	1.5425212684817213	60.471
832.0	1.964546273830161	40.268
832.5	1.7958624421357232	68.413
833.0	2.0522980757493072	90.738
833.5	1.8235224173746265	20.707
834.0	1.7730294514695109	90.539
834.5	1.735765179687428	45.708
835.0	1.761845119211316	98.664
835.5	1.6694445526853166	86.654
836.0	1.5760182681854389	110.779
836.5	1.9669191212907897	20.032
837.0	1.7209686342958932	70.64
837.5	1.877379647017472	90.408
838.0	1.9631219403555966	40.358
838.5	1.6075466781354941	57.091
839.0	1.7775410232290958	50.295
839.5	2.2068260334804446	40.346
840.0	1.5899830278979943	40.664
840.5	2.7245320973541256	50.044
841.0	1.4238252622240324	110.757
841.5	1.4691478809776346	131.096
842.0	2.220730579359134	120.696
842.5	1.9491927024647093	90.851
843.0	2.3209244656480825	181.335
843.5	3.4940824986009797	212.328
844.0	2.706098915091702	191.678
844.5	2.746875710729994	181.868
845.0	2.5585501114939033	181.762
845.5	2.407960493102804	20.079
846.0	1.4062787860884727	100.449
846.5	1.7794674750825863	192.304
847.0	2.3068402471919636	70.516
847.5	2.7571106528711353	141.547
848.0	3.1108012819938553	140.357
848.5	2.9335013559539402	100.676
849.0	1.1391410321105795	68.031
849.5	1.8639768671628998	110.719
850.0	2.0016291765739274	107.594
850.5	1.8107147621556647	39.399
851.0	1.9544232557040757	100.223
851.5	2.0946286466291646	45.596
852.0	1.7270657667718552	50.221
852.5	2.1475693014099835	34.887
853.0	1.4889923858122518	40.331
853.5	2.154091255176002	100.641
854.0	1.6887195530515025	15.705
854.5	2.012063946684637	40.295
855.0	2.352925289962164	75.687
855.5	1.463805249180024	70.339
856.0	1.4976698691220123	191.953
856.5	1.6537711929486156	110.606
857.0	2.118686174108462	90.545
857.5	2.257137168430996	30.212
858.0	1.831563241667896	55.881
858.5	2.131877540318454	98.602
859.0	2.3101307909557414	90.411
859.5	1.9843627530936183	14.978
860.0	2.5041430842740104	70.464
860.5	2.0162181854946706	91.812
861.0	1.54085499286764	121.089
861.5	1.6404468617699657	70.358
862.0	1.8439411518539888	86.708
862.5	1.6184736489842693	80.444
863.0	2.287648140264104	100.587
863.5	1.9405856117610245	79.727
864.0	1.6759560852235695	15.436
864.5	1.8790780658495991	85.804
865.0	1.8337193300004393	100.948
865.5	1.9346012155095238	50.441
866.0	2.2454181658503405	56.099
866.5	1.4042462847632298	166.58
867.0	1.6886413947673933	26.177
867.5	1.8031255326474571	45.996
868.0	1.7578966500437478	111.636
868.5	2.0160023623229244	57.031
869.0	1.9027459355183383	215.64
869.5	2.439619676012525	20.078
870.0	2.226589117109235	15.111
870.5	1.4900086488917659	22.74
871.0	1.980720754236772	76.428
871.5	1.7152900697215239	70.485
872.0	1.8797188179608126	60.677
872.5	1.520131464847497	54.011
873.0	2.2866361294479987	49.639
873.5	1.6276299790265554	60.619
874.0	2.1315928579897556	60.475
874.5	1.9469350412304698	202.303
875.0	2.0927147022253654	34.393
875.5	1.8986372058462888	90.536
876.0	2.25098359459852	50.288
876.5	1.7225154934153502	76.648
877.0	2.390694871272402	113.102
877.5	2.213051157418882	60.294
878.0	1.6117165923239904	15.216
878.5	2.182723399906556	56.501
879.0	2.278120048645674	70.374
879.5	1.8803328193367481	16.168
880.0	1.6827508533787885	90.727
880.5	2.0814404108739875	80.594
881.0	2.268157550549943	90.714
881.5	2.328911789179328	50.221
882.0	1.7269546594865397	40.352
882.5	2.4064439186534354	60.463
883.0	1.919141489320376	120.766
883.5	1.935568756890341	15.1
884.0	2.0069240871739678	97.575
884.5	1.4113131296838684	104.543
885.0	1.8563456386787356	77.789
885.5	1.4046141751145613	90.794
886.0	2.2408291833263276	88.325
886.5	1.958867878329901	15.393
887.0	2.30628952070366	40.07
887.5	1.439764895000717	181.563
888.0	1.476136210057622	80.475
888.5	2.264210464799466	100.734
889.0	1.8635441410705065	70.264
889.5	1.6065313827112995	87.477
890.0	1.8179310545683884	80.484
890.5	2.4959261356788573	14.738
891.0	1.4147046573679511	110.904
891.5	2.0049396210158195	40.252
892.0	2.0756554622656838	60.311
892.5	1.9302713506413731	70.552
893.0	2.1032497289413743	80.486
893.5	1.9651408555345564	60.388
894.0	2.1211991686726503	80.665
894.5	2.1767235965245026	60.318
895.0	2.0743409175018783	106.678
895.5	2.043670969303546	70.614
896.0	1.6429971746760244	35.349
896.5	1.814908660574732	31.4
897.0	2.266252946858477	36.795
897.5	2.3393298378548013	14.357
898.0	1.744545225706868	90.708
898.5	1.8910298663687386	80.428
899.0	2.147071266289906	25.047
899.5	1.4616073837220176	45.223
900.0	1.9738484548011572	80.49
900.5	2.146533348004391	96.997
901.0	2.4253759165818423	15.84
901.5	1.2800166793252916	127.788
902.0	1.9538320012964123	79.707
902.5	1.8343301065517956	16.053
903.0	2.3534083275620303	90.7
903.5	2.128979205244671	79.343
904.0	2.0543239386721357	15.5
904.5	1.6176428334605495	40.188
905.0	2.1532508509537456	17.819
905.5	1.4842949288056093	14.971
906.0	1.640303054831049	16.123
906.5	2.0616718977747253	76.007
907.0	1.694504573904683	50.524
907.5	1.528641792604598	20.041
908.0	2.0036567856515735	50.399
908.5	2.2930050953409338	80.291
909.0	1.8167473718866551	80.633
909.5	1.4582948532680926	70.504
910.0	1.9405934411788637	18.276
910.5	2.0853660389684636	100.615
911.0	2.1323729954117665	70.424
911.5	1.9400051619724117	80.546
912.0	2.0559826074824015	69.311
912.5	1.8846049566397227	38.664
913.0	2.1263575324730635	70.581
913.5	1.3823603058198795	16.423
914.0	1.818794381462833	65.658
914.5	2.0760498770661093	20.168
915.0	2.3187155275264586	40.344
915.5	1.8137844136819938	102.48
916.0	1.6358719615543484	57.889
916.5	2.3173584340112976	70.414
917.0	2.605741889539966	47.267
917.5	1.238501925760684	57.319
918.0	2.097293637217328	67.713
918.5	1.707521297183554	60.379
919.0	2.0218987102809103	55.208
919.5	1.583946652377634	110.883
920.0	1.7457804800840317	107.391
920.5	1.739285224830105	88.738
921.0	1.9672698849782035	29.514
921.5	1.2716238585579893	60.161
922.0	2.0724319230615755	100.521
922.5	1.7365686305035333	141.402
923.0	1.3223074242582167	90.573
923.5	1.6551172089242991	15.46
924.0	2.4510450601793328	40.21
924.5	1.8414711591458544	88.469
925.0	2.0339201652737886	60.422
925.5	1.9292702883672639	39.394
926.0	2.2217431415504616	90.504
926.5	1.6129348446760459	51.728
927.0	2.512168594530445	120.966
927.5	1.7244100978574657	89.106
928.0	1.387805902213948	120.698
928.5	2.190350650978115	66.459
929.0	1.4619868465661032	97.987
929.5	1.1713380969460065	30.636
930.0	1.912077160706794	15.443
930.5	2.464445610367933	38.267
931.0	1.7287165941243938	90.494
931.5	2.727991937372636	158.178
932.0	3.6171248768131146	145.085
932.5	2.415939534415838	160.892
933.0	2.635053114153517	101.147
933.5	2.9918433484389744	30.172
934.0	1.6178919303967108	90.616
934.5	2.2911979962836875	110.894
935.0	2.1122883245654727	166.791
935.5	2.4522796030092504	101.301
936.0	3.2827875825737896	165.616
936.5	1.7973988732026394	158.568
937.0	2.2423323023528545	60.291
937.5	1.5302749186348763	99.533
938.0	2.053890486958896	60.337
938.5	1.600370478960279	50.617
939.0	1.3721548929657696	50.415
939.5	2.4081850028755496	36.171
940.0	1.6573657499653636	70.306
940.5	2.297222813175509	70.488
941.0	1.5333665791306692	15.236
941.5	1.8310817421886174	20.133
942.0	1.7149598803495971	30.184
942.5	1.7125477064850083	46.74
943.0	2.046294142173689	130.799
943.5	1.8057174474111173	90.83
944.0	1.7996845049429409	78.326
944.5	1.5039529199540784	65.47
945.0	2.0597967877259924	110.641
945.5	1.4984235636066947	30.048
946.0	2.3005894772938458	50.362
946.5	1.6754134042773168	26.673
947.0	1.8324621099185285	90.482
947.5	1.4805610026845435	110.8
948.0	2.1217111615598627	35.055
948.5	1.845508821323875	30.286
949.0	1.5733198431983366	140.83
949.5	1.327301465729846	19.353
950.0	1.8363008637582623	20.12
950.5	1.3343811898496039	130.889
951.0	1.9092167809270255	95.33
951.5	1.7768424612532594	120.376
952.0	1.6265944876833367	71.452
952.5	2.351678229226613	28.796
953.0	1.7342592620018904	42.23
953.5	2.0150300428107637	70.598
954.0	2.0616465553414307	70.42
954.5	2.1967358100208023	30.245
955.0	2.256780168804664	78.585
955.5	1.8579852691091192	35.737
956.0	1.993860281887937	110.732
956.5	1.9346635277465118	80.417
957.0	1.641374622681986	16.988
957.5	1.9067843271476284	96.476
958.0	2.256725834102665	161.091
958.5	2.2482782429519164	39.129
959.0	2.107312141529323	40.222
959.5	1.6979459142129827	106.747
960.0	2.205847742049707	80.437
960.5	2.0708138210586413	20.142
961.0	1.887046077163812	80.451
961.5	1.6351967557039768	80.641
962.0	1.5498871712091438	20.189
962.5	1.4471611620528217	30.253
963.0	2.5718699859146854	21.075
963.5	2.2853575435530304	70.332
964.0	1.4463667694085782	40.147
964.5	2.0580744696530124	110.187
965.0	1.928878474927427	100.636
965.5	2.292236321640355	70.504
966.0	1.1999925078122626	110.784
966.5	1.954341855251585	50.503
967.0	2.03854351538797	36.052
967.5	1.9117034322411592	27.588
968.0	1.795931144659312	30.128
968.5	1.8416910695645303	110.903
969.0	2.2343064028115007	46.732
969.5	1.6486689422753942	15.236
970.0	2.0811399647868893	70.261
970.5	1.882178972903549	60.51
971.0	1.552283723523522	15.25
971.5	2.429605960596754	40.103
972.0	1.2714748424703783	74.191
972.5	2.326923102899928	34.928
973.0	1.9054418485710727	131.074
973.5	2.08866011982335	141.658
974.0	2.42142270141004	80.573
974.5	1.7696008539054828	100.698
975.0	2.009901238288594	20.204
975.5	1.627814967933091	40.338
976.0	1.8904268308612182	90.842
976.5	2.3341949128274324	50.383
977.0	1.7718476635503813	67.987
977.5	2.13124560000069	35.511
978.0	1.5737339610101808	30.147
978.5	1.8101710799834716	40.446
979.0	1.777915697298662	20.073
979.5	1.4334396505646254	40.258
980.0	2.0830558027116948	80.705
980.5	0.7172154762701997	20.316
981.0	2.2499857058826187	15.608
981.5	1.7011867062580208	30.207
982.0	1.845286448409943	20.051
982.5	2.1211920751800273	30.09
983.0	0.9786470661339414	16.585
983.5	1.9140407502623913	131.275
984.0	2.2669881731269013	30.119
984.5	0.5473087366345675	98.232
985.0	4.492094074543839	35.715
985.5	2.519045325071505	97.129
986.0	1.6937856094600743	151.255
986.5	1.8917138701754201	81.963
987.0	2.744290148197839	80.621
987.5	1.8246780926858155	60.555
988.0	2.0121608484696973	35.155
988.5	1.579406287172283	45.464
989.0	2.2939375934127124	55.794
989.5	2.4470253708723613	50.374
990.0	2.168458847544696	55.964
990.5	1.3892424992671129	40.403
991.0	1.5501694206036807	110.799
991.5	1.8557424189190295	60.383
992.0	1.9970658071512328	60.35
992.5	1.1318973374465453	55.584
993.0	1.9310131725188306	80.421
993.5	2.190217402110171	46.62
994.0	2.0568955933511495	115.836
994.5	2.038678334085261	100.604
995.0	1.7222948161288212	80.412
995.5	1.6608284452614734	86.154
996.0	2.1009212498610603	119.284
996.5	1.520469570599283	45.367
997.0	1.1040712294635426	94.418
997.5	9.597720301613073	94.418
998.0	4.232865653905765	70.463
998.5	1.3078595417604264	70.468
999.0	2.1202829613312195	16.044
999.5	2.5595386775001474	80.474
1000.0	1.8546946005343465	16.15
