0.5	0.16697874084991926	9.338
1.0	0.7365103538132196	131.203
1.5	0.8778870551785466	138.993
2.0	0.27925067145796917	29.021
2.5	1.649968155334614	30.272
3.0	1.0958449095659775	77.767
3.5	0.4773100988844902	30.24
4.0	0.3560988287083345	119.149
4.5	0.4304178068047035	86.84
5.0	0.7409001560063557	120.708
5.5	0.8332951961794313	201.841
6.0	0.626396903565735	30.31
6.5	0.8665980482148564	141.277
7.0	0.7587597340865554	138.398
7.5	0.4864596821758821	145.123
8.0	0.3958047806351856	47.873
8.5	0.9350512915682138	90.664
9.0	0.7771679408335309	47.097
9.5	0.6451767926990353	120.92
10.0	0.5305721123533841	101.024
10.5	0.530640421579917	92.243
11.0	0.39760298484483547	66.682
11.5	0.13968628015519488	24.124
12.0	1.8477551193329762	70.604
12.5	0.17718895909529175	13.605
13.0	7.125512907213187	11.894
13.5	0.14123074771433458	19.392
14.0	2.960828760261846	192.686
14.5	0.2506042663007491	474.273
15.0	1.6494665717564732	176.37
15.5	0.5674837384658932	242.225
16.0	1.4803984758923947	74.195
16.5	0.3584325381794915	56.077
17.0	1.8990687940190174	140.142
17.5	1.0851185717747338	134.058
18.0	0.4819672302708907	52.429
18.5	1.5864799953175663	110.826
19.0	0.6242822768133558	38.349
19.5	1.4416398170932927	73.35
20.0	0.41370858013062595	32.503
20.5	2.216590946546713	100.986
21.0	0.2109999028053246	113.247
21.5	1.5548798678351299	40.369
22.0	0.2088464305929621	96.674
22.5	2.471357183532237	60.889
23.0	0.1410071708094303	18.516
23.5	5.867475395977694	50.639
24.0	2.173526497523257	23.573
24.5	1.767823963379001	50.691
25.0	1.483520588628773	80.49
25.5	1.9300290473126394	20.133
26.0	1.5265530128120302	70.493
26.5	1.3912485439007967	30.201
27.0	2.455993997371093	16.982
27.5	2.381045207889254	39.311
28.0	1.75387392809245	50.357
28.5	1.901090110544331	110.597
29.0	1.8666236864274515	100.57
29.5	1.7686194334419922	30.26
30.0	2.020701983079875	100.599
30.5	2.071550736937244	17.261
31.0	1.7829108996897676	80.544
31.5	1.6278731266278463	80.406
32.0	1.0363585306591114	40.676
32.5	2.2357326716946595	102.879
33.0	1.5107143039009272	129.992
33.5	1.7737156933655502	60.416
34.0	1.2268124090820067	90.715
34.5	1.79721022328056	18.385
35.0	1.6201205762751025	50.264
35.5	1.66467847450622	146.194
36.0	1.408955520900529	221.935
36.5	1.4191418730094438	50.465
37.0	1.5059559987252258	30.193
37.5	1.7157737324537083	17.198
38.0	1.550032053579708	140.789
38.5	1.674533965288099	70.298
39.0	1.563483396744694	37.268
39.5	2.0090759528531725	120.819
40.0	1.606755087606327	108.321
40.5	1.6933585948518046	36.932
41.0	1.705851974291154	19.244
41.5	2.1832661118626495	50.397
42.0	1.3166261185428725	97.972
42.5	2.001783126734403	90.811
43.0	1.5566475345112551	130.863
43.5	2.3866582824241984	80.616
44.0	1.87885451352341	17.803
44.5	1.7750909727671678	50.191
45.0	1.3439213753581076	80.619
45.5	1.834122662046967	107.402
46.0	1.7177307075356902	120.792
46.5	1.8527956183211558	110.918
47.0	2.1475078791069673	60.52
47.5	1.6419999189949845	80.514
48.0	2.0217806378394125	119.126
48.5	2.1838849372821714	89.026
49.0	2.182428771616432	110.848
49.5	1.7654092754759463	47.34
50.0	1.8259235347643699	70.355
50.5	1.8326465499678333	70.471
51.0	1.4388296628088244	86.199
51.5	1.5806683943882227	125.641
52.0	1.7768863607517624	20.091
52.5	1.8660064193967465	67.791
53.0	2.375898172675262	20.14
53.5	2.0590801132558996	56.127
54.0	1.2863537511784828	60.527
54.5	1.886670774449027	19.253
55.0	1.466269689399894	38.657
55.5	2.382459890756528	40.227
56.0	1.3514050763607488	80.553
56.5	1.5063225168569219	100.589
57.0	2.076827538691591	17.377
57.5	1.7649051266312066	120.75
58.0	1.8361623928110287	20.342
58.5	1.5453266855046235	25.151
59.0	1.8206976622564124	120.809
59.5	1.720632923595747	68.812
60.0	2.639689907493892	80.522
60.5	1.462955560737215	36.668
61.0	2.3619767456908045	80.637
61.5	1.7013479683054493	125.224
62.0	1.4860659099969131	80.561
62.5	2.0411320856635107	46.793
63.0	1.6046332642234917	46.924
63.5	1.8071149292577258	90.665
64.0	1.847179609700489	50.371
64.5	2.0923247249290626	76.057
65.0	1.5085277602034137	70.626
65.5	1.6376881573138002	20.194
66.0	2.0373873648392817	90.557
66.5	1.6030227463114972	90.511
67.0	1.328450972662019	110.65
67.5	1.7409936215560573	100.331
68.0	1.7530403431678616	90.664
68.5	2.216137319772809	111.204
69.0	2.4780284349455406	23.097
69.5	1.531303325386187	34.739
70.0	1.667496601533333	30.196
70.5	1.9961476486027476	20.251
71.0	1.4438339813457501	70.53
71.5	1.694803409928762	70.64
72.0	1.482488910760306	20.057
72.5	1.9713372552987887	98.975
73.0	1.2679737026830293	100.686
73.5	2.059930062288197	120.853
74.0	1.9096158561005165	80.562
74.5	2.4480242440936815	17.488
75.0	1.8850927431808562	71.823
75.5	2.221595125891737	60.376
76.0	2.259337986516143	100.091
76.5	1.643116905377985	70.489
77.0	1.4581577790878448	60.481
77.5	2.0771953828619902	20.156
78.0	1.8156400111523994	80.492
78.5	1.8804811663967804	80.5
79.0	1.5153881608559479	192.912
79.5	2.1266254218442264	135.222
80.0	2.4277251383389404	172.827
80.5	1.8791043781876604	50.451
81.0	2.3001955929330697	50.678
81.5	2.140054811067376	60.417
82.0	2.2366804742950355	70.587
82.5	1.9864462560295957	69.316
83.0	1.4478883651509786	110.703
83.5	2.433622379057892	100.68
84.0	1.8456982520529444	110.924
84.5	1.602105859992829	60.416
85.0	2.0519152085959957	110.638
85.5	1.4985800293754186	17.897
86.0	1.7086865798742943	50.035
86.5	2.039781691630874	17.873
87.0	1.7651150472420045	47.352
87.5	1.8890355051659393	125.645
88.0	1.7308294077047117	107.459
88.5	1.4878879987044806	130.998
89.0	2.0097654800365157	46.718
89.5	1.806793993326613	90.922
90.0	1.9128795783282675	67.464
90.5	2.0275046011459206	70.559
91.0	1.7841558204197365	87.978
91.5	1.8767048278619725	20.12
92.0	2.487534147555871	130.885
92.5	1.9200317566683527	130.649
93.0	1.7443996999201623	70.434
93.5	2.026586827446186	60.649
94.0	1.8941376873066083	50.328
94.5	1.631252412097554	80.613
95.0	1.753292615986309	30.193
95.5	2.4893184894139795	103.756
96.0	1.6959956819685906	110.738
96.5	1.9347817680416326	98.454
97.0	1.6430263579306041	70.387
97.5	1.9777223788311058	141.078
98.0	1.599505952864094	110.732
98.5	2.8166181703907225	16.993
99.0	1.9231495483762302	83.524
99.5	1.6465956863401119	50.445
100.0	1.4360980996292878	30.215
100.5	1.5720526371099275	100.838
101.0	2.0300179889163728	59.412
101.5	2.588861466809788	60.244
102.0	1.6570186735305266	60.444
102.5	1.7033685298215036	80.395
103.0	1.8702596456622445	130.547
103.5	2.213706577412778	130.82
104.0	2.067124641159676	20.133
104.5	2.38286721405143	50.255
105.0	1.7080517216249715	18.53
105.5	1.8564783613670046	75.306
106.0	1.3155263198519191	90.743
106.5	2.0041591878586424	130.905
107.0	2.12873359046066	100.563
107.5	2.0291928306413016	37.718
108.0	1.4992565294111198	71.71
108.5	2.2877385137904622	121.445
109.0	1.7771383899500164	70.471
109.5	1.9194976254507385	107.616
110.0	1.9829053617957255	100.745
110.5	2.1089042586365356	129.789
111.0	1.750009828234985	16.76
111.5	1.946308839883358	90.473
112.0	1.8219680360791994	70.348
112.5	1.799437893345263	16.764
113.0	1.8984625756757652	138.08
113.5	1.517573543143091	55.45
114.0	1.5752217525172472	18.793
114.5	1.8074490729320303	48.174
115.0	2.1886423457581397	20.207
115.5	1.5970994934268665	33.164
116.0	2.3274469399045046	114.467
116.5	1.7488040837288716	100.511
117.0	1.8459674856549675	110.908
117.5	1.9577621569944783	30.21
118.0	2.0243400530975193	40.252
118.5	1.7725666689226527	70.405
119.0	1.9071173494930156	70.44
119.5	1.5088625018872868	67.614
120.0	1.6489340202845697	60.34
120.5	1.7149075966256395	70.472
121.0	1.7015230823492078	20.223
121.5	1.8456338132324737	122.15
122.0	1.869533076909947	99.579
122.5	2.000759172532978	70.389
123.0	2.1742524102529317	80.301
123.5	1.721958350231058	47.709
124.0	2.2631455232737325	80.554
124.5	1.6423519427272613	83.822
125.0	1.700014920825738	110.853
125.5	1.9363242074865457	50.346
126.0	1.7583031066112582	90.692
126.5	1.8013652109210194	107.584
127.0	2.3561804842501872	20.243
127.5	1.7002254897770521	39.36
128.0	1.8797676258236447	80.342
128.5	2.492742551886532	60.345
129.0	1.8523736710996455	90.715
129.5	1.67131775728457	90.566
130.0	2.153640089436326	17.418
130.5	1.7658405527345202	70.526
131.0	1.41053883714988	76.632
131.5	2.204231604358934	120.923
132.0	1.7102228996550537	48.735
132.5	1.8132197537398964	68.868
133.0	1.7494163715889433	20.213
133.5	2.137150140526398	120.752
134.0	1.8089047756283434	80.299
134.5	2.0641690573069558	36.783
135.0	2.033688571008771	130.866
135.5	1.9215517142798526	100.574
136.0	2.6322871870769684	75.106
136.5	1.966791130965938	110.695
137.0	1.6235100445624826	97.086
137.5	1.7429531450582276	248.784
138.0	1.8927003968540148	70.559
138.5	2.189081311720878	17.105
139.0	1.8473614006047587	19.957
139.5	1.9646978693297423	66.993
140.0	2.3363719238771696	100.676
140.5	2.1894388974972334	61.108
141.0	1.8444355402125725	150.033
141.5	1.654348869305945	70.497
142.0	2.033969338129955	67.843
142.5	2.4989543168437836	40.311
143.0	1.5219094181015431	80.594
143.5	2.250100260731307	37.414
144.0	1.865328863647279	80.623
144.5	2.0797219555137416	17.169
145.0	1.8897754270303357	40.137
145.5	1.6888717357785907	100.583
146.0	2.0802205098072877	30.219
146.5	2.3360004472461418	16.134
147.0	1.5426516656898788	100.615
147.5	1.8192770428869802	37.211
148.0	1.6944085422457746	130.861
148.5	2.209728293445768	50.268
149.0	1.512271454443139	59.342
149.5	1.9598049621854652	112.584
150.0	1.7242555999856837	60.347
150.5	2.2534026149663737	43.708
151.0	1.2509036167052916	21.771
151.5	1.732711323375964	107.523
152.0	1.857268689374993	67.554
152.5	2.1425426217562267	63.094
153.0	2.025958006808656	16.235
153.5	2.0006886850383814	69.834
154.0	1.6790413066050467	100.587
154.5	1.4049603075046118	17.541
155.0	1.66252922658441	110.703
155.5	1.830943662294595	120.756
156.0	2.049200245209347	70.335
156.5	1.6064414919608265	80.6
157.0	2.0559416843407976	17.424
157.5	2.0407920659383936	69.837
158.0	1.9041019407501407	50.392
158.5	1.7790991739308808	50.267
159.0	2.4061065184081194	20.212
159.5	1.9795161023319894	17.251
160.0	1.9027045260727846	70.219
160.5	1.5348806465098166	60.274
161.0	1.6951235239664026	58.471
161.5	2.0955175012950646	20.14
162.0	1.7201588277951745	40.954
162.5	1.8555220330458955	58.029
163.0	2.4628600314561675	32.94
163.5	2.151709204118901	70.482
164.0	2.0659335311569107	122.073
164.5	1.9479436049395848	83.85
165.0	2.106814172589777	120.875
165.5	1.9109416918863507	46.59
166.0	1.4626584875078659	100.637
166.5	1.8256087563811523	80.58
167.0	1.620941513230306	150.902
167.5	1.7820767957184953	165.389
168.0	1.8022195240504337	161.397
168.5	2.033920285300709	47.823
169.0	2.048329551111175	23.229
169.5	2.2639910372920666	34.153
170.0	2.2746666682262853	22.122
170.5	1.7192161736159577	57.296
171.0	1.4409346402167296	80.512
171.5	1.8518935600805995	97.943
172.0	1.6657250925044307	70.535
172.5	1.7102661950603126	46.916
173.0	1.8272493926098876	87.352
173.5	1.813058289664173	89.015
174.0	1.9204711956190064	20.081
174.5	1.4334884836133117	80.19
175.0	2.389995802833747	114.513
175.5	1.7648635693654766	130.782
176.0	2.081650466869253	120.879
176.5	1.980378958058875	20.173
177.0	2.2627567017389536	50.269
177.5	2.1387204494704797	47.934
178.0	1.6722727664830168	80.612
178.5	1.9601317155624125	70.479
179.0	1.8291312657360177	80.631
179.5	1.6470204541871107	90.785
180.0	2.1358146875774597	64.673
180.5	2.102787485876177	30.27
181.0	1.5893897701419286	80.632
181.5	2.412388526306755	100.652
182.0	1.463959079709593	38.153
182.5	1.681131219459487	67.123
183.0	1.818442239575065	47.641
183.5	1.8689954013416323	31.683
184.0	1.760029776234578	50.243
184.5	1.4050715380743573	70.308
185.0	1.9316978318000602	69.065
185.5	2.2336459525101247	56.835
186.0	2.0823978524620603	50.384
186.5	1.6653764271867015	80.593
187.0	1.8858842124936366	90.519
187.5	2.091734163572962	70.772
188.0	1.4089027471756814	67.988
188.5	2.299982604822565	80.527
189.0	1.8067277795970402	80.328
189.5	1.8080688366627575	70.583
190.0	1.6387624219938373	147.072
190.5	2.156780935558191	40.363
191.0	2.0059456490806316	50.213
191.5	1.9266593332045765	36.062
192.0	1.700117627948645	97.05
192.5	1.9701303239380987	59.813
193.0	1.5698167281011395	39.219
193.5	1.7807425335292761	50.464
194.0	1.4642480076257853	88.396
194.5	2.1027797798452377	110.614
195.0	1.6818764927655363	16.801
195.5	2.195448039800305	37.696
196.0	1.8222048451298596	20.151
196.5	1.8288728956009954	119.442
197.0	1.8355759609194868	90.698
197.5	1.727174381792618	67.766
198.0	2.032563594821346	50.005
198.5	1.937646183764629	50.727
199.0	1.7250052214760243	120.738
199.5	2.2610127826242628	90.707
200.0	1.4063158902611224	80.459
200.5	2.359193613817563	38.385
201.0	2.473774936201345	30.125
201.5	1.6120868679775817	120.839
202.0	1.7045755279838142	50.355
202.5	2.385385163309043	16.738
203.0	1.6341432328720518	30.246
203.5	1.9658457220289356	80.643
204.0	2.0130052506733627	69.881
204.5	2.029312290019785	120.562
205.0	2.245885247235265	47.371
205.5	2.1120424234382935	20.095
206.0	1.4933836507993203	18.173
206.5	1.8983575897658136	50.289
207.0	1.7454938186121942	78.726
207.5	1.9283825393237046	39.038
208.0	1.804200349025813	67.441
208.5	1.7273386408596445	70.417
209.0	2.0705350145494856	60.271
209.5	1.9943526922484438	70.307
210.0	1.8551213508510649	66.637
210.5	2.2983147076920556	50.249
211.0	1.4213566137653215	56.994
211.5	1.4999093729401036	50.405
212.0	2.570059805257242	17.096
212.5	1.7875368552018545	40.251
213.0	1.7929869503681206	98.932
213.5	1.6298637460347174	48.109
214.0	1.4984166820486293	40.161
214.5	1.9347519879046835	90.746
215.0	1.9674936042860747	20.207
215.5	1.5416731989302037	80.481
216.0	1.720924526229299	70.31
216.5	2.269937094593544	70.72
217.0	1.661342844252048	60.431
217.5	1.9127258379870735	70.356
218.0	2.313606365003471	60.3
218.5	1.5500194174371074	130.818
219.0	1.928371243330844	65.366
219.5	1.9962321316171068	80.641
220.0	2.702852275157985	20.103
220.5	1.508998328342919	60.288
221.0	2.1096294574228986	70.486
221.5	1.754629638807415	40.03
222.0	1.7217224957435475	30.286
222.5	1.5025122316972896	70.375
223.0	1.5111188856023892	100.747
223.5	1.6597074044624422	60.286
224.0	2.1573769042235473	56.964
224.5	2.0127036375542344	17.907
225.0	1.6684656570736816	40.376
225.5	1.9898978203221278	130.807
226.0	1.6872146589509895	97.743
226.5	2.351669186868621	30.193
227.0	2.022616572117921	90.508
227.5	1.5539736245329536	90.651
228.0	1.8868788972557642	90.39
228.5	2.6233235744609087	38.479
229.0	1.2066653071563027	90.587
229.5	2.2222484014955146	16.605
230.0	2.1029924904004016	37.591
230.5	1.704323529173451	30.176
231.0	1.756899680999447	30.276
231.5	1.4251440056134517	37.925
232.0	2.484075116323746	60.406
232.5	2.1740695778990813	28.905
233.0	1.6887666883261816	39.676
233.5	1.9245109399060705	78.792
234.0	1.8433884376494196	70.418
234.5	1.8768694533865569	60.387
235.0	1.8790483103967421	61.712
235.5	1.7540104483342573	28.337
236.0	2.566825416827508	58.734
236.5	1.7871381888620326	41.072
237.0	1.758187611352238	60.478
237.5	2.1697560535847615	30.134
238.0	1.4848356702064138	50.171
238.5	2.4646041540881556	40.452
239.0	1.6580477789394292	50.299
239.5	1.77251624638041	70.914
240.0	2.1274677347757955	60.599
240.5	2.2087915748602733	17.949
241.0	2.2531049879547793	70.418
241.5	2.4845200641183585	111.031
242.0	1.9759574980543568	46.19
242.5	1.702433072248449	20.197
243.0	1.7078746404542133	50.302
243.5	1.6616247574331087	60.372
244.0	1.9762283605076303	92.534
244.5	2.2711317747286746	90.486
245.0	1.7787170279333135	50.276
245.5	2.1098952950329575	121.147
246.0	1.4706083323613162	140.861
246.5	1.7801914978157716	69.524
247.0	1.7411304025112455	89.055
247.5	1.7840327960028657	90.563
248.0	1.6266283375331623	16.651
248.5	2.170075438772437	90.968
249.0	1.5548496086114643	38.215
249.5	1.9728983934145463	80.445
250.0	2.214560209282405	20.097
250.5	1.632125441408671	114.474
251.0	1.794927607133413	40.288
251.5	1.4852898469197808	74.305
252.0	2.23985072354636	70.57
252.5	2.292054451773437	49.993
253.0	1.364934284669524	27.678
253.5	1.6131238524126361	50.372
254.0	1.9694665154044702	60.316
254.5	1.972042489400845	47.751
255.0	1.7083063491589765	109.539
255.5	2.2503756994479125	90.977
256.0	2.0795414385019275	70.451
256.5	1.575734407157577	70.595
257.0	1.6974655948684025	40.569
257.5	1.908957916244086	50.231
258.0	1.8148577682718632	19.557
258.5	1.478228031138244	107.291
259.0	2.414438418022536	55.246
259.5	1.7455133873150661	30.101
260.0	2.1371033278276905	37.594
260.5	2.0229459197269364	18.673
261.0	1.7072674160807233	22.38
261.5	2.0185510356418295	50.481
262.0	2.249233500180558	20.17
262.5	1.924773835909449	30.188
263.0	1.8422035742808438	60.53
263.5	2.1088667098817884	30.077
264.0	2.2105550220716563	60.528
264.5	1.3842557422455914	19.843
265.0	1.900918978489734	100.644
265.5	1.912448099395796	60.266
266.0	1.6182516215142366	100.609
266.5	1.7344670631328885	90.616
267.0	2.274682149811226	20.697
267.5	1.792638621850235	93.148
268.0	1.4811117445801107	18.558
268.5	1.7418945683914817	80.56
269.0	2.096018181235801	20.223
269.5	2.4575967489323878	20.218
270.0	1.8079029919751517	18.634
270.5	1.8845457091517779	30.21
271.0	2.1765896763518295	40.174
271.5	1.8147090588192407	80.542
272.0	1.9385688229162725	110.789
272.5	1.8032734835486337	121.247
273.0	1.4567816773027893	69.878
273.5	1.8777393366691708	99.39
274.0	2.3378708486104487	80.523
274.5	1.6253537866662748	19.202
275.0	1.3724499257607432	47.244
275.5	1.640915927638969	120.745
276.0	1.7716238970742266	70.517
276.5	2.3756181082846473	78.01
277.0	1.9061897454833732	57.206
277.5	1.9386652307355257	38.704
278.0	2.3268604656529583	68.042
278.5	2.173680433412602	110.715
279.0	1.9034914146493407	100.571
279.5	1.7338508954436709	70.522
280.0	2.4689035441685485	59.791
280.5	1.2120619186948551	68.601
281.0	2.070044901417933	57.575
281.5	2.1313410960033616	50.252
282.0	2.118902715254994	80.609
282.5	1.6189836577572698	40.226
283.0	2.127880584666156	40.213
283.5	1.8312736674829984	30.45
284.0	1.8562064035042896	16.597
284.5	1.864327434159821	50.516
285.0	1.7497996445573696	50.313
285.5	1.9831975502527182	132.873
286.0	1.8260647747313439	50.511
286.5	1.6992690359064404	100.456
287.0	1.7048244665163148	100.762
287.5	1.7618446783791548	81.452
288.0	2.028571285131279	20.063
288.5	1.6302885549397066	90.699
289.0	1.8068960288797011	60.546
289.5	1.977603093103928	121.963
290.0	1.8665314677562868	30.481
290.5	1.4663003189320916	151.116
291.0	2.1838699485333075	80.53
291.5	1.8504465921261066	134.45
292.0	2.408814720838052	80.378
292.5	2.38905120689461	121.2
293.0	1.5563706427713337	50.388
293.5	2.0444282368938476	90.44
294.0	2.021576570146123	144.429
294.5	1.6736062940845196	130.83
295.0	1.9881944670059337	40.281
295.5	1.704317576462908	40.178
296.0	1.4507425672529808	150.475
296.5	1.8168893155789607	158.694
297.0	1.686412002624119	161.476
297.5	2.3169101233557763	131.194
298.0	2.3710821953055117	97.562
298.5	1.7784397166477002	112.291
299.0	2.4270293016126057	20.996
299.5	1.2438184618509849	80.597
300.0	1.3953386039619993	18.533
300.5	1.7092246547114545	40.295
301.0	2.0451617835985396	42.798
301.5	2.2668896055650385	110.723
302.0	2.065923852240686	69.996
302.5	1.705483703312859	120.89
303.0	1.967749441556662	67.945
303.5	1.9448752451484013	60.404
304.0	1.388434426690518	49.308
304.5	1.944590365118438	47.337
305.0	1.7450863463114534	20.175
305.5	1.6665331083714852	78.173
306.0	1.653695244840957	90.545
306.5	2.4350072263617615	100.534
307.0	1.9585500562911349	110.676
307.5	2.2729632668254673	80.219
308.0	1.4137052076661387	70.359
308.5	2.0785472640205165	47.182
309.0	1.8979733866439539	30.164
309.5	2.210011034872575	88.811
310.0	1.6591262040273822	59.376
310.5	1.738841718779805	50.213
311.0	1.5450063300109795	50.248
311.5	1.9738353896399057	80.599
312.0	1.5967001765491775	77.673
312.5	1.9067914796220222	130.151
313.0	1.9439577394405712	60.302
313.5	1.8268376615152968	97.877
314.0	1.4665680833724517	47.42
314.5	2.112591482684174	17.159
315.0	1.8263389931478198	21.574
315.5	1.9781639390936383	69.782
316.0	1.8233738953084913	20.168
316.5	1.966438588961333	82.047
317.0	2.2845477453449012	38.675
317.5	1.762449065367425	101.673
318.0	1.674855774253791	17.499
318.5	1.722778063492818	100.803
319.0	1.8351811692056066	30.254
319.5	2.0643186064152603	70.294
320.0	2.0896157383794107	17.563
320.5	1.6228429512627822	30.239
321.0	1.8381544384054638	110.66
321.5	2.041937826796743	80.456
322.0	2.5358022967570526	80.379
322.5	1.825802494196897	80.386
323.0	2.07551610406066	38.501
323.5	1.3943474406620937	48.225
324.0	1.9589197901488609	80.545
324.5	2.1623552787877807	50.464
325.0	2.1879512879498537	80.486
325.5	1.6693133521159211	20.147
326.0	1.5341351111919204	48.39
326.5	1.8176986186112138	67.15
327.0	2.4980701066129027	50.197
327.5	1.2023976385657185	111.37
328.0	1.62828352138238	100.644
328.5	2.1223254721670535	110.67
329.0	2.1175449144954372	50.276
329.5	1.7500485657737272	80.631
330.0	2.075312025359923	108.209
330.5	2.15264172530399	30.207
331.0	1.4527826357018376	32.274
331.5	1.801824233241402	38.659
332.0	2.1684220577671622	20.179
332.5	1.4528404724288961	80.659
333.0	2.195650371202013	17.049
333.5	2.3900445161160877	17.5
334.0	2.062995251214734	70.528
334.5	2.186363493604224	16.904
335.0	1.998288752029217	120.718
335.5	1.6881576156348905	60.415
336.0	1.65407709981742	70.377
336.5	2.180723866522351	119.028
337.0	1.8653830987701938	48.036
337.5	2.0357381131626284	30.2
338.0	2.147613080716025	58.441
338.5	2.067839549088073	50.458
339.0	1.7809798913387733	111.08
339.5	1.5676083672113694	17.911
340.0	2.316918536102071	80.541
340.5	2.0373609601189147	66.618
341.0	1.5493067293265879	70.489
341.5	1.548741400660065	90.624
342.0	1.8671522763731287	37.916
342.5	1.987039675796151	50.322
343.0	1.5445395797443342	17.564
343.5	1.6243632638102843	66.532
344.0	2.0998106391345925	27.827
344.5	2.7947777567370555	60.363
345.0	1.854787488550209	100.834
345.5	2.084502108932058	70.463
346.0	2.6478911658651865	99.964
346.5	1.393997476618173	100.749
347.0	1.6115576088122816	80.232
347.5	1.5837052974836299	81.964
348.0	2.004327189192172	110.845
348.5	2.3652450359042896	73.084
349.0	1.4960868568858918	60.431
349.5	1.6407006206562735	16.236
350.0	2.168720084633234	16.871
350.5	2.224919871814962	20.06
351.0	1.7602211994178603	38.278
351.5	1.5275763138363494	27.817
352.0	2.5432776284764085	30.229
352.5	1.9302238896341282	60.369
353.0	1.9763747575228523	110.629
353.5	1.8022489075586754	80.744
354.0	1.5562254109275555	80.58
354.5	1.9086951070873068	100.765
355.0	1.6591354466198303	16.533
355.5	2.119362002113422	50.318
356.0	1.3861854732356713	98.493
356.5	1.887475663170699	90.515
357.0	1.4426397902655983	90.969
357.5	2.0901182303522847	80.566
358.0	1.9253649866868605	80.463
358.5	1.6302276927642503	110.817
359.0	2.022218559653819	50.93
359.5	1.517251120206936	91.059
360.0	2.513121046125099	17.949
360.5	1.4218030898714584	80.38
361.0	2.035734234062332	118.371
361.5	1.7052944378649524	65.068
362.0	2.4788363488493355	87.908
362.5	1.834426409579195	69.027
363.0	1.8605510467958406	60.613
363.5	1.9601005777997489	110.659
364.0	1.75242769839251	17.8
364.5	1.708616112323395	30.16
365.0	2.0643635268074245	60.303
365.5	1.6202149359991067	131.02
366.0	2.3390236245707143	88.853
366.5	2.04917874975472	120.742
367.0	1.6307392012089186	16.496
367.5	2.284834073528832	87.673
368.0	1.5879279880322439	70.432
368.5	1.6768204916572644	100.585
369.0	2.229362640467945	20.137
369.5	2.0127114661564582	90.495
370.0	2.746608529532687	100.544
370.5	1.355409084124472	19.989
371.0	1.799358804469704	94.223
371.5	2.1607978407466026	107.257
372.0	1.7684947911798103	90.577
372.5	1.3577290155511053	120.687
373.0	1.2838192010908718	49.036
373.5	1.3077971371091526	110.633
374.0	2.314676781712514	16.323
374.5	2.04779243793501	20.286
375.0	1.8413580476232752	93.027
375.5	1.3280190887689607	110.848
376.0	1.4580068451938624	48.133
376.5	1.7903363419086746	20.232
377.0	1.5319624140447283	100.682
377.5	2.1163748981311503	70.359
378.0	1.7513323433484767	99.26
378.5	1.437764691583734	90.494
379.0	2.460258868341989	80.093
379.5	1.6414163255559233	67.672
380.0	1.8436206570545306	17.537
380.5	2.2407990059129634	50.177
381.0	1.7181972561826984	40.354
381.5	2.0774128878619313	98.09
382.0	1.385529568180823	17.297
382.5	1.7331688776500145	40.358
383.0	1.5834516345550698	54.491
383.5	1.4377685360211605	20.162
384.0	2.2960804604497524	60.321
384.5	1.2162769208602382	53.312
385.0	2.427720490289813	18.302
385.5	1.4256759130449856	22.878
386.0	1.7347411779874669	98.669
386.5	1.2387636781922318	73.078
387.0	1.8188485000233263	64.611
387.5	1.495860214101456	70.595
388.0	1.8470020567038141	60.456
388.5	1.6565545588055575	60.21
389.0	1.561738071429901	120.798
389.5	2.550873890947949	80.633
390.0	2.398571853507574	80.348
390.5	1.8224740993569708	58.375
391.0	2.4716540028070746	90.886
391.5	2.347141920541552	80.454
392.0	1.94340365463622	80.402
392.5	1.7966967043627637	16.228
393.0	1.7500265919320863	120.85
393.5	1.800856601516251	70.395
394.0	2.157826741097178	47.386
394.5	1.3701311536216692	120.925
395.0	1.8515943074070924	136.682
395.5	1.919228351623993	60.325
396.0	1.8538838884431241	60.54
396.5	2.077247307828919	80.29
397.0	1.4500043651242034	80.585
397.5	1.7927460001018776	90.615
398.0	1.9685469607825028	87.424
398.5	2.094891967933462	17.782
399.0	2.0609638170328717	53.447
399.5	1.7550613803166963	120.841
400.0	1.5255589528647326	80.598
400.5	2.680622914391778	67.167
401.0	1.5309260503219015	120.806
401.5	2.081274361097139	49.764
402.0	1.543295491269727	90.538
402.5	1.8483438415318145	60.429
403.0	1.4767137414173337	50.277
403.5	1.6565740334957988	30.225
404.0	1.9429356392822068	29.751
404.5	1.9557138880526834	131.851
405.0	1.764890005625944	41.66
405.5	2.177891877478688	104.221
406.0	1.281980274227031	36.73
406.5	1.8386532223827108	38.991
407.0	1.8442121934307898	48.947
407.5	2.4142205954683065	16.683
408.0	2.2183884519986345	17.567
408.5	1.5195507022928982	70.544
409.0	2.073660355347507	109.428
409.5	2.1059080379020685	38.72
410.0	1.7715997454411698	60.151
410.5	2.1013949237822156	50.26
411.0	1.8176580563423315	80.61
411.5	1.6443280163268452	48.544
412.0	1.6973461226990625	17.346
412.5	1.9267809551542328	38.054
413.0	2.1179456742557554	67.593
413.5	1.9938693618547216	112.992
414.0	1.4007793100609565	47.212
414.5	2.0957680382049273	100.822
415.0	1.8285275084888704	76.568
415.5	1.8286262375768423	50.462
416.0	1.7215920003339202	69.891
416.5	2.2561962762153622	25.52
417.0	1.8953121030795943	80.638
417.5	1.3853461552531532	110.834
418.0	1.6615107737349415	131.04
418.5	2.389820007462777	62.451
419.0	2.257774040094532	17.102
419.5	1.4333036289357954	68.726
420.0	1.7539723757851624	107.499
420.5	2.3522672267941886	80.433
421.0	1.8334548219708677	42.175
421.5	1.3882971950405134	30.205
422.0	1.1310056260029555	67.603
422.5	1.8359726545620485	130.835
423.0	2.077922936380399	80.491
423.5	2.360127478562183	80.405
424.0	2.0882728925757643	161.72
424.5	1.2309805318324365	158.725
425.0	2.662271205812377	142.862
425.5	1.8511124863365698	37.202
426.0	1.9341429629513087	19.961
426.5	1.911714186751254	38.961
427.0	1.8638028569347487	134.748
427.5	2.2644082616996877	110.743
428.0	1.8186804739205347	30.184
428.5	1.6465710278022523	101.412
429.0	1.9482851312841176	31.582
429.5	1.6407563074757996	90.708
430.0	1.9998070032333928	50.339
430.5	2.2116100793604616	20.205
431.0	1.6463323571762298	116.202
431.5	1.9732929757516227	60.444
432.0	2.30250358575628	51.19
432.5	2.7446488129830735	17.928
433.0	2.0372923065034683	130.798
433.5	1.9894467751522467	50.297
434.0	2.4669147710460586	97.701
434.5	1.8425105582946586	79.198
435.0	1.588721433900215	17.087
435.5	1.8407298842021516	18.979
436.0	2.2063730967830377	36.207
436.5	1.8092867721076802	129.19
437.0	2.2307051117991255	110.653
437.5	1.690629239335973	69.364
438.0	2.242247879711998	19.041
438.5	1.770465896704868	35.495
439.0	2.103933263907857	50.265
439.5	1.5520788576657	66.102
440.0	1.4099239031849697	60.269
440.5	2.181343030896251	70.359
441.0	2.1116268649776067	90.786
441.5	1.922702201081111	81.979
442.0	2.3306901390190253	27.069
442.5	2.073360813403099	39.194
443.0	2.3462621628740647	33.236
443.5	1.9305757011049405	50.366
444.0	1.8935275445286053	70.427
444.5	2.047843219376892	30.191
445.0	1.9681619386824387	110.806
445.5	2.0009640842867595	60.448
446.0	1.6731518641656298	20.21
446.5	1.3907072658242534	119.654
447.0	1.7038502714975479	57.16
447.5	1.8187973628485237	30.236
448.0	1.5646604568507156	30.265
448.5	1.7057962404007516	126.519
449.0	1.1480510081880575	122.289
449.5	1.8730084166169163	50.266
450.0	2.0823699672149196	87.082
450.5	2.2852129738524494	50.292
451.0	1.6148948813322999	30.259
451.5	2.1060285047781724	20.058
452.0	1.4157742750345246	110.856
452.5	2.394553627350595	80.463
453.0	2.0042547788763865	60.441
453.5	1.7721522472927933	110.67
454.0	2.2216124521545386	121.301
454.5	2.118885228591402	17.046
455.0	1.2311885942732024	90.796
455.5	2.3184933688834866	100.58
456.0	1.993510918735301	41.819
456.5	2.1674476897470467	46.508
457.0	1.9070123173930378	80.564
457.5	1.4813493166890686	100.713
458.0	2.190515147480797	77.722
458.5	1.5873081969468543	50.391
459.0	1.5931816371724454	35.905
459.5	1.7717090909353441	68.785
460.0	1.7153629731182474	90.476
460.5	1.6411983391084761	50.288
461.0	1.6475887958923952	90.733
461.5	2.274589299151241	127.118
462.0	2.4800494151900008	60.561
462.5	1.57973401638016	90.612
463.0	1.0533505379188295	16.973
463.5	1.3154679553057316	60.404
464.0	2.2477383675350677	20.104
464.5	1.571370909137519	100.412
465.0	1.8978602741828812	90.605
465.5	2.02045190501137	16.887
466.0	1.8791042532869455	50.349
466.5	1.2473387307376964	70.901
467.0	1.6513356529112846	90.64
467.5	1.5825727674247236	100.757
468.0	1.9916279952735452	18.023
468.5	2.4555219319816324	38.002
469.0	1.7334919721112896	80.716
469.5	1.9084631798142146	20.349
470.0	1.892060217336766	17.222
470.5	2.0031736447311776	20.282
471.0	1.6658208862812753	40.333
471.5	2.017237794051609	50.408
472.0	1.9796738746662188	80.437
472.5	2.2515806911365432	100.6
473.0	1.7799531669404154	30.209
473.5	2.1267177822356826	90.7
474.0	2.1012022004934043	42.901
474.5	1.47122514869671	122.236
475.0	1.7861907265216546	60.592
475.5	1.6002636221537523	50.709
476.0	1.5761503187607655	20.947
476.5	1.6323226249728264	30.259
477.0	1.6490400265422205	110.706
477.5	1.7011867347162737	35.408
478.0	1.874495748669589	24.808
478.5	2.2083314646938486	80.608
479.0	2.2530045241977508	60.392
479.5	1.9475615079378328	87.199
480.0	2.490869748294929	45.397
480.5	1.4004232423084946	90.558
481.0	2.7313945400656996	98.812
481.5	1.9865256034829637	40.33
482.0	2.085056317357652	110.617
482.5	1.601985419076224	69.372
483.0	2.1036411641948067	148.954
483.5	2.086230953279396	30.15
484.0	2.04432923582163	100.702
484.5	1.619928467730314	70.403
485.0	1.9841433895245273	17.498
485.5	2.0390517255691973	67.245
486.0	2.030399880862261	90.582
486.5	1.8830814252387489	87.803
487.0	1.8198152118277682	131.029
487.5	2.3828359059948023	19.173
488.0	1.74608886604434	26.711
488.5	1.6181072299900439	54.887
489.0	1.8375396719353356	30.906
489.5	2.469492233797712	18.292
490.0	2.2063117824048883	60.706
490.5	2.2064824120340605	16.514
491.0	1.8506831295515491	75.491
491.5	1.7597277872332564	69.178
492.0	2.0054309316244456	70.587
492.5	1.424194044780736	108.495
493.0	1.8118933957851615	66.652
493.5	1.4488298423855628	130.679
494.0	1.7004390939931688	100.607
494.5	1.2018778343199914	130.776
495.0	1.7784703435076454	100.779
495.5	1.7729435220418583	60.423
496.0	1.3652929206355267	140.841
496.5	2.162440771783587	60.416
497.0	2.377446095039092	70.492
497.5	1.5861166883996887	81.824
498.0	1.5879961781074565	80.535
498.5	1.281199582347679	43.575
499.0	1.4598649502797283	110.785
499.5	1.4057543384170912	60.441
500.0	0.8317171264234599	129.776
500.5	1.8253927226857558	110.481
501.0	1.410338881989416	90.675
501.5	1.6008294765033662	110.748
502.0	1.7124674023783943	42.042
502.5	1.4377673570974794	30.2
503.0	2.148039556690941	30.237
503.5	2.38202652001904	60.222
504.0	1.9796190451557794	48.125
504.5	1.8533315858258679	17.0
505.0	2.0202315490872924	30.196
505.5	1.6937855702726399	120.777
506.0	2.1697128974915083	50.238
506.5	2.035939919678632	20.142
507.0	1.4218471642229944	60.163
507.5	1.9974635715876208	28.994
508.0	1.672693642249924	60.401
508.5	1.6454046145522063	60.45
509.0	1.9589957728508156	60.597
509.5	1.6620088493033747	17.038
510.0	2.3262144437076033	17.155
510.5	1.4989689885650905	17.489
511.0	1.9335496340506355	50.399
511.5	1.456128740195719	68.276
512.0	2.0735040862038154	110.322
512.5	1.8646428186569861	80.572
513.0	1.7019530929950517	69.621
513.5	1.5427253868147734	70.418
514.0	1.6054426835892452	120.918
514.5	2.1951265429910043	60.422
515.0	1.9891481153799155	100.248
515.5	1.5514561589236096	60.435
516.0	1.9943840847072314	80.625
516.5	2.2864819347181267	79.647
517.0	1.6497814606753474	57.274
517.5	2.115639246598935	40.197
518.0	1.7912448133407444	50.324
518.5	1.844849973611123	80.615
519.0	1.8364820701977294	20.151
519.5	0.16076078194640356	16.487
520.0	11.429216848787606	50.419
520.5	2.2199290601203656	20.22
521.0	1.5521215419088137	20.026
521.5	1.336197489819581	42.72
522.0	2.3325776991478024	20.25
522.5	2.0055273286487414	37.109
523.0	1.748199997560695	70.645
523.5	1.5174952898471106	97.893
524.0	1.866730043761353	48.873
524.5	1.410247884980018	101.267
525.0	1.876861963050266	80.301
525.5	1.7477103308420034	110.896
526.0	2.023436129099177	100.716
526.5	2.2612712157163535	30.188
527.0	2.1804060378405428	47.036
527.5	2.309199375917503	36.87
528.0	2.3153134980630017	100.678
528.5	1.7604075724500727	20.159
529.0	2.349904077655719	16.818
529.5	2.601051917822197	50.568
530.0	1.5546707759041773	30.224
530.5	2.2210927692273814	57.856
531.0	1.6735509030601616	70.203
531.5	2.531874594728536	50.488
532.0	1.7187420629124242	90.679
532.5	2.243218868940938	70.529
533.0	1.490983505258012	80.997
533.5	1.514027176799995	48.145
534.0	1.6104419026226517	67.61
534.5	1.838310887332135	50.355
535.0	2.1634139385877362	81.149
535.5	2.3969021339290535	50.564
536.0	2.0505848459601155	17.906
536.5	1.7704548064713244	20.845
537.0	1.4989591630063002	47.108
537.5	2.1443288657769908	17.102
538.0	2.035536700616328	80.54
538.5	2.169983852874584	50.26
539.0	2.3551939941618056	110.998
539.5	1.7097212259698802	80.51
540.0	1.6263465253012832	46.649
540.5	1.5038093583953804	100.538
541.0	2.0614317274807012	16.22
541.5	1.725356548072998	80.763
542.0	1.7036412173076645	70.455
542.5	1.911295941623723	57.112
543.0	2.080067948364374	60.484
543.5	2.6817669658687637	20.271
544.0	1.6569432366097792	100.59
544.5	1.9000549194640501	20.57
545.0	2.0857834319609694	60.495
545.5	2.041545531374964	40.641
546.0	1.7283462249140593	121.296
546.5	2.1546866766638852	111.189
547.0	1.7836263689663219	100.583
547.5	2.4007373230564135	19.989
548.0	1.508071709073199	40.272
548.5	2.130975700434797	60.363
549.0	1.9961857968872232	20.567
549.5	1.4746516900882405	90.669
550.0	1.8402811402391406	49.135
550.5	1.502441201521816	47.62
551.0	2.194960305367487	100.614
551.5	2.5331966756969373	50.383
552.0	1.759319401932576	47.304
552.5	1.4980169278383644	70.373
553.0	1.667780541792732	100.747
553.5	1.4665840252477762	110.696
554.0	1.8437762327551408	68.543
554.5	1.8712632730046268	60.377
555.0	1.7129102917551213	16.79
555.5	2.282808792082698	80.373
556.0	2.0416707085565116	90.471
556.5	1.9080779236038956	70.542
557.0	1.8153254779722123	130.655
557.5	2.0966779758457195	90.83
558.0	1.518939297387442	140.916
558.5	2.354661386512568	80.529
559.0	1.8445570105585325	37.642
559.5	1.6269474238030925	69.24
560.0	1.7794025270505875	30.159
560.5	2.2894335892193465	30.168
561.0	1.8054542948080945	67.021
561.5	1.9193398778732993	60.415
562.0	1.553162683819439	111.012
562.5	2.01398078654567	27.191
563.0	2.2034276639275743	20.094
563.5	1.6524345241930323	90.503
564.0	1.7214141956507012	70.34
564.5	1.9897387993034854	16.82
565.0	1.9272829931093238	51.966
565.5	1.9295265961744226	135.933
566.0	1.3737713575175465	29.912
566.5	2.3248197757981286	37.414
567.0	1.133887728391554	74.232
567.5	2.423721253471259	79.509
568.0	1.8861726062887438	111.03
568.5	2.668055457023455	40.279
569.0	1.6909935541018504	37.49
569.5	2.2942371525992242	18.278
570.0	2.2974371861106966	50.386
570.5	1.8836397676676488	131.137
571.0	2.0654350805569712	80.532
571.5	2.36968841283514	60.569
572.0	1.3792881488018518	19.38
572.5	2.163405084351125	37.496
573.0	2.353766601046992	68.528
573.5	1.961122014915658	70.418
574.0	2.2571067562524236	36.707
574.5	1.544735590476881	20.204
575.0	1.9313241454068857	120.937
575.5	1.7827351398686042	18.192
576.0	1.7557147866845018	60.326
576.5	2.4548676721420284	80.537
577.0	1.4577695987992292	90.759
577.5	1.676412409066994	60.425
578.0	1.9535352712961194	29.973
578.5	2.2273220881178184	110.488
579.0	1.671365155940534	80.456
579.5	2.1324177611634125	131.141
580.0	1.866574817677272	80.562
580.5	1.7727787208927883	68.273
581.0	1.8717798166045205	29.647
581.5	1.6175315567037833	40.413
582.0	1.6429822061151977	70.318
582.5	1.802753058700593	48.198
583.0	2.105661886621021	39.497
583.5	1.9099062876125092	99.399
584.0	1.8136554768481885	66.772
584.5	2.5439004606801268	16.222
585.0	1.2836326524352817	73.121
585.5	1.9806400461439726	80.616
586.0	2.220601778700832	26.682
586.5	2.344725459394191	60.195
587.0	1.7227849549022805	80.547
587.5	1.4759007089776799	20.179
588.0	2.0422525441318635	80.634
588.5	1.7762753700814589	46.759
589.0	2.1763268035980463	110.753
589.5	1.93336115443551	18.18
590.0	1.5095962460689503	80.681
590.5	1.6137305498557706	70.748
591.0	2.579632166665035	181.67
591.5	1.3171633165181174	155.345
592.0	1.6181549415529637	167.289
592.5	2.0796238849309763	191.652
593.0	1.5986346691898716	151.05
593.5	1.9974106985990687	17.293
594.0	2.2944135434875643	40.325
594.5	1.7439007411656204	97.533
595.0	1.9524123485023195	28.361
595.5	1.6007079604306924	38.079
596.0	1.6764230564279878	17.701
596.5	1.7169496294984414	51.988
597.0	2.076641212906232	20.174
597.5	1.6560050993669737	19.961
598.0	2.408653963801698	80.507
598.5	1.995381525979243	75.881
599.0	1.8747972895096698	100.54
599.5	2.194772513231723	50.263
600.0	1.5954587804815321	80.487
600.5	2.1649060866674397	100.809
601.0	1.8264561031314057	70.55
601.5	1.8594113056878396	100.695
602.0	2.2857902328382074	20.212
602.5	1.6715992603696093	47.43
603.0	1.4644411030399187	47.512
603.5	2.305285645248317	17.554
604.0	1.5295651868308486	110.81
604.5	2.0615042999943345	40.288
605.0	2.0201703186930873	80.573
605.5	1.5261753139046523	110.873
606.0	2.1780969283672422	19.141
606.5	2.6442730211639507	99.68
607.0	1.6100017662317854	88.7
607.5	2.2983810679409618	20.216
608.0	1.3052775983937992	90.687
608.5	2.345169798144758	70.481
609.0	1.835650577008992	92.196
609.5	1.9271093343351975	80.426
610.0	2.3438120020365996	17.769
610.5	1.6401702473496316	72.068
611.0	1.9652592134630773	80.444
611.5	1.6584607861250993	70.395
612.0	2.446609531630652	62.005
612.5	2.0077304799858458	68.303
613.0	1.6755583457918521	70.455
613.5	2.120932766807914	80.77
614.0	1.8167041073361754	30.237
614.5	2.147022262839845	38.067
615.0	1.541932127079493	100.943
615.5	1.6496554224622924	29.914
616.0	1.895521842975791	97.751
616.5	2.108996274713676	50.128
617.0	1.4441304050070203	30.19
617.5	2.087908460103077	20.171
618.0	1.581499150726778	18.526
618.5	1.834086515772252	40.407
619.0	1.5388037828542978	73.749
619.5	2.2687929231605204	30.189
620.0	2.076587949628121	40.34
620.5	2.0212647942239026	90.673
621.0	2.1784904692646165	166.929
621.5	1.6984665974773498	152.265
622.0	2.0513942476462734	242.529
622.5	2.1313194940391065	90.526
623.0	1.627922382830314	74.921
623.5	2.1002086082938	70.587
624.0	2.3762014572710943	38.304
624.5	1.798535365299843	40.316
625.0	1.897488145629455	91.105
625.5	2.333372597815886	36.958
626.0	2.0220656965105053	80.636
626.5	1.8371925078696056	119.38
627.0	1.8597970847549732	50.382
627.5	2.137081835713885	90.526
628.0	1.7405637974616108	37.089
628.5	1.6591834152674976	80.431
629.0	2.1640862176198516	40.187
629.5	1.7846026920834155	120.745
630.0	1.7625084524714771	66.4
630.5	2.2240578485097653	70.423
631.0	1.6963448144834128	44.934
631.5	1.5003374028032856	68.617
632.0	1.8587330994969775	50.503
632.5	1.5545354982671313	30.125
633.0	1.799543062381986	120.827
633.5	1.7076658856032385	130.79
634.0	1.909126133108013	30.184
634.5	1.9298862256194296	130.905
635.0	1.7252552125038456	50.289
635.5	1.856542301140541	87.311
636.0	2.090825211709663	90.585
636.5	2.0290064532319176	91.014
637.0	1.7064777127628221	55.665
637.5	2.644344608833396	60.287
638.0	1.4464297721645436	73.79
638.5	1.9361368017559843	110.759
639.0	2.203460198107944	60.431
639.5	2.222885059525691	50.289
640.0	1.8265789118079805	90.671
640.5	1.9491648842042586	40.33
641.0	1.9232378353230395	80.547
641.5	1.5146355384622519	78.402
642.0	1.5289655715287864	40.346
642.5	1.4827224957994254	97.376
643.0	2.1664076237906933	100.619
643.5	2.0969111955500184	119.611
644.0	1.3676700981070182	97.686
644.5	2.170782925825021	40.557
645.0	1.8753286373974725	40.179
645.5	1.9506736916748402	20.113
646.0	1.640769444673035	38.256
646.5	1.4818819202038453	20.02
647.0	1.4724328670902522	50.332
647.5	2.0307065091250993	37.71
648.0	1.6416424866282695	17.112
648.5	1.4788093447192656	60.452
649.0	1.9287851066682553	151.002
649.5	2.47677754579746	89.276
650.0	2.137980282620991	101.429
650.5	1.4390467397393967	70.476
651.0	2.239962326827223	97.789
651.5	1.494003523161679	70.567
652.0	1.5226610729216106	60.42
652.5	1.988219348278924	120.606
653.0	2.007476287090023	17.982
653.5	2.4715718697856883	80.386
654.0	1.8602389893929385	17.584
654.5	2.0146928229056207	130.817
655.0	1.6935201459851505	100.329
655.5	1.7861476612255693	20.195
656.0	1.6243476278590325	16.716
656.5	1.6372117793733738	120.249
657.0	1.709021241956939	90.681
657.5	1.8004140743657895	60.53
658.0	1.8742817976437407	70.42
658.5	1.9434262307956494	51.273
659.0	1.7499783828111404	50.462
659.5	1.8192054738898122	60.348
660.0	1.4822301675391085	60.711
660.5	1.8921495501755403	110.546
661.0	2.215800615330409	19.162
661.5	1.5273117174879012	36.295
662.0	1.439332735139287	37.501
662.5	2.1901491024848316	70.443
663.0	2.251542498318077	50.324
663.5	1.9866600572852617	20.417
664.0	1.5030962689528105	24.158
664.5	1.653047003994706	136.745
665.0	1.8883326077306077	100.789
665.5	1.6148940221779369	60.848
666.0	2.0469482209607746	40.198
666.5	1.6847325206926593	69.366
667.0	2.4204675732601597	50.444
667.5	1.9038897012977714	141.499
668.0	1.3810418964341173	101.242
668.5	1.8549571571351497	110.63
669.0	2.0542275384773543	60.353
669.5	1.705716425504149	19.864
670.0	1.482766934272521	60.489
670.5	2.229632548928068	100.386
671.0	1.816065747289437	110.791
671.5	1.4957240867820698	87.389
672.0	1.8514545446067552	98.24
672.5	2.073225099747556	80.619
673.0	1.820264560094911	77.666
673.5	2.068906165384581	70.356
674.0	1.758227644900283	60.448
674.5	2.4246364273298	50.386
675.0	1.4748517563547643	120.86
675.5	1.9538941236623872	100.474
676.0	2.461793548946409	20.263
676.5	1.8749171014836818	50.322
677.0	1.8574455685071123	90.595
677.5	1.96349957882139	121.009
678.0	2.1563908999670476	90.641
678.5	1.7789914505592652	70.408
679.0	1.5533005589702709	120.776
679.5	1.7769743673407006	70.493
680.0	2.018107559390491	27.833
680.5	1.5938471823638445	78.384
681.0	1.778645815169424	36.647
681.5	1.5428982080353786	50.387
682.0	2.085269391566571	83.79
682.5	1.9784741614656947	67.465
683.0	2.218879602399597	90.577
683.5	1.4742541453835012	80.389
684.0	2.1370949054235218	40.269
684.5	2.4760006238011467	49.018
685.0	1.3993613243881688	121.034
685.5	1.4542410775745696	38.311
686.0	2.5789648438646497	70.442
686.5	1.7146358972443179	58.223
687.0	2.1977975143991357	122.414
687.5	1.7393582460785684	50.325
688.0	1.5466125872620902	100.67
688.5	1.5791031996903866	18.92
689.0	1.5536491355313915	80.496
689.5	1.7301353525736467	80.516
690.0	1.7754367631478731	80.665
690.5	1.9554806314882849	109.185
691.0	1.9780675033683794	70.528
691.5	1.9057482897345077	37.761
692.0	1.3499773213602138	60.353
692.5	2.3773516816320575	40.208
693.0	1.7894129786631594	50.381
693.5	1.849889742737422	19.183
694.0	2.7454647201410007	142.421
694.5	1.670105244270086	80.714
695.0	1.6426504017106485	80.424
695.5	1.7989394289494078	20.02
696.0	2.1295393627234827	70.504
696.5	2.4962228985760473	21.625
697.0	1.57773496504778	57.023
697.5	2.2990110488401063	47.007
698.0	1.7827443448997606	20.211
698.5	1.4681484568497276	16.585
699.0	1.496075991867635	118.279
699.5	1.787388038099894	69.373
700.0	2.055114389225274	77.024
700.5	2.0156503394001555	110.999
701.0	1.4472275430332557	30.204
701.5	1.5530959242320088	75.421
702.0	1.5115800155408448	18.314
702.5	2.2594196742754726	124.846
703.0	1.459867548732848	17.107
703.5	2.2606485466519315	90.492
704.0	1.8466658422376365	120.71
704.5	2.264860367673645	50.153
705.0	2.0076537881814374	80.48
705.5	2.0113838920658496	77.27
706.0	2.0626054988606763	70.38
706.5	1.7552571094172016	118.238
707.0	1.7372722173006743	51.61
707.5	1.8803208674916227	50.366
708.0	1.8261507394217544	120.384
708.5	1.7199473426433989	35.219
709.0	1.7013624549884525	30.419
709.5	1.788772619233831	20.329
710.0	1.9257726901874406	36.601
710.5	2.1848421723339078	60.324
711.0	1.8804133407825994	60.229
711.5	1.8962062905800212	80.558
712.0	1.8646684978876495	90.993
712.5	2.5022578437090317	71.172
713.0	1.6467188206796013	50.407
713.5	1.7625592240122385	40.27
714.0	1.6323901284129387	99.39
714.5	2.254272958389522	87.319
715.0	1.6407157621467698	262.511
715.5	2.0248669071040974	163.437
716.0	2.009766338380987	107.972
716.5	2.2608854581158617	80.464
717.0	1.5237389426284804	77.485
717.5	1.851272633881468	92.332
718.0	2.3834180527571482	17.151
718.5	1.7839866229842665	60.484
719.0	1.78800198722179	91.988
719.5	2.0225870354350586	97.334
720.0	1.6369507780053074	120.537
720.5	2.386175527070559	80.247
721.0	1.6250046905680058	50.287
721.5	1.8989934981649945	90.554
722.0	1.8332309353894547	98.33
722.5	1.825360218266475	121.244
723.0	2.554608623589019	39.971
723.5	1.8419055397473914	100.919
724.0	1.6712078343470405	20.317
724.5	1.918501061420938	67.471
725.0	1.4074864965495626	110.693
725.5	1.9953802951577242	80.446
726.0	1.977903136833387	100.767
726.5	2.3520604294780596	70.812
727.0	1.6720603410585524	99.217
727.5	1.53085033781153	69.353
728.0	1.8873210549316375	80.434
728.5	1.7570092124818038	67.073
729.0	2.046485090159649	30.294
729.5	2.0902681171114197	120.774
730.0	1.618821028956395	107.442
730.5	2.3644681022896186	40.245
731.0	1.568880878010665	59.5
731.5	1.7648422732148024	46.127
732.0	1.7764398541592499	60.505
732.5	2.0158698551539356	80.64
733.0	1.8699935726235812	90.681
733.5	1.5951959792049948	36.884
734.0	2.3243235571990537	20.263
734.5	1.69671864153927	20.243
735.0	2.1214891279602437	90.422
735.5	1.8912599161962453	110.689
736.0	1.9085537385585962	80.652
736.5	1.5579274572593251	103.707
737.0	1.5062245586529828	107.511
737.5	2.3781525766188363	78.374
738.0	1.8583399914653234	77.503
738.5	1.8354148327994868	80.424
739.0	2.067953063509228	98.598
739.5	2.3604814177730677	100.475
740.0	1.7533398614297229	63.674
740.5	1.5887479225133556	87.129
741.0	1.6159948576006775	120.674
741.5	1.8518342962005316	60.411
742.0	2.168608056705666	17.265
742.5	1.6716092678395726	90.568
743.0	1.928829873020608	90.453
743.5	1.8496316429005188	140.747
744.0	2.225167549227514	70.518
744.5	1.442144829900854	114.256
745.0	1.6943438454214852	103.956
745.5	2.2919367575035534	40.284
746.0	1.99894130794444	70.539
746.5	1.7901449291612073	20.055
747.0	1.5832426516471183	120.917
747.5	1.6232119391897553	90.46
748.0	2.1508240801499645	77.435
748.5	1.732003053466928	120.823
749.0	1.669969840738374	20.078
749.5	1.9255341491476319	16.999
750.0	1.7855407468524072	17.009
750.5	1.758136226680128	30.194
751.0	2.1952905786300043	60.597
751.5	1.5238318803437625	80.465
752.0	1.582006306710984	90.568
752.5	1.66781559277883	100.729
753.0	2.15225523035545	64.639
753.5	2.135814771452082	27.205
754.0	1.3415797067558735	90.605
754.5	1.835764866742801	127.831
755.0	1.9985278248003588	58.746
755.5	1.883786357437989	90.668
756.0	2.4085450094974177	17.368
756.5	1.6026254215990745	110.83
757.0	1.7215106844842116	60.185
757.5	2.03415940355874	77.058
758.0	1.598459135836306	16.946
758.5	2.0485660966077135	50.435
759.0	1.7317655786891377	48.053
759.5	2.1245679397215342	50.362
760.0	2.2861718171155703	54.957
760.5	1.5378936873105429	50.388
761.0	1.8309525545409702	39.459
761.5	1.600219986746235	111.158
762.0	1.812140770371286	100.674
762.5	2.371897848041853	161.121
763.0	2.114228484617658	50.432
763.5	1.7769278255050964	80.447
764.0	2.1279078454607374	20.162
764.5	1.8737819290168551	140.953
765.0	1.7537801160059516	90.612
765.5	2.1017403808156825	40.211
766.0	1.492193493951861	18.972
766.5	1.6899148227758525	36.655
767.0	1.421369679747925	70.485
767.5	2.264161728932988	23.641
768.0	1.7521747163222563	80.568
768.5	2.1405170942576475	79.849
769.0	1.5244488543995567	90.686
769.5	1.7087631729406916	70.371
770.0	1.5368447005466312	90.529
770.5	1.5405932522724937	129.634
771.0	2.2084549665320248	30.878
771.5	2.20655360295772	60.759
772.0	1.8096470799329254	66.942
772.5	1.4838918949286037	139.698
773.0	1.7417528663426525	120.843
773.5	1.654296353124911	70.579
774.0	1.7840879269408623	165.539
774.5	1.9360945202674789	110.661
775.0	1.3551249607177052	80.609
775.5	1.9462736682353203	80.621
776.0	2.2234358838944033	67.543
776.5	2.0129623357754647	19.754
777.0	1.7869549547904655	60.319
777.5	2.279677912110494	20.026
778.0	1.4951413971477414	118.123
778.5	1.8984268542096425	40.315
779.0	1.8196146611057464	37.403
779.5	2.6382591483350537	20.203
780.0	1.857814767046601	16.675
780.5	2.070624534194798	50.372
781.0	2.023065641907857	59.209
781.5	2.1363723765869387	18.347
782.0	1.4687422212031425	70.433
782.5	2.030116500590513	98.977
783.0	1.9365694665375155	53.511
783.5	1.6708571940486723	50.302
784.0	1.4819094305058187	70.644
784.5	2.0535835041521593	73.293
785.0	1.8483121423601894	30.0
785.5	1.2053467034747252	37.977
786.0	1.7849015850366037	70.536
786.5	2.315634011246363	50.39
787.0	1.7941626869623586	50.479
787.5	1.7143500653875305	124.056
788.0	2.329198823673107	90.571
788.5	1.6034340995522545	110.666
789.0	1.75971350759275	80.405
789.5	1.960247341169607	40.133
790.0	1.4459006541517265	110.836
790.5	1.8824119034959932	80.453
791.0	2.242006381096412	90.544
791.5	2.3530747915298047	50.827
792.0	1.3730608083186135	16.796
792.5	1.7833751385009289	20.236
793.0	1.8520710624046512	16.641
793.5	1.8506119500782119	70.334
794.0	2.053833870574862	23.479
794.5	2.145336105635675	38.129
795.0	1.7669283321293592	121.034
795.5	1.8120211564166349	48.104
796.0	2.6795049736107277	68.109
796.5	1.8143922990586663	70.388
797.0	2.177090328075392	38.192
797.5	1.877857238996428	108.703
798.0	1.5589309592163954	80.435
798.5	1.5053678394815981	38.238
799.0	1.8725822838309414	70.484
799.5	2.1517709390125876	60.338
800.0	1.7349787621760677	16.857
800.5	1.79309099331525	60.413
801.0	1.5916389085751	60.544
801.5	2.3751028277321566	79.625
802.0	1.9790900038376218	37.071
802.5	1.9959801946108242	120.759
803.0	2.0391152469162264	103.718
803.5	1.8265672997784246	120.17
804.0	1.6233003983319245	110.785
804.5	2.4774903648966866	70.542
805.0	1.4044125321990972	120.857
805.5	1.9327421231115	20.173
806.0	1.8517332383009584	18.492
806.5	1.819585040263584	65.588
807.0	1.6882348397785136	110.809
807.5	1.5698859276823893	80.433
808.0	2.294129409619454	20.202
808.5	1.421494274154838	47.036
809.0	1.8449699854441073	46.862
809.5	1.6074665436192517	161.092
810.0	1.8387584830366799	120.928
810.5	1.9051995417171124	50.483
811.0	1.6268257278016507	17.451
811.5	1.8470070432852774	60.46
812.0	1.3062149112253711	123.834
812.5	2.0817048766814694	70.533
813.0	1.6775184732861859	16.87
813.5	1.6031497006867739	100.69
814.0	3.0030166268243472	40.414
814.5	1.1994069050748764	70.608
815.0	1.8837744759511021	40.261
815.5	1.9846146507832787	90.529
816.0	2.0982571733760387	27.922
816.5	1.7217471064206284	100.552
817.0	2.163449097740275	20.088
817.5	1.8508156132144253	90.454
818.0	1.8507918326329214	19.92
818.5	1.639984618036875	47.36
819.0	1.9598820699644826	100.749
819.5	2.282836064083343	100.992
820.0	1.6300007334737254	24.936
820.5	2.285539594080966	25.308
821.0	1.4894664257305739	55.683
821.5	1.4786898895380334	30.262
822.0	1.642049498900459	40.411
822.5	1.2807409378145145	112.901
823.0	1.944086333211936	60.387
823.5	1.8431090787431592	116.745
824.0	1.8356370727891793	80.308
824.5	1.329019532231768	120.906
825.0	1.4168353231219428	86.248
825.5	1.8590076614653581	60.49
826.0	1.6567867500573559	120.858
826.5	1.6347728591194273	120.796
827.0	1.8037492306975245	30.165
827.5	1.2730997012313052	130.744
828.0	1.16945494282601	47.868
828.5	2.075296678581616	60.291
829.0	2.028748872623895	110.783
829.5	2.0338822033433885	68.471
830.0	1.9386969078675593	40.251
830.5	1.5264347744765805	67.434
831.0	1.7194752530766884	61.817
831.5	2.6247101899070677	103.247
832.0	1.7809092269854012	50.427
832.5	2.113128072720353	30.208
833.0	2.0513166210094793	70.521
833.5	1.4495563478719133	80.646
834.0	2.4821914760282313	70.547
834.5	1.930981268688836	131.444
835.0	2.0439918877064702	90.478
835.5	2.2700212317478856	60.514
836.0	1.7615491895725752	30.208
836.5	1.9633697261761098	60.148
837.0	1.4334888239328103	105.669
837.5	1.675941751454858	67.891
838.0	1.8018572233167351	80.517
838.5	2.0148000312073595	120.715
839.0	1.8876988062721942	50.324
839.5	2.2708580583382383	17.804
840.0	1.768821493483558	110.964
840.5	1.7881040432582267	121.176
841.0	2.5717196631276034	99.517
841.5	2.06340693420032	70.634
842.0	2.069911814607774	90.667
842.5	1.8515771083182042	100.806
843.0	2.289592597850101	67.293
843.5	1.9136651190718297	17.447
844.0	2.119509609959066	80.425
844.5	2.256284981879442	60.515
845.0	1.920372860427317	16.77
845.5	1.5979173037114345	100.859
846.0	1.8970728834529604	20.882
846.5	2.247430380874235	110.655
847.0	1.758931372225189	50.396
847.5	1.7396150335582166	17.064
848.0	2.28095148435528	20.424
848.5	1.9750585485324963	40.223
849.0	1.6438497932485907	16.678
849.5	2.32276999991294	60.37
850.0	1.792447313341157	121.577
850.5	1.7233591533160506	110.668
851.0	2.2856361325919625	38.474
851.5	1.7635559539339694	79.646
852.0	1.3607467803349618	78.017
852.5	1.7975030404016696	90.683
853.0	1.6870420672949582	130.795
853.5	1.6362344634100705	60.306
854.0	1.6633757052260374	110.572
854.5	2.043673121794394	60.278
855.0	1.2332116619347646	130.958
855.5	1.901603298760523	40.309
856.0	2.399778421351965	92.87
856.5	1.4086425319902696	141.006
857.0	2.2583878164357616	37.026
857.5	1.5609600854923575	38.291
858.0	2.0063813352681814	99.385
858.5	2.218654872268652	20.325
859.0	1.191213052963074	38.994
859.5	1.574146123561389	90.581
860.0	2.128478282210113	60.448
860.5	2.6666275558125765	70.46
861.0	1.5134396366696763	119.819
861.5	1.544834708605877	50.292
862.0	2.016399018252159	30.233
862.5	1.994886719137081	60.496
863.0	1.4347533598760933	90.496
863.5	2.1990294838486633	70.535
864.0	1.6173401325434749	50.441
864.5	2.415181736604148	90.2
865.0	1.7948804010813313	110.761
865.5	1.9828398179353115	100.684
866.0	2.5557271877107293	114.903
866.5	1.8840498527317973	80.542
867.0	2.0338106527209256	37.52
867.5	1.7544957018930116	69.356
868.0	1.9264070556069044	80.516
868.5	1.9545281416746187	40.239
869.0	1.9051157416797813	97.897
869.5	1.5369628545649334	46.694
870.0	2.2659649046508177	20.217
870.5	1.9515316666669547	40.257
871.0	1.6260735939556736	28.996
871.5	2.2866344064630875	70.359
872.0	2.1618394037169963	25.229
872.5	2.20155635697818	16.993
873.0	2.1807548524037244	50.542
873.5	2.0977589389562437	38.775
874.0	2.5791087138979276	60.54
874.5	2.009865624994849	61.929
875.0	2.0215229962124805	50.351
875.5	1.7176486547284775	50.119
876.0	1.901813273725802	80.407
876.5	2.171231470166593	30.233
877.0	1.6475284750190893	121.776
877.5	1.6318085675228655	100.576
878.0	2.5515175368884035	76.822
878.5	1.4056622111509323	42.799
879.0	1.8965823239530257	161.143
879.5	1.5512825779155168	50.255
880.0	1.7734168713857028	128.198
880.5	1.1728641740073797	46.99
881.0	1.9284911609345048	107.837
881.5	1.5979293750673553	100.685
882.0	1.9513272166426272	140.918
882.5	2.254262002976706	60.241
883.0	1.8098674791801679	67.237
883.5	1.6252619768857774	17.434
884.0	1.7553580811416973	97.368
884.5	1.4874188975880764	80.421
885.0	2.251402814762489	60.44
885.5	2.5525011178059622	151.22
886.0	1.4191593911898994	70.372
886.5	2.0700862871762435	57.936
887.0	2.041323021268023	50.367
887.5	2.0298476991802756	90.553
888.0	1.4449089460804274	100.717
888.5	1.9403378581000341	97.949
889.0	1.5319463606069965	80.673
889.5	1.665336323175136	69.044
890.0	1.9846354107845516	121.709
890.5	1.7282015871325704	20.227
891.0	1.5164706621729551	17.168
891.5	1.1483727657678686	90.981
892.0	2.315165076307675	60.62
892.5	1.8246407446888409	20.338
893.0	1.814638719384595	40.372
893.5	1.5640430534653074	60.484
894.0	2.4952709927442034	50.437
894.5	2.1400495646046807	48.386
895.0	1.7294811897584634	80.433
895.5	2.4735303594741467	80.636
896.0	1.7036182867775427	44.539
896.5	1.6198009995185532	60.376
897.0	1.892780070876916	22.415
897.5	1.7026490287276377	130.24
898.0	2.0052681468969418	70.368
898.5	2.034992355778846	36.976
899.0	2.117137982485534	120.84
899.5	2.108802793662332	130.911
900.0	2.772993067244704	37.963
900.5	1.4692080155549176	20.033
901.0	2.0515010364217314	90.551
901.5	1.9021677974946445	70.606
902.0	2.127479296806666	94.789
902.5	1.6954244093136495	60.703
903.0	1.5372093259048893	100.282
903.5	2.253454405413239	50.358
904.0	1.8858824301843253	70.426
904.5	1.7577150286440186	67.771
905.0	1.5014879400409307	57.535
905.5	2.2510891565813957	20.245
906.0	1.8926125223182488	50.509
906.5	1.3127471415862608	50.395
907.0	1.703221072782548	162.639
907.5	2.3022585689934125	87.746
908.0	1.8336917762983898	50.45
908.5	1.9773449621687722	107.52
909.0	1.6816958159624553	60.412
909.5	1.9596028467230897	78.549
910.0	2.165171493573085	18.642
910.5	2.048534316184371	39.087
911.0	1.5343907672132422	50.577
911.5	1.429810527153985	47.195
912.0	1.6555799869502705	60.458
912.5	1.3992885793670748	60.454
913.0	2.3037918993772766	20.151
913.5	1.995353333587353	70.654
914.0	1.4552934136930358	100.751
914.5	1.7956797362204966	68.96
915.0	1.817086090261822	50.051
915.5	1.9198161970461982	114.607
916.0	2.1958935325715983	60.372
916.5	1.8128459641312125	63.705
917.0	1.4738778236539112	60.333
917.5	1.9674466411642533	30.204
918.0	1.53158865285857	70.497
918.5	1.845046182224536	100.611
919.0	1.9398591036604522	57.749
919.5	1.5129959063478071	70.495
920.0	2.2314381099270375	50.204
920.5	1.5104113445690486	100.771
921.0	2.0661399859817156	100.648
921.5	1.6351504311554634	19.242
922.0	1.604990283439466	110.619
922.5	2.0246435094751476	20.161
923.0	2.1298220292029684	112.962
923.5	2.0668491211755087	68.893
924.0	2.2007756248146157	30.211
924.5	1.682621655113137	57.64
925.0	2.198070743333404	20.121
925.5	2.102203517305339	60.503
926.0	1.553115420419583	59.24
926.5	1.9048555568327787	16.08
927.0	1.954999921675369	90.753
927.5	1.9980427127861315	80.41
928.0	1.6018574481647565	18.748
928.5	1.74864755498681	20.389
929.0	1.819536773726417	69.514
929.5	2.057939398235075	32.483
930.0	2.467370878189	20.235
930.5	1.8033090998007728	27.1
931.0	1.6326362769353409	40.227
931.5	2.1446273975216603	81.296
932.0	1.571210271147202	171.703
932.5	2.659352493439041	101.317
933.0	2.0553647615071196	190.177
933.5	2.720317569679475	37.432
934.0	1.2556131418842214	153.83
934.5	2.1795282217811978	40.247
935.0	1.7102510811226612	30.199
935.5	2.1818742565519815	80.58
936.0	1.7277416306691507	97.878
936.5	1.9172791005375094	80.509
937.0	2.2947395958472496	90.505
937.5	1.6795909594166092	100.735
938.0	2.3036749196388278	100.329
938.5	1.9693864764752365	60.228
939.0	1.4193490464047742	47.352
939.5	2.528045926807224	16.908
940.0	1.7057693617462377	110.197
940.5	2.118230081321507	70.46
941.0	2.133174891749073	97.413
941.5	2.0463820183005197	36.892
942.0	1.5301890344731182	80.469
942.5	2.0199085402063703	20.087
943.0	2.0589117897605167	48.3
943.5	2.2485123904871918	20.266
944.0	1.3799097905215547	47.203
944.5	2.1833873026061137	68.002
945.0	2.328081705717273	90.562
945.5	2.1856438580901276	78.794
946.0	1.9629856625543847	100.54
946.5	1.561048590936202	80.556
947.0	2.0172245881847353	80.799
947.5	1.4399359615342375	18.146
948.0	1.5056264059070803	80.485
948.5	2.502120303103911	80.205
949.0	1.3421274947398674	70.552
949.5	1.812627175028819	16.702
950.0	1.8981312272527249	88.47
950.5	1.5567225466941024	70.514
951.0	2.155782827455891	49.521
951.5	1.930818493824217	60.45
952.0	1.9359479454988748	70.49
952.5	2.0253761375736756	80.607
953.0	2.0294647803684414	57.153
953.5	1.7036367621510635	221.929
954.0	1.4537635360282375	151.62
954.5	1.805936378249404	90.893
955.0	1.7566344772934737	60.285
955.5	1.8700949022678919	80.547
956.0	2.0533916702336463	39.088
956.5	2.1924093294173694	39.853
957.0	2.0297230879778816	109.117
957.5	1.4785723075521306	60.301
958.0	1.656662830106618	50.717
958.5	2.436147710859553	50.478
959.0	1.6407157487037727	110.929
959.5	2.2905289483188147	130.975
960.0	2.210369170653069	60.242
960.5	1.4838709466938513	130.841
961.0	1.7974121635699627	60.217
961.5	1.8475672521203443	56.606
962.0	1.7343541915421419	96.697
962.5	2.2801640941881858	80.565
963.0	1.7351502784544488	70.546
963.5	1.8163577961972956	30.193
964.0	1.8047436933260292	60.284
964.5	2.5536792238113395	20.204
965.0	1.5541744045738546	50.46
965.5	1.556047348478502	80.523
966.0	2.0957969205399305	20.318
966.5	1.8585294318515657	80.478
967.0	2.393780714955942	69.418
967.5	1.73064395737336	80.3
968.0	2.2204871470712604	80.649
968.5	1.4046225712587324	16.298
969.0	2.336068820362089	19.178
969.5	1.8190772199801346	110.66
970.0	1.7561858331944311	80.792
970.5	1.7958670832405614	60.253
971.0	2.039250900891387	77.731
971.5	1.8139579654801008	20.072
972.0	1.4772951891702413	110.779
972.5	1.95265121291042	60.53
973.0	2.0678406318731106	21.425
973.5	2.0235968376296296	80.449
974.0	1.5190676558562926	112.858
974.5	2.1289930802334576	100.508
975.0	1.544721444782545	100.787
975.5	2.0940904370736124	60.448
976.0	1.8366567942292922	16.609
976.5	1.6369498738428565	50.389
977.0	1.792874640876046	40.314
977.5	1.993787474937995	20.992
978.0	2.3521677855703214	80.815
978.5	1.3983289608912362	77.158
979.0	1.743265120063571	40.723
979.5	1.597970193763984	86.414
980.0	1.803580387144612	16.959
980.5	2.129098004834922	50.401
981.0	2.1996558996609115	73.159
981.5	1.5841959363051865	110.433
982.0	2.1308692309406077	111.535
982.5	1.522467088862175	100.519
983.0	1.9559077775083975	70.556
983.5	1.5340913820820494	110.701
984.0	2.559469025543925	20.075
984.5	1.4020648381783472	70.423
985.0	1.726207231914661	16.632
985.5	2.22100607815813	60.361
986.0	1.69222667041895	37.051
986.5	1.724420770880772	57.706
987.0	1.5197581414658947	48.431
987.5	2.0686232357672907	70.62
988.0	1.658966104251004	40.875
988.5	1.9087201100069215	97.879
989.0	1.7804365169757352	67.877
989.5	1.5509868584483764	100.627
990.0	2.5454579516110574	17.379
990.5	2.1118429500773988	37.822
991.0	1.9893845000705936	16.731
991.5	2.0101336410361714	40.194
992.0	1.6349535805582598	80.382
992.5	1.8462534101505867	17.392
993.0	1.8656040687536222	67.851
993.5	1.893769704147662	110.442
994.0	2.2679948686700606	70.353
994.5	1.5190650444591782	90.572
995.0	2.0449487808799125	100.619
995.5	2.1426132354274983	80.518
996.0	1.8618438471351404	80.484
996.5	1.3604234255885017	50.252
997.0	2.011818015187629	107.375
997.5	2.0521915475589982	68.399
998.0	2.4261323951392355	40.353
998.5	1.5039439207052532	110.752
999.0	1.693999885431589	18.974
999.5	1.926714551371545	77.412
1000.0	1.6892289805395944	90.491
