0.5	1.6884322355571977	140.962
1.0	1.723120913166231	112.977
1.5	1.2896000497101687	60.644
2.0	1.3504018954539578	92.069
2.5	1.7745175742805857	110.835
3.0	1.5056539423974338	90.428
3.5	1.382740521051574	57.05
4.0	1.3193191525024446	60.388
4.5	1.3367055631263078	70.505
5.0	1.3453940081246434	171.047
5.5	0.9707745119766605	76.838
6.0	1.3722940711875589	50.335
6.5	1.2649869403941942	130.722
7.0	2.1204953304341907	90.402
7.5	1.7456169685912928	38.185
8.0	1.8484998030293296	85.778
8.5	0.7034854737488578	151.493
9.0	1.8572710731404558	70.424
9.5	2.0752841083172684	181.605
10.0	1.7374049216007532	60.64
10.5	1.997473202028504	90.485
11.0	1.2825333214762706	70.453
11.5	1.27989694665654	187.693
12.0	1.6231601929552921	61.565
12.5	1.6635553506253393	46.694
13.0	1.3657431462580314	120.733
13.5	2.500578838139769	44.299
14.0	0.9368917731438573	171.124
14.5	2.0504418054588274	131.051
15.0	1.7840367379373216	33.694
15.5	2.1111251759520715	90.619
16.0	1.4338419530926894	40.706
16.5	1.5280705916899133	133.562
17.0	1.459530439440194	35.995
17.5	1.6161497753696095	40.259
18.0	1.2951102353799901	101.569
18.5	1.773854863575637	141.004
19.0	1.3366656899041978	100.719
19.5	1.5458005022191492	110.785
20.0	1.3466943807074017	130.899
20.5	1.2316180216661088	70.43
21.0	1.65610078467037	80.854
21.5	1.8650766093140587	149.848
22.0	1.7306126627526208	114.807
22.5	1.5974740790294373	100.643
23.0	1.560788789679292	134.121
23.5	1.2479664664144527	100.604
24.0	1.3256461700306121	60.374
24.5	1.6971337125910655	100.488
25.0	1.9924619038601123	67.408
25.5	1.1199428704979177	90.396
26.0	1.5320648285126781	199.747
26.5	1.9702179143904173	150.886
27.0	2.1514466106719463	50.452
27.5	1.6568328418439	161.147
28.0	1.6266774775534845	140.904
28.5	1.6575142097924487	171.192
29.0	1.2894315841316382	91.034
29.5	1.6165399971927414	90.562
30.0	1.3448236005422751	35.013
30.5	1.6506320966109744	102.699
31.0	2.1193473344259393	96.65
31.5	1.597320642388092	120.712
32.0	1.3353588143402266	100.574
32.5	1.1893327755384056	140.953
33.0	1.9276524090836433	120.885
33.5	1.1501909347528823	120.898
34.0	1.8122990219111188	52.893
34.5	1.1521809715128344	72.494
35.0	1.8321410070184663	90.165
35.5	2.3152928190287185	114.895
36.0	1.2367677237959376	150.652
36.5	1.8702053287486098	80.663
37.0	1.673003984493858	63.264
37.5	2.7426384484264292	65.113
38.0	1.75606880646012	56.004
38.5	1.6746936304735334	80.523
39.0	1.4698256621692465	60.811
39.5	1.713084534496172	148.516
40.0	1.7014484564629913	105.333
40.5	1.677719154347259	80.916
41.0	1.5456576679889087	120.665
41.5	1.6094284964004282	140.797
42.0	1.9117626901856724	130.962
42.5	1.0910281906898345	76.93
43.0	1.6586621974558629	100.677
43.5	2.1104877945003953	56.322
44.0	1.8412376085769009	56.818
44.5	1.1827307636301725	161.683
45.0	1.0450007077513837	37.532
45.5	2.092096566577116	62.309
46.0	2.0464024468608795	100.572
46.5	0.9659378408273652	80.748
47.0	1.0765979156203678	178.309
47.5	3.0598288244931027	88.905
48.0	1.51340969610128	102.816
48.5	1.9437328612823537	98.259
49.0	2.024280015850717	101.879
49.5	2.0575798992912784	197.454
50.0	1.1508588600625977	231.592
50.5	2.0075423563443233	106.205
51.0	1.6443240053729526	90.67
51.5	1.9948691283479218	70.111
52.0	1.75936707207759	100.813
52.5	1.5937609131654304	141.481
53.0	1.1862104671346168	100.588
53.5	1.852224620446442	60.573
54.0	1.3590838316869565	76.634
54.5	1.2299028568394792	80.464
55.0	2.274920433243708	146.025
55.5	1.3127029313743557	110.642
56.0	1.921138276815325	71.177
56.5	2.179307854906932	60.711
57.0	1.4113207180301472	72.354
57.5	1.844057001237766	90.807
58.0	2.188711899225066	80.428
58.5	1.5909660142562192	60.465
59.0	1.8947547825308892	68.083
59.5	1.7501143723654418	140.965
60.0	1.7997199627983325	139.381
60.5	1.3521704034555302	82.631
61.0	2.762262513209592	77.962
61.5	2.357752904524679	71.662
62.0	0.8529169589286111	120.741
62.5	2.156341821661995	120.742
63.0	1.5759269427351352	134.55
63.5	2.080851548371322	100.842
64.0	1.6338906912695623	113.696
64.5	1.6200872481283994	52.681
65.0	1.7572027742404004	120.701
65.5	1.6510607754054345	90.643
66.0	1.6892608277356707	80.536
66.5	1.9361895215255722	90.601
67.0	2.1103220922544335	120.813
67.5	1.4285639634270269	80.597
68.0	1.0368103517669902	110.65
68.5	2.574170175272813	110.53
69.0	1.1415607469077045	80.7
69.5	1.701275097736755	48.919
70.0	1.3760026703914545	120.871
70.5	2.7363766294643153	100.857
71.0	1.3688327004752499	57.625
71.5	1.5084499588446116	52.988
72.0	1.7085843296590422	80.626
72.5	1.5388464011704188	72.589
73.0	2.1909266008699553	116.85
73.5	1.086802510801789	80.64
74.0	1.8607974263724005	201.414
74.5	2.3006146198775337	121.03
75.0	2.0494151554978695	60.463
75.5	1.4718694202704163	150.784
76.0	2.0768414153451467	101.656
76.5	1.4750530551391101	70.569
77.0	1.842215321035684	140.893
77.5	1.1321871107182795	71.093
78.0	1.195006014444036	84.352
78.5	1.3077705913735327	134.005
79.0	1.5582621533975662	82.778
79.5	1.6182823680549323	60.751
80.0	1.2956858436773082	121.084
80.5	1.491558065842406	130.757
81.0	2.132786915161489	161.52
81.5	2.4622862691873815	60.672
82.0	2.286930073587086	110.8
82.5	2.3023670939602496	49.057
83.0	1.7386773875048303	70.581
83.5	2.5111917768567635	118.688
84.0	0.1772246163510911	49.347
84.5	1.9345366329999214	50.474
85.0	0.9615159139704805	49.169
85.5	0.15563315432794955	12.346
86.0	0.1746908553033959	7.964
86.5	0.1345636211573281	31.457
87.0	4.823623756543818	27.86
87.5	1.7146552700279127	135.779
88.0	0.6187748306999403	110.785
88.5	1.0565413516449127	484.271
89.0	0.2672307580173986	635.686
89.5	1.1854495363897481	90.498
90.0	0.8143166432502162	110.831
90.5	0.6794831538546823	495.048
91.0	0.41114667886302003	746.277
91.5	0.7544355031870414	38.363
92.0	0.12872047932843864	12.63
92.5	2.4938075603245933	17.017
93.0	0.7834872512960024	17.337
93.5	1.3362334522930621	16.772
94.0	0.31277402202008686	16.379
94.5	1.3643573100454063	16.98
95.0	0.34371616918183406	114.862
95.5	0.6778092299694344	16.912
96.0	2891474.5919536524	139700420194.928
96.5	0.17887984354006395	283.32
97.0	1.709192930847476	327.943
97.5	1.7691885095718427	577.945
98.0	1.3013582494413602	737.167
98.5	2.0438319799874844	742.01
99.0	0.6189618248351846	916.891
99.5	0.9809638409379501	984.878
100.0	1.509688809370802	1908.994
100.5	2.0506252333485375	568.194
101.0	1.3857647657438221	875.048
101.5	1.9968227531531606	1982.536
102.0	0.9543640154214005	476.785
102.5	1.7245943421558627	535.067
103.0	1.5374257841649905	650.512
103.5	1.3282740538025184	717.334
104.0	2.1414928118432304	699.582
104.5	1.885968336825123	252.159
105.0	1.1952144416712411	727.726
105.5	0.9410787845245138	738.069
106.0	1.7959392638760068	941.558
106.5	0.38985685844678014	1011.622
107.0	1.9374195278530084	1030.888
107.5	0.2942070942136517	1033.952
108.0	1.7900155036002678	1051.881
108.5	0.36175864077575964	1051.881
109.0	1.8565467501596233	1048.036
109.5	0.485331660495195	1005.015
110.0	1.5486870719378747	1028.064
110.5	0.520642634042723	1105.908
111.0	1.8430599288682104	1058.83
111.5	0.9505362932970673	1041.886
112.0	1.9816110900871817	78.21
112.5	1.556564231965884	130.835
113.0	1.613512261928562	70.403
113.5	2.0498984461262424	98.405
114.0	1.5066387246409352	48.803
114.5	1.9348899451807169	80.738
115.0	2.296117533930641	80.475
115.5	2.324402035198091	130.459
116.0	1.5944209944457504	43.456
116.5	1.8346127360460256	131.817
117.0	2.9812477734398763	44.843
117.5	1.5830951782876377	21.587
118.0	1.5699611765968529	131.241
118.5	1.7688187019509027	123.946
119.0	2.1252512501774836	91.843
119.5	1.7259623789917187	87.204
120.0	2.1776070219608195	113.476
120.5	2.104053071309105	80.604
121.0	1.773951260014635	100.487
121.5	1.8391814529761432	50.294
122.0	1.676301417722995	120.763
122.5	2.2767944674080893	22.702
123.0	1.8293032461152232	30.182
123.5	1.5579295862249092	60.399
124.0	1.336960630454747	73.542
124.5	1.8811693319498373	37.18
125.0	2.0452932958463967	98.618
125.5	1.388319302365888	110.73
126.0	1.277554131447089	32.285
126.5	1.5267761604930326	47.235
127.0	1.0795969507048433	100.973
127.5	1.9701769596824965	55.363
128.0	1.8106343684755353	20.446
128.5	1.395748991326018	100.581
129.0	2.377914469110163	60.451
129.5	1.365584900925779	152.213
130.0	3.249759309927434	90.82
130.5	1.1814561620982607	46.075
131.0	2.3669070489168407	110.666
131.5	2.1978012730945387	100.928
132.0	1.8074383537480236	90.67
132.5	2.344813468080873	50.303
133.0	1.0048862180152391	19.537
133.5	2.1837349296174895	117.121
134.0	0.15235258574464727	14.411
134.5	5.526531007792073	70.652
135.0	1.8457830186600708	50.54
135.5	0.12464082315426535	17.121
136.0	1.6539406595217137	16.683
136.5	0.14704244665832678	15.959
137.0	0.14049619870813626	13.298
137.5	3.4946462482159073	40.251
138.0	3.7994675057079115	23.86
138.5	0.15639080678693332	83.752
139.0	1.8563102145023151	14.422
139.5	1.3577254064614226	44.844
140.0	5.6216521647113415	99.105
140.5	1.268499478379982	128.822
141.0	2.2550362991031268	101.847
141.5	1.6300902554836598	149.162
142.0	2.1908818007744055	100.584
142.5	1.6252840295892448	100.675
143.0	1.9097692403605813	171.219
143.5	2.2448103703912086	32.02
144.0	1.9891857947525735	17.967
144.5	2.354889088058756	91.0
145.0	2.413641414995187	160.822
145.5	2.706894122420256	122.883
146.0	2.417576836043739	100.678
146.5	2.0622005194991297	130.863
147.0	2.098619122659586	161.415
147.5	2.1384360030230534	80.49
148.0	2.873310622254194	82.287
148.5	2.079414300874127	87.884
149.0	1.375287675066209	38.303
149.5	2.6089465626538395	90.496
150.0	2.5479671360584057	13.772
150.5	2.570338609094985	20.386
151.0	2.4751496111580247	80.893
151.5	1.9223920350952644	13.665
152.0	1.7897581045786126	27.512
152.5	2.3791252998042323	80.782
153.0	2.342963967755478	110.681
153.5	2.5891309605794572	20.14
154.0	1.8520738494122533	70.964
154.5	2.674294572839413	140.354
155.0	2.4953603910186373	86.314
155.5	1.8198016585620604	99.478
156.0	1.4096294297813592	27.313
156.5	1.5928443644701689	63.264
157.0	2.061156717110552	138.923
157.5	2.009327167508114	15.279
158.0	1.5867034346286686	34.285
158.5	2.04558578205316	161.512
159.0	1.62725930913239	86.646
159.5	1.5139255596720584	57.921
160.0	1.592419144654245	141.022
160.5	2.551608401620111	21.308
161.0	2.0961036532121433	98.597
161.5	1.8994571417011095	124.694
162.0	1.321753577632875	151.053
162.5	1.3692822837330723	90.646
163.0	1.5537061647058406	40.268
163.5	1.855356308783344	78.947
164.0	1.7461946620344153	120.241
164.5	1.4558375743941174	110.904
165.0	1.4502139790814512	100.797
165.5	1.6265606700395874	30.162
166.0	1.3985907270401106	80.531
166.5	1.3799478542923436	80.425
167.0	1.436396824697533	90.625
167.5	1.330264495168224	120.884
168.0	1.148709808549063	73.609
168.5	1.8731331122087418	100.632
169.0	1.8355131343234332	90.685
169.5	1.9141240017526437	106.722
170.0	1.6667370020357488	124.582
170.5	1.8193778996207413	96.253
171.0	1.636173570207909	127.71
171.5	1.7312687616710374	35.794
172.0	1.5254312992231331	80.399
172.5	1.6019653816359212	110.848
173.0	1.7697277512441179	50.348
173.5	2.077429194796942	106.499
174.0	2.193271991387858	100.416
174.5	2.3969000229104367	44.323
175.0	1.7073006100490637	90.675
175.5	1.8193840138377724	131.378
176.0	1.8312245090500574	90.419
176.5	1.9078691657248024	65.027
177.0	1.738698718781562	121.045
177.5	1.8457898102630852	67.067
178.0	1.8817666439734213	193.293
178.5	2.3195799902966114	40.572
179.0	1.27825521474923	20.039
179.5	1.432616966625581	117.355
180.0	1.3227598196341386	100.934
180.5	1.3762824154667541	120.804
181.0	1.5811008113894585	65.645
181.5	1.55942766609155	59.961
182.0	1.972162503707891	92.509
182.5	1.9160086110242074	80.645
183.0	2.2991976764112767	70.292
183.5	2.390035327585792	26.069
184.0	1.6594842223926822	70.513
184.5	1.5934877804562537	70.492
185.0	2.201278394355853	70.027
185.5	1.8048922515868242	121.14
186.0	1.6954914337324491	50.399
186.5	2.0424894082814187	30.171
187.0	2.550425663315246	50.239
187.5	2.3456722796599596	70.866
188.0	2.0368530897439805	80.457
188.5	1.6310286483849488	70.668
189.0	1.895199700304623	90.745
189.5	1.7974516243149168	30.387
190.0	1.719872475597983	40.298
190.5	1.5097609530106142	104.317
191.0	1.5316617392720027	80.631
191.5	1.5730871297319968	130.897
192.0	1.639766277402065	110.853
192.5	1.4624162758197452	50.082
193.0	1.969956600565014	44.057
193.5	2.133288609235108	100.69
194.0	1.791056395666846	100.421
194.5	1.7669835767824793	65.713
195.0	1.8519382307265664	131.217
195.5	1.8557996876310454	60.271
196.0	1.7919829570446315	134.649
196.5	1.5827218327463648	20.179
197.0	1.9233089770683331	50.667
197.5	2.3208516114612308	80.523
198.0	1.914292123801123	91.867
198.5	1.8219639416692133	56.913
199.0	1.9643782818683555	100.372
199.5	1.9955150558084032	146.581
200.0	1.816141612764907	31.227
200.5	1.9414978678196542	110.632
201.0	1.7089399641825924	110.633
201.5	1.8533810494650795	59.777
202.0	2.029728498887016	131.115
202.5	1.798904535420506	74.528
203.0	1.6262902315269347	80.549
203.5	1.9245857486393123	36.611
204.0	1.6274615536995165	151.051
204.5	1.7732474021324742	30.621
205.0	1.9238771030923625	20.106
205.5	1.6287932864198464	151.278
206.0	1.3361343970483273	44.344
206.5	2.2180104275788963	39.829
207.0	2.5573057631291523	81.487
207.5	1.7066281078098329	80.595
208.0	1.1019970043206369	122.26
208.5	1.1450996386770187	56.251
209.0	2.0679876817495346	20.12
209.5	2.258761330132383	122.351
210.0	2.1068301166376133	90.341
210.5	1.914181158129681	37.55
211.0	1.6821622833174525	60.456
211.5	1.8723089874327785	80.822
212.0	2.0680132858482967	65.175
212.5	2.3210759228381947	121.133
213.0	2.4950679137646454	60.926
213.5	1.585169160754834	110.862
214.0	1.2264312481863044	50.284
214.5	1.3549667872288547	71.801
215.0	1.8901736759606198	83.602
215.5	1.5656771660942788	60.314
216.0	1.8022646968456446	80.718
216.5	1.770258700733664	50.128
217.0	1.5869256202645587	115.962
217.5	1.4620039689867463	54.177
218.0	2.177346791610844	96.229
218.5	2.0455608960918754	120.95
219.0	2.122817452730025	131.661
219.5	1.8159771225810333	30.203
220.0	2.066011939793385	90.359
220.5	1.8060436285151351	120.94
221.0	1.3645540189584748	50.394
221.5	1.8357537016394387	70.603
222.0	1.8967147094108066	141.502
222.5	1.9970908583591773	110.849
223.0	1.5403430561793081	80.417
223.5	1.800857466125996	181.781
224.0	1.843501472047663	130.828
224.5	2.2343549757273116	13.377
225.0	2.567482303162457	171.112
225.5	1.2995324334294251	15.067
226.0	1.2448881952100963	115.958
226.5	1.6400817831463064	132.683
227.0	1.6177003659523275	90.463
227.5	2.0597237943430478	90.396
228.0	1.4610639069540747	135.279
228.5	1.8475104444320671	15.063
229.0	2.0552345175718516	82.168
229.5	2.4636615040993957	190.188
230.0	0.13804598319368325	21.332
230.5	2.0138165340636114	81.1
231.0	1.7486446004974538	27.257
231.5	2.2232886255221858	169.703
232.0	7.480764091443775	101.196
232.5	1.6009861749411347	144.85
233.0	1.2930141575839966	90.815
233.5	1.6980988064349638	104.771
234.0	1.3998505959169283	50.322
234.5	1.7752682681736052	100.647
235.0	1.9349055299853548	100.601
235.5	2.2212275813532805	100.614
236.0	1.702163688230229	151.928
236.5	1.3942931645859389	100.347
237.0	1.4448762098605046	100.611
237.5	1.8359203749128516	100.615
238.0	1.6458240058993976	100.86
238.5	1.8491356054742216	20.153
239.0	1.8337814203639793	90.539
239.5	1.9599840876031203	111.012
240.0	2.4553245874853924	60.368
240.5	1.5116007740524786	60.226
241.0	1.7966580297630321	131.413
241.5	1.6153833047074961	60.166
242.0	1.4177672524629594	110.915
242.5	1.3268016809022545	212.552
243.0	1.7510438828694184	120.803
243.5	1.9039094811750736	120.741
244.0	1.6623331051053325	64.194
244.5	1.6139699124176532	202.492
245.0	2.072768604058131	100.752
245.5	1.7847578326339844	12.944
246.0	2.1832215409848392	80.016
246.5	2.306600459243775	50.395
247.0	1.624083873888522	50.31
247.5	1.0541698434745914	212.655
248.0	1.5236472763182505	100.752
248.5	1.7260624133611941	70.227
249.0	1.6389860202596827	70.204
249.5	3.9199267382023835	201.316
250.0	1.8657088936747206	90.348
250.5	1.6205417261911201	152.809
251.0	1.4317795908588449	56.517
251.5	1.5787141575872699	69.994
252.0	2.5237135664743815	140.077
252.5	1.745950223827486	90.619
253.0	1.839432819737615	161.765
253.5	1.6011612891457063	121.086
254.0	1.4017254849680978	90.686
254.5	1.7993833507478132	40.347
255.0	2.3565488104323427	40.299
255.5	1.8018307716717137	192.476
256.0	1.5547355110054195	67.423
256.5	1.938276048225448	30.506
257.0	1.606226696535526	50.437
257.5	1.7446108279608217	161.707
258.0	1.5199805676709992	100.635
258.5	1.49475223729982	50.065
259.0	1.5734823014545631	50.164
259.5	1.696060589052694	81.091
260.0	1.8760709178990873	132.216
260.5	1.838588682125291	130.846
261.0	1.8473389102462374	90.685
261.5	1.3115455757905277	90.683
262.0	1.7573537563511175	192.312
262.5	1.5427820883028864	80.511
263.0	1.826150296261616	80.417
263.5	1.5721644876653247	202.236
264.0	1.759603559592094	40.195
264.5	1.8179162348759645	80.287
265.0	1.8084694966833026	80.273
265.5	1.6252446772585003	171.513
266.0	2.1145652256130494	32.639
266.5	2.1812882426918505	110.547
267.0	1.5363711513022427	202.681
267.5	1.623223562553294	110.569
268.0	1.7981304603758337	80.165
268.5	1.7221169896343784	101.515
269.0	2.500481475681396	294.355
269.5	2.2331343099123813	101.561
270.0	1.5198505905248363	141.359
270.5	1.4807111877076047	159.675
271.0	1.7005868514502487	42.72
271.5	1.5563702048256265	40.981
272.0	1.8926837111452084	138.267
272.5	1.6037027664225374	272.755
273.0	1.3310304850105845	102.291
273.5	1.5089405279908352	23.233
274.0	1.5274855169048605	110.657
274.5	1.6774068948534997	20.241
275.0	1.709409124079102	38.138
275.5	1.3523784499599922	158.279
276.0	1.6098578803157468	30.243
276.5	1.6275350911387847	129.163
277.0	1.5727548095090749	141.838
277.5	1.3861028893542953	173.05
278.0	1.430571950535601	57.858
278.5	0.9597334226724826	100.486
279.0	0.942530943431591	135.082
279.5	1.2546478750942796	100.369
280.0	1.5460482433600322	81.183
280.5	1.7532487184427663	13.465
281.0	1.6823772906898415	212.748
281.5	2.121337212675761	15.139
282.0	1.4959179783821672	175.774
282.5	1.7109179368338852	80.247
283.0	1.5387735956773552	80.2
283.5	1.5978329120154264	143.392
284.0	2.052441927173488	80.324
284.5	2.4389830713378196	80.401
285.0	1.984433717156307	80.373
285.5	2.2313246981564974	100.937
286.0	1.5688683837777868	110.933
286.5	1.3623726332821822	118.936
287.0	1.8316514592678554	141.189
287.5	1.5700715995195185	116.711
288.0	1.7342878458866622	80.684
288.5	1.7582724638147096	13.242
289.0	1.715144465946226	73.011
289.5	1.8312517688632752	76.223
290.0	2.135884950039677	100.511
290.5	1.8861379195093277	80.134
291.0	2.0718376245638823	80.263
291.5	1.9448477360932737	138.101
292.0	1.7576063026973048	44.21
292.5	1.4356358133384954	179.988
293.0	1.4209024122826757	30.604
293.5	1.8633769603090395	24.814
294.0	1.1135800426603535	122.653
294.5	1.8101356909824722	100.451
295.0	1.0723550495742815	192.105
295.5	1.801436561129159	64.551
296.0	2.0608890269965507	39.154
296.5	1.8278562845894737	80.665
297.0	1.3276816778968445	80.589
297.5	1.7665555085041174	407.513
298.0	1.5573838305278824	90.88
298.5	1.5966266347019757	143.949
299.0	1.6601967614566706	110.713
299.5	1.610521592819612	29.778
300.0	1.3427366999585175	130.815
300.5	2.0804117942635125	151.509
301.0	2.308279297592542	40.157
301.5	1.7752946189430578	21.755
302.0	1.7216446701189245	110.554
302.5	1.1205696075640605	60.303
303.0	1.4404853145892753	55.502
303.5	1.6271545608839926	71.456
304.0	1.5249149548211862	211.54
304.5	1.2302017340137592	18.622
305.0	1.4966773049588007	137.505
305.5	1.5905446721794108	46.877
306.0	1.3074416603899945	100.448
306.5	1.4746134488875173	166.587
307.0	1.363803904223728	13.249
307.5	1.532684035924941	171.188
308.0	1.7927279691238343	56.682
308.5	1.6153592254712046	82.567
309.0	1.6680954774849341	90.69
309.5	1.9418094353809487	195.96
310.0	1.63186170461198	90.69
310.5	1.597300301413671	140.838
311.0	1.4730752562571396	37.606
311.5	1.7488551642580028	140.777
312.0	1.3283818118278112	104.786
312.5	1.355230915566937	63.544
313.0	1.3728557764070077	161.212
313.5	1.582325445429124	98.474
314.0	1.2940979215961887	27.698
314.5	1.3914290674430179	66.75
315.0	1.5282292900683256	120.283
315.5	1.5492105467936856	56.529
316.0	1.7906273579347145	159.276
316.5	1.6528725593235813	130.811
317.0	1.4784687079825058	145.475
317.5	1.5301653454332784	30.248
318.0	1.5281008902061295	40.272
318.5	1.40509496826354	40.279
319.0	1.422946477743958	111.349
319.5	1.553384490943034	131.795
320.0	1.8172430037480225	15.622
320.5	1.8296449066401757	101.233
321.0	1.4961049780372444	59.111
321.5	1.271517728732899	57.955
322.0	1.678154966031178	90.916
322.5	1.5259823077809185	94.85
323.0	1.205805698277907	45.21
323.5	1.1875764446227253	65.795
324.0	1.7726716881914522	100.369
324.5	2.2750665817881246	107.536
325.0	2.154753898794397	109.58
325.5	1.696988479733831	151.175
326.0	1.6702411751572916	70.849
326.5	1.7850685132821444	65.569
327.0	1.9728237389085224	192.004
327.5	1.7626088222433258	60.126
328.0	1.4783189558131882	60.289
328.5	1.8637231186155705	133.186
329.0	1.9366337584510223	161.303
329.5	1.9845038873666216	139.281
330.0	1.8046043563887386	50.289
330.5	1.996840829630071	64.083
331.0	1.417326850091799	112.283
331.5	1.6804050882922705	13.514
332.0	1.8252036310905937	480.859
332.5	1.684863190203736	100.079
333.0	1.8422028252086096	15.978
333.5	2.454907011071866	80.366
334.0	1.426655726369283	528.187
334.5	2.1464779234355893	183.505
335.0	2.227977444290227	79.888
335.5	1.68223989538991	151.863
336.0	1.7807209356171798	101.799
336.5	1.7742274276273708	50.421
337.0	1.7637289973532433	120.779
337.5	1.7456784373963687	80.467
338.0	1.8725884545554874	80.544
338.5	1.9217558653105282	47.757
339.0	1.7873988576550293	140.84
339.5	1.410090542135115	40.229
340.0	1.3505434291442262	52.345
340.5	1.3618577187970062	40.597
341.0	0.9854506368913537	138.795
341.5	1.4326344588996893	138.795
342.0	1.3702776733963873	70.606
342.5	1.71424209549642	15.465
343.0	0.6846828833429472	824.488
343.5	2.2603134872121444	120.801
344.0	1.9706693448153794	80.573
344.5	2.55317067684627	14.528
345.0	2.0958036809743046	140.924
345.5	1.0218339023266663	322.565
346.0	1.408083005426115	50.466
346.5	0.41454257186239585	426.951
347.0	1.5445194301911234	14.956
347.5	0.9766570054643308	946.802
348.0	1.9255442549216184	111.792
348.5	0.1616203660258871	1467.958
349.0	1.9645437890670288	60.553
349.5	1.0074549178797068	1524.313
350.0	0.1394924458921876	2348.611
350.5	3.358049381765424	140.842
351.0	0.1641651809014747	3367.661
351.5	1.7289963678404536	63.336
352.0	0.17088739720811563	3527.624
352.5	1.514001078602145	484.942
353.0	0.09621571072417598	4191.771
353.5	0.7918805863036593	73.572
354.0	0.8182775588580338	421.344
354.5	1.6377111765363064	177.038
355.0	2.1525076639722376	130.957
355.5	1.9314877941459065	90.212
356.0	1.8018952463408906	90.625
356.5	1.9975850930911065	100.651
357.0	2.005927196414927	80.565
357.5	1.6174087039217704	92.094
358.0	1.8749225053920264	80.792
358.5	2.0369698514072905	100.914
359.0	1.590136068272577	94.165
359.5	1.7962811548133917	100.472
360.0	1.6896654924796826	116.477
360.5	1.8698196575612545	211.917
361.0	0.7427741061392927	718.314
361.5	3.5363565836466537	73.414
362.0	1.478087434903089	97.706
362.5	2.1093447757062678	120.786
363.0	2.209077209922999	90.583
363.5	1.8578548886868296	151.534
364.0	1.4218578647204545	72.709
364.5	1.4406062080933693	127.565
365.0	1.6131946259431822	100.681
365.5	1.9946136125343208	102.395
366.0	1.9032802157973412	121.858
366.5	1.5985148500695512	80.77
367.0	2.0316003626393315	109.147
367.5	1.54328560851647	130.845
368.0	1.700456249221515	131.647
368.5	1.5994211068294157	112.035
369.0	1.6347698291139743	109.921
369.5	1.6743051657033778	242.459
370.0	1.7823565713578413	94.409
370.5	2.1548815480524364	179.085
371.0	1.9684452104720098	100.774
371.5	2.064856623929814	207.319
372.0	1.6026144732035028	171.997
372.5	1.4456422455745639	171.581
373.0	1.743276917141155	150.51
373.5	1.8452953270801837	133.663
374.0	1.5151210547651013	101.122
374.5	1.8298371687605222	111.06
375.0	1.7173261740944863	161.308
375.5	2.0473267482429365	171.043
376.0	1.5574138169012937	161.802
376.5	1.4959318532329442	282.962
377.0	0.427288160320741	786.904
377.5	0.02087296099144981	1227.171
378.0	4.196390793511463	100.234
378.5	1.5510472017435455	151.084
379.0	1.7912739471380086	151.148
379.5	2.177469956224475	100.665
380.0	1.456009559420547	161.031
380.5	1.9022585987867378	80.703
381.0	1.4130878292309037	115.935
381.5	1.232556004816219	105.318
382.0	2.3050293161671296	90.212
382.5	1.2585014671697963	124.868
383.0	1.1966424404724323	90.418
383.5	2.441963837955952	143.546
384.0	2.262952948056974	90.532
384.5	1.586922317579851	124.882
385.0	1.754083978649538	72.353
385.5	1.6508273054188942	83.512
386.0	2.8465948905688983	98.365
386.5	1.3632552905480704	76.417
387.0	1.5664970631887516	111.55
387.5	2.0662744547438336	131.15
388.0	2.087661785799676	120.632
388.5	1.8024412059151704	74.846
389.0	1.9485792745910886	90.563
389.5	1.5052741981398334	85.008
390.0	2.0671031554692516	131.146
390.5	1.5619945460657727	131.158
391.0	1.638179143300746	152.824
391.5	1.5080792557457772	191.859
392.0	1.8639566477701621	80.558
392.5	1.8494219800330731	75.601
393.0	1.4974862090957202	118.261
393.5	1.8534248169465795	153.385
394.0	1.4572702701808586	90.736
394.5	1.5322814399048967	140.888
395.0	2.0762017202122034	96.821
395.5	1.9196734324195968	92.993
396.0	1.8756720599324208	89.645
396.5	1.5373194113524655	80.559
397.0	1.9395199292824743	141.178
397.5	1.9100200701771743	108.53
398.0	1.9593210117142648	122.602
398.5	1.5235020142398383	121.713
399.0	1.6814273273278875	110.821
399.5	1.718871366891644	150.922
400.0	1.843170005954727	120.663
400.5	1.8233694786827974	117.052
401.0	1.4197677924057601	75.359
401.5	2.241940405296985	121.229
402.0	1.8368396256126305	119.938
402.5	1.877183305094654	132.571
403.0	1.936412286993848	144.867
403.5	1.446570440363603	81.031
404.0	1.4130021583636165	67.031
404.5	1.9744077870570218	138.043
405.0	1.8771235210203663	111.255
405.5	1.5316949949111	100.974
406.0	1.8037884944408746	80.58
406.5	1.589413105396384	100.638
407.0	2.232799808189925	100.771
407.5	1.994965952149588	110.756
408.0	1.9265449046111451	72.864
408.5	1.7726984888588273	133.02
409.0	1.8084316935410654	90.565
409.5	1.4607816834258383	151.373
410.0	2.2312838036169294	110.861
410.5	2.1531854256936387	110.981
411.0	1.8067924284191894	98.172
411.5	1.6912114414037558	110.147
412.0	1.5058143353283486	181.177
412.5	2.1119980199924044	193.159
413.0	1.8151944288004587	138.264
413.5	1.3495606321661013	131.523
414.0	1.728423565949759	147.042
414.5	1.6189465553454574	80.09
415.0	2.4164182728029915	155.896
415.5	1.7278007621866336	181.743
416.0	1.638019574417507	135.62
416.5	2.0588152489748834	141.62
417.0	2.0374432103505207	173.79
417.5	1.3392364280242144	151.426
418.0	1.655434614262165	232.68
418.5	1.7725424006515065	96.299
419.0	2.134103924525528	151.01
419.5	1.8156986396575254	114.359
420.0	2.056094592109155	219.824
420.5	1.9625509616605057	121.126
421.0	1.4807643553081886	128.196
421.5	1.4695253840004436	182.722
422.0	2.1967030276102073	195.069
422.5	1.60269303256719	99.479
423.0	1.8516945530487907	161.734
423.5	1.6119656199090724	141.179
424.0	1.7936988034724963	80.949
424.5	1.7310913473818914	117.269
425.0	1.5784054182310658	259.713
425.5	2.139329748411491	115.276
426.0	1.4886606634060988	119.432
426.5	1.5804354333865263	110.8
427.0	1.864499115635924	211.88
427.5	1.9926078694400193	192.565
428.0	1.4457130474734534	165.639
428.5	2.574265324606999	110.135
429.0	1.6363421732559829	120.975
429.5	1.7587882453766386	161.745
430.0	1.3865348568920528	120.728
430.5	2.0182875718251965	76.247
431.0	2.124595425569477	121.11
431.5	1.3624495361616424	202.161
432.0	1.9672362592769412	77.853
432.5	1.5350280175368605	100.755
433.0	1.7804686520583368	110.792
433.5	1.9406405425226394	96.862
434.0	2.1244470991114817	81.152
434.5	1.5229021986250277	100.762
435.0	1.7538999779436	82.89
435.5	1.5964142571766524	114.042
436.0	1.8014140624850683	81.336
436.5	2.0092013228332153	80.986
437.0	1.5419893457270208	100.608
437.5	1.7685006340579157	100.378
438.0	1.8638382368759017	191.9
438.5	0.1490959751094693	8.819
439.0	7.628550228511334	151.731
439.5	0.14876720039533103	42.934
440.0	9.257945375226422	82.725
440.5	1.996710299039795	150.796
441.0	1.653720710485663	50.591
441.5	1.4501806018126397	100.648
442.0	1.9545850708288648	14.038
442.5	1.9687076798547603	20.246
443.0	2.063779811834414	140.828
443.5	1.839334472285099	17.716
444.0	1.6293107725337854	35.78
444.5	2.2876458010019607	33.187
445.0	1.9520245643542522	50.45
445.5	1.8273509160547141	13.477
446.0	2.0014610149826058	80.539
446.5	2.032178441572217	60.436
447.0	1.8127851872204432	20.144
447.5	1.9856925389786473	50.336
448.0	1.8380668134578646	110.746
448.5	2.239173082834603	64.327
449.0	2.1851903402366237	20.143
449.5	1.6994956262000926	70.448
450.0	2.045512225834503	156.702
450.5	2.1672524621006994	70.6
451.0	2.1160783389058766	80.58
451.5	1.956219152398011	88.151
452.0	2.1187184554900607	50.153
452.5	1.5288556033689147	80.712
453.0	1.9826259380648805	80.41
453.5	2.097108600983981	191.691
454.0	2.37801684343657	171.559
454.5	2.5555309100141446	105.889
455.0	1.4289110653996293	465.446
455.5	2.913294412789394	151.114
456.0	1.7094533537907444	192.012
456.5	0.9079522583346344	100.769
457.0	0.6394562847218574	76.981
457.5	0.4250083718449888	80.563
458.0	0.49371387478342604	110.929
458.5	0.7720625078915444	80.496
459.0	0.5323965683888275	72.209
459.5	0.6537236966538595	90.663
460.0	0.43584211223196073	130.917
460.5	0.3797001797170542	50.288
461.0	0.36843393962036364	73.648
461.5	0.144131254945371	15.804
462.0	0.13111342830152495	15.811
462.5	8.298582554440832	152.213
463.0	3.4535559808924825	60.347
463.5	1.9101645812288943	112.281
464.0	1.5059643317592835	70.394
464.5	1.84986830359964	60.512
465.0	1.2776561898056238	60.367
465.5	1.8405777279182893	94.077
466.0	1.7487736788522292	120.807
466.5	1.4146031932530254	20.13
467.0	2.162539119327963	111.443
467.5	1.513911219670159	70.512
468.0	1.897681981524185	30.258
468.5	1.6826578126022538	21.479
469.0	1.6432898951490076	141.395
469.5	1.8792015207753554	20.159
470.0	2.680194632178266	20.843
470.5	1.43935656566553	68.495
471.0	1.7993838252705332	116.446
471.5	1.741833849801621	47.878
472.0	1.9954194071380653	80.451
472.5	2.4154411349435243	70.518
473.0	2.2728570075694527	217.651
473.5	2.1959564396314204	80.526
474.0	1.7597672969638203	80.619
474.5	1.9160673703759463	60.454
475.0	2.215311600963157	61.38
475.5	1.6338531715062061	20.152
476.0	2.704015748624735	90.535
476.5	1.568703652118634	19.327
477.0	1.603596388334107	110.788
477.5	1.8043095813236094	121.153
478.0	2.892306741826793	21.544
478.5	1.1997209864627938	60.399
479.0	1.8983474907531697	120.889
479.5	2.29072879030746	60.347
480.0	2.2904736090028903	77.72
480.5	1.5525351272683605	40.199
481.0	1.6731620021649989	45.394
481.5	1.9180903228128336	100.709
482.0	2.395454321602434	120.937
482.5	1.5868231771953338	36.596
483.0	2.0984250631410237	80.528
483.5	1.9753565302518599	110.517
484.0	1.8260988043184232	20.147
484.5	1.4670359268616318	84.911
485.0	1.8142569150373744	75.349
485.5	0.13743773479077837	13.195
486.0	9.602297685408878	100.801
486.5	0.16853209288412466	8.522
487.0	0.6194914791967339	139691503170.16
487.5	0.17091663999522955	12.633
488.0	0.1790436773513688	63.871
488.5	3.3601233827312575	50.266
489.0	4.725307088308057	90.985
489.5	1.4444978900470187	11.452
490.0	2.3515209734508584	131.546
490.5	1.8360324358401736	62.561
491.0	1.1883210279485048	90.803
491.5	1.421123669570577	30.287
492.0	1.7755825958754468	162.122
492.5	1.457284196534901	32.091
493.0	1.8193002073237206	90.583
493.5	1.6792244773618503	110.686
494.0	0.17742744600705207	75.486
494.5	1.7677116720500872	16.8
495.0	1.5805605055161984	80.365
495.5	9.699479238012051	70.464
496.0	1.739836383796531	65.018
496.5	1.9516830281056783	171.53
497.0	1.896630852161453	90.498
497.5	1.470680813701221	90.497
498.0	1.8269426737741996	92.186
498.5	1.5450220225922682	90.565
499.0	1.7795986680552762	91.149
499.5	1.9280388779627473	50.49
500.0	1.4234580579423772	102.162
500.5	1.7964377646508922	70.42
501.0	2.2310263346194663	93.223
501.5	2.156973590424201	11.254
502.0	1.7354613576191515	50.334
502.5	1.9906625056807452	130.868
503.0	1.5583528654491412	70.406
503.5	1.7541286817548485	89.989
504.0	2.2004393172734145	50.187
504.5	1.9860977296609763	105.548
505.0	1.8744901290907026	32.257
505.5	2.1354136067471554	62.784
506.0	1.950355512251048	80.418
506.5	1.4114153610515685	41.257
507.0	0.536269839789502	112.71
507.5	1.27291834085806	151.192
508.0	1.3443428539650624	12.69
508.5	1.5821073731220252	70.831
509.0	2.1337448130069276	74.24
509.5	1.9727450375517066	16.793
510.0	1.312831537585807	70.531
510.5	1.2840792942772647	100.861
511.0	2.3161332449748726	100.558
511.5	2.0772453757783707	110.828
512.0	1.546436547405098	111.194
512.5	2.229798664181734	141.216
513.0	1.7917343951854	120.87
513.5	1.7406669777274224	120.968
514.0	1.524588243267819	104.694
514.5	1.6232675349449226	120.951
515.0	1.9309059686634173	100.788
515.5	1.6007283415386357	80.414
516.0	1.8200258118482846	90.709
516.5	1.9833981286572049	68.245
517.0	2.0779115310074907	123.989
517.5	1.5162759367910086	120.835
518.0	1.5257102362341544	102.58
518.5	1.8132192126854554	50.173
519.0	1.6692347868523694	131.006
519.5	1.8348574527493033	40.129
520.0	1.740654568772988	70.85
520.5	1.4920458057207022	130.886
521.0	1.5798472716667267	90.582
521.5	2.473895824026106	60.179
522.0	1.5906184534423804	119.474
522.5	1.8058991828137243	60.442
523.0	2.2068608277803277	110.795
523.5	1.7117052165873732	31.474
524.0	2.302853164105047	71.433
524.5	2.022291183517773	30.343
525.0	2.263918536958696	110.737
525.5	1.804018347362455	73.167
526.0	1.592384974749931	101.285
526.5	1.213620809801028	30.243
527.0	1.2822946994823718	64.845
527.5	1.8768237122531335	12.186
528.0	1.9067104421114713	72.393
528.5	2.2799506272995793	12.204
529.0	1.582782366064272	114.897
529.5	1.7430341336607684	60.346
530.0	1.443203511701435	106.612
530.5	1.3777264221165393	22.603
531.0	1.6773516627634444	166.993
531.5	1.788587543235085	50.328
532.0	1.9054348476239895	76.15
532.5	1.9750696713476088	50.277
533.0	2.01970872959387	90.529
533.5	2.3454644733931027	11.937
534.0	1.5706641907195602	66.677
534.5	1.3118356213009608	62.401
535.0	2.142523899751608	120.979
535.5	2.570852448895148	50.349
536.0	1.911123881608983	128.789
536.5	1.9466715605862912	100.856
537.0	2.2143552254246712	70.648
537.5	1.5644428317337298	50.378
538.0	1.3426501301774905	110.861
538.5	1.7840651672243544	60.312
539.0	1.9573242691881156	84.449
539.5	1.4182000340448033	110.968
540.0	1.7508496357962207	81.158
540.5	2.107616078750244	70.368
541.0	1.2931827857003275	130.999
541.5	1.530585860309716	10.571
542.0	1.4719490335734964	81.505
542.5	1.3372104199293469	63.107
543.0	1.4165954462497827	111.133
543.5	1.8288201485642546	53.405
544.0	1.664737314679525	100.445
544.5	1.6204365845741822	130.83
545.0	2.100448078616488	66.843
545.5	1.8308661709339502	51.879
546.0	1.4958606564340566	131.236
546.5	1.6717783641108637	130.933
547.0	2.0793524911225303	112.994
547.5	2.3139069437823903	84.248
548.0	1.4845487650093234	70.747
548.5	1.7271600249532104	60.412
549.0	1.5310330945179818	67.14
549.5	1.6819701411735548	21.684
550.0	1.5849624933341129	101.665
550.5	1.7812262953033318	90.554
551.0	2.149590680457833	82.504
551.5	1.7025282768228387	60.199
552.0	2.360315505048086	80.599
552.5	1.505744977371261	31.529
553.0	1.5096240216460912	80.828
553.5	1.776256953580624	20.175
554.0	1.5013577252688273	100.607
554.5	1.7246440710088642	31.966
555.0	1.981710711791639	124.958
555.5	1.6578045397929038	50.398
556.0	1.6583737193500039	80.946
556.5	1.853344180461748	60.503
557.0	1.9269087586125886	70.944
557.5	1.7249686965426556	30.295
558.0	2.000706926367104	111.448
558.5	1.6889098275557841	17.387
559.0	1.481057685372203	116.006
559.5	1.8081275492671636	60.437
560.0	1.8893968772464513	62.19
560.5	1.5718801205789215	40.327
561.0	2.089113670661301	70.709
561.5	1.7289723366612606	92.237
562.0	2.146548558531787	80.763
562.5	1.657879276874383	62.9
563.0	1.8289323852613288	150.977
563.5	2.1451475859590206	11.445
564.0	2.2884911720248384	114.528
564.5	2.1971881979276713	20.055
565.0	2.283916862323714	62.358
565.5	1.733500005025935	161.735
566.0	1.610373763086706	70.315
566.5	1.7378004143177836	113.547
567.0	1.5697805199318353	67.245
567.5	1.3602281960804854	68.939
568.0	2.055824997668874	151.361
568.5	2.1569443305896745	100.512
569.0	1.6753686683798135	91.232
569.5	1.3077886234835134	80.577
570.0	2.5351346915613835	111.593
570.5	1.7900893720861741	153.814
571.0	1.5603059884661643	90.621
571.5	2.470100111773609	113.792
572.0	1.4320375511442436	114.444
572.5	2.402081868577566	93.069
573.0	1.262760313124925	97.854
573.5	1.7349921580848864	100.782
574.0	2.3668505804909326	92.494
574.5	0.16693182727604655	11.507
575.0	1.7074442132881054	144.605
575.5	8.214338750980028	90.554
576.0	1.2572694531011936	80.579
576.5	1.6396689171553613	20.142
577.0	1.4918641693289476	91.663
577.5	1.4707500729023462	50.41
578.0	2.903213471903114	80.792
578.5	2.2274118370535545	11.453
579.0	1.7242759528142206	87.076
579.5	2.796292887654342	29.997
580.0	1.6883812278607004	80.769
580.5	1.2664400585568056	60.462
581.0	2.0339598699481987	121.003
581.5	1.985250260749295	64.401
582.0	1.9001411620446667	125.262
582.5	1.3125781721556846	75.385
583.0	2.221087998403939	122.951
583.5	1.9382221099897645	111.303
584.0	1.848364297278299	120.737
584.5	1.9460900637416236	69.43
585.0	2.2156955157833496	62.125
585.5	1.5457976712153951	161.311
586.0	2.128683552835152	70.382
586.5	1.209442663250819	110.731
587.0	2.434518373646503	131.2
587.5	2.454834298050959	73.014
588.0	1.8917287747299052	141.264
588.5	1.7496589121830175	91.155
589.0	1.7097557426619046	76.252
589.5	2.1369693482687664	90.529
590.0	1.7216997050736833	131.615
590.5	1.490455050965866	95.829
591.0	1.546505259611564	131.441
591.5	2.5755360306289075	141.55
592.0	1.6581905722298225	120.89
592.5	1.6341941886847806	90.689
593.0	1.6368967276527664	151.365
593.5	1.4537297610550606	65.761
594.0	1.8306906516887558	121.106
594.5	2.403133909865325	116.421
595.0	2.066826113618279	100.873
595.5	1.6697845009889134	124.726
596.0	1.4817893344996536	121.176
596.5	1.7192839667424906	100.704
597.0	1.907591263538148	90.693
597.5	2.191558748595414	108.105
598.0	2.0390724356658256	71.014
598.5	1.3857851116219808	70.918
599.0	1.960352674443857	130.931
599.5	2.0925161979960283	90.637
600.0	1.8516243933385235	70.916
600.5	1.6886117325598904	75.916
601.0	2.227337905262312	77.315
601.5	2.1121787540204324	113.615
602.0	1.8005262199918333	86.473
602.5	1.2454567160738612	102.944
603.0	2.3521229379538053	121.506
603.5	2.0835247588921013	70.545
604.0	1.3868188449889443	70.557
604.5	1.592473884536559	151.567
605.0	1.388770754624659	130.89
605.5	2.4261976911727188	154.961
606.0	1.297397999972745	83.255
606.5	1.875849603653069	70.564
607.0	2.4181668973369876	60.87
607.5	1.4141053277927331	110.789
608.0	1.9606145021110057	100.98
608.5	1.74237540933162	100.997
609.0	1.851401223624848	151.15
609.5	2.2661463891049425	107.822
610.0	2.052284608722679	131.14
610.5	2.0252987790289003	88.067
611.0	2.2981331371314564	80.567
611.5	1.6405457611925984	71.871
612.0	1.1560060169391562	120.853
612.5	1.4903481071062934	110.999
613.0	1.8558994888053915	114.782
613.5	1.6516161036689025	85.005
614.0	1.3026566663479968	63.285
614.5	2.287166338118686	82.923
615.0	2.2481018058871602	110.841
615.5	1.7763396910284375	111.006
616.0	1.5563270142443866	151.339
616.5	1.2002903934711706	120.91
617.0	2.8298917232971172	77.668
617.5	1.6479167486397692	100.748
618.0	1.9750843530735194	131.16
618.5	1.8525021163825097	171.629
619.0	1.2386393414120762	130.855
619.5	2.030426555894599	83.316
620.0	1.864956832817875	100.383
620.5	1.5700405942474658	100.755
621.0	1.4854484368950802	65.453
621.5	1.5202746548462045	97.517
622.0	1.5089924559914143	90.872
622.5	1.8635205184366046	101.21
623.0	1.9562484875715118	143.339
623.5	1.624705751100837	81.706
624.0	1.3484931254820998	115.109
624.5	2.276197386115989	80.799
625.0	2.0973016605908685	100.823
625.5	1.0880325737468945	100.593
626.0	2.368676090817154	70.838
626.5	1.435886930993725	141.341
627.0	1.3893614872926794	171.202
627.5	1.4243532313395215	89.11
628.0	1.9805630582212925	91.116
628.5	2.4814341479808757	77.162
629.0	1.550706764761878	95.643
629.5	1.8732668818862808	121.298
630.0	1.4457298568651924	120.693
630.5	2.0210334414353706	70.362
631.0	2.5050893396976894	97.165
631.5	1.1323211428342055	110.883
632.0	1.7947284133441426	102.608
632.5	2.0745267317646623	70.769
633.0	1.834514200718783	70.98
633.5	1.455457495484216	70.712
634.0	1.9523532965724124	80.571
634.5	1.8168682945102916	80.655
635.0	1.7484726066987442	80.772
635.5	0.9669416284091962	87.052
636.0	1.586835602987673	78.797
636.5	2.4591826224428472	85.065
637.0	1.3708408245132455	90.123
637.5	1.8334092537607238	100.76
638.0	1.7870145301362361	70.42
638.5	1.4449397320254218	91.1
639.0	1.9902461783411096	83.074
639.5	1.9569399409524209	74.189
640.0	1.0901358923970994	90.615
640.5	1.8805225678087873	142.023
641.0	1.5484167509432294	161.411
641.5	1.0941053299664016	70.95
642.0	2.10601363439182	92.083
642.5	2.18068928970925	131.024
643.0	1.5881693986448786	100.806
643.5	1.7060314637911158	90.829
644.0	1.6342831328888574	174.808
644.5	1.6479747300199685	91.545
645.0	1.2602370792934137	114.541
645.5	1.9490924613784315	79.087
646.0	1.8304298383335083	70.689
646.5	2.1664966438193844	102.819
647.0	1.3334544312918095	109.37
647.5	1.5081053056261626	100.525
648.0	1.5422789141294724	103.034
648.5	1.3801301611594616	131.017
649.0	1.4344300844431406	121.329
649.5	1.1745384707455468	100.647
650.0	1.5523948104281184	70.652
650.5	1.654957529338834	129.435
651.0	1.133057412384216	100.638
651.5	2.238994010203895	181.623
652.0	1.2564777389570494	62.514
652.5	1.5717204389679134	63.322
653.0	1.0000419575481838	131.328
653.5	1.8142705477472116	95.721
654.0	1.8470030554686119	70.921
654.5	1.1014558606085483	120.71
655.0	1.6788919942197285	123.04
655.5	1.3655304265666186	87.803
656.0	1.4517415501418411	70.587
656.5	1.7872351528805464	66.292
657.0	1.1015317402121867	106.491
657.5	1.8264256542556951	64.029
658.0	1.8543529799038216	145.014
658.5	1.6900499169123901	171.485
659.0	0.9831916808162148	130.935
659.5	2.1162904853302176	118.001
660.0	1.973799739168935	74.503
660.5	1.8336905017455927	117.667
661.0	1.6397710968693973	143.653
661.5	2.150748575066066	151.191
662.0	2.0698955079323924	159.855
662.5	1.2365010052880456	93.481
663.0	1.0211771945413182	90.593
663.5	2.2391285261564984	80.604
664.0	2.201156386945029	130.87
664.5	1.8242207234601524	80.439
665.0	2.6091575879608517	130.108
665.5	1.6340249212951046	120.538
666.0	1.6679293579510943	70.802
666.5	1.241588408672148	63.701
667.0	1.671893514563345	110.702
667.5	1.0885091314412256	64.721
668.0	1.3508092715040652	130.895
668.5	1.326532625870627	70.546
669.0	1.8786981434219252	80.473
669.5	1.5234738422592755	97.693
670.0	2.222738526759031	182.508
670.5	1.6415143437013535	141.238
671.0	1.8690059184624142	151.442
671.5	2.1991790243633536	80.42
672.0	1.917403884843355	160.912
672.5	2.0008790122370184	70.527
673.0	1.634571786928529	142.739
673.5	2.1309258687147525	100.686
674.0	1.840447786942385	169.713
674.5	1.6321572578348345	161.319
675.0	2.04698950788425	111.116
675.5	2.5048713106403167	110.672
676.0	1.6300318302835608	70.573
676.5	1.8370795021764954	76.37
677.0	2.2758324960004748	90.118
677.5	1.914730334334724	81.494
678.0	2.0377769178954783	86.225
678.5	1.6693091654880765	85.058
679.0	1.7327277336238442	80.99
679.5	1.779483480804759	101.092
680.0	1.4684133304976354	80.607
680.5	1.6592130646729608	100.597
681.0	1.9776893170780918	80.388
681.5	1.3916159765530005	121.855
682.0	1.541389959424923	100.766
682.5	2.0119301049965377	104.038
683.0	1.4333931153605348	115.327
683.5	1.6629972877236476	80.438
684.0	1.524914854885094	131.998
684.5	1.6320017235732278	131.029
685.0	1.6012505245071789	121.101
685.5	1.883783123770333	110.774
686.0	1.2436409304482503	127.646
686.5	1.6922669423565673	80.687
687.0	2.3077103732995488	131.299
687.5	2.103005074847588	141.275
688.0	1.217572499741262	101.084
688.5	2.1383653774642237	72.601
689.0	1.5750425168564477	84.435
689.5	2.045393363228856	75.765
690.0	1.5485482384925973	104.516
690.5	2.07372774103251	79.082
691.0	2.6692216085634564	70.524
691.5	2.0791270461790403	76.009
692.0	1.5764986767746985	80.99
692.5	1.5547051841285342	91.047
693.0	2.127564343122797	90.781
693.5	1.9220734183606858	90.992
694.0	1.4392210019538545	90.66
694.5	2.1529005492340056	90.764
695.0	1.6042504113266676	90.137
695.5	2.124763955311494	133.282
696.0	1.84611585280967	70.933
696.5	1.689726594879231	80.589
697.0	2.0780524338428625	131.414
697.5	1.794856858056101	115.972
698.0	1.7988516420868184	80.666
698.5	1.414680385492602	101.147
699.0	1.8750514573430284	78.39
699.5	1.6718150892205994	64.857
700.0	1.4092628036862842	100.704
700.5	1.5924862618941662	83.97
701.0	1.9754010567306495	70.477
701.5	2.24303320758789	90.801
702.0	1.317189849556406	131.116
702.5	2.3031062297631255	107.358
703.0	2.0084675411719917	70.574
703.5	2.209118907206645	100.869
704.0	1.7577171398466869	141.413
704.5	1.981326007559081	102.001
705.0	2.297848572659503	121.683
705.5	1.5121667424047902	85.14
706.0	2.294079839818013	141.678
706.5	1.728403853149049	77.205
707.0	1.9638634310565488	158.221
707.5	1.6566972883864504	80.576
708.0	1.7197729793694885	70.746
708.5	2.0435238029988665	101.106
709.0	2.0178756828803492	110.738
709.5	1.880715066100861	85.395
710.0	2.3051964528114386	102.23
710.5	1.895008174093819	100.607
711.0	1.68003581444563	111.817
711.5	1.3948781847182663	137.555
712.0	1.8691691045277823	110.955
712.5	1.7845705303317188	94.897
713.0	2.3037518310809917	80.38
713.5	2.2213462106479196	165.11
714.0	1.3662884757309397	121.191
714.5	2.1897959035916372	130.815
715.0	1.97284062674509	111.078
715.5	1.330136416986267	131.143
716.0	2.149908246606265	80.814
716.5	2.164494491076405	68.698
717.0	2.05860321978606	93.739
717.5	2.0239607472863654	107.319
718.0	1.6030045445732448	80.678
718.5	1.6079985402716654	89.788
719.0	2.128768441682966	101.287
719.5	1.3579879267864245	73.85
720.0	1.9645704543285636	136.077
720.5	1.941464574640103	91.005
721.0	1.8642188212773767	90.619
721.5	2.020832070906323	70.5
722.0	1.6520455826983285	115.406
722.5	1.7808254306767652	136.404
723.0	2.322919644578431	110.664
723.5	1.6286911268185431	83.885
724.0	1.9591427522126044	161.35
724.5	1.7072136041522497	131.338
725.0	1.7691141777110106	70.761
725.5	1.519223607445256	81.034
726.0	2.5341117584737938	121.127
726.5	1.6401702750196563	110.549
727.0	2.457169337241625	75.446
727.5	1.3144408719912941	121.659
728.0	1.6609397722290784	92.273
728.5	2.2370656721176974	80.455
729.0	1.6636469351323693	133.03
729.5	1.353339273902942	90.649
730.0	1.7107726181767775	90.839
730.5	1.6730926048894665	86.572
731.0	1.3752132008950313	116.393
731.5	1.6938962884521649	146.27
732.0	2.384588739964342	132.989
732.5	2.0644896105617425	90.917
733.0	1.8478218447448596	105.152
733.5	1.8123113143994218	161.639
734.0	1.9565754101279316	100.699
734.5	2.1547481279513025	90.589
735.0	1.2627901706481952	80.924
735.5	1.563602487283046	100.748
736.0	1.866747396188705	100.748
736.5	1.7119471557254502	112.558
737.0	1.920808101027525	161.316
737.5	2.1683794574909725	61.276
738.0	2.227185437789838	80.417
738.5	2.2119159532251826	90.874
739.0	1.4920356985493333	100.022
739.5	2.0307541930281796	100.861
740.0	1.7985913678037777	110.997
740.5	2.1538123993162683	80.54
741.0	1.0733482094858715	120.902
741.5	2.3524823991893276	91.299
742.0	1.780207819873957	141.164
742.5	1.7819832870711454	150.942
743.0	1.7936578687182227	70.926
743.5	1.3784121836644068	151.26
744.0	2.3686303828258444	103.512
744.5	1.9838656911475139	100.829
745.0	1.3928179240110092	94.941
745.5	2.149169410866986	92.678
746.0	1.5100795361972306	120.834
746.5	1.5942420882148718	120.957
747.0	1.9965991164974564	142.889
747.5	2.0109961096874818	110.898
748.0	2.0585721344172336	70.532
748.5	2.108425328172216	70.943
749.0	1.318481441191907	131.106
749.5	2.0845291792894574	81.052
750.0	1.5660260717012717	90.637
750.5	2.1718335694758926	100.738
751.0	1.6034318814536468	70.972
751.5	1.8106521518285141	100.701
752.0	1.702966403621034	130.714
752.5	1.923857952559099	110.458
753.0	1.7014068384417107	121.576
753.5	1.4810337373124904	70.742
754.0	1.723889303560721	161.341
754.5	2.0084159264010255	90.527
755.0	1.7281703396073922	144.688
755.5	1.707178618445691	90.485
756.0	1.9053453862854914	121.225
756.5	1.3141683368942947	140.99
757.0	1.4762504130502807	84.816
757.5	1.8131773141571286	80.719
758.0	2.285311835471464	70.852
758.5	1.7763265840828353	121.027
759.0	1.5229103495035978	100.49
759.5	2.0277082665823123	131.141
760.0	2.461318076653472	100.871
760.5	1.1476037326873254	100.713
761.0	2.195893820936714	121.316
761.5	1.2988686646508263	110.735
762.0	1.9260252721771725	90.482
762.5	1.429568408049215	110.573
763.0	1.596209989127313	161.446
763.5	1.2448000553890528	100.795
764.0	1.9678455417986151	126.373
764.5	1.1617147144243853	141.018
765.0	1.6374487255435246	90.746
765.5	2.306023545666978	70.733
766.0	2.202127628996148	63.701
766.5	1.7902200274115683	100.908
767.0	1.4151820421922816	80.675
767.5	0.13309746520392346	8.698
768.0	1.6071633608487343	6.993
768.5	0.5795744645920998	117.622
769.0	1.7407196960270086	80.562
769.5	1.6058756306436723	111.489
770.0	1.5002040774030194	100.636
770.5	2.463655984821019	25.593
771.0	1.992290036002544	24.556
771.5	1.8437109426836007	100.866
772.0	2.071053378473929	90.827
772.5	2.145895928522696	141.249
773.0	2.0854495973455056	25.627
773.5	2.6097328221222855	50.377
774.0	1.9159312392448458	100.727
774.5	1.9881250704257813	80.435
775.0	1.5538064920883794	113.989
775.5	1.5110840946958857	40.87
776.0	2.2213778283350085	71.542
776.5	1.6423986670473483	120.871
777.0	1.7009093658401742	83.629
777.5	2.078801494745041	60.277
778.0	1.796133351771498	131.684
778.5	2.2774417389919814	40.069
779.0	1.8470158518740172	70.512
779.5	1.9701711759771166	45.769
780.0	2.6399943064067326	111.852
780.5	2.0378412777021433	102.048
781.0	1.9196751333579263	70.525
781.5	2.080663062876447	80.601
782.0	1.9835671089246325	122.062
782.5	2.1477650900538556	92.471
783.0	1.5444164663256457	74.695
783.5	0.14774553759419415	13.52
784.0	4.063310352777195	105.448
784.5	0.1264620386314332	67.036
785.0	0.770274268800003	224.743
785.5	2.9863978005944607	120.664
786.0	1.938129692555608	68.195
786.5	2.820981017840801	90.511
787.0	2.6839132856754824	75.164
787.5	2.151365743255435	70.564
788.0	2.3922898521979943	112.461
788.5	1.7035786154752253	181.388
789.0	1.7170798119683834	67.193
789.5	1.8316902857307973	90.425
790.0	2.8115818918970925	175.277
790.5	1.8114470778507061	99.959
791.0	2.0382224347766917	109.57
791.5	3.189372852567886	63.866
792.0	2.103408416566943	191.177
792.5	1.2197147102364745	130.914
793.0	2.0463278586188705	70.549
793.5	3.4205828431601897	70.756
794.0	2.3318917942494797	67.083
794.5	0.12594444067439392	18.389
795.0	2.8655030113885207	50.337
795.5	0.17317021100714125	16.167
796.0	1.6800635883687038	100.611
796.5	2.002305761432255	140.012
797.0	2.326635704381036	202.646
797.5	1.323506764779245	209.191
798.0	1.7793902066293974	252.583
798.5	2.380532635069862	202.163
799.0	1.9846896601790174	212.227
799.5	1.8818008849568142	161.432
800.0	1.9531719092746096	172.057
800.5	1.584475524933502	148.618
801.0	2.045413023571272	179.229
801.5	1.72728941084584	217.843
802.0	1.6484509429287377	252.708
802.5	1.8808511994232098	141.386
803.0	2.2410003647902137	151.77
803.5	1.9365368933907277	171.476
804.0	2.584756258567227	151.942
804.5	2.3016808062136187	156.285
805.0	2.3233000454681503	312.954
805.5	1.6331917584091673	289.733
806.0	1.6831461722006213	175.928
806.5	1.3760337996957963	212.216
807.0	1.6561365234026364	173.103
807.5	2.061331073730133	153.108
808.0	1.8769920231236732	227.656
808.5	2.473187670879333	131.653
809.0	2.122364163100009	137.156
809.5	1.8883703524991005	191.476
810.0	2.320711456045024	159.809
810.5	2.5383569087912057	211.999
811.0	1.4307743184746697	168.171
811.5	2.0122611935178853	141.22
812.0	2.238906260245523	191.958
812.5	1.5878916370664748	141.233
813.0	2.0395865202987693	130.898
813.5	1.7275404565866428	162.018
814.0	2.055145121616675	148.24
814.5	1.9777077804295937	187.548
815.0	2.0275048460069085	187.16
815.5	2.170135829868032	141.228
816.0	2.2715830909318604	162.966
816.5	2.155471921275774	120.363
817.0	1.8584631421072475	176.433
817.5	2.329024351408764	191.845
818.0	1.8420355050745454	136.618
818.5	1.8688330139874696	191.451
819.0	2.0290746883864106	161.604
819.5	2.4888826174125747	151.927
820.0	1.7515162112076192	170.383
820.5	2.4347791489523045	212.276
821.0	1.659552566187664	141.308
821.5	2.3916780540044207	141.428
822.0	2.6464379145069516	181.757
822.5	1.7336536103893634	133.303
823.0	1.9295919714792023	161.533
823.5	2.114448525362439	141.426
824.0	2.303374694632366	143.094
824.5	2.399184453380581	143.978
825.0	2.181806557940528	212.272
825.5	1.8580661239997271	170.702
826.0	2.4060847906233467	196.163
826.5	1.6584143458193126	135.554
827.0	2.3486340482809878	182.123
827.5	1.9372125255217294	201.776
828.0	1.8718574892141584	172.066
828.5	2.4956736827253017	134.245
829.0	1.8532312721955053	151.248
829.5	2.5494917213522683	191.805
830.0	1.939963711248895	142.887
830.5	1.7577473729667283	156.576
831.0	1.9542834693118625	194.695
831.5	1.5259416698929635	215.146
832.0	2.1003815667790864	273.228
832.5	2.1340106440612963	151.458
833.0	1.3904343737838913	151.2
833.5	1.8454056355753872	141.656
834.0	1.6543688935721441	141.529
834.5	1.9411862324367093	151.795
835.0	1.9117798041777807	164.848
835.5	2.233716731557153	305.941
836.0	2.485666410283281	151.562
836.5	1.9082344170724481	201.762
837.0	2.1827544151243283	175.675
837.5	1.7042043857140694	161.326
838.0	1.8742584956322041	163.538
838.5	2.0489098299649737	180.137
839.0	1.5341130662177387	141.292
839.5	1.72993551856528	213.543
840.0	1.5479963936990224	161.554
840.5	1.5266457333882566	159.675
841.0	1.9934970379179822	333.824
841.5	2.242468728905577	165.401
842.0	1.9574406362625785	202.443
842.5	1.9243546382162668	161.223
843.0	2.058488935790639	180.128
843.5	2.3671400858324425	201.788
844.0	1.5361689443742095	218.607
844.5	1.4511955837378914	296.385
845.0	1.493468221225458	202.274
845.5	1.8379365792430233	181.616
846.0	1.9892386495657188	144.989
846.5	1.7015486443933494	159.892
847.0	2.0776155518595956	171.222
847.5	1.8758797774690108	215.901
848.0	1.771016396747061	202.249
848.5	2.130202994838227	222.648
849.0	1.9779473950835793	212.026
849.5	1.759393154601175	181.972
850.0	1.7148914652927785	161.264
850.5	1.935885874363121	159.8
851.0	2.1850926814443397	161.966
851.5	1.9669813910332565	232.426
852.0	1.9577798806411388	138.128
852.5	1.6096549293759068	175.742
853.0	2.084255037385525	126.131
853.5	2.1421672611536073	171.629
854.0	2.057087252204494	194.211
854.5	1.579096177541309	210.746
855.0	1.7755852023766168	191.556
855.5	2.59690417806338	131.547
856.0	1.7331293921494606	134.627
856.5	1.8368498644739215	182.791
857.0	2.2176891258072864	141.421
857.5	1.89934424134019	273.022
858.0	1.9311124174414904	212.16
858.5	2.2895307535659626	272.579
859.0	2.2983950172331777	273.171
859.5	1.770952522023254	171.427
860.0	1.7059192146430462	171.999
860.5	1.9867847357004	172.536
861.0	1.940276037293761	164.807
861.5	2.0740682333243217	155.88
862.0	1.7823069416686046	202.101
862.5	2.3060509902224497	228.607
863.0	1.4307544597140216	148.087
863.5	2.2273862489268015	222.039
864.0	1.7115197288747321	175.648
864.5	2.368697119530495	185.492
865.0	2.0294236054188857	195.713
865.5	1.9227838623899676	241.205
866.0	1.5500159280654664	242.371
866.5	2.0982397986696233	211.703
867.0	2.278402297790652	243.131
867.5	2.0410190225087095	216.46
868.0	1.587962945997617	178.144
868.5	1.5913987921216777	227.442
869.0	1.9742380831959114	217.708
869.5	2.185873307473438	191.772
870.0	0.9326666270146414	216.87
870.5	1.5448120358699085	222.873
871.0	1.4312309277379394	172.195
871.5	1.6794120342096936	133.366
872.0	1.2321687635334944	167.405
872.5	1.5765172144309614	145.424
873.0	1.704119799850908	151.132
873.5	1.7120730933609818	150.39
874.0	1.7648635691694128	141.455
874.5	2.0360306815313685	161.613
875.0	2.0279046671093814	252.635
875.5	1.6914133147834216	183.357
876.0	2.1395629223229156	181.634
876.5	1.4956205572807744	181.789
877.0	1.3818497405537058	201.729
877.5	1.6352882544570142	188.342
878.0	1.6038683439685333	174.7
878.5	1.7705067313439988	252.059
879.0	2.278799082436156	242.357
879.5	1.6389244060636587	140.749
880.0	2.209115389727398	138.89
880.5	1.8859260425548405	141.652
881.0	2.0551148081557997	222.818
881.5	1.663975890166594	181.952
882.0	1.6624688151209495	197.524
882.5	1.6375394943821615	233.178
883.0	1.0629707182767398	596.867
883.5	0.769910101599311	1374.021
884.0	0.15528366411670377	37.545
884.5	0.23210225764478132	28.114
885.0	0.4273056597471619	110.843
885.5	0.32179119933285977	24.068
886.0	0.3936678772700218	61.791
886.5	0.5359185828215524	157.127
887.0	0.5573831841739787	111.519
887.5	0.6850059848737489	44.35
888.0	0.4609642012371331	114.588
888.5	0.41191003569537366	130.92
889.0	0.7390910026564501	32.709
889.5	0.41089448875797996	110.823
890.0	0.5185594834835587	60.496
890.5	0.6835847098984037	130.925
891.0	0.5090144457206378	60.425
891.5	0.429071269436259	40.266
892.0	0.43972506372251724	141.007
892.5	0.5425660242395811	126.776
893.0	0.45654984870987303	130.83
893.5	0.8777631427940535	50.695
894.0	0.29093203513513405	100.951
894.5	0.5092038046316699	30.359
895.0	0.3816797289992058	155.313
895.5	0.661048624175626	61.202
896.0	0.6736803225488364	30.419
896.5	0.4025191630465908	48.382
897.0	0.6871838853445635	101.296
897.5	0.45599623475568385	35.921
898.0	0.39467020679158404	161.007
898.5	0.4613029772544658	150.523
899.0	0.4354050032881323	40.513
899.5	0.9498889576916281	110.542
900.0	0.3377408406664345	35.121
900.5	0.4926354562256167	33.108
901.0	0.5446176339514314	36.689
901.5	0.4782722129413764	145.643
902.0	0.33993485080861524	45.783
902.5	0.7391951790404488	30.092
903.0	0.640641796971122	111.007
903.5	0.39691595724877937	86.413
904.0	0.5548122696150708	141.071
904.5	0.15434546344945171	12.873
905.0	4.199216060215533	11.416
905.5	2.0111359039729835	100.721
906.0	2.0117886875886373	110.906
906.5	1.8698516070187108	80.522
907.0	2.259849594946988	90.809
907.5	1.8415527244490553	23.647
908.0	1.491035982147462	60.299
908.5	1.8165315148920154	40.309
909.0	1.6428891214671297	120.869
909.5	2.2780976259564216	10.942
910.0	1.6051071016588896	130.891
910.5	1.8929355829817134	20.115
911.0	2.8058786915519716	70.395
911.5	1.7824441504753492	28.317
912.0	2.0217260551533514	42.456
912.5	2.142420685128099	109.696
913.0	1.9752278910767322	74.965
913.5	1.9176626363588012	80.557
914.0	1.8551283129636256	60.472
914.5	1.0997014038996251	140.031
915.0	1.8596118252812972	100.403
915.5	2.5246959584842643	100.54
916.0	0.9460846276144296	39.003
916.5	2.0845065160255873	60.905
917.0	1.9492099907118337	15.407
917.5	2.223232407218469	8.245
918.0	1.6100883707073468	140.917
918.5	1.962467038823278	90.405
919.0	2.0546729759075464	20.141
919.5	2.032899128662899	101.259
920.0	1.842762345869596	110.861
920.5	1.75732796306273	20.215
921.0	1.4964274423228858	88.245
921.5	2.3049254417322214	91.146
922.0	2.188344785312145	40.221
922.5	2.200119267987076	29.238
923.0	1.5569167388206848	20.125
923.5	1.8934924954703627	43.723
924.0	1.7359398146874876	60.465
924.5	1.5156763040029002	90.535
925.0	2.3545058997992756	60.418
925.5	1.9289190660436	20.126
926.0	1.9028538975779037	50.513
926.5	1.6215522052767675	80.637
927.0	1.8492583190387575	9.032
927.5	2.2265427184897058	50.49
928.0	1.44151625272992	110.819
928.5	1.6235612632948997	80.441
929.0	2.1300319398717966	43.92
929.5	1.5763209240574951	91.057
930.0	1.4238788498191208	80.576
930.5	2.042278735691015	70.497
931.0	1.8405251996595646	102.795
931.5	2.1923437848527927	70.5
932.0	2.03255967729895	80.538
932.5	0.14812260348126366	19.998
933.0	1.9098315375499382	100.552
933.5	0.1680892820553549	20.786
934.0	0.12546859448868744	16.97
934.5	2.131915294277557	16.542
935.0	0.555490719633076	161.396
935.5	0.8008267065653876	161.217
936.0	0.5208986138206958	121.129
936.5	0.43127143376522875	151.804
937.0	1.1481269345577974	15.006
937.5	0.26341096488155097	123.016
938.0	0.7861158433110155	109.772
938.5	4.889187351514802	130.655
939.0	0.44936069976989845	130.812
939.5	0.8376833140204513	14.854
940.0	0.40784182486466275	130.878
940.5	0.4851490581861057	125.402
941.0	0.6887380245914818	17.145
941.5	0.6403736156951675	131.005
942.0	0.1503689657928725	143.733
942.5	0.24365433210107149	146.527
943.0	0.5878897273227349	90.796
943.5	0.5621480970869368	54.364
944.0	0.48377944709079346	34.569
944.5	0.7977494823277088	120.899
945.0	0.44092151336535074	201.486
945.5	0.555808140970434	173.033
946.0	0.8667527076106448	170.753
946.5	0.12526976712509355	152.186
947.0	0.8290364726792798	50.503
947.5	0.15232297733044395	10.283
948.0	1.5519982776844914	50.366
948.5	0.16454372318444485	15.241
949.0	0.17022699650776174	16.19
949.5	0.13704266689086717	25.676
950.0	0.12921405944465092	37.785
950.5	0.9574341449641159	22.722
951.0	0.8395124327612232	45.896
951.5	0.85469327184794	19.196
952.0	1.140843321366529	17.692
952.5	0.05151841863441911	186.762
953.0	0.06573307796780826	133.538
953.5	0.05870288443644962	140.448
954.0	0.0716099232959988	183.31
954.5	3.6805499716809917	11.566
955.0	3.083129999099301	50.363
955.5	4.068900070906854	59.539
956.0	5.126199665824755	50.39
956.5	1.8755299382044606	40.287
957.0	2.452562667887547	86.381
957.5	1.871023315863585	21.62
958.0	2.0167620701285967	60.26
958.5	1.752930816709668	100.212
959.0	1.5350857932562414	99.866
959.5	1.9885274544540852	100.29
960.0	1.8353107955714545	100.259
960.5	0.1757533576552006	48.115
961.0	0.16682917909356632	21.86
961.5	4.827505105094869	50.566
962.0	1.2084894866125264	50.375
962.5	0.1591158150410893	32.158
963.0	3.6476739005899637	100.367
963.5	1.7239180349122152	150.737
964.0	1.7877803671581765	57.796
964.5	1.4967455922129698	61.199
965.0	2.0076855163135727	151.596
965.5	1.9259253640113492	80.491
966.0	1.6316609500817882	70.507
966.5	1.9681418566056545	67.146
967.0	0.12508175551066025	24.671
967.5	2.1190022168714577	100.69
968.0	2.1761811954085672	21.091
968.5	1.331690191412512	150.845
969.0	1.9348020154631012	67.584
969.5	2.156892812614375	204.65
970.0	2.2978143276189575	29.354
970.5	2.140995206583218	252.985
971.0	1.9335451669010129	22.001
971.5	2.555354286537218	79.637
972.0	1.535193628595598	50.199
972.5	2.7398653129641923	19.727
973.0	1.6146719300931978	90.667
973.5	2.114032183282962	80.951
974.0	1.7867793708082835	49.605
974.5	1.649199254228137	110.885
975.0	2.0454463731407166	60.359
975.5	2.1862752388808198	40.254
976.0	1.8984884903855521	120.837
976.5	1.619033576232501	42.004
977.0	1.4504373255097849	100.63
977.5	2.0499650523226167	50.555
978.0	0.15400135208988583	14.864
978.5	3.3844393796891183	60.258
979.0	1.3181925876057385	49.767
979.5	0.48549773536814117	15.346
980.0	0.3667006610832923	68.132
980.5	0.5079212011019105	19.23
981.0	1.033595201255014	16.805
981.5	0.6753799053862805	39.984
982.0	0.47346701640175276	16.33
982.5	0.41001840579684734	33.912
983.0	0.48797858609923794	35.273
983.5	0.42032163165850556	20.658
984.0	0.3740169445924084	130.9
984.5	0.7765094447053182	17.886
985.0	0.34974446482500515	70.66
985.5	0.27766547743891334	38.498
986.0	0.6374297378447327	232.273
986.5	0.7043759036421076	515.369
987.0	0.8529630176967765	115.141
987.5	0.4509623210545175	90.893
988.0	1.4106451892508374	19.355
988.5	0.3809205173070513	100.76
989.0	0.5438439700115419	86.806
989.5	0.5966677901541511	19.172
990.0	0.6009834232323423	116.712
990.5	0.3615360237880641	191.479
991.0	0.6650092577991988	817.016
991.5	0.31860205750017245	16.322
992.0	2.101459003106718	80.522
992.5	1.0580237351197366	40.217
993.0	1.011593513259396	90.588
993.5	0.9080543072346569	474.38
994.0	0.2039447136923876	615.443
994.5	1.5298845118682287	120.68
995.0	0.7806554468577457	22.988
995.5	0.7290317514458431	20.165
996.0	1.5238926133766613	50.463
996.5	0.42612407317326545	17.817
997.0	0.415610224067413	80.477
997.5	0.6393344935421408	17.908
998.0	0.3984747384143508	112.155
998.5	0.4487627866626133	89.054
999.0	0.6994141127365524	70.53
999.5	0.2456923882784849	104.827
1000.0	0.6314392736467787	90.408
