0.5	0.15760493955941166	33.138
1.0	4.738496456098864	70.445
1.5	1.9921929267458587	90.14
2.0	1.693929996407294	110.632
2.5	2.3350374202551603	70.476
3.0	1.7366155024091219	110.671
3.5	1.7019787683301193	60.473
4.0	1.8158768024089125	70.445
4.5	1.114399566778164	112.943
5.0	1.5190780784279934	39.817
5.5	1.974673511056745	60.314
6.0	2.545885068991162	85.533
6.5	1.1397349869371851	51.312
7.0	2.2153782757230953	66.973
7.5	1.3292375344859861	89.547
8.0	1.2172133944151173	60.464
8.5	2.3387643822240496	76.707
9.0	2.7530080146042897	90.934
9.5	2.1793533709646082	85.016
10.0	2.048479890564634	130.757
10.5	1.3000344584435024	100.484
11.0	2.870080818666374	130.944
11.5	2.1872531627448946	54.922
12.0	2.251811831771738	129.614
12.5	2.1481564502494166	73.321
13.0	2.208533158200787	58.934
13.5	2.498199923274987	70.538
14.0	2.000205411428261	120.791
14.5	2.098258396165022	70.373
15.0	2.270538391970049	50.639
15.5	1.7174329727024364	50.441
16.0	1.5386712156429814	116.706
16.5	1.2474747851353865	130.895
17.0	1.5591657742179363	60.525
17.5	1.9161909692335957	90.628
18.0	2.37020127261515	84.968
18.5	1.5145759177234066	80.553
19.0	2.2408616450483003	80.657
19.5	2.0395055394404045	110.966
20.0	1.590150157820514	80.511
20.5	1.8088678102295175	138.646
21.0	2.2401722249343723	120.807
21.5	2.1859001969892957	81.054
22.0	2.200982698179272	130.725
22.5	1.8161599229018235	60.459
23.0	2.1332930842212123	131.317
23.5	2.1076052599555	90.712
24.0	2.1824640488095723	50.555
24.5	1.4503789997350411	43.036
25.0	1.64231399927898	114.489
25.5	2.1774901900279575	70.453
26.0	1.6090078592098989	80.537
26.5	1.1502458837124463	131.036
27.0	1.44126391736955	120.748
27.5	2.438802107316937	70.354
28.0	1.9051949396818368	130.853
28.5	1.6457644924752368	90.489
29.0	1.848842751588418	70.483
29.5	2.0238869226471166	151.146
30.0	1.8046847096641871	90.694
30.5	2.4381872114084184	100.754
31.0	1.960996577808311	40.26
31.5	2.0092269667938494	80.531
32.0	2.0568470251337985	50.082
32.5	1.3717279300903689	42.756
33.0	2.1831095665798843	85.52
33.5	2.130993785545966	111.116
34.0	1.810218846134145	70.438
34.5	2.2017755860078676	70.409
35.0	1.7418137840861985	66.981
35.5	1.695150141686521	36.292
36.0	1.762873924229054	39.358
36.5	1.4950324678027553	50.39
37.0	2.3408126433855747	50.314
37.5	1.8771323135967313	90.579
38.0	1.8854867923816234	80.783
38.5	1.860734901541969	60.468
39.0	1.777264155966787	100.723
39.5	1.7189118542878818	50.45
40.0	1.408035537691931	40.361
40.5	1.892144007913711	67.084
41.0	2.639674132668786	50.477
41.5	1.6389463327501852	80.794
42.0	1.5806446080425345	100.738
42.5	2.034628284557401	90.611
43.0	1.5717585081062275	75.606
43.5	1.913291070526633	120.882
44.0	2.2835516784365884	122.74
44.5	1.7726252105956766	40.388
45.0	2.1599940420003927	70.451
45.5	2.2881251303062946	93.078
46.0	1.4396977675198936	80.696
46.5	2.0385314349693995	80.656
47.0	2.1199135375531912	68.378
47.5	1.648666010999907	35.118
48.0	2.2412586106643024	56.701
48.5	2.167493764037842	116.029
49.0	1.8261905393067386	50.405
49.5	1.662042001631133	80.715
50.0	1.723041761996754	70.323
50.5	2.362592010379627	60.592
51.0	1.7572613702188173	100.771
51.5	1.9318112264802239	76.481
52.0	2.455742633455992	152.622
52.5	1.4829129226530888	72.397
53.0	2.1946313401498947	89.272
53.5	1.5140603346902657	80.901
54.0	1.5087372858263646	101.029
54.5	2.0714583844552075	69.456
55.0	1.866006056931716	90.359
55.5	2.0522995619851305	80.737
56.0	1.5971479660466026	35.459
56.5	1.8658511777667495	120.73
57.0	1.7679244954594548	151.221
57.5	2.2483080497676564	138.674
58.0	1.7723614945886188	70.312
58.5	2.124714520816568	80.601
59.0	2.0820340486574804	70.406
59.5	2.0289070360725288	93.666
60.0	1.6066038383324583	70.538
60.5	0.7661765378284111	131.29
61.0	1.0845778849887175	39.033
61.5	0.13460937043534388	16.537
62.0	0.17972749537751748	15.864
62.5	3.1395219847868274	68.664
63.0	1.3316962524452278	15.708
63.5	0.17276937598167577	17.469
64.0	8.286364889692909	18.071
64.5	1.4663574890177002	80.749
65.0	1.701791490252316	80.659
65.5	2.5489512315022735	16.472
66.0	2.400401493138092	90.698
66.5	1.232512014270316	27.454
67.0	2.063370923552574	60.582
67.5	1.763973405379829	37.846
68.0	1.6749024315295402	100.72
68.5	1.8797180053602596	80.346
69.0	2.1701483697671042	100.476
69.5	1.6983565632168671	70.54
70.0	1.5964784911275849	20.243
70.5	1.9772123984105165	60.351
71.0	1.7005222053999494	110.727
71.5	1.8898238368361204	20.144
72.0	1.857680162610263	50.279
72.5	1.7437551939114908	60.49
73.0	1.594526905868688	20.151
73.5	2.4421057495455263	20.214
74.0	1.9787621580109722	37.886
74.5	1.9762516109285355	79.92
75.0	2.0784966529677527	70.62
75.5	2.170230574629335	60.466
76.0	1.7200672818174498	38.91
76.5	1.6334716329443653	36.777
77.0	1.9723086997568753	80.389
77.5	2.1724133376788877	40.274
78.0	1.6409062412734343	40.356
78.5	1.5307272112743378	16.598
79.0	2.584028705030586	60.397
79.5	1.998596560386346	98.118
80.0	1.554756031730898	20.821
80.5	1.8657764244654256	80.53
81.0	2.424146176575774	48.752
81.5	1.8922185574330257	80.264
82.0	1.8068819650689925	70.441
82.5	1.5422953116806348	105.236
83.0	2.2232162877425243	20.201
83.5	1.9387617180332455	60.349
84.0	1.7792422080534231	90.283
84.5	1.679964535103394	16.514
85.0	2.570207057161562	16.034
85.5	1.6665626502769446	37.009
86.0	1.747671148243147	18.019
86.5	1.7287361080300907	75.799
87.0	1.5395437914459746	70.352
87.5	2.18819270332248	37.96
88.0	1.4149947331844683	90.778
88.5	1.8849958834688463	90.704
89.0	1.5310553497198824	121.179
89.5	2.080371460955896	80.586
90.0	1.7593011185145129	50.426
90.5	2.1379969597212924	18.388
91.0	1.7780874583350599	100.501
91.5	2.1038373804440944	70.443
92.0	1.9666291294273759	121.024
92.5	1.7987691576450349	70.344
93.0	2.095750726332067	63.713
93.5	1.52577142233623	36.763
94.0	2.4585833768690977	30.162
94.5	1.8441829694536893	92.474
95.0	1.7155194817791068	60.156
95.5	1.6846931469150235	80.554
96.0	1.6436316750470517	22.747
96.5	2.278429738736237	60.271
97.0	2.1855721562793957	29.046
97.5	1.4782273865545636	60.447
98.0	2.368906381835697	40.145
98.5	1.5525785123070353	90.525
99.0	1.7462119830967473	17.912
99.5	1.4378360110143407	70.47
100.0	1.4897705923281659	16.509
100.5	2.1323954138595385	80.56
101.0	2.0764084788642263	68.153
101.5	1.7312126473025724	110.979
102.0	1.5494173989544127	21.703
102.5	2.1116366483841715	80.407
103.0	2.1150268423858236	60.552
103.5	1.7246699324232413	120.901
104.0	2.2317658276802828	60.391
104.5	2.4936862419642676	50.317
105.0	2.0635347241852773	80.117
105.5	1.623203171784602	80.394
106.0	1.8959939179072292	17.407
106.5	2.1454168192107863	55.958
107.0	2.9425676930430797	47.128
107.5	1.0474931262860177	45.706
108.0	1.9100120651763002	120.783
108.5	1.6159659463870009	102.386
109.0	1.6903129148167277	15.823
109.5	2.3747643041524698	70.493
110.0	1.5287537126554929	20.376
110.5	1.7187916828142624	18.132
111.0	2.203388596980184	100.779
111.5	2.0816499382154183	60.447
112.0	2.174402171943951	80.607
112.5	2.6141851456039014	48.038
113.0	1.6888018864807814	60.413
113.5	2.0468676116284756	30.057
114.0	2.149577057156202	87.941
114.5	1.6858770610640688	56.292
115.0	2.328260540010472	80.454
115.5	1.484844267675621	80.525
116.0	1.991547535061066	17.806
116.5	2.1321702146672603	40.334
117.0	1.3560185134609088	120.95
117.5	1.9744103995482292	90.902
118.0	1.5977995474888238	80.544
118.5	1.14803737074318	20.447
119.0	2.1508113773589055	80.616
119.5	1.8551054308506676	50.319
120.0	1.1444505306176564	39.356
120.5	1.7594121419250708	80.524
121.0	1.7094827351619057	24.436
121.5	1.623972166560431	120.693
122.0	2.1969278831190944	60.542
122.5	1.7195857636778735	130.744
123.0	2.230754679714558	50.342
123.5	1.27069095645333	82.909
124.0	1.8026725229061569	70.4
124.5	1.6760150485310112	79.574
125.0	1.5206518916622571	60.274
125.5	2.0324386994458354	70.584
126.0	2.0571169029944465	110.789
126.5	2.095405262658048	80.628
127.0	1.4877425614936757	110.76
127.5	1.487407084263728	97.663
128.0	2.6707900642062534	60.275
128.5	1.8145899915347232	89.024
129.0	2.084497233411679	80.618
129.5	1.592964637215254	60.457
130.0	1.974889358221161	30.199
130.5	1.7601926873214195	98.5
131.0	1.3910462336553358	56.708
131.5	2.2295048428726214	70.553
132.0	2.1753376452734554	16.383
132.5	2.0310661239000436	20.19
133.0	2.023178579680118	70.538
133.5	1.6453749778450029	21.19
134.0	1.8164655935342668	16.743
134.5	2.0333021043583126	120.416
135.0	1.8238452392420388	80.524
135.5	2.251590399938982	18.013
136.0	1.7167003915469639	40.78
136.5	1.3401288815635826	20.102
137.0	1.4561421398811731	110.772
137.5	2.1892762128186765	70.377
138.0	1.9527917612124568	16.928
138.5	1.593572976534386	80.671
139.0	1.7013870108662628	50.282
139.5	1.9159956959510889	110.997
140.0	1.670475589390382	24.73
140.5	1.4713546972486946	182.474
141.0	2.619332572093258	171.938
141.5	2.4746147612219658	90.562
142.0	2.0572371135069547	130.747
142.5	2.3120855854387545	60.614
143.0	2.114232689245641	74.91
143.5	1.568830011621801	70.512
144.0	2.535898427137292	57.1
144.5	1.8098923339318331	73.053
145.0	1.2665684507407164	222.116
145.5	3.5289226491304166	20.203
146.0	2.0167496281042587	51.607
146.5	1.6557537700625822	40.268
147.0	1.916374103084869	41.334
147.5	1.4656548011895283	127.401
148.0	2.212999255046191	18.386
148.5	1.963863920706846	80.59
149.0	2.3059725261154123	50.463
149.5	1.7727851759255333	60.608
150.0	2.0759451833369797	120.735
150.5	1.5054986445431509	82.708
151.0	2.315655918830219	26.592
151.5	1.8645668859427298	60.179
152.0	2.0908696292821007	109.589
152.5	1.884289317517588	63.699
153.0	1.9407302845676915	80.423
153.5	1.8492907211127974	100.581
154.0	1.7259262601253669	16.811
154.5	1.5263873484090333	60.328
155.0	1.6552750255649704	50.256
155.5	2.2291301315404968	108.242
156.0	1.7604036442697797	39.031
156.5	1.8461015238171548	101.107
157.0	1.4630264279313645	80.576
157.5	2.3604306631851206	16.88
158.0	2.0059849265020278	36.886
158.5	1.723718763349625	20.122
159.0	1.9462413473439775	101.947
159.5	1.4360151071332168	67.632
160.0	1.6635706180932355	78.793
160.5	1.9271327146178823	70.633
161.0	1.8781620844476778	60.427
161.5	2.1973283947712985	60.348
162.0	1.9486297958010241	100.614
162.5	2.1048036523155185	19.189
163.0	1.7295562257043915	80.599
163.5	2.101339543949755	119.304
164.0	2.0512611351345984	120.826
164.5	1.9113013225306426	20.139
165.0	1.977255335191874	99.041
165.5	2.2494973420826905	16.179
166.0	2.524369955537787	69.92
166.5	1.1992621543744761	40.191
167.0	2.297567874406805	70.077
167.5	1.80183370625915	61.326
168.0	1.7939574035273451	70.101
168.5	1.3642361719389815	80.508
169.0	2.0881291476985937	50.383
169.5	2.182454997051335	100.631
170.0	2.560330854897942	30.298
170.5	1.015408869704586	60.278
171.0	2.458710400524758	40.344
171.5	1.7904865224583553	70.589
172.0	2.5104413937234717	90.604
172.5	1.4681911994362762	17.566
173.0	1.516001323957995	40.346
173.5	1.552737750913092	70.452
174.0	1.9215690817013227	90.666
174.5	1.450563565092455	80.381
175.0	2.047069670043347	70.603
175.5	2.09551578630727	60.528
176.0	1.580934465714936	103.388
176.5	1.9622304286595764	90.697
177.0	2.0614539137930565	70.49
177.5	2.4922230049064025	81.849
178.0	1.4157776081851752	60.431
178.5	2.046327427192493	70.382
179.0	1.8419618650825147	123.087
179.5	1.6415486258965368	80.29
180.0	2.0366306502525884	70.501
180.5	1.8477489968598522	110.9
181.0	1.6782663248038603	27.031
181.5	2.23212388198176	83.201
182.0	1.848406735991882	56.9
182.5	1.7792989871356981	20.124
183.0	1.937636915453173	110.835
183.5	2.6642934305265245	90.469
184.0	1.1047468371919305	50.403
184.5	2.2490411013985883	28.296
185.0	2.444157112045413	50.392
185.5	2.0477689663800276	54.546
186.0	1.4828954525215587	60.404
186.5	2.397585603961301	20.032
187.0	1.352515386006583	80.418
187.5	2.273891811008907	67.063
188.0	1.9796516269380229	89.123
188.5	1.925286734207367	39.635
189.0	1.772383827041043	16.248
189.5	1.9159297619645548	40.137
190.0	1.277082294662943	60.406
190.5	1.9510419387297064	90.582
191.0	2.241541686386172	88.932
191.5	1.4023382639515471	20.169
192.0	2.0821352411990937	68.646
192.5	1.573316190116906	80.666
193.0	1.7934290014153893	70.505
193.5	2.4559745460361664	72.19
194.0	1.8339069632124558	70.377
194.5	2.146851037953783	100.731
195.0	1.598399521630001	78.799
195.5	1.726400688084865	79.148
196.0	2.3084016625257977	80.418
196.5	1.816914533188973	17.639
197.0	1.5272083664327438	141.176
197.5	1.7787554111321273	70.614
198.0	1.40033004418133	130.769
198.5	1.9645010757696406	198.44
199.0	1.7473092136551602	171.776
199.5	1.3295142247794656	44.167
200.0	1.4352898437502706	50.449
200.5	1.8779082106568041	50.508
201.0	1.1931384066181798	27.629
201.5	1.3534811973004257	110.824
202.0	2.23329875614819	60.501
202.5	1.5457631122966715	80.639
203.0	2.0526621164246284	70.03
203.5	2.1112240349128033	60.314
204.0	1.9535273456971223	70.664
204.5	1.8831786089651972	80.479
205.0	1.7736123188472408	59.578
205.5	1.880208173375083	60.29
206.0	1.8818439813652739	50.299
206.5	1.91153052416371	78.821
207.0	1.3444514037863615	429.402
207.5	3.7498971411874136	62.689
208.0	2.147641750506296	29.822
208.5	1.99162344654146	20.116
209.0	2.2112408634565495	40.425
209.5	2.0385056109962116	37.491
210.0	1.74937157343562	90.727
210.5	2.139917864868429	40.355
211.0	1.57562485192022	60.487
211.5	2.0411168588628197	80.563
212.0	2.54893857238056	84.865
212.5	2.040190965597916	50.458
213.0	1.6860696782629185	60.133
213.5	2.020388897377983	40.257
214.0	2.1954276796417043	50.214
214.5	2.2076099833958995	60.083
215.0	1.3832518468995705	70.525
215.5	2.153205108956239	97.548
216.0	2.1873187001494903	70.557
216.5	1.3770093024121184	122.56
217.0	1.8369160175505654	100.787
217.5	2.316647231480126	109.444
218.0	2.006195837354873	90.36
218.5	2.2075409509362065	17.355
219.0	1.0260066549310503	60.442
219.5	1.7247085863816862	38.8
220.0	1.8285778374078165	17.498
220.5	2.3788277728611247	20.101
221.0	1.321713162273517	151.406
221.5	3.4654412255640157	60.472
222.0	1.6698010834405994	70.633
222.5	2.009879871796957	90.532
223.0	2.095170904565398	84.564
223.5	2.0933608900478364	120.866
224.0	2.2323618988388403	60.271
224.5	1.961811122824502	80.664
225.0	1.5850995028889676	78.473
225.5	1.699829412579071	50.348
226.0	1.9049806187116627	60.479
226.5	1.5393037968305305	110.526
227.0	1.931901130459089	110.8
227.5	2.4220784890018896	60.266
228.0	1.6186664171027052	70.326
228.5	2.1535940025291804	90.91
229.0	1.406224818027869	60.389
229.5	1.7838439333020353	128.642
230.0	1.7608301527139807	27.03
230.5	1.7791043209440094	60.448
231.0	1.4719946727868547	67.986
231.5	1.925006933520839	18.632
232.0	2.259173965806858	50.265
232.5	1.582792270409482	77.031
233.0	2.1496179716216988	80.65
233.5	2.3784589872527824	60.541
234.0	2.114768249336325	20.222
234.5	2.067565737640573	89.745
235.0	1.5022967661347302	80.6
235.5	2.073441734822552	70.349
236.0	2.112976495040569	80.567
236.5	1.8309168562835971	110.842
237.0	2.1532330412586296	27.178
237.5	1.6397528565178234	103.993
238.0	2.406493543111497	120.962
238.5	1.4800859841046639	17.576
239.0	2.3786549719546115	60.426
239.5	1.9009957758043834	40.531
240.0	1.7612506902476623	90.312
240.5	1.6761415469263388	40.2
241.0	1.423043892707306	17.1
241.5	2.152970891137301	28.095
242.0	1.7836633815777785	70.417
242.5	1.9249428521623777	61.575
243.0	1.7226714335421958	17.845
243.5	2.1173248664055775	60.444
244.0	1.842095289432124	70.558
244.5	1.6493990302359003	110.682
245.0	1.7225108947324237	16.362
245.5	1.7621754733538704	84.128
246.0	1.766034089067509	60.514
246.5	1.6350287500342373	80.445
247.0	1.949058942418071	80.402
247.5	1.5102076261892887	40.399
248.0	1.9917427431676538	30.285
248.5	1.466362981356942	111.137
249.0	1.8073158598499752	80.561
249.5	2.053137233466173	80.336
250.0	1.7998463443478745	120.91
250.5	2.0070740638615856	70.396
251.0	1.9799434789896733	120.76
251.5	1.7114119288119685	80.593
252.0	2.1228459386164857	27.65
252.5	1.8064727248140962	30.321
253.0	1.8171487356431562	28.531
253.5	2.145481239282015	41.752
254.0	1.5307757398336952	60.517
254.5	1.6343331148814007	70.369
255.0	2.0018556219379264	50.356
255.5	2.1288126705202965	60.142
256.0	2.0432361050864802	70.617
256.5	1.52092482163588	66.397
257.0	1.6004867212450753	80.519
257.5	2.321847535758909	19.491
258.0	1.7089935529658038	80.483
258.5	2.051709105010705	60.472
259.0	1.418291203428641	90.765
259.5	2.0835721370573763	110.802
260.0	1.5008534834274956	50.354
260.5	1.5829269533658603	120.887
261.0	1.620129238126945	120.96
261.5	1.8309549655180997	20.095
262.0	1.5052325230400878	41.937
262.5	1.317839373074734	141.295
263.0	2.236717236967182	22.565
263.5	1.907850100418844	82.604
264.0	1.0996735405509879	16.112
264.5	1.7540168168912016	39.091
265.0	1.9515349932948882	16.365
265.5	1.1422011892655086	100.792
266.0	2.8044840845712757	110.686
266.5	1.9768431576565288	60.392
267.0	1.9612141673627614	80.665
267.5	2.008074525022193	60.309
268.0	1.3235598370132788	17.612
268.5	2.3967574353078027	76.057
269.0	1.5960167921309427	30.377
269.5	1.9861300263520167	20.367
270.0	1.539602671071839	131.783
270.5	2.3731694245731876	120.908
271.0	2.4441738784508176	80.584
271.5	1.7770843771686868	84.156
272.0	1.8872162576334945	80.403
272.5	2.2338906366615787	15.906
273.0	2.224711047717319	18.144
273.5	1.0280782064546146	80.805
274.0	2.380782044247475	26.155
274.5	1.9177545823341868	91.517
275.0	1.4525229436289133	90.682
275.5	1.7907569453972185	30.401
276.0	1.7561297456982226	20.524
276.5	2.120342738598307	70.4
277.0	1.4742481961580634	60.507
277.5	1.7491221085970274	17.767
278.0	2.0509200854502816	70.461
278.5	1.4754307268659272	70.634
279.0	1.7108363764293928	70.538
279.5	1.3649123902511768	20.142
280.0	1.3528873164113442	80.534
280.5	2.140351924643389	70.39
281.0	1.3261165975630969	17.45
281.5	1.3474324565266154	37.149
282.0	2.0330738869221263	73.38
282.5	1.2890586455247455	20.153
283.0	1.9195096016319644	73.272
283.5	1.5670788116286563	19.007
284.0	1.84296848081262	60.299
284.5	2.4842338744870083	65.416
285.0	1.3002690084113169	59.463
285.5	2.024654145772896	20.294
286.0	1.9015144727518734	80.686
286.5	1.6193576136944028	70.149
287.0	1.6947660874690171	60.454
287.5	1.5530839135582126	50.489
288.0	1.719010078778483	110.782
288.5	1.7866453007556125	50.301
289.0	1.6200927983996534	70.596
289.5	1.9281348781968075	16.375
290.0	2.0503373582619844	50.323
290.5	1.741422235776005	48.523
291.0	1.7918246544034282	20.232
291.5	1.6062580456814028	60.441
292.0	2.318493323190862	37.495
292.5	1.987314138848206	50.363
293.0	1.7793101815032304	80.684
293.5	1.9804166337717677	90.403
294.0	1.56978758811527	83.601
294.5	1.7855963784054356	100.575
295.0	1.882576827936572	70.493
295.5	1.683576013981375	77.763
296.0	2.033117395704473	20.014
296.5	2.074943063989824	40.087
297.0	1.4242675891915508	15.976
297.5	1.7653009028686202	27.033
298.0	2.0538357043866187	78.585
298.5	1.950284315035589	80.626
299.0	1.9360827866752686	80.51
299.5	2.019652833006474	30.204
300.0	1.803779221455584	36.673
300.5	2.4532131258184737	90.49
301.0	1.4845645062679957	50.462
301.5	1.4648698545251468	16.559
302.0	2.1461123426564175	108.55
302.5	1.854223215906517	37.311
303.0	1.8698127369820292	109.585
303.5	2.0596837555363288	60.327
304.0	1.8402903859337238	70.556
304.5	2.3723525118646855	60.31
305.0	1.3207524267871953	38.492
305.5	1.8761857588423758	80.422
306.0	2.0280547037741075	50.308
306.5	2.3403835875904146	70.2
307.0	1.5476555091667503	50.325
307.5	2.0164277807423634	122.223
308.0	2.1825286435647047	70.336
308.5	2.4678234522813978	20.21
309.0	1.4092507668375296	60.464
309.5	1.9579800378802892	80.498
310.0	2.0092308719761447	20.534
310.5	2.1882829639053516	60.433
311.0	1.8496039143486729	88.534
311.5	1.498762439611506	87.42
312.0	2.285297721230364	70.433
312.5	1.8743316265639687	55.939
313.0	1.46914622491967	38.814
313.5	2.1216512542630905	70.538
314.0	1.833161805020003	44.889
314.5	1.6228575844625976	76.695
315.0	1.2680439821046963	70.414
315.5	2.196470567884971	88.459
316.0	1.440003180583728	16.398
316.5	1.7121267793637225	70.399
317.0	1.796121055102618	67.131
317.5	1.7206504099197235	22.536
318.0	1.6996419972451735	21.386
318.5	1.7255411564510872	40.304
319.0	1.9012625009315212	90.546
319.5	2.35856984127291	20.186
320.0	1.532307112467485	80.531
320.5	2.348491022484627	70.552
321.0	1.4136952000481668	120.739
321.5	2.041398678977606	30.238
322.0	1.5183081946400518	40.327
322.5	1.4976989447475204	16.994
323.0	2.577632842648003	60.491
323.5	1.8858945895955046	74.53
324.0	1.5890268769975173	99.621
324.5	1.9148767897208165	20.173
325.0	2.290640598194946	60.246
325.5	1.8932370584795095	60.439
326.0	1.9146214441596232	30.832
326.5	2.3189377867257015	60.364
327.0	1.440792185970127	109.437
327.5	2.3293933519386414	20.195
328.0	1.5981829754126453	130.811
328.5	1.7983943395539683	100.729
329.0	1.6564638489997467	60.367
329.5	2.05086419852995	50.24
330.0	1.6830245217510995	36.278
330.5	2.181566292837618	86.894
331.0	1.4350549022381696	86.721
331.5	2.3450175725700566	70.471
332.0	2.7418713179045375	49.857
332.5	1.2372577843404555	90.542
333.0	2.058510434349538	90.631
333.5	2.008741612111186	20.047
334.0	2.2243412792558512	60.111
334.5	1.9990327825569607	80.583
335.0	1.8479554693824327	17.837
335.5	1.5962478167465475	17.654
336.0	2.1737893046995502	20.177
336.5	1.8923105675393093	48.333
337.0	1.6057313192767366	18.745
337.5	1.5455169388914343	70.136
338.0	1.8103126464361972	27.794
338.5	1.8522370061698887	113.776
339.0	1.858314020303506	38.715
339.5	1.8158854266606048	50.348
340.0	1.971021011454844	60.387
340.5	1.9546868630619973	101.479
341.0	2.4810640488786984	70.381
341.5	1.9628124947557193	40.222
342.0	1.5095666881946437	60.51
342.5	1.6833913804363718	60.6
343.0	1.8864524702621381	39.945
343.5	1.9516428047365235	60.419
344.0	1.7540331098029691	120.872
344.5	1.5366533391830728	100.513
345.0	1.9812706160545361	87.157
345.5	1.6370894162867384	46.567
346.0	1.8648367218336634	46.83
346.5	2.5867135171128983	77.825
347.0	1.6634972468300775	78.411
347.5	2.136890947840233	60.259
348.0	1.6664122562524837	60.506
348.5	1.7443419791696222	41.401
349.0	2.4336153230766686	70.304
349.5	1.8216756453253629	43.804
350.0	2.1502901438093125	27.291
350.5	2.2502931581625494	50.316
351.0	2.1250005300010257	80.41
351.5	1.7910195618824751	60.472
352.0	1.6921694562608625	100.463
352.5	2.1379411814734683	18.305
353.0	1.8091894393099999	90.703
353.5	2.2076052553980365	60.332
354.0	2.042749270142662	36.03
354.5	2.2710885079094374	100.799
355.0	1.530435270615726	38.943
355.5	1.8005661895470402	16.661
356.0	1.4921091800408763	106.191
356.5	2.0949822738463744	118.671
357.0	1.9942989151923576	17.179
357.5	1.6464038791471756	20.184
358.0	1.7470207578254915	18.458
358.5	1.842881337649998	60.58
359.0	1.7015638379625428	40.307
359.5	2.2938466777180326	50.335
360.0	1.814605569173557	57.845
360.5	1.701460170734293	24.12
361.0	1.2998234475468573	100.792
361.5	1.7728976624488977	17.198
362.0	2.5779654899729207	20.233
362.5	1.6754431790518591	130.845
363.0	1.6786959754818775	60.423
363.5	1.8759138003921254	120.898
364.0	1.719275025314041	70.455
364.5	1.906565659148503	17.487
365.0	1.6563078576987402	110.799
365.5	2.161782103008888	50.381
366.0	1.7713931536960257	80.609
366.5	1.7722375903185492	100.524
367.0	2.4061069248313953	47.983
367.5	1.6332143892413415	60.519
368.0	1.9717872628296476	60.382
368.5	1.6174190947642197	108.245
369.0	1.9950036243620015	27.308
369.5	1.9132955343370037	60.482
370.0	1.8299354079490278	58.466
370.5	1.5322805857062236	17.337
371.0	1.9296155730790268	40.117
371.5	1.7830688822510616	70.471
372.0	0.1365076209283242	20.434
372.5	1.3639527097361717	30.8
373.0	1.1375607130633005	60.468
373.5	0.9391626109007044	187.754
374.0	0.8970164902147844	31.464
374.5	0.6691902931745876	42.749
375.0	0.7248995875953704	116.42
375.5	0.9630456225219166	100.743
376.0	0.34834892849425814	51.545
376.5	1.5717881426731164	110.754
377.0	0.9813745490999977	50.324
377.5	1.1456278977291832	21.856
378.0	0.0519140928268445	41.128
378.5	3.2162002051567082	100.428
379.0	0.12190134842963557	8.922
379.5	0.1254598661930675	12.832
380.0	1.6427301971033803	17.313
380.5	0.027840030388472044	51.702
381.0	2.6400308911336023	25.542
381.5	0.06716640845727165	34.91
382.0	2.9556729985443257	13.213
382.5	2.3272208404096237	90.734
383.0	2.0243354301645478	60.311
383.5	2.0596978467613845	20.278
384.0	1.4507573240918172	34.361
384.5	1.6109998077638408	80.139
385.0	1.822855661654529	80.646
385.5	1.4922773219825691	70.497
386.0	1.403335738762417	22.48
386.5	1.3739992408045671	30.163
387.0	1.3506870460855454	34.507
387.5	1.5213811254514542	30.159
388.0	1.2966240731436387	64.069
388.5	1.9174217273006298	80.59
389.0	1.855063158806372	13.103
389.5	1.8073100330994936	30.207
390.0	2.147566812937615	13.654
390.5	2.0646514756973056	125.125
391.0	1.5780131683114396	100.335
391.5	1.2173142479671728	27.119
392.0	1.7325290817792656	32.779
392.5	2.602121877644096	80.483
393.0	2.195888139230511	39.348
393.5	1.7582342078614324	13.093
394.0	2.705895385857251	85.223
394.5	1.7045210490958156	70.487
395.0	2.3959417819841744	60.362
395.5	1.7625821283609862	120.688
396.0	2.382274736062338	20.327
396.5	2.0329404547220684	33.128
397.0	1.7253582881733227	20.102
397.5	1.5225585760025897	70.52
398.0	1.905715189539976	50.327
398.5	2.1482694745751263	13.422
399.0	1.8992199213279128	80.425
399.5	1.6596683036021	84.107
400.0	1.7685074078955467	83.594
400.5	2.0790767610594334	60.357
401.0	1.8703647244163684	110.734
401.5	1.8837572310074797	13.645
402.0	1.9921472990803923	85.691
402.5	1.6641767757548618	64.314
403.0	1.901964759535741	90.623
403.5	1.7209173509488431	114.156
404.0	1.7214731024787833	74.189
404.5	2.395331981586894	33.251
405.0	2.182666655577643	20.184
405.5	1.9441570473145104	22.047
406.0	1.9045972797714195	40.278
406.5	1.573969998925161	38.054
407.0	1.7983332765770483	34.584
407.5	1.679272236717944	20.181
408.0	1.7963577021011294	60.397
408.5	2.4027782962667152	80.442
409.0	2.1944766032555254	40.261
409.5	1.3485202833972485	53.67
410.0	2.335774701767574	13.647
410.5	2.022696505063259	20.266
411.0	2.1007355385097397	34.268
411.5	1.4838615195650968	81.37
412.0	2.050020054884154	62.914
412.5	2.4348104684861864	13.546
413.0	2.0392431709322167	13.549
413.5	1.5676821049752583	100.769
414.0	2.208728906005502	63.228
414.5	2.0936991669518052	83.898
415.0	2.1521821279492968	60.418
415.5	1.5315872703634668	33.76
416.0	1.5564782221220417	103.024
416.5	1.3962623440438102	20.207
417.0	1.669000329035618	84.037
417.5	1.5816637164490817	52.909
418.0	1.5566934364074232	52.836
418.5	1.595722648859515	70.397
419.0	1.9126883109299109	110.765
419.5	2.4961362554431092	60.37
420.0	1.9055616219365707	60.734
420.5	1.499593780522001	14.366
421.0	1.487466962597358	95.147
421.5	1.3808958440407504	70.516
422.0	2.255654081814164	33.472
422.5	1.9398787367869448	43.763
423.0	1.6918886326473643	80.633
423.5	2.0096002599714815	70.272
424.0	1.5650055165606054	93.476
424.5	1.9452214252540587	19.93
425.0	1.6178829359095814	83.755
425.5	1.7857396442558735	82.338
426.0	2.1736850532637835	13.455
426.5	1.8814693063045	13.636
427.0	1.985927431000483	60.278
427.5	2.3163839717760677	46.218
428.0	1.6797048879182233	90.798
428.5	1.603086636451926	46.056
429.0	2.2427410679363544	90.568
429.5	1.889790095994649	33.482
430.0	1.945779748552048	80.41
430.5	1.7484618979485715	83.663
431.0	1.630360382812997	40.387
431.5	2.2425654198647345	14.576
432.0	1.9877158641102786	30.276
432.5	1.5292391889656376	100.498
433.0	1.6719702972918649	50.017
433.5	1.8112079813056106	110.653
434.0	2.0009959033591422	60.403
434.5	2.2412455270457574	60.39
435.0	1.8847743491668254	65.335
435.5	1.860077616668115	100.715
436.0	2.3280644561507327	20.044
436.5	2.083390467246423	55.008
437.0	2.151504324094421	13.303
437.5	1.967256989115898	34.69
438.0	1.5003311427179624	13.065
438.5	1.8568141512025527	50.399
439.0	2.3685641154499777	30.246
439.5	1.7479943170089343	50.292
440.0	1.5267477402746306	14.143
440.5	2.1325809171874863	60.387
441.0	1.8725486096918242	65.554
441.5	1.7890604490865862	20.185
442.0	2.6370340864219144	12.703
442.5	1.808953229900806	110.871
443.0	0.9941400242616647	47.293
443.5	2.3522498324492527	55.603
444.0	2.334384639497905	40.254
444.5	2.1226847888594276	13.871
445.0	1.5402623484419957	75.394
445.5	1.783488481099956	142.136
446.0	1.7947722663661803	190.609
446.5	1.54401354409355	161.11
447.0	1.5339698653375862	191.679
447.5	2.062478916226356	32.949
448.0	1.835094267372037	80.493
448.5	1.7488784343857116	20.136
449.0	1.446666216798123	14.044
449.5	2.06487431650482	70.471
450.0	2.025434787059108	77.266
450.5	1.636281876144635	13.379
451.0	1.7434963474606586	16.335
451.5	2.1411450959876994	20.154
452.0	1.8762220097402762	13.919
452.5	2.3666233091829563	30.193
453.0	1.8120135567909383	60.527
453.5	2.2574026544187227	60.354
454.0	2.4892664877055934	64.309
454.5	1.4941226063298618	90.628
455.0	1.8980891807225964	35.698
455.5	1.5862133280769382	132.063
456.0	1.9107197391950828	90.685
456.5	0.07882286794407481	52.723
457.0	1.3651984774774801	13.186
457.5	1.5987101706405658	29.991
458.0	1.2926014642461174	64.978
458.5	0.7534684530537415	55.9
459.0	1.9332329563836157	30.24
459.5	1.6923674739597532	44.076
460.0	1.804526393477577	50.301
460.5	1.6078574444528202	54.408
461.0	2.222521907760461	44.147
461.5	0.6821888002345426	13.45
462.0	1.5010468691542087	125.467
462.5	2.2024033537503045	13.806
463.0	2.257877325040844	86.277
463.5	1.5770051911877685	19.997
464.0	1.779109198840149	90.588
464.5	1.5078183542035397	13.145
465.0	1.0269624519545795	110.722
465.5	2.0833563324231403	30.228
466.0	2.4023734041001936	110.774
466.5	2.22167732166874	40.34
467.0	2.4220643063662735	100.947
467.5	2.1612209448456965	13.592
468.0	1.8864534847394339	40.43
468.5	1.9115354443387382	90.736
469.0	2.48458200483978	60.259
469.5	2.471741441140546	80.321
470.0	2.4196850639428242	30.0
470.5	1.9690110988746796	30.245
471.0	2.248260873719124	50.196
471.5	2.1571077175496196	90.665
472.0	1.6622228411189126	13.291
472.5	2.830851824199989	70.43
473.0	1.7273863265456315	13.001
473.5	2.7199514330525267	60.362
474.0	2.1975262192569827	75.772
474.5	1.8540709023206543	40.266
475.0	1.8955511493637238	43.704
475.5	2.0761918465355818	13.122
476.0	1.974281386446609	30.286
476.5	1.633055191750832	39.6
477.0	2.1182079558684976	70.498
477.5	1.9383794427840297	40.288
478.0	1.1220893658298117	33.767
478.5	1.672927292924828	20.193
479.0	1.8424985907659257	60.397
479.5	2.153920489592483	33.534
480.0	1.69915562724618	20.175
480.5	1.5539127867637588	80.524
481.0	1.9497990644505239	20.205
481.5	2.013621723184215	100.715
482.0	1.4232155964443416	45.078
482.5	2.4168933297597732	53.521
483.0	2.0496256929565337	43.526
483.5	2.0256060354045986	90.441
484.0	1.9460493005435897	83.98
484.5	1.9687823888389404	90.534
485.0	2.561077345278754	50.273
485.5	1.6331426773751205	70.522
486.0	1.8669247080313571	93.198
486.5	2.013741204833555	90.672
487.0	1.6007237752321233	30.23
487.5	2.0378603349310946	100.461
488.0	1.9816251866197823	60.857
488.5	1.7422337035104276	70.52
489.0	2.0077367469851284	12.871
489.5	1.9018514160221214	74.798
490.0	1.712177599103323	120.902
490.5	1.5772274356075795	85.347
491.0	1.8465444199128311	33.355
491.5	2.030254039396574	80.348
492.0	1.3605984649725025	80.669
492.5	1.5642239259760264	82.984
493.0	1.9469708972100228	40.233
493.5	1.419137517441239	105.083
494.0	1.4890529809491433	20.224
494.5	2.0142854829363657	90.656
495.0	1.8328215627311453	80.466
495.5	0.11586074084558155	73.744
496.0	0.18162188190246095	53.561
496.5	2.1389088182156186	34.937
497.0	2.3647487457290084	20.112
497.5	2.3221446091465276	50.56
498.0	1.9637768028941593	30.044
498.5	1.8126144213262871	13.671
499.0	1.9632310872262673	80.612
499.5	1.8471385178446695	20.003
500.0	1.725969368045186	70.521
500.5	1.5455514751746102	30.201
501.0	2.6705210490397544	13.501
501.5	1.6989581664902536	65.384
502.0	1.6538879419801042	60.373
502.5	1.8046523549465077	110.768
503.0	2.292312517871131	69.56
503.5	2.1860801928881015	14.983
504.0	1.5919276509558622	80.598
504.5	1.7373552871487083	13.419
505.0	1.664756208588838	13.657
505.5	1.5127197195764905	33.185
506.0	2.285650095953698	130.998
506.5	1.984153873180204	100.454
507.0	1.7184662512926576	20.061
507.5	1.511636172554454	40.187
508.0	1.7579537531100453	80.537
508.5	2.176923677289356	73.949
509.0	1.7158868454573402	42.796
509.5	1.6164673399708032	40.252
510.0	1.5960839349909874	70.279
510.5	2.1043335335099655	60.5
511.0	1.9665248315366224	70.435
511.5	1.5088090685852975	70.441
512.0	1.8824390752310765	20.161
512.5	2.663452046992098	110.729
513.0	1.725545709549323	91.034
513.5	1.7270541235225252	100.693
514.0	1.8817653115452528	90.526
514.5	2.190043140017988	70.591
515.0	1.812888401834955	40.334
515.5	1.991901695847389	80.591
516.0	2.271144071022536	80.334
516.5	1.31427231308824	124.263
517.0	2.391276157636171	20.04
517.5	1.8937640928143324	30.259
518.0	1.4866842565385376	48.043
518.5	1.8129232081296456	60.415
519.0	2.2926368136973143	20.052
519.5	1.482862248844955	50.271
520.0	1.7330862331725823	110.983
520.5	1.5941484674017445	90.594
521.0	1.9580530427015337	90.515
521.5	1.82439172516845	80.766
522.0	2.056274106457107	30.208
522.5	1.9581381437494945	20.281
523.0	2.2049552580806058	80.332
523.5	2.0165774951145163	90.547
524.0	1.7356697151755018	43.973
524.5	1.7043750289571498	20.213
525.0	2.454239449126049	85.454
525.5	1.689630382902555	70.37
526.0	1.682285512875134	50.269
526.5	1.6453766645316708	50.394
527.0	2.008052267933945	50.243
527.5	1.7584537073093298	120.675
528.0	2.096875942410464	100.528
528.5	2.3426133465990384	70.35
529.0	2.4291590026727756	20.294
529.5	1.7322877775448324	20.536
530.0	1.4557433013721655	90.689
530.5	1.6259878692734369	30.343
531.0	2.064723962723654	27.007
531.5	2.250438751215733	20.138
532.0	1.8674476079771998	70.549
532.5	1.4508498893887336	40.28
533.0	2.2599423645784147	63.498
533.5	1.7970925549631385	13.213
534.0	2.090061587485005	120.764
534.5	2.349263937588567	30.11
535.0	2.1407457323733383	93.825
535.5	1.2427335020738821	40.335
536.0	1.9549371494696064	100.561
536.5	1.7022079073048526	60.287
537.0	2.0237564190652115	20.144
537.5	2.1324411264365306	53.854
538.0	2.1436911816295807	20.319
538.5	2.287475231423573	70.451
539.0	1.7244905042086516	13.032
539.5	1.9208314131771143	40.875
540.0	1.873447919128175	110.501
540.5	2.5506593730642986	13.084
541.0	1.8344746974482453	80.162
541.5	1.9240878408816366	63.854
542.0	1.562127214628172	80.459
542.5	2.021966874370283	40.304
543.0	1.6490664108576834	60.473
543.5	1.768088403410037	90.327
544.0	2.3669225460866037	90.94
544.5	2.149091236076444	30.235
545.0	1.8721345690012308	27.568
545.5	2.242614896698422	20.243
546.0	1.9358000704710723	20.023
546.5	1.5774536130271726	20.14
547.0	2.2155142834433676	50.435
547.5	1.8096199183292745	40.354
548.0	1.9481881813487756	70.299
548.5	1.8588816030499367	80.295
549.0	2.2280647578569677	60.338
549.5	1.548142886348501	80.578
550.0	1.905162918774591	30.208
550.5	1.6953611214491515	43.613
551.0	2.176444001057872	50.327
551.5	2.0596348730858507	70.504
552.0	1.864063260631701	90.703
552.5	2.229191682715878	63.13
553.0	2.0124129726451256	63.838
553.5	0.9840182968569509	100.551
554.0	1.7389354366930745	70.676
554.5	1.9602278524957548	67.397
555.0	2.007737665337374	82.874
555.5	1.7959560750612245	100.55
556.0	1.5939061378713373	90.447
556.5	1.9000518067360053	91.03
557.0	1.6864215140950238	74.064
557.5	1.7066831156394533	100.679
558.0	1.8833609071983597	80.427
558.5	1.9002476135008097	66.459
559.0	1.3800110758508313	26.985
559.5	2.4960408479668788	23.462
560.0	1.6482069525452177	45.252
560.5	2.243284679359677	63.056
561.0	1.2115429735346457	53.816
561.5	2.318945305081936	20.222
562.0	1.740588503467416	70.466
562.5	1.8041512084624864	60.368
563.0	1.4500569274755302	110.798
563.5	2.0566427578387034	138.952
564.0	2.3280840166510806	23.209
564.5	1.855866761505262	53.455
565.0	1.3308411831433955	90.62
565.5	2.1298897265947825	60.384
566.0	1.7675087273053949	80.489
566.5	2.0201705612201915	84.009
567.0	1.483261151358801	73.668
567.5	2.250420898540655	73.917
568.0	1.9573225709778068	50.408
568.5	1.6716482353785	53.834
569.0	1.8001198580558762	63.999
569.5	2.0689295906665457	80.343
570.0	2.0458506600109114	65.636
570.5	1.972812567802946	60.337
571.0	1.4265720683224252	13.856
571.5	1.9206512664208841	66.933
572.0	1.8655402063601174	80.324
572.5	1.6249202049087317	80.589
573.0	2.1437403885501114	43.46
573.5	1.957966318843809	30.185
574.0	2.359802513548791	84.161
574.5	2.0717365472262004	53.154
575.0	1.8229963328793235	23.546
575.5	2.3042788480316103	90.487
576.0	1.8239290251124414	35.083
576.5	1.6259034620775392	40.351
577.0	1.6011557658100104	40.141
577.5	1.9742677235345782	40.701
578.0	1.9478141300884328	60.486
578.5	1.7692322341041742	33.768
579.0	2.00418177514121	51.03
579.5	1.213046402799118	30.152
580.0	1.8569660433046493	33.269
580.5	1.0529427578508992	104.119
581.0	1.3983203982228698	21.846
581.5	1.8576175431982906	73.044
582.0	1.7923844591935358	20.217
582.5	1.3423269731080794	13.592
583.0	1.3670225862828642	13.741
583.5	2.021176892938641	20.176
584.0	1.3635788380918612	60.664
584.5	1.7724406079697106	33.741
585.0	1.812060423599974	29.827
585.5	1.9201948108672027	79.17
586.0	2.1125420460298074	55.588
586.5	2.289682569205759	60.259
587.0	2.006502001010241	70.686
587.5	2.7958456805440637	53.157
588.0	2.0202838197653796	12.92
588.5	2.0005503048703446	110.545
589.0	1.9128996742759161	130.948
589.5	2.206837236201586	13.275
590.0	2.460270446916394	40.389
590.5	1.9840424772692176	84.133
591.0	1.8036675209951474	12.686
591.5	2.2634455215944915	80.666
592.0	1.2369948505337187	70.519
592.5	1.5357996903868805	80.667
593.0	2.0203145029270773	120.76
593.5	1.7186041463999049	80.586
594.0	1.8362036126646417	63.786
594.5	1.5112418475541813	63.65
595.0	1.9928882342183032	14.441
595.5	1.6457259842682401	13.432
596.0	1.986919703358536	20.203
596.5	1.9246212843452013	30.381
597.0	1.655466744627984	16.477
597.5	1.6606821359980752	50.398
598.0	1.9142814834851314	15.029
598.5	1.2521748612043992	146.968
599.0	2.2488596291342	100.767
599.5	1.918707761720689	40.357
600.0	1.9478248616462173	54.183
600.5	1.8898983580276378	36.745
601.0	1.6882880774699018	100.588
601.5	2.3658002732306946	95.675
602.0	1.9649341244061396	60.359
602.5	2.16577102252269	84.41
603.0	2.2042278779256645	14.924
603.5	1.4609822343004726	110.743
604.0	2.4043678783274993	90.534
604.5	1.8135950514900694	90.697
605.0	1.7109007170515473	100.698
605.5	1.5723607178806518	100.552
606.0	2.3920760746110634	13.517
606.5	1.8475927024563337	44.783
607.0	1.949465393480943	13.527
607.5	2.001820471944466	63.585
608.0	1.9949771195537978	40.3
608.5	2.2840796127207614	80.62
609.0	1.969545815522342	89.997
609.5	1.77926854986518	12.924
610.0	2.2572323708993225	46.79
610.5	2.2550322565729246	33.763
611.0	1.5002323943479028	73.701
611.5	2.4205049199511595	13.316
612.0	1.563611727242069	13.961
612.5	2.031449057366191	80.433
613.0	1.3052706418949254	40.238
613.5	1.748168252164639	120.068
614.0	2.1345944302535402	40.096
614.5	2.3033134828969697	33.182
615.0	1.6349693220754389	33.834
615.5	1.9592753660376074	109.682
616.0	1.6339353213354963	70.431
616.5	1.8732410933284007	85.841
617.0	1.8203841167256598	63.646
617.5	2.2117317480546883	13.006
618.0	2.2911417159403475	70.531
618.5	1.7630216954627067	60.346
619.0	1.4975571604043796	50.352
619.5	1.532270925704595	70.564
620.0	1.9192860274687984	90.619
620.5	2.0316651794048877	90.585
621.0	1.8955992750986554	70.415
621.5	2.505452992887001	20.226
622.0	2.421639839419965	100.992
622.5	1.462665308781376	24.917
623.0	1.6640622355327241	80.585
623.5	1.7101594500394852	13.211
624.0	1.974773116118457	30.217
624.5	1.9596915536631538	70.592
625.0	1.8651209299347231	50.292
625.5	1.8178124217938882	43.734
626.0	1.7540966007355157	56.361
626.5	1.3738943447883514	28.819
627.0	1.868174262547559	15.226
627.5	1.998277332500366	13.608
628.0	1.866152458902785	35.015
628.5	1.7456589703509688	30.181
629.0	2.262512665876607	75.477
629.5	1.508578862873775	13.087
630.0	2.3021107402387213	70.84
630.5	1.4702193963682038	36.086
631.0	1.71304203098493	90.678
631.5	1.566374806592346	100.732
632.0	2.246735839166052	55.231
632.5	2.4271571738267896	70.436
633.0	1.9492620479156895	60.387
633.5	2.2655291072155497	100.638
634.0	1.9737026525503876	19.936
634.5	1.9018634614048813	80.618
635.0	2.2562036878079965	74.11
635.5	2.2181398105058845	50.247
636.0	1.603860040916323	30.263
636.5	1.3889804448240461	90.444
637.0	2.2119277830322606	20.139
637.5	1.918470194925299	62.668
638.0	1.515553560770357	110.427
638.5	1.9685279731255487	100.575
639.0	1.7645715643266082	70.473
639.5	1.5426259634647834	90.552
640.0	2.271616636332697	13.147
640.5	1.4918709009518112	110.921
641.0	1.590426360448962	65.276
641.5	2.058174306732973	63.868
642.0	1.7011705293188972	77.375
642.5	1.7156955790189754	13.137
643.0	1.7323695357281004	60.559
643.5	2.112352633824001	115.332
644.0	1.950325460501016	12.663
644.5	1.7162565154558747	33.683
645.0	2.179960390267547	30.226
645.5	1.574275170222862	17.898
646.0	1.9038060143533162	53.27
646.5	1.5573256019171131	73.419
647.0	2.4889905067356533	40.341
647.5	2.5095010677354677	40.143
648.0	2.07064447486968	90.919
648.5	1.4566983831185385	27.589
649.0	1.7191563318333722	30.273
649.5	1.6481387925467395	60.206
650.0	1.685683482787701	53.607
650.5	1.8348883553512128	60.532
651.0	1.8453125512557031	13.325
651.5	1.6449218277013224	136.444
652.0	2.2583668770218854	130.918
652.5	2.1783741796191616	112.174
653.0	1.8288752115080094	30.163
653.5	2.097049033815264	20.649
654.0	1.4707815963742135	120.709
654.5	1.9384470250514927	100.632
655.0	2.58272385926295	23.674
655.5	1.5541085281834837	83.708
656.0	1.4837617228969737	20.314
656.5	2.075241221319925	33.495
657.0	1.6937718179075965	32.871
657.5	2.134300206095301	80.538
658.0	1.6492646009777796	33.242
658.5	1.8900635425233154	50.323
659.0	1.8613891733209915	30.23
659.5	2.0552049459438804	110.724
660.0	1.6387838181794254	13.176
660.5	1.7432907530442552	80.454
661.0	2.3638607349394385	70.564
661.5	1.6587569045767994	110.692
662.0	2.0513508720790976	12.986
662.5	1.7380581233315564	105.656
663.0	1.921362892635349	80.449
663.5	1.8745331291644158	104.04
664.0	1.3971261924066316	110.587
664.5	2.107508390756942	80.558
665.0	1.8869211198239892	20.026
665.5	1.8255725034206507	110.828
666.0	1.6549309819806197	50.391
666.5	2.6032832630921128	30.164
667.0	1.8577476106080606	85.287
667.5	1.7344166230938343	93.9
668.0	1.6349749627917103	88.259
668.5	2.005350666985736	80.484
669.0	1.9441682803299842	113.907
669.5	1.7134293285988456	60.473
670.0	1.7181766916148447	65.476
670.5	2.019086334534585	121.045
671.0	2.3297558342010913	100.491
671.5	1.802058164461369	15.768
672.0	1.6075623787701319	108.481
672.5	2.0122827660179046	63.841
673.0	1.875525287646097	23.76
673.5	1.721898981174211	13.48
674.0	2.2775559817921245	14.377
674.5	2.0723874007255687	13.071
675.0	2.055933842833212	50.32
675.5	1.5772235686205895	33.191
676.0	1.7333967634291922	60.43
676.5	1.9574315809754568	40.224
677.0	2.0630117978738687	90.567
677.5	1.5658381506719414	140.991
678.0	1.961815844526077	40.299
678.5	1.9946700615580564	131.031
679.0	2.412086682743105	20.12
679.5	1.7583121493933804	63.069
680.0	1.6829806022385423	60.288
680.5	2.094769305155842	100.788
681.0	1.8047813145315494	54.019
681.5	1.8437154477899487	15.057
682.0	1.915732276071429	90.573
682.5	1.5746392720845743	60.472
683.0	1.877600987803322	20.231
683.5	1.5715453977770633	80.464
684.0	2.0023525624917538	50.275
684.5	2.3200956889121334	50.359
685.0	2.2248119873708645	50.427
685.5	1.8769476709951736	100.79
686.0	1.9538336770911013	100.688
686.5	1.7172731467931988	50.455
687.0	1.6417583197076246	100.762
687.5	1.3980219621310512	20.626
688.0	1.9841430088264134	20.147
688.5	1.718886649572736	12.853
689.0	1.9524452871893747	30.155
689.5	2.3770793732951816	20.193
690.0	1.87063359701291	20.143
690.5	2.461670058850729	12.883
691.0	1.7071575835014692	40.299
691.5	1.9423328200415322	33.753
692.0	2.0632216217833066	30.028
692.5	1.9901215933410654	80.592
693.0	1.9471133499627982	50.402
693.5	1.498466203036153	13.311
694.0	2.03642704445517	50.225
694.5	1.418424356628501	20.056
695.0	1.893377241628397	100.829
695.5	1.8009020772295596	12.8
696.0	1.9583240920730363	130.764
696.5	2.187705602693371	80.555
697.0	1.7122784988626432	13.759
697.5	1.9812501309452086	80.299
698.0	2.2367757831780875	12.976
698.5	1.8358789515401521	80.476
699.0	1.7326220733748323	40.319
699.5	1.7114886243949887	100.645
700.0	1.9991111329487277	40.512
700.5	1.0737513272249968	123.625
701.0	2.3162177098007413	60.552
701.5	2.523926135231989	20.213
702.0	1.975327546700827	50.167
702.5	1.4839364492914815	110.796
703.0	1.8348317623575203	80.352
703.5	2.427386411935043	50.208
704.0	1.8785455334522945	130.807
704.5	1.966133314066538	63.671
705.0	2.0718817567168535	134.667
705.5	1.5063224712403724	110.78
706.0	2.126957544855441	63.2
706.5	2.138496342438026	84.474
707.0	1.8941112918385212	80.572
707.5	2.073768839934142	30.249
708.0	1.487265302516344	80.558
708.5	1.5343495603572144	30.212
709.0	2.6670305437363164	20.089
709.5	1.5097939164782674	100.721
710.0	1.650040870852265	120.676
710.5	1.294545034014172	110.621
711.0	1.782535062320184	20.162
711.5	1.8253616404080661	110.781
712.0	2.4474188725097137	35.642
712.5	1.1457460995065496	33.6
713.0	1.7660368222850484	33.71
713.5	1.5227017286220303	30.203
714.0	2.8075538275010428	80.39
714.5	1.7394809191658491	50.393
715.0	2.3454996634747816	50.083
715.5	1.498000330031116	110.828
716.0	1.5751857591149603	63.179
716.5	1.491767634202574	80.555
717.0	1.923958494435841	20.25
717.5	2.027373411273762	33.571
718.0	1.7799703729188847	30.134
718.5	1.6237705372869176	52.864
719.0	1.836664627157047	100.421
719.5	2.350514438356115	80.58
720.0	2.129044867246687	20.244
720.5	1.3265511772535634	60.293
721.0	2.2925631909492385	94.204
721.5	1.6477990025126974	110.674
722.0	1.8826511269481223	13.146
722.5	1.5992252377163227	60.452
723.0	1.6882066368966484	100.726
723.5	2.2117705473725073	80.364
724.0	1.786999260198438	93.884
724.5	1.4258706561958818	100.562
725.0	1.7254946906670066	90.448
725.5	1.8363922528362202	100.577
726.0	2.3510180644856797	43.667
726.5	1.9039853251886008	40.181
727.0	2.4041826117407146	50.168
727.5	1.720848133792842	12.974
728.0	1.9460164576723789	39.529
728.5	2.362370817889794	30.218
729.0	2.0258266839294192	70.566
729.5	1.8723495860627706	40.254
730.0	1.5785129209103597	40.184
730.5	2.0187699634727023	40.302
731.0	2.254272060737429	20.085
731.5	1.527572570390663	43.773
732.0	1.5991264635092979	30.007
732.5	1.8565593488723504	130.956
733.0	1.9916277154821305	20.173
733.5	1.8959438934438368	80.595
734.0	2.193683491366353	50.272
734.5	1.9607362991692583	100.694
735.0	1.5679022972362031	50.258
735.5	2.432192229011276	70.35
736.0	1.4047197836533165	90.591
736.5	2.0640539607313864	13.534
737.0	1.4946306932956914	110.66
737.5	2.176799688131032	75.006
738.0	1.3540321966994062	105.328
738.5	2.331987524876202	120.841
739.0	2.05587183717308	60.508
739.5	1.8261674049765053	33.43
740.0	1.7899189410256184	63.163
740.5	2.4510633030784796	19.982
741.0	1.412160169139921	30.258
741.5	1.824056511408754	53.826
742.0	1.6635645053811121	20.002
742.5	1.9255953025523715	90.647
743.0	1.9023227882584457	83.767
743.5	1.835180342972055	63.998
744.0	1.789063050596489	90.536
744.5	2.079984921383072	40.212
745.0	1.9490867951567876	70.609
745.5	1.4791719951180304	43.504
746.0	1.9647999772507065	86.895
746.5	1.8050397881366318	13.25
747.0	2.2277136443728964	40.177
747.5	1.8382928889714645	100.297
748.0	1.7060258198831741	40.67
748.5	1.6775904373426265	110.88
749.0	2.5679846312586627	40.274
749.5	2.0832070992894747	56.173
750.0	1.892393068461386	33.615
750.5	1.582245527841203	60.462
751.0	2.0115236012882542	20.032
751.5	1.6920961299000392	50.332
752.0	2.1280474588987133	25.068
752.5	2.010135292786109	63.565
753.0	2.1692716472533426	30.162
753.5	1.8285981724350793	30.246
754.0	1.8745789563218558	80.591
754.5	2.4430231259583017	12.482
755.0	1.5494256260934964	100.735
755.5	2.0822149919738786	100.896
756.0	2.33770378081699	60.36
756.5	1.6891472629582878	84.593
757.0	1.9167663470283365	50.347
757.5	1.5498263312102487	50.212
758.0	1.7509698753985257	121.271
758.5	2.157752953382312	63.399
759.0	1.7422466197497088	90.877
759.5	2.0320129670109677	30.25
760.0	1.961019299881479	80.479
760.5	1.73959979831097	30.132
761.0	2.1916061513295304	80.391
761.5	1.7510461553146464	73.972
762.0	1.5896356821829736	60.453
762.5	1.5207615790303821	13.769
763.0	1.6646028042362966	80.333
763.5	1.549544115261842	100.485
764.0	1.726741088067066	20.042
764.5	1.816348145289334	18.789
765.0	1.798075814780993	70.413
765.5	2.2294078773111656	14.529
766.0	1.565692755655385	65.391
766.5	2.208952184188076	70.472
767.0	1.7284048143751138	60.523
767.5	1.8917782796903335	40.912
768.0	2.0616796170628633	50.421
768.5	2.504254498232553	90.383
769.0	2.3409325859758177	80.532
769.5	2.0739871497093687	110.967
770.0	1.6844210524313568	14.166
770.5	2.2051805422261137	14.122
771.0	2.1973509443241173	13.114
771.5	1.9243284472301792	83.992
772.0	2.177835382425579	13.745
772.5	1.969499885824988	46.809
773.0	1.7849155811026587	100.729
773.5	1.9031723740474515	80.249
774.0	2.3761678257694214	85.092
774.5	1.8317349396841864	50.297
775.0	2.339017459575846	50.207
775.5	1.7555850531822241	90.52
776.0	1.7576729772097053	90.626
776.5	2.0329116451664273	120.198
777.0	2.2306797666008342	13.454
777.5	1.8313878904845111	30.121
778.0	1.7514470934197048	120.828
778.5	2.316375633053976	40.255
779.0	1.884011668959995	110.365
779.5	1.6979154390285365	63.583
780.0	1.8335703139978181	77.18
780.5	1.6136824005576968	30.473
781.0	1.5000455771748074	110.337
781.5	1.9842969419086	33.792
782.0	1.9365820724007867	70.194
782.5	2.141281757397307	20.203
783.0	1.478202471209281	100.919
783.5	1.471390700372494	70.329
784.0	2.191437233276117	20.606
784.5	1.855968781437429	90.536
785.0	2.258527320129933	50.447
785.5	1.517866875607634	63.746
786.0	2.284676003798602	22.217
786.5	1.5052159823820015	33.714
787.0	1.5266653365793628	33.184
787.5	1.8481256308336766	110.775
788.0	2.35444263741054	13.85
788.5	1.5578602069374612	20.163
789.0	1.5401871333743058	73.937
789.5	1.7112756230668003	103.35
790.0	2.195281806316435	13.833
790.5	1.6662998845226953	70.542
791.0	2.317122277594379	50.368
791.5	2.016486830016629	13.36
792.0	1.5265157838566277	73.123
792.5	1.4793067164770604	32.449
793.0	2.2655943024803276	30.229
793.5	1.7902828347605315	59.403
794.0	1.5116315852606819	60.383
794.5	2.012707546945118	60.408
795.0	1.6680530220266396	80.7
795.5	2.2875805848333632	80.589
796.0	1.874786958242655	70.515
796.5	1.6614232423591397	13.882
797.0	2.5646480763117236	19.985
797.5	1.7927061041000325	43.885
798.0	1.6254219646991885	43.751
798.5	1.7684111397672515	80.434
799.0	1.7921633134016353	100.709
799.5	1.596666796964823	100.948
800.0	1.49340815009922	13.475
800.5	1.6929445996736627	30.379
801.0	1.4637444884649162	80.65
801.5	1.9339020805683433	56.373
802.0	1.7708790795885063	40.391
802.5	1.9090537741792348	100.749
803.0	1.9281205055966821	70.376
803.5	2.0269072464345776	53.762
804.0	1.3297099146914446	34.351
804.5	1.8720097366703627	30.03
805.0	1.6393894375324147	13.621
805.5	1.7729578883758186	30.218
806.0	1.8294968913112672	30.123
806.5	1.6033433493332074	110.87
807.0	1.7107597121685003	13.631
807.5	2.2436711536416936	40.211
808.0	2.2962263633428126	70.501
808.5	1.828560059446933	70.4
809.0	1.9168691613084468	20.208
809.5	1.8694632028664582	100.614
810.0	1.8472819265450289	97.463
810.5	1.5637122485674635	33.092
811.0	1.9732483183076144	90.563
811.5	1.664573981087559	84.944
812.0	1.7208769309130225	80.623
812.5	1.5587106980276426	60.399
813.0	2.243417873899867	70.457
813.5	1.989672154196085	85.29
814.0	2.075288746066942	100.747
814.5	1.8040419532326093	40.317
815.0	2.188754797059373	20.124
815.5	1.3721647979018028	110.67
816.0	1.7959619766628196	20.089
816.5	1.593648429252254	108.617
817.0	1.6372049600052314	80.447
817.5	1.6460908995080294	95.319
818.0	2.153706727950228	19.389
818.5	2.0653285662537875	20.116
819.0	1.6352434916534444	101.172
819.5	1.6393524786114728	12.921
820.0	1.368308230733863	70.524
820.5	2.311628519554591	80.517
821.0	2.2590696470195226	70.466
821.5	1.7360543376206778	80.446
822.0	2.1872094360999976	63.082
822.5	2.458811501301332	80.432
823.0	2.281887097298355	20.106
823.5	1.4721826814189243	43.978
824.0	2.4076496115044925	60.583
824.5	2.0497538767431753	90.542
825.0	1.3390953766981295	100.514
825.5	2.3594490958619763	13.013
826.0	2.0097609271220405	13.245
826.5	1.3559791665118788	13.273
827.0	2.0178991906466925	13.269
827.5	1.9152200056977433	55.752
828.0	1.2987067870615714	70.377
828.5	1.8545947790443131	20.049
829.0	1.801589663837697	80.523
829.5	1.902346706228352	50.247
830.0	2.2303242415506093	73.112
830.5	1.7611825986310765	34.403
831.0	1.5495360294880076	30.139
831.5	1.7072797072853252	80.621
832.0	1.9504079851408362	15.715
832.5	1.8151280475152383	120.675
833.0	1.507647100438613	70.502
833.5	2.2301723048031774	108.221
834.0	1.6879477706014638	40.368
834.5	1.6384249460059352	40.288
835.0	1.369991136050387	85.442
835.5	1.516210830493976	12.89
836.0	2.011076045999873	60.321
836.5	1.943162432163822	63.354
837.0	1.5981910021706096	100.725
837.5	2.033595621268326	100.603
838.0	1.5781179484028005	120.995
838.5	2.1517015630114034	73.794
839.0	2.2327445431927173	30.273
839.5	2.186175940485147	32.722
840.0	1.7918619177236625	70.445
840.5	0.1564935186452298	12.842
841.0	0.12042902379203965	100.525
841.5	2.679010932048663	70.28
842.0	1.7027671004670435	40.14
842.5	1.5899634382046048	64.462
843.0	2.143913349089278	124.419
843.5	1.7935331791544074	50.324
844.0	1.7954176084609914	70.543
844.5	1.7387807563104822	80.618
845.0	1.5644181913385278	60.419
845.5	2.3674363427571286	40.365
846.0	1.5932682898970543	53.84
846.5	1.8774653107403665	20.014
847.0	1.7586741679313167	66.588
847.5	2.1671509463083756	30.186
848.0	2.4792203460719264	70.511
848.5	1.7498811997372241	50.299
849.0	1.8171660988464058	70.395
849.5	1.9719941443430111	90.513
850.0	1.511645194523157	60.521
850.5	1.7889178981819638	80.487
851.0	2.330836819115987	30.2
851.5	1.4830667758444624	90.484
852.0	1.8485976090968639	50.292
852.5	1.947670962786789	56.268
853.0	1.8972164880333382	70.596
853.5	2.2117267443342605	70.425
854.0	2.028645414454627	110.771
854.5	1.8248355213671028	80.458
855.0	1.8496053351035386	30.305
855.5	1.3555315147181946	120.593
856.0	1.6948081924586507	80.496
856.5	2.586024243658719	13.605
857.0	1.7766398385044915	93.869
857.5	1.7705197255500429	84.257
858.0	1.621093332338777	113.42
858.5	1.7748561856926155	60.247
859.0	1.9759858731478015	60.433
859.5	1.739273018748819	13.434
860.0	2.005942457267091	94.35
860.5	1.8086764506246906	100.539
861.0	1.2858937257157705	33.237
861.5	2.078468089070988	80.415
862.0	2.567670014116208	19.898
862.5	1.5171538639294437	41.774
863.0	1.52705455766106	19.945
863.5	1.7981354906002955	110.717
864.0	2.1342397790757723	20.095
864.5	2.2693557738607284	30.191
865.0	1.506708977523554	50.429
865.5	1.5880521022729324	13.737
866.0	2.0612241517740446	20.014
866.5	2.193325549614692	20.054
867.0	2.191955089390845	90.503
867.5	1.8777013768414577	90.698
868.0	2.0172142640077904	70.519
868.5	1.8165239514566394	84.103
869.0	2.0531613918884406	50.35
869.5	1.6206958912917726	70.367
870.0	1.633792710666299	93.733
870.5	1.7689928065846003	53.551
871.0	1.589635070955741	80.429
871.5	2.0249887553864485	110.595
872.0	2.090513476718231	22.858
872.5	2.452026439353492	80.393
873.0	1.2848896738145734	14.979
873.5	2.2774436123257824	20.168
874.0	2.3842593942018864	131.165
874.5	2.0727285549074397	70.232
875.0	1.6517018328757829	50.282
875.5	1.8618327520383517	60.465
876.0	1.783094152049056	20.269
876.5	2.0429672376184342	136.277
877.0	1.6268874659728585	50.282
877.5	2.0046584851580853	30.265
878.0	2.0121541795391016	40.244
878.5	2.004050711402993	65.72
879.0	1.220599793002668	90.711
879.5	1.6885335618450077	110.551
880.0	1.7549452569182047	40.128
880.5	1.5228009488428897	100.749
881.0	1.784765044523906	20.147
881.5	2.4668717874047132	90.544
882.0	1.5607714138389508	40.314
882.5	1.5686276829832202	100.701
883.0	1.7228154739935262	80.568
883.5	2.4040815775987423	22.76
884.0	1.8914310536411723	54.319
884.5	1.650416422550572	40.271
885.0	1.976503230322145	19.969
885.5	1.6057092685058951	65.276
886.0	1.4941479057829976	90.43
886.5	1.5454172612295776	85.355
887.0	1.5830984261482288	130.883
887.5	2.4474437936983646	23.852
888.0	1.6540749634631526	20.206
888.5	1.5000235415141152	100.489
889.0	2.0172623834110923	70.59
889.5	1.5858160804938848	60.468
890.0	2.141661108130671	13.203
890.5	1.6625271167659763	130.958
891.0	1.5933914331292487	43.171
891.5	1.84079298435994	40.307
892.0	2.142047747446342	15.008
892.5	1.6939884387735906	12.956
893.0	2.1202648027412083	20.143
893.5	1.9553983731947253	90.76
894.0	1.8293235169041688	70.596
894.5	1.3843764467471331	90.699
895.0	2.227658790806349	20.136
895.5	1.996263565356686	50.491
896.0	2.1284440914630642	54.423
896.5	1.6352936774192228	50.481
897.0	1.711535105253368	14.777
897.5	1.503385046115904	83.235
898.0	2.3036050118217193	86.534
898.5	1.4925153680198242	25.826
899.0	1.8239240017702676	23.399
899.5	2.121540564979152	34.359
900.0	1.908334438468537	41.114
900.5	1.6849231125415447	50.188
901.0	1.6834334111698335	50.273
901.5	1.7231471656201256	70.419
902.0	2.013604682562892	20.122
902.5	1.78253124021379	40.189
903.0	1.9538007287403085	60.353
903.5	1.8668272124098186	80.544
904.0	1.5564138394557565	110.611
904.5	1.423105293373515	123.955
905.0	2.179871207920907	50.452
905.5	2.419673219809115	26.85
906.0	1.6543982612612282	13.359
906.5	1.6295080487694356	14.892
907.0	1.454713720973463	60.414
907.5	2.3063805356186027	86.93
908.0	1.6065983420591674	120.867
908.5	1.7554759990783722	100.757
909.0	2.1236035797580985	90.352
909.5	1.945066987615689	123.441
910.0	1.3454948622016356	60.43
910.5	1.5959492545639493	19.766
911.0	2.1715814193724463	40.323
911.5	2.1766068368358096	24.006
912.0	1.563476580084017	50.355
912.5	2.0736058356880918	33.277
913.0	1.7124855621874493	15.565
913.5	2.112331870523218	50.494
914.0	2.008913252316475	20.06
914.5	1.6977003992343844	50.328
915.0	2.041937997541381	120.548
915.5	2.0782341103949427	80.312
916.0	1.811393250169531	100.48
916.5	2.0932985058682347	34.803
917.0	2.094486675783862	85.3
917.5	1.393990630176582	20.185
918.0	1.4767682804599138	90.466
918.5	2.5196697294007397	60.636
919.0	1.4821663831795873	80.523
919.5	1.9769959693887584	110.525
920.0	2.0663014992906192	114.179
920.5	1.8625357018875102	30.295
921.0	2.1834369306354384	40.465
921.5	1.4887567766893846	64.656
922.0	1.7906392693050417	33.551
922.5	2.413838360503901	20.132
923.0	1.5508179321774598	104.506
923.5	1.7724352196212112	80.568
924.0	1.7576702765519783	30.188
924.5	1.3927684759130867	120.518
925.0	1.5238988868114238	80.57
925.5	1.4785115330833831	80.566
926.0	1.6970290514124171	33.532
926.5	1.43226647999893	20.033
927.0	1.0851334990727153	72.291
927.5	1.3502528952310782	55.403
928.0	1.1997791694216815	48.588
928.5	2.2056154689671015	20.208
929.0	1.4791418716058968	43.342
929.5	1.8457663974314522	120.868
930.0	1.5147468744549228	100.657
930.5	1.9229067395596033	30.25
931.0	1.4411882143711883	62.776
931.5	1.4741558832538786	13.189
932.0	1.6288081460844555	96.017
932.5	1.9986251250292322	100.829
933.0	1.383209766548629	20.098
933.5	1.5467157510964262	70.585
934.0	1.8203374111265203	100.454
934.5	2.1074272290263294	80.512
935.0	2.512356208732481	17.983
935.5	1.2325666187612316	112.143
936.0	1.810585966942389	19.746
936.5	1.3579723571161693	14.429
937.0	1.1309264454729668	34.783
937.5	1.9240898973230627	80.722
938.0	1.3276909905290029	140.745
938.5	1.6634327667991287	80.536
939.0	1.3726799799001492	16.216
939.5	1.5405530356021362	114.131
940.0	1.756261971240643	34.847
940.5	2.4950185868227015	33.804
941.0	2.50272216086593	20.004
941.5	1.6119699748587013	54.759
942.0	2.5924086870690393	50.251
942.5	1.453129642116278	30.213
943.0	1.545323806489418	60.346
943.5	1.9993429996892131	70.56
944.0	1.5883206446793392	90.567
944.5	1.9853709470629828	90.632
945.0	1.555730611876252	43.892
945.5	1.506709447726658	50.363
946.0	2.1345453356448387	30.217
946.5	1.7418604264534252	33.592
947.0	1.9048929832466839	120.611
947.5	1.3489001722487586	63.783
948.0	2.112271264128726	130.97
948.5	1.3476499107235818	35.396
949.0	1.8577731195287177	50.55
949.5	1.4850193608524662	70.642
950.0	1.634853631205667	40.285
950.5	2.052356631696824	13.195
951.0	1.404990143160798	13.169
951.5	1.5024481651181547	100.792
952.0	1.626586798968389	12.968
952.5	1.8339577022770275	20.194
953.0	2.162254202131464	105.127
953.5	1.7386859309671256	60.325
954.0	1.877237923945554	44.834
954.5	1.7972522999322191	70.61
955.0	2.253532789756269	80.399
955.5	1.9966090836176669	30.178
956.0	1.717536509645588	65.811
956.5	2.0139742247169923	13.139
957.0	2.028857503582365	110.561
957.5	2.1789604654703405	92.772
958.0	1.8398400887937898	100.844
958.5	2.2409622933367968	40.36
959.0	2.0100266864569463	110.604
959.5	2.038798269280662	70.354
960.0	2.1911343760582063	14.228
960.5	1.4400533003657814	110.793
961.0	2.4292208148700367	16.045
961.5	1.3813194256308665	20.233
962.0	2.1140500521260983	30.186
962.5	1.1174816052899483	20.091
963.0	1.4987336728228033	23.354
963.5	2.3814926849229354	100.545
964.0	1.4905889620561612	79.509
964.5	2.184681287611599	63.829
965.0	2.1311227019922514	53.718
965.5	1.5961609990764871	40.311
966.0	1.491674541757406	110.64
966.5	1.7903491773376734	45.011
967.0	1.9009609026296763	43.319
967.5	2.3709055927167815	100.561
968.0	1.622406739134525	40.133
968.5	1.556800122906519	110.757
969.0	2.8002429639055078	64.83
969.5	2.4841710736337514	14.008
970.0	1.5677478317372966	106.259
970.5	1.675265869606995	100.836
971.0	2.2997082775207573	120.845
971.5	1.859224420324097	33.411
972.0	1.274008508146992	90.534
972.5	1.9715588854176853	64.694
973.0	2.4468568968221427	60.279
973.5	2.3202340270156108	22.14
974.0	1.5945191534982914	110.643
974.5	1.6002616366312206	40.245
975.0	1.4793382937967505	52.193
975.5	1.7592242828684002	100.632
976.0	1.499514995667574	30.22
976.5	1.6269235383392542	30.214
977.0	2.346088080222068	12.984
977.5	1.521653410430037	80.609
978.0	1.8225294556344709	43.699
978.5	1.5718968665767306	13.455
979.0	1.5200881543669376	65.846
979.5	1.8360236668650591	63.996
980.0	1.4810576333787078	100.642
980.5	2.4019203204237036	80.884
981.0	1.8408649917428914	19.989
981.5	1.5688803662870057	40.241
982.0	2.0136618558805215	80.393
982.5	2.167408589145033	15.119
983.0	1.8622687533592488	110.651
983.5	1.595889087377826	13.235
984.0	2.012604894378011	34.047
984.5	2.0814073005736526	13.388
985.0	1.79903855866798	130.925
985.5	1.7411152270957793	33.575
986.0	1.5702944884523353	33.718
986.5	1.6028020728974246	93.935
987.0	1.6840822132576807	63.969
987.5	1.5213362352195436	110.145
988.0	2.2565175644344557	25.966
988.5	2.100196465185695	110.997
989.0	2.3007507799760027	30.186
989.5	2.0810677562086117	60.331
990.0	1.560013620671691	45.543
990.5	2.1139676755935652	60.29
991.0	2.2946497496027836	14.68
991.5	1.5647150793091353	54.191
992.0	2.3440516663191064	12.666
992.5	1.675498572096113	13.194
993.0	2.044564624874391	60.51
993.5	2.3485204886366806	100.634
994.0	1.8786065780885475	13.363
994.5	1.7389657650768429	100.767
995.0	1.8854740966571717	100.773
995.5	2.019501111794808	63.932
996.0	1.9987533876887436	94.874
996.5	1.8268491102425222	80.924
997.0	1.916375511256105	40.197
997.5	1.4656322303346054	63.44
998.0	2.0942290487812167	73.719
998.5	1.9299164375270463	80.437
999.0	1.971807692972106	70.661
999.5	1.717061561537539	112.269
1000.0	1.9171439767921545	80.427
