0.5	0.1721664062650935	42.503
1.0	4.131505088461066	50.416
1.5	2.1210080132779807	50.641
2.0	0.9903565354176493	36.18
2.5	1.6344801940567275	40.064
3.0	1.6472578228146395	45.713
3.5	1.306789515591071	50.307
4.0	1.9574317635176515	40.789
4.5	1.6240399659595883	82.528
5.0	1.7715257830083362	50.323
5.5	1.7389599403729323	50.228
6.0	1.8862416645370708	59.522
6.5	1.7486760686841238	202.207
7.0	1.3363806398473863	211.303
7.5	1.5519128603404475	110.8
8.0	2.096013481117367	103.474
8.5	1.705661200044618	120.349
9.0	1.1785438587682768	51.745
9.5	1.9476550938580122	140.608
10.0	1.741206116283519	60.304
10.5	1.7533417030422378	141.079
11.0	1.6832486867729863	24.372
11.5	1.8942795602545224	90.721
12.0	1.852935773176953	70.368
12.5	1.669731627684112	115.273
13.0	2.111104551895903	70.762
13.5	1.4511166128482207	50.391
14.0	2.0430188246979366	70.479
14.5	2.2873938207280564	120.808
15.0	1.419267635968495	83.963
15.5	1.6845780858691382	99.058
16.0	1.7988965185585752	120.631
16.5	2.3682225061835926	24.75
17.0	2.1466415471667126	91.206
17.5	1.8444679208457773	30.032
18.0	2.129015141284663	100.494
18.5	2.2181062328780614	25.541
19.0	1.5483524738126309	100.723
19.5	1.4970440447060205	44.354
20.0	1.6029826617277592	53.958
20.5	2.0452044793920456	70.529
21.0	2.050023680080176	103.433
21.5	1.977578457743252	40.296
22.0	1.9986507198889572	50.484
22.5	1.4861163872935161	40.251
23.0	2.024180940129917	138.306
23.5	2.0009066094759294	44.064
24.0	1.8646170441943644	40.351
24.5	2.3710722767544423	43.204
25.0	2.307879816508579	40.765
25.5	2.0391943233414853	100.626
26.0	2.3004267903427884	60.623
26.5	1.510346527374078	65.74
27.0	1.9115552836593672	80.641
27.5	2.5614830823038175	50.548
28.0	1.4201715259915937	80.579
28.5	2.090481548124409	131.613
29.0	1.5479343307991331	89.809
29.5	2.184942018838277	74.43
30.0	2.17218927912539	80.406
30.5	1.2828682076619824	50.404
31.0	1.8490246375252735	71.049
31.5	2.112422159925703	90.43
32.0	1.6860186702152964	100.467
32.5	1.8014272675015588	75.79
33.0	2.0517468202841553	50.771
33.5	1.8357921061470537	60.455
34.0	1.6656425977525229	70.487
34.5	1.7001980822121832	40.153
35.0	1.7370490188205228	120.807
35.5	2.4809782150702806	100.726
36.0	2.3032161947758953	110.745
36.5	1.4018133452432247	80.515
37.0	2.0026100588569458	79.243
37.5	1.7427422829036543	42.473
38.0	2.0211934145783372	90.65
38.5	1.8835429613576056	50.415
39.0	2.019688204675793	65.502
39.5	2.136789502794668	90.543
40.0	2.2643385941525667	70.516
40.5	1.4928383260200997	40.513
41.0	1.8673084687045136	35.369
41.5	1.9191431102154215	92.212
42.0	1.445368206677937	21.155
42.5	1.9397398554112408	73.771
43.0	1.7902312289439894	70.49
43.5	2.231486875764524	50.323
44.0	2.386300144658276	69.657
44.5	1.7506897622982374	121.18
45.0	2.429050942969942	23.595
45.5	1.6555300735568628	130.903
46.0	2.3338379013809933	52.731
46.5	1.8914591061469155	151.251
47.0	1.6798404959052047	120.929
47.5	2.085557941911608	84.801
48.0	1.4952520111369376	95.285
48.5	1.8804600184522742	100.627
49.0	1.6954703224380172	75.805
49.5	1.7511159106508276	36.291
50.0	1.752134652040807	90.665
50.5	1.5737932512861135	40.112
51.0	1.5810149553625972	90.577
51.5	1.7075913129532176	102.909
52.0	1.8628034201823003	110.943
52.5	1.6451935433329579	23.908
53.0	2.4440544922782035	70.387
53.5	1.9790730563941805	141.055
54.0	1.8884129462974903	144.653
54.5	1.6516437641861854	80.705
55.0	1.925966756590049	70.32
55.5	2.781150297503574	60.602
56.0	1.3539874400632876	54.434
56.5	1.4147437950856623	40.396
57.0	1.669977180857314	70.359
57.5	1.5139245844896025	56.295
58.0	1.5561496727368362	90.96
58.5	1.5435849818787217	22.003
59.0	1.8647092776815932	80.549
59.5	1.6552462253647182	53.427
60.0	1.5304958002561062	80.465
60.5	1.8495724366302093	40.274
61.0	2.1305742078220744	30.281
61.5	1.7417095779912948	118.848
62.0	1.4349205381169698	80.561
62.5	1.871563478710285	93.393
63.0	1.8084778268688135	60.32
63.5	1.819262632983298	90.524
64.0	1.2985275874771331	120.746
64.5	1.9337869123716882	106.949
65.0	2.133569488370264	121.44
65.5	1.8870773255424982	50.477
66.0	1.3295501240641476	30.414
66.5	2.3029438241280817	60.377
67.0	1.7741441131742317	50.41
67.5	1.806955906921508	140.962
68.0	1.6189066271865962	80.506
68.5	2.299235489957808	70.548
69.0	2.341399886216621	100.886
69.5	1.7910339774147954	80.523
70.0	1.8079296335486397	50.256
70.5	2.2660996022750126	60.53
71.0	1.6240864388395386	100.748
71.5	1.9806625977260435	108.595
72.0	1.3253630574993045	60.466
72.5	1.9647470365701645	90.521
73.0	2.3749962661666495	100.463
73.5	1.7978499393759162	43.309
74.0	1.7563025899272315	131.126
74.5	2.127405388303903	181.974
75.0	2.1469935758650807	80.719
75.5	1.5320842641508845	27.667
76.0	2.1258753378549295	90.33
76.5	2.4700834541461796	115.127
77.0	1.5317190443997903	59.116
77.5	1.7075321089956499	100.747
78.0	1.460719372314017	109.741
78.5	1.792704267626052	40.572
79.0	2.0741458288578483	121.222
79.5	1.2395614650684839	40.293
80.0	2.61352342770323	30.468
80.5	1.3455208369288976	100.698
81.0	1.7028843984718727	66.784
81.5	1.516602803606	100.539
82.0	1.8383133653904322	65.085
82.5	2.09474792710135	51.078
83.0	1.846123246095582	80.583
83.5	1.6620438472095644	50.313
84.0	1.6213898552949326	77.598
84.5	2.088264654650745	75.244
85.0	1.4647647001354647	88.377
85.5	1.555763219577935	100.628
86.0	2.438395640353159	52.467
86.5	0.15156667603071575	32.178
87.0	12.21411195450539	100.463
87.5	1.9792164768836786	40.019
88.0	1.999198947608886	130.853
88.5	2.2201697586600786	80.204
89.0	2.0703144084984233	40.299
89.5	1.9454791355141388	105.558
90.0	1.9718669734005163	110.661
90.5	2.0701490328367713	130.966
91.0	1.9288671124249126	84.827
91.5	1.7153028079336228	24.125
92.0	1.6153626766449383	95.306
92.5	1.886837278613591	100.504
93.0	1.8063769491409505	140.971
93.5	1.7835295247076712	119.852
94.0	1.6540176658635544	64.082
94.5	1.854229787111539	45.356
95.0	1.729591080781407	70.832
95.5	1.9019545804973128	70.374
96.0	1.9561941385129793	80.701
96.5	2.288091458992527	70.958
97.0	2.3728342423908875	66.062
97.5	1.3913215968206558	40.32
98.0	1.9387415498855378	80.445
98.5	1.9269330130733195	110.712
99.0	2.061943896038643	70.448
99.5	1.51707536870927	92.993
100.0	1.6151266262162494	80.429
100.5	1.9757674877001459	125.805
101.0	1.7268094444413902	77.515
101.5	1.4120501118541402	23.27
102.0	2.200140226144511	24.961
102.5	1.988669999629512	80.445
103.0	1.8622287894085021	141.648
103.5	1.9431576180921921	100.92
104.0	1.7951157381757277	70.421
104.5	1.8240123939295063	97.041
105.0	1.8298318718462643	70.646
105.5	1.6804809389376818	100.238
106.0	1.571684804583363	150.999
106.5	1.6678576253177777	77.633
107.0	1.988025471095229	60.402
107.5	1.9416970641653202	60.309
108.0	1.511514757840146	44.908
108.5	2.235061672384075	106.374
109.0	1.8414582056901907	30.73
109.5	1.3343252163648462	70.598
110.0	2.745157143962492	45.941
110.5	1.5373114604360743	80.682
111.0	1.716153650314038	80.414
111.5	1.7111519331550826	26.211
112.0	1.611583772981231	79.306
112.5	2.4460343290080164	92.072
113.0	1.4829923440764248	50.363
113.5	1.814691043354937	60.458
114.0	2.2434631263466653	120.752
114.5	2.1910074659711896	70.726
115.0	1.5295064340564417	80.555
115.5	2.0514063414999573	60.375
116.0	2.1298327048287855	151.089
116.5	1.8178159452143092	110.754
117.0	1.976571412158582	28.238
117.5	1.9078763347026733	42.19
118.0	1.7932172056410165	79.857
118.5	2.3063385341094667	40.314
119.0	1.5424649949779583	70.53
119.5	2.010440506769914	27.653
120.0	1.7905861029571963	30.34
120.5	2.0057239566407437	53.243
121.0	1.558338856485351	79.228
121.5	2.2585841764376084	101.066
122.0	1.7210689814616678	70.509
122.5	1.7658531283020158	70.638
123.0	1.4886144328107673	120.868
123.5	1.949442913134695	102.489
124.0	2.0949196206761624	80.468
124.5	1.9142228733912887	49.797
125.0	2.1689472917285912	80.86
125.5	1.9679871604933017	120.785
126.0	1.7313615603680388	140.983
126.5	1.938002694971458	114.623
127.0	1.5422370357060955	100.431
127.5	1.7741393385117643	37.291
128.0	2.146115197087648	171.71
128.5	1.147599424652254	88.123
129.0	1.6257182940184367	120.877
129.5	2.1317085747306463	70.366
130.0	1.681098462627279	186.817
130.5	1.7333078125216197	80.683
131.0	2.2907588051488332	70.277
131.5	1.9636371408732975	50.746
132.0	1.4436909067275088	245.494
132.5	1.8113297753248794	191.842
133.0	1.648357179770203	80.417
133.5	1.9013839499820104	90.537
134.0	1.8151022097338632	33.345
134.5	2.020031706109393	70.736
135.0	2.46721783406943	122.433
135.5	1.5001689757049894	135.775
136.0	1.4367970975879076	80.748
136.5	2.4747525936233834	143.339
137.0	2.011514369272801	90.504
137.5	2.179075499668075	90.586
138.0	1.3391150242087515	100.603
138.5	2.1382260481878808	141.357
139.0	2.065831229159424	109.314
139.5	1.4769957947589598	100.694
140.0	1.4516521703409588	100.64
140.5	2.2909901815923597	69.715
141.0	1.640474762955855	76.887
141.5	2.19620984043831	100.445
142.0	2.191910464761782	74.135
142.5	1.5830433091765967	120.811
143.0	1.7820527335583567	80.395
143.5	2.4014356845231424	111.84
144.0	1.4288101704656666	120.672
144.5	2.078258409366697	80.482
145.0	1.9650439193323144	74.752
145.5	1.6675141077900846	26.259
146.0	1.8027345456594972	120.786
146.5	2.1317765691558983	90.668
147.0	1.596835077987348	90.478
147.5	1.9519665784303475	60.334
148.0	1.380285473326726	101.041
148.5	1.5297863563676075	80.491
149.0	2.3669364058912588	50.599
149.5	1.5816495030391753	78.719
150.0	1.3873887125670121	113.941
150.5	2.0681532434919143	90.612
151.0	2.243807644736447	60.417
151.5	1.9277099930722423	95.614
152.0	1.8434228120179386	200.888
152.5	1.5376356286046517	100.577
153.0	1.6512004183101174	70.512
153.5	1.6513860536265481	80.785
154.0	1.5078545272808117	100.731
154.5	1.7190365865286112	50.41
155.0	2.2399529634486752	121.31
155.5	1.4130194368427238	91.095
156.0	2.0019667842227884	70.452
156.5	1.974205911559194	83.709
157.0	2.064987237131016	80.446
157.5	1.7764597582491979	80.585
158.0	2.032103410040047	140.993
158.5	1.8295410144102857	60.697
159.0	2.1242294570253732	92.363
159.5	1.9952858860594254	49.782
160.0	1.662708050908138	65.241
160.5	1.7725505640294605	151.021
161.0	1.7771029682326858	80.497
161.5	1.765197927149603	80.442
162.0	1.974844034699235	80.584
162.5	1.9196898794738024	62.723
163.0	1.698656805846219	120.615
163.5	1.356177689470584	59.528
164.0	1.96550173180683	80.458
164.5	2.221191175388454	80.486
165.0	1.7195205113131384	90.697
165.5	1.966788427014462	171.349
166.0	2.032387225609304	71.069
166.5	1.9054850368503757	80.606
167.0	1.914659967436184	80.494
167.5	2.220592741645177	50.424
168.0	1.9214848918490002	90.489
168.5	1.8709402250111167	159.3
169.0	1.4001290657090564	60.528
169.5	1.6410855835999743	157.831
170.0	2.05845250189728	79.743
170.5	1.8131131627271773	62.819
171.0	1.7291610271477704	70.473
171.5	1.7653077865324858	101.39
172.0	2.2505244416171393	100.852
172.5	1.672362997137819	111.154
173.0	1.368400214363478	100.768
173.5	0.13425330672869115	13.705
174.0	3.657513123613835	20.149
174.5	2.8974999600391174	14.678
175.0	2.065932770787731	37.544
175.5	2.06833947083253	29.017
176.0	1.9258546991544985	30.05
176.5	0.5563255632588071	20.098
177.0	2.856442544303742	133.583
177.5	2.1011049244309783	146.08
178.0	2.0281801808077837	21.897
178.5	1.911257244520655	61.007
179.0	1.4012994632784088	141.033
179.5	1.507643165922074	130.835
180.0	1.479103433467181	20.172
180.5	1.3458114582683478	110.675
181.0	1.7870332070491657	20.184
181.5	1.255741312883486	30.216
182.0	0.7941056127606004	120.781
182.5	1.3901677184720755	115.229
183.0	0.3544112691898819	15.136
183.5	1.6523734784116204	22.563
184.0	0.952155382188848	17.15
184.5	3.2540216750640196	20.618
185.0	1.426227681156118	50.357
185.5	2.1041981193494834	75.998
186.0	1.569179881672706	293.242
186.5	0.7736813706621734	576.722
187.0	2.181609562641387	110.688
187.5	1.8182180078194141	72.139
188.0	1.7650274748800634	20.192
188.5	1.447991139801848	80.496
189.0	1.8204059746337007	90.978
189.5	2.190611036422906	20.2
190.0	2.09152823020391	36.31
190.5	1.9475673247230618	88.496
191.0	2.0428526825675113	60.589
191.5	2.732887434589924	50.167
192.0	1.4927166022860243	60.486
192.5	1.9331646335454957	100.685
193.0	2.034742002689421	18.431
193.5	1.6817912010419949	110.683
194.0	1.351206823986969	212.484
194.5	0.6610893210416872	465.288
195.0	2.251582078300536	144.811
195.5	1.5767201919572598	150.941
196.0	2.1479456913343395	255.82
196.5	1.6432593627774623	90.521
197.0	1.9567048301198897	100.68
197.5	1.5987105261314538	100.765
198.0	2.1272418076447117	75.022
198.5	1.8392704728061888	70.702
199.0	1.623543943039908	40.299
199.5	2.1623861160943467	77.866
200.0	1.4262289244291864	120.72
200.5	1.8277399790122295	70.498
201.0	2.171720928695532	40.289
201.5	1.7571572317360065	73.889
202.0	1.6023249671720319	30.304
202.5	1.5543408030438246	130.933
203.0	1.6487108935199972	15.727
203.5	2.368336698764914	87.181
204.0	1.9553658300133607	120.933
204.5	1.9700946632091367	18.231
205.0	1.923697472565197	20.278
205.5	2.659992743473961	50.366
206.0	1.5591615894917703	80.534
206.5	2.3754189383967015	60.593
207.0	1.7393348385893068	90.783
207.5	1.7997928114862405	90.428
208.0	1.7113216984797475	54.903
208.5	1.1334275069619453	90.707
209.0	1.912305146108214	35.407
209.5	0.5214635271558057	128.485
210.0	1.7115049224619658	252.261
210.5	1.3821700271566235	60.522
211.0	2.207517941983905	85.893
211.5	2.0690136254348337	100.756
212.0	1.4715179731726042	33.481
212.5	1.480546582320844	20.174
213.0	1.9478119721851905	30.188
213.5	1.3599715181644136	36.018
214.0	1.9324801634854794	78.727
214.5	1.4323977572865385	60.445
215.0	1.7824349392491803	60.397
215.5	0.56113947180255	85.362
216.0	2.96144686411713	110.806
216.5	1.6250076909348432	128.49
217.0	1.798304988201888	70.82
217.5	1.8319269029168845	81.004
218.0	1.0639637733586549	105.512
218.5	1.211999225328253	70.492
219.0	1.377304004283187	130.629
219.5	1.4919783252934535	39.07
220.0	0.8417361239775158	17.076
220.5	1.1589059258911425	84.269
221.0	2.404594766207055	101.371
221.5	0.24790339445091297	451.778
222.0	0.48141063502736947	27.683
222.5	0.9784329072072192	35.58
223.0	0.4317115163591928	20.216
223.5	0.8124572260576433	100.621
224.0	0.6800547465516799	70.699
224.5	0.5481436313092674	40.351
225.0	0.43764693332048943	20.179
225.5	0.6381756497415131	120.819
226.0	0.4968285104309494	110.689
226.5	0.4615694546279409	25.362
227.0	0.6212835264831447	17.308
227.5	1.9096282619898748	17.709
228.0	0.5493867869923359	130.853
228.5	0.6001083915538449	17.553
229.0	0.5614198947885981	17.377
229.5	0.4907786467404012	26.222
230.0	0.5320058920303379	57.775
230.5	0.775817038846851	25.637
231.0	0.4531926596268584	60.444
231.5	0.6797033859644612	15.936
232.0	0.9330099881320095	16.397
232.5	1.283209639042575	151.034
233.0	0.5438702731981012	111.086
233.5	0.6002023085872811	120.817
234.0	0.8134789403992977	181.394
234.5	0.1609483348664711	26.013
235.0	2.4560336477123097	14.439
235.5	2.272838868005254	100.516
236.0	1.4881007063424194	120.892
236.5	2.0872800389604227	60.272
237.0	1.8428259476931617	120.803
237.5	2.4028907108403885	80.466
238.0	3.2194956572526316	30.324
238.5	1.4368142137874058	100.456
239.0	2.3668120087899633	13.828
239.5	2.4582598263781077	60.444
240.0	2.5500688191364236	80.37
240.5	2.6247590010509696	46.685
241.0	2.033782407521492	60.164
241.5	2.3654237216590026	50.244
242.0	2.4522085484018232	40.34
242.5	2.2451306412562384	17.552
243.0	2.235087687253972	70.371
243.5	1.7783326480211323	90.298
244.0	2.260445680683442	65.216
244.5	1.8823951341481109	120.891
245.0	1.6035086279307809	70.378
245.5	1.4621822093046206	75.146
246.0	1.2354778883757145	65.553
246.5	1.2582943089548917	60.269
247.0	1.263751613417781	130.898
247.5	1.192690954520849	150.483
248.0	2.0656906459056517	90.438
248.5	1.7109404705814508	16.235
249.0	1.6133743232437439	19.827
249.5	1.5674884222686496	50.452
250.0	1.795711168801209	149.934
250.5	0.6050461210511442	20.221
251.0	1.3149507510116085	123.286
251.5	2.1030936338896358	75.145
252.0	2.6764243214682613	27.867
252.5	0.4497851025187536	117.731
253.0	1.541437942443256	123.09
253.5	1.338161173473314	47.834
254.0	1.9425958307408657	70.6
254.5	1.1678734934523558	60.45
255.0	1.6660142619625629	20.493
255.5	2.1546364727944534	70.226
256.0	1.974938598784817	40.209
256.5	1.6394115824436002	90.716
257.0	1.8617566398592298	100.679
257.5	2.604241259870132	80.475
258.0	1.5938789466090932	140.91
258.5	1.983634932316825	90.716
259.0	2.195066577648279	13.032
259.5	1.9618485769076603	100.938
260.0	1.7584680823657346	14.167
260.5	2.4689232851895357	50.243
261.0	1.426002660770585	90.591
261.5	1.7821318866070401	70.44
262.0	1.7995772585445016	35.831
262.5	1.362470600168747	90.874
263.0	1.9893739532779453	70.443
263.5	2.252177880361525	110.627
264.0	1.4331824472827122	50.426
264.5	1.3004008874543007	131.005
265.0	2.1193843666807135	70.503
265.5	2.7003922301924295	70.804
266.0	1.3947240365258955	130.84
266.5	2.3018795769374387	70.435
267.0	2.2626803608742327	50.299
267.5	1.6239500254429575	34.074
268.0	1.4161270670992108	15.545
268.5	1.7379187628649666	97.805
269.0	1.4327243643651968	131.148
269.5	2.3808331317363063	121.997
270.0	1.9870161193793958	30.288
270.5	1.6216455319625869	71.22
271.0	1.6200813977600566	90.716
271.5	1.8705217634699947	70.534
272.0	1.8756241964138336	50.37
272.5	1.4594466264274502	90.664
273.0	1.4887539015440838	85.91
273.5	1.521486667450304	50.944
274.0	2.3208882336770453	87.528
274.5	2.243508242293423	110.483
275.0	1.5166584166626325	141.107
275.5	1.9986391053979473	100.776
276.0	1.2599294476913174	20.107
276.5	1.5403917615254976	46.881
277.0	1.5260856445412054	80.353
277.5	2.5103930155012466	86.935
278.0	1.84060186659313	17.982
278.5	2.025251042094154	82.147
279.0	1.6842800489663154	120.883
279.5	1.647195670816611	70.424
280.0	1.8936058258251227	23.406
280.5	2.0354653417902124	120.819
281.0	2.0667134190622996	16.575
281.5	1.8293711085617679	120.918
282.0	1.7589614176020427	49.909
282.5	2.499758437028458	50.394
283.0	2.204288851175388	60.166
283.5	1.6877742560760327	29.768
284.0	2.024499601545891	80.849
284.5	1.923796254324302	100.824
285.0	1.8530107323563756	70.607
285.5	1.6400672312978004	40.379
286.0	1.6723423187323654	16.095
286.5	1.6158374204711656	33.823
287.0	1.5727227193393376	120.732
287.5	2.1572534420070353	80.987
288.0	1.678817158484395	95.04
288.5	1.8884747354471638	80.673
289.0	2.2441165433768915	118.234
289.5	1.558281463377051	33.427
290.0	1.6691594260068112	100.638
290.5	1.8901394707678805	107.319
291.0	1.6265302118443736	30.278
291.5	1.4488742300176938	64.373
292.0	1.8617545490750895	24.102
292.5	1.1863766752349036	70.373
293.0	2.7375843943268494	93.382
293.5	0.6850204061108544	70.428
294.0	2.1289925174503934	27.524
294.5	1.7413713011276384	13.412
295.0	2.679491250223391	93.76
295.5	0.9707993459792787	151.075
296.0	2.083867698580391	50.314
296.5	2.2936704897799585	90.349
297.0	2.5770540865574483	90.64
297.5	1.3520867904047844	86.747
298.0	1.373596234027999	120.81
298.5	1.9185155287626212	60.321
299.0	2.3948063305237786	122.832
299.5	0.8056313593928184	111.003
300.0	1.519466709500515	90.64
300.5	2.0412520695614953	20.211
301.0	1.8969047040884797	91.7
301.5	1.302540723371008	80.59
302.0	2.100844385845475	80.551
302.5	1.392789274448535	131.005
303.0	1.8890912994490905	110.738
303.5	1.3822919476649809	20.144
304.0	2.0477172494601095	20.256
304.5	1.8059240766746507	39.105
305.0	1.781082356320263	20.143
305.5	1.8204336356743724	50.625
306.0	1.3615847250459483	37.769
306.5	1.737601742769392	50.425
307.0	2.147393464566949	51.892
307.5	1.2887253921034407	35.059
308.0	2.303547939053225	85.526
308.5	1.6550320403050924	146.485
309.0	2.050903022533187	70.455
309.5	1.999726391700649	90.559
310.0	1.8472928226282201	130.948
310.5	1.9874381179082086	129.271
311.0	1.540693206285823	80.756
311.5	1.80225182081346	87.065
312.0	2.2437943238303855	59.239
312.5	2.281526068962354	114.388
313.0	1.3356375972604313	27.307
313.5	2.387790001603179	70.368
314.0	1.6974298580374552	64.206
314.5	1.9546030413247353	15.981
315.0	1.4618132217769892	67.776
315.5	2.074848611203695	70.511
316.0	1.7779431280244908	100.954
316.5	2.2154636437276922	90.756
317.0	1.7426181080957779	30.252
317.5	2.326771807204527	62.888
318.0	1.684848853730663	90.464
318.5	1.742907976107621	60.503
319.0	1.7458624185017697	110.825
319.5	1.6784380839656095	70.527
320.0	1.6875789761502489	110.91
320.5	1.4510355389084901	80.71
321.0	1.8231083374091124	20.148
321.5	2.08432159741613	20.14
322.0	1.2071750977352456	138.099
322.5	2.191217618770613	70.578
323.0	1.5593838975159682	26.145
323.5	1.798105379175237	50.448
324.0	2.67376049781047	20.287
324.5	0.8985726250263636	70.473
325.0	1.818772172573495	60.431
325.5	1.6868213873942446	34.294
326.0	2.4199691587775507	40.485
326.5	2.0993077572650334	70.189
327.0	1.9662827593304186	95.277
327.5	1.6860563471380476	110.655
328.0	1.8833427164111878	90.475
328.5	1.8088967878875302	90.219
329.0	2.1049325789140343	60.47
329.5	1.8960215953601363	90.44
330.0	1.6732782042148395	120.932
330.5	1.1460064854445422	90.555
331.0	2.4397654446909662	80.719
331.5	2.1507548613375818	80.697
332.0	1.9543588007040873	20.187
332.5	1.713040678221107	20.146
333.0	1.8017643503538099	90.443
333.5	2.397817461015635	76.448
334.0	1.968308404916783	70.572
334.5	1.8778291682635389	100.739
335.0	1.8728697451319871	50.239
335.5	1.7685947421955663	101.222
336.0	1.736877723350963	12.974
336.5	2.1620129615200403	70.429
337.0	1.652447054728204	50.295
337.5	1.7428917645674928	44.024
338.0	1.7417403854746132	13.864
338.5	2.555226899764227	141.478
339.0	1.5813872497375385	50.441
339.5	2.172518502207382	70.409
340.0	1.2919941778255934	50.315
340.5	1.8035997109278334	100.838
341.0	1.6829513459800098	70.608
341.5	3.311961625686701	40.306
342.0	1.3474789868184716	15.29
342.5	1.9156838295871188	100.86
343.0	1.9011482547942327	30.157
343.5	2.010653862082784	88.342
344.0	1.5384544398419286	80.546
344.5	2.5312210844193856	90.1
345.0	1.9987088696286575	60.459
345.5	2.197199736460239	70.445
346.0	2.3276281883969063	222.523
346.5	2.0732547895436544	46.113
347.0	2.15902459301779	100.923
347.5	1.8641796717920103	61.42
348.0	2.1729491426449217	50.454
348.5	1.801515759431032	103.22
349.0	1.7593411340103167	70.599
349.5	1.3276806091130926	82.306
350.0	2.469928609153275	40.332
350.5	1.9304888791833208	50.38
351.0	2.2034056840921665	64.836
351.5	1.4504493388968018	50.404
352.0	2.284880032555641	60.452
352.5	2.1622987303322434	70.546
353.0	2.4969584451970133	46.203
353.5	1.633305150416293	56.535
354.0	2.2388776444722995	96.136
354.5	1.9050520299022717	133.004
355.0	1.8974105552756935	120.778
355.5	2.161997396433543	110.75
356.0	2.7835392748978713	118.167
356.5	1.7293527907981492	14.311
357.0	1.233558588164761	33.661
357.5	1.6380251141097568	70.548
358.0	1.6070271546237969	108.082
358.5	1.9594285129191213	70.605
359.0	1.5956690375382454	139.748
359.5	1.7809132755147092	15.954
360.0	1.879395482536654	70.474
360.5	1.6612047809873909	70.369
361.0	1.934310880694301	121.003
361.5	1.9060062331416103	50.357
362.0	1.4247053621639694	60.554
362.5	1.823618446930707	119.509
363.0	2.026469497317131	49.071
363.5	1.2213477817816754	70.531
364.0	1.7368513921860118	70.301
364.5	2.5938347014763754	50.367
365.0	1.77346752754254	80.527
365.5	1.4691229024260435	60.623
366.0	1.5600195560399974	70.599
366.5	2.2209986250003975	120.74
367.0	1.8185030983684516	60.525
367.5	1.834526233422177	68.14
368.0	1.924663872617113	80.516
368.5	1.91240663058635	50.307
369.0	1.5620822959779999	13.581
369.5	1.8254245088020933	14.376
370.0	2.102779145400767	90.566
370.5	1.4298005245394139	90.557
371.0	1.80106770298626	100.692
371.5	1.6677610307689923	60.324
372.0	2.0057731202543434	100.51
372.5	2.580615380415563	70.579
373.0	1.5240832899801	70.584
373.5	1.5932686328582566	28.077
374.0	2.2896506967247734	50.304
374.5	1.728123297527473	101.81
375.0	1.7878187277727855	90.698
375.5	2.2612012809315223	90.692
376.0	1.7663689308210968	30.161
376.5	2.1102197863519163	42.563
377.0	0.862621922770393	35.632
377.5	1.6428346003388106	80.657
378.0	1.6344148448447067	90.696
378.5	2.9988693173856382	100.637
379.0	0.992181955708286	40.364
379.5	2.199516119426591	20.192
380.0	2.385765909300596	19.291
380.5	1.4283726695355061	16.986
381.0	0.9996594655363363	130.641
381.5	2.1855886497076593	50.433
382.0	2.0461133678256878	90.73
382.5	2.3085007680476055	60.449
383.0	1.369981543343738	140.814
383.5	1.3925118985094462	14.793
384.0	2.3876784131239144	60.232
384.5	2.416309286000316	120.974
385.0	1.4752993448163998	82.746
385.5	1.4719404252700425	40.341
386.0	1.6894137850755688	24.815
386.5	1.987913718406115	90.716
387.0	1.754811769927228	140.737
387.5	1.316907803472862	110.886
388.0	1.9255577046883505	50.122
388.5	1.6372771824217625	100.793
389.0	1.2022516296500874	26.298
389.5	1.473744643698135	120.439
390.0	1.8911490883981747	103.058
390.5	0.969383054402158	20.139
391.0	1.803834786341106	110.762
391.5	1.767231582605602	80.464
392.0	2.601441157413012	30.286
392.5	0.9273978101242462	50.442
393.0	1.683701298555403	120.56
393.5	1.8678191472739427	60.17
394.0	1.6188973409770078	120.752
394.5	1.3370128454352084	14.13
395.0	2.005689763337267	50.301
395.5	1.6309477242253927	90.516
396.0	1.7819527852807044	17.567
396.5	1.8285470797459191	70.406
397.0	1.9662480120471817	16.884
397.5	1.1664780762963043	90.532
398.0	2.181138671907309	14.228
398.5	1.3471135105776322	70.584
399.0	2.6083000718111125	50.309
399.5	1.315351735511441	60.497
400.0	2.1596919088774755	90.526
400.5	1.435625225841464	123.309
401.0	1.7339452521329903	33.356
401.5	1.6069804242517787	20.447
402.0	2.1990107294645154	82.277
402.5	1.7381822731822654	70.511
403.0	2.0142837546928956	70.296
403.5	3.261849634013716	104.386
404.0	1.2261071287841925	95.046
404.5	2.227932575969496	130.958
405.0	1.4738033237331476	121.471
405.5	2.027049904492749	122.147
406.0	1.863214547853683	90.659
406.5	1.4724288637761265	81.2
407.0	1.6886194359913265	33.299
407.5	2.0498544926144127	90.866
408.0	1.2946007067579772	140.928
408.5	1.679029616163024	75.835
409.0	2.4294029356694713	50.279
409.5	1.9572278362119038	90.63
410.0	2.098495897093111	70.291
410.5	2.3236584879755675	20.13
411.0	1.329562715063307	110.804
411.5	1.9046345853855535	30.553
412.0	1.9400419550550374	38.002
412.5	1.7702504550060405	62.628
413.0	1.8256885968862808	20.149
413.5	1.6546700232580007	121.345
414.0	1.3563093477481785	541.85
414.5	2.7837945064502456	17.423
415.0	2.3684847842504073	50.418
415.5	2.2659652777062247	14.421
416.0	1.8161157188540547	50.436
416.5	1.5337973141605885	68.708
417.0	1.4217671307534907	50.319
417.5	1.5134787031154153	90.679
418.0	1.475105983201353	20.166
418.5	2.187050966536205	20.164
419.0	1.281124509844148	90.525
419.5	2.53848630918059	50.436
420.0	1.4416577563236745	70.596
420.5	2.2421232610584534	80.639
421.0	2.587517161299832	50.261
421.5	1.8949545672467967	20.126
422.0	2.0608678199095363	92.148
422.5	1.9300311051411025	70.59
423.0	1.8075713064667396	15.869
423.5	2.7156395803392073	50.258
424.0	1.3857513010731428	80.551
424.5	2.6566379765504124	91.389
425.0	2.020820747175536	47.678
425.5	1.355140837226672	70.427
426.0	1.9194203185576966	70.562
426.5	2.067323757053703	70.523
427.0	1.5036860902832614	121.095
427.5	1.4018220721352048	86.404
428.0	2.5432846903278175	50.376
428.5	1.891826049704281	50.193
429.0	2.100259915203997	30.339
429.5	0.5527745179027302	130.938
430.0	2.123601706478985	17.927
430.5	2.0343624117116463	88.901
431.0	2.1842603077166003	60.264
431.5	1.4458960364773452	90.543
432.0	2.561057005206733	65.441
432.5	1.8079407792183542	20.148
433.0	2.454191900131598	45.39
433.5	2.191175527401497	20.263
434.0	1.7747516209196037	58.187
434.5	1.3930381432097931	80.581
435.0	2.100499533601445	50.382
435.5	1.5839005255108785	86.367
436.0	1.9463377034081553	13.625
436.5	2.2057141104745197	70.42
437.0	1.8191899623447625	130.978
437.5	1.2646362367274064	20.13
438.0	1.281160064428152	131.027
438.5	2.151630872721763	100.761
439.0	2.7524156784932736	120.957
439.5	1.2787825548143783	57.685
440.0	1.3587449411420096	60.464
440.5	1.7501710820634255	80.745
441.0	1.7075797218875821	50.396
441.5	1.4008473334997922	90.485
442.0	2.0285456708395873	89.894
442.5	1.4451840829126863	80.503
443.0	1.9472535196062748	34.851
443.5	1.1235158229616102	70.559
444.0	2.160560299419931	49.035
444.5	2.5773467676507598	90.55
445.0	2.2764018519421367	80.717
445.5	1.5721920620068097	18.838
446.0	2.5167917415861853	60.313
446.5	1.5333672292024956	110.507
447.0	1.7343302554221558	90.816
447.5	1.9283514925647858	41.523
448.0	1.9182450981346462	83.933
448.5	1.6610574450624491	36.919
449.0	1.2489522787637273	80.515
449.5	2.3871047919203017	33.741
450.0	1.5905852445567707	60.523
450.5	2.161477740689543	113.151
451.0	1.0536288333943753	90.415
451.5	1.8931919807232358	80.567
452.0	2.152623542733002	93.283
452.5	1.8430019740035808	15.872
453.0	1.5551070195995673	90.709
453.5	1.9216183001460894	36.371
454.0	2.393944052832249	80.516
454.5	1.985135674810027	80.519
455.0	1.974146238010403	114.013
455.5	2.244709608207586	13.186
456.0	1.819956832460569	90.446
456.5	2.2600511960249787	35.95
457.0	2.0104101997616297	313.106
457.5	2.663003661491593	14.56
458.0	1.5756107409567062	100.831
458.5	1.9087226253548286	24.226
459.0	2.275226816010384	70.485
459.5	1.764160649032945	80.6
460.0	2.2242380261120336	90.888
460.5	1.6698880297071512	60.561
461.0	1.6097193347427603	62.971
461.5	1.702985418921668	90.39
462.0	2.6002860893749093	20.209
462.5	1.1290513214995772	131.223
463.0	1.5381090258198715	80.474
463.5	2.7312984335552914	97.493
464.0	1.8686947600158756	80.004
464.5	2.1178027434738156	40.216
465.0	1.6526939191034133	50.413
465.5	1.863853923347091	14.458
466.0	2.2079518986326803	60.474
466.5	1.4178813837069184	84.91
467.0	2.5244743629202735	50.297
467.5	2.66090752429202	38.469
468.0	1.4114808080685515	35.279
468.5	1.0813109517433865	44.251
469.0	2.3246843489481597	50.533
469.5	2.537219482331504	79.947
470.0	1.3109947534577178	15.071
470.5	1.728200300025422	34.529
471.0	2.1244574606727493	120.965
471.5	1.8654828290196308	100.525
472.0	1.962502679674106	118.662
472.5	1.9534987715037377	110.798
473.0	1.4044301821092375	70.385
473.5	2.145454500848361	93.159
474.0	1.9009219700730398	71.408
474.5	1.4518015102061699	35.734
475.0	1.79401357157215	80.529
475.5	1.8575612281849863	90.961
476.0	1.3583577130643614	63.709
476.5	2.5123218992430663	60.248
477.0	2.158949982992195	50.416
477.5	2.6027345203884296	50.387
478.0	1.3620982813111342	30.079
478.5	1.3863358581902387	70.413
479.0	1.7132499114191115	50.307
479.5	2.0333312086687223	84.993
480.0	1.203763015275752	37.463
480.5	2.051974793924012	14.952
481.0	2.653460822137191	19.967
481.5	1.7075107383383092	20.124
482.0	1.7413544502409162	41.685
482.5	1.8462250958757187	50.365
483.0	2.107955405369043	70.285
483.5	2.5289755525282755	90.632
484.0	1.0587302602831339	84.037
484.5	2.3175551716549125	100.502
485.0	2.009613650620004	40.296
485.5	2.888081933434067	39.456
486.0	1.0020510008608892	80.648
486.5	2.3337855820286637	90.529
487.0	1.916964973806021	50.173
487.5	2.162549001889834	50.33
488.0	2.0140124863071196	36.974
488.5	1.8558031228345604	28.346
489.0	1.8571266752175253	110.836
489.5	2.301001846203269	70.53
490.0	1.4409514867332192	87.461
490.5	1.630516431391476	37.732
491.0	2.3880275266695987	15.983
491.5	0.766725968850262	12.901
492.0	2.1457541015179253	20.238
492.5	1.7519484249803405	90.429
493.0	2.098006319019189	43.207
493.5	0.9776710244855314	90.618
494.0	2.226354577911385	60.305
494.5	1.8754057459680162	76.008
495.0	1.9412177276574198	36.335
495.5	1.3925967225719498	35.23
496.0	2.5127122621673896	17.123
496.5	1.8170578962985775	90.998
497.0	1.974249793601098	80.714
497.5	1.5901347687402723	50.436
498.0	2.1417965508005756	50.331
498.5	1.6926996014794307	80.07
499.0	1.6806392311575837	80.553
499.5	1.8041017259667103	13.236
500.0	2.2165604647623987	70.406
500.5	2.0658516103449065	50.467
501.0	1.888655572726785	80.535
501.5	1.9531788492348878	60.441
502.0	2.5903397651456705	60.407
502.5	1.8819406193589159	140.947
503.0	1.4268900290945241	34.283
503.5	2.2965268766523095	40.285
504.0	1.4201829824328571	50.48
504.5	2.3568368169306684	40.632
505.0	1.3388710052763297	80.539
505.5	1.8453341003345498	20.236
506.0	2.1591858364494105	16.447
506.5	1.7263469536585172	60.491
507.0	1.752828435682758	70.232
507.5	2.1657412101469284	40.335
508.0	1.6520128751717156	50.395
508.5	1.6370677893187593	121.042
509.0	1.7455494789169925	70.278
509.5	1.6165696162399519	91.663
510.0	1.929950360050333	107.98
510.5	1.8330990664793565	71.928
511.0	1.6168087597311802	105.328
511.5	1.5111848034287036	110.814
512.0	2.020081675167485	65.158
512.5	2.237460922701572	15.108
513.0	1.0112106059264554	110.825
513.5	1.537049901385922	50.342
514.0	2.1194773480172517	38.58
514.5	0.9517598879807924	243.485
515.0	2.3648621001942964	19.975
515.5	1.7614334216829386	100.529
516.0	1.3336762293659197	24.986
516.5	1.2502806196233462	30.03
517.0	1.9995055858196116	23.781
517.5	1.9739897097563244	70.516
518.0	1.7077542568564612	100.773
518.5	1.8082579220759587	32.731
519.0	1.6011992195132911	50.446
519.5	2.2860390825375996	120.831
520.0	1.7750897056678578	120.858
520.5	2.335508292649408	120.934
521.0	1.7304248780502443	60.302
521.5	1.6108991588256016	33.747
522.0	1.7960310177170113	70.34
522.5	2.4018467221001636	50.272
523.0	1.5522453202474706	211.529
523.5	1.011812912631147	811.537
524.0	2.30695142237498	36.96
524.5	3.8032294907077415	50.656
525.0	1.429597339645718	89.042
525.5	1.6896368259628645	68.247
526.0	2.287347001498473	70.44
526.5	2.0928493342235566	34.687
527.0	2.178506897032026	80.514
527.5	1.8883254027374672	70.391
528.0	1.4584967274753342	26.367
528.5	1.702635103938017	90.662
529.0	1.6621676260332188	129.522
529.5	1.7662056722818393	120.634
530.0	1.8515653732618476	60.371
530.5	1.2845959362813255	122.708
531.0	1.3223503651470712	14.628
531.5	1.9371457313209743	50.314
532.0	2.116632206609372	60.54
532.5	2.1408920832925205	17.341
533.0	2.195933864331107	66.401
533.5	2.3579632566474777	40.294
534.0	1.7967365677214153	87.813
534.5	2.1460411143341345	137.457
535.0	2.01721183164646	15.061
535.5	2.1315772870848084	70.408
536.0	2.4904929642882547	47.217
536.5	1.8707695872965042	20.332
537.0	1.265649659112833	100.44
537.5	1.2012306210511468	70.49
538.0	1.6221044878339428	70.362
538.5	1.6701631330538587	35.822
539.0	1.9717408639463259	110.851
539.5	2.0927686801356864	80.349
540.0	2.0838793977173466	20.179
540.5	1.566589010538512	109.56
541.0	0.9267454442597299	110.817
541.5	2.557710125571787	50.385
542.0	2.1841149515286857	100.742
542.5	2.0343163913411515	24.627
543.0	1.7286964980454855	60.263
543.5	2.370447996005598	70.499
544.0	1.428745334771944	100.554
544.5	1.5549323951361316	110.76
545.0	1.318807676869092	60.522
545.5	1.4768761348688744	80.321
546.0	2.104593159183007	19.971
546.5	1.7771085307869412	44.644
547.0	1.5364268410707647	13.509
547.5	2.236954005922112	88.25
548.0	1.1866765116711389	58.002
548.5	1.8984527194987177	110.777
549.0	1.8979078241102931	80.32
549.5	2.0897312911311676	75.914
550.0	1.7965003884770245	131.325
550.5	1.9733913233019795	130.994
551.0	1.7625732684936213	90.666
551.5	2.7407324341506336	50.456
552.0	2.167954005129828	58.788
552.5	1.1158472880577617	40.332
553.0	2.3626929238670096	15.61
553.5	1.7825440656967861	70.53
554.0	1.8012206017343484	33.599
554.5	1.4185461332857663	70.426
555.0	1.7677455547902226	60.162
555.5	2.202280023541675	23.155
556.0	1.7993418478374654	106.0
556.5	1.6325472422516663	100.739
557.0	1.5518591145283627	70.23
557.5	1.623230769832921	50.417
558.0	1.5780455439111973	60.499
558.5	1.7021804952076538	30.292
559.0	1.809435364209088	120.72
559.5	1.5677142143582663	60.53
560.0	2.539327880822675	55.161
560.5	1.5800901385429704	20.725
561.0	2.3401431623685687	96.424
561.5	1.3639131120210088	60.496
562.0	1.9040544569314282	84.078
562.5	1.7218333958967798	80.255
563.0	1.7105904898427133	14.421
563.5	1.8104785998746602	18.881
564.0	2.069046686116648	120.852
564.5	1.0764814298323315	50.404
565.0	2.980062938169689	14.548
565.5	1.7648505296298669	80.495
566.0	1.9287806156013159	18.748
566.5	1.6079117061570123	80.492
567.0	2.2393876543112046	40.359
567.5	2.32404578054207	182.084
568.0	0.2815128237118827	460.085
568.5	2.5659431851970966	76.754
569.0	2.3369236744126147	16.598
569.5	2.198380292939647	110.645
570.0	2.4241530796409756	70.454
570.5	1.693479802046471	40.359
571.0	2.1449053190622784	65.804
571.5	2.0367951637388586	30.087
572.0	1.4806546035740675	70.39
572.5	2.195423658702304	81.761
573.0	1.8427106277504046	70.525
573.5	1.358864286804604	60.234
574.0	2.5173228580470237	60.445
574.5	1.8748016743328235	58.001
575.0	1.8883638785208785	50.397
575.5	2.4518874602659713	70.513
576.0	1.5888851860104576	130.911
576.5	1.9692729648978016	90.652
577.0	1.9254473691320197	50.371
577.5	1.594398685370965	120.762
578.0	2.243416165331579	70.487
578.5	1.5014090119035093	130.926
579.0	2.2470137945094906	120.93
579.5	1.1848414454526737	80.558
580.0	1.97930538152541	19.315
580.5	2.02958432234208	45.899
581.0	1.6381929165941618	20.204
581.5	1.8977467986720975	70.402
582.0	1.7645814737684373	50.42
582.5	1.655180977254601	24.723
583.0	1.7832223200221882	16.095
583.5	1.5794620782581839	12.959
584.0	2.342706879570235	87.101
584.5	2.3077857890966076	17.461
585.0	1.1279188603622858	70.386
585.5	2.742229085766616	60.348
586.0	1.662812839479616	43.58
586.5	2.155034959935982	28.22
587.0	1.3875702728152286	16.021
587.5	2.1538516847390197	72.607
588.0	1.5473242625053232	80.625
588.5	1.503594078963769	70.464
589.0	1.616477845090591	14.561
589.5	1.9297488405823344	90.626
590.0	1.680438675732209	50.241
590.5	1.9955095657359636	60.469
591.0	1.7171523709999905	12.878
591.5	2.194883766419966	40.073
592.0	1.8574379211570424	70.606
592.5	1.1857471435373863	14.699
593.0	1.7911080596293874	34.068
593.5	1.7145063759559245	90.491
594.0	2.345558743058642	80.553
594.5	1.5552324231116603	75.986
595.0	1.9866522703180884	70.703
595.5	1.763798282353975	80.876
596.0	1.6201933323044713	80.668
596.5	1.8309329392668547	133.293
597.0	2.2319070471842304	120.693
597.5	1.5352847545077233	126.775
598.0	2.2311088966577337	80.6
598.5	1.6564435257713792	90.593
599.0	1.6630162664637853	171.308
599.5	1.884775677032019	70.582
600.0	1.6656818905199302	99.925
600.5	2.0774903546772836	91.04
601.0	1.5885253908947061	90.869
601.5	2.289809073831769	70.7
602.0	2.378382107213268	105.422
602.5	1.141915756632419	36.952
603.0	2.4312151054231492	20.107
603.5	2.0935103824178105	25.92
604.0	2.224559276932945	13.548
604.5	1.157478220304539	50.424
605.0	2.0376593769841054	50.368
605.5	1.7310721153883084	24.937
606.0	2.214492477982645	70.46
606.5	1.5735298450008155	70.344
607.0	1.8035343314788415	120.957
607.5	1.5940357539139112	90.524
608.0	2.195401304793425	13.873
608.5	1.5475066776548863	110.521
609.0	2.1524406288823905	110.732
609.5	2.384707738165209	15.643
610.0	1.411966826466697	90.759
610.5	1.6237991853404885	50.165
611.0	1.8398173682386194	60.742
611.5	2.3306519441989035	23.826
612.0	1.257272334260893	70.574
612.5	1.6566889835095135	90.577
613.0	2.2634052498370703	70.503
613.5	2.2960313706596645	50.457
614.0	0.8553805222255543	80.582
614.5	2.1321008846790774	90.597
615.0	2.1516508669545242	97.264
615.5	2.2836247063530792	20.265
616.0	1.3940881888770866	87.894
616.5	1.5324998581351867	60.468
617.0	2.3062354021310236	70.483
617.5	2.294248597376742	20.227
618.0	1.4811573926104902	70.425
618.5	1.6858299216269135	90.501
619.0	1.9835539042164032	120.952
619.5	2.1714050450671576	20.133
620.0	1.8178800179421628	70.393
620.5	1.6165379186682745	110.703
621.0	2.141903477451208	60.54
621.5	1.7883893380863167	90.641
622.0	1.1831398962058797	110.621
622.5	2.1073720224795043	40.208
623.0	1.5652362611298964	50.478
623.5	1.927352436928498	80.697
624.0	2.3196676804304355	17.476
624.5	1.914297770893766	120.667
625.0	2.1539741640799406	100.75
625.5	1.8949612416766892	13.931
626.0	2.06948636501241	80.481
626.5	2.124014550160167	13.866
627.0	2.5499805846780714	70.282
627.5	1.2732104653129446	120.862
628.0	1.9625117922601605	35.016
628.5	2.148396797169718	70.538
629.0	2.82592560424121	109.84
629.5	0.9313536880509772	90.586
630.0	2.128470798097062	50.42
630.5	1.7907245049715559	70.614
631.0	1.9701228568979423	131.484
631.5	1.5954664532200264	131.058
632.0	1.4030306317549812	80.483
632.5	2.2567887946186986	87.811
633.0	1.8477845476937154	85.516
633.5	1.905975120967226	34.567
634.0	2.0092926483818045	20.161
634.5	1.9218879335445203	50.04
635.0	1.8456877917742982	110.966
635.5	0.9868244697718717	70.352
636.0	2.1302321556374655	99.657
636.5	1.607092272175818	80.557
637.0	1.9718571656977837	90.505
637.5	1.5800435255639098	50.287
638.0	2.1231336897145066	33.925
638.5	1.8887333035070797	35.544
639.0	2.3444280525177597	68.474
639.5	1.4575594810422479	34.703
640.0	1.8283238278222145	13.687
640.5	1.8274590143046272	45.6
641.0	2.0997308786054782	36.708
641.5	1.3213168238589394	70.331
642.0	1.6134586994151756	20.146
642.5	2.1229420428101164	80.581
643.0	2.5797991932777564	70.503
643.5	1.3049687074522764	50.365
644.0	2.3223488278405933	90.508
644.5	2.472377511909079	60.437
645.0	2.112456154145051	30.278
645.5	1.3895235267312698	80.397
646.0	2.108181488794418	30.258
646.5	1.7688515603468773	110.714
647.0	1.7252813361899915	70.544
647.5	1.7519803359716186	16.743
648.0	1.5976406063668924	94.615
648.5	1.4976965079296656	60.448
649.0	1.9793401853874368	30.279
649.5	1.3749126695433962	50.202
650.0	1.8134259887337778	70.453
650.5	1.689440921666024	70.471
651.0	1.4151711562508131	80.554
651.5	2.0153905031556762	140.879
652.0	1.676718635657589	120.948
652.5	2.1550687086512403	77.792
653.0	1.5813836557351404	80.735
653.5	1.8056684463599393	110.82
654.0	2.0613689240037094	13.027
654.5	2.301250145022023	80.169
655.0	1.4989660177206403	30.508
655.5	1.271084646965008	88.784
656.0	2.604242232612815	20.108
656.5	1.914190469163312	31.807
657.0	2.088766836779267	30.252
657.5	1.7095289744143718	40.342
658.0	1.7665503726717724	50.333
658.5	1.9855084234078042	14.0
659.0	1.0948771716732988	34.726
659.5	1.680051044270963	80.399
660.0	1.5635717074133737	90.72
660.5	2.09377513376316	90.67
661.0	2.1642654560400314	30.207
661.5	1.7413474418676385	35.511
662.0	2.4296119867372123	50.473
662.5	2.14016688334172	126.516
663.0	1.0073426776787737	80.447
663.5	2.197027413458518	14.625
664.0	1.7227019518410656	70.358
664.5	3.013765228097263	107.928
665.0	1.539175164406453	130.771
665.5	2.1155389958691435	90.453
666.0	1.5750045141696651	70.419
666.5	1.590865397162369	85.461
667.0	1.4994372046126256	50.359
667.5	1.3856465163451244	80.653
668.0	1.880619937068556	105.102
668.5	1.927215912254407	80.597
669.0	1.045968389599767	100.713
669.5	1.8736128247225756	70.533
670.0	1.9526287427349736	60.446
670.5	1.9157707404271882	60.686
671.0	1.3473197514680395	143.383
671.5	1.6170640518799801	82.611
672.0	1.738985605256109	60.389
672.5	1.869990229818799	45.436
673.0	1.41342271337702	120.787
673.5	1.4235533049772675	86.562
674.0	1.4671023562637262	146.788
674.5	1.6742313371865272	73.211
675.0	1.323329626990944	70.443
675.5	2.0951052478149284	20.09
676.0	2.2463309069433506	123.813
676.5	0.6757216273881629	118.195
677.0	1.7279986280618436	20.147
677.5	1.96181946721423	70.718
678.0	1.7831827573514665	100.698
678.5	1.323493115899958	283.031
679.0	1.8505876249031192	30.039
679.5	1.1707999588324989	16.579
680.0	1.4663090320379173	80.828
680.5	2.412867417757964	74.326
681.0	1.232403976376278	60.527
681.5	2.0865617052982395	35.363
682.0	1.2545537710082684	60.411
682.5	1.6199380471951788	33.776
683.0	1.8163784028190186	20.275
683.5	1.5374778533114355	130.881
684.0	2.3987557552636063	40.325
684.5	2.0862115982965004	32.741
685.0	2.165212614237761	130.841
685.5	2.684950069801412	90.47
686.0	1.2329064091673971	115.823
686.5	1.4245072864626311	20.156
687.0	1.9524234031538368	17.033
687.5	1.7391804410620184	62.83
688.0	1.5862562881445013	76.244
688.5	2.1798904277308435	67.61
689.0	1.4702069776193787	20.117
689.5	1.6134943816388003	90.763
690.0	1.3693334635735457	100.643
690.5	2.0920379891967205	60.456
691.0	1.991820501459946	20.122
691.5	2.172190824813389	90.801
692.0	1.531646213905681	80.612
692.5	2.3716044078586007	89.888
693.0	1.9802490030913775	50.245
693.5	1.4420241721113392	70.39
694.0	1.9457332707398016	60.314
694.5	1.5933956046761688	70.46
695.0	1.914908702635151	33.617
695.5	2.118408308493338	35.275
696.0	1.4722949866617818	60.3
696.5	1.6235168417050836	70.459
697.0	1.9922507443924578	70.373
697.5	1.4644599672815786	30.238
698.0	1.8297548389392562	20.208
698.5	1.958154197830765	84.262
699.0	2.013614452029104	80.481
699.5	1.932335427772348	50.245
700.0	2.176748226770055	90.726
700.5	2.0499057786332067	60.313
701.0	1.671306693080009	110.585
701.5	0.9439553378353023	80.439
702.0	1.5902840019125468	40.245
702.5	2.126366026835229	110.751
703.0	1.8241633908129231	120.866
703.5	1.644289159693436	24.627
704.0	1.8597239744303615	70.263
704.5	1.7105433679973485	42.599
705.0	2.5296181338284116	18.856
705.5	1.3089388968359832	50.558
706.0	2.1345458525914105	70.456
706.5	1.9456721431200499	50.436
707.0	1.9971478676850973	59.939
707.5	1.700203788710515	50.362
708.0	1.7484279523447088	70.41
708.5	2.523082972398689	92.473
709.0	1.4895662719664788	102.943
709.5	1.2652887862753592	100.659
710.0	1.8310754639006679	110.818
710.5	2.1946752271243457	60.44
711.0	1.6937300780493896	98.346
711.5	1.5724846731438924	80.4
712.0	2.5434415600628126	50.37
712.5	1.615236300763896	80.407
713.0	2.07963336885514	70.624
713.5	1.3428738053763722	64.724
714.0	2.031574984857376	36.928
714.5	1.970471264348026	60.461
715.0	1.3414821729623554	70.434
715.5	2.220753742725601	50.365
716.0	2.017732126759065	110.769
716.5	1.4088415083083998	14.325
717.0	1.806614640857329	80.51
717.5	1.948334094568399	99.91
718.0	1.7194957252850125	86.582
718.5	2.597821971594695	20.598
719.0	2.0409315047756778	120.937
719.5	1.944285460738995	59.533
720.0	1.6616774058672767	90.419
720.5	2.642339426071058	32.183
721.0	0.8297022755386737	50.443
721.5	1.5540192715442152	95.459
722.0	2.2288148718200342	60.57
722.5	2.6911897510474847	112.296
723.0	1.0072124109708354	20.141
723.5	1.592869391855017	100.574
724.0	2.4845904200392894	70.403
724.5	1.6241797303570735	131.007
725.0	1.773283951198378	20.131
725.5	1.8062791448110764	93.608
726.0	1.7337521107151552	120.882
726.5	2.201088126987716	90.826
727.0	1.590773645177523	120.779
727.5	1.7830350081201582	50.141
728.0	1.764804603988047	20.172
728.5	1.8515652700375842	65.63
729.0	1.277196868165613	70.618
729.5	1.4718217061570786	60.215
730.0	1.910917647281581	75.709
730.5	2.17534576418876	100.722
731.0	1.7165923091189221	17.33
731.5	2.2460155518652956	90.669
732.0	1.8749930764467049	14.354
732.5	1.9087628853849958	63.809
733.0	2.0042987895824957	70.479
733.5	1.8772142295270964	80.38
734.0	1.3514474521365225	130.869
734.5	1.710890368200519	40.335
735.0	1.5831526255013093	70.689
735.5	1.9780601555195323	80.576
736.0	1.3552257467509157	16.83
736.5	1.9911821705839612	107.773
737.0	2.2400252134559504	60.493
737.5	2.2384055837056818	61.027
738.0	2.047498180757594	111.012
738.5	0.7265711198558285	19.715
739.0	1.9984340841641315	82.168
739.5	1.9601127172159967	75.718
740.0	2.172540692259952	80.568
740.5	1.564877901622333	20.362
741.0	1.461298393432331	70.362
741.5	1.815850882257551	85.183
742.0	1.651699170649264	70.549
742.5	1.2295332364551408	37.571
743.0	1.6677175842995722	90.483
743.5	2.695751389632737	50.425
744.0	1.4425879855129289	15.171
744.5	2.0363259023820555	90.628
745.0	2.377040522173019	50.415
745.5	2.5015500524879943	109.582
746.0	1.7600247220755545	60.499
746.5	1.5254058230168792	95.855
747.0	2.169038965035334	120.855
747.5	2.3541151763760637	60.577
748.0	1.782578928108191	110.555
748.5	1.6485585122994064	20.122
749.0	1.7624584291501284	77.673
749.5	2.403994461968638	90.643
750.0	1.4401098507239871	110.683
750.5	1.6569052831905615	120.77
751.0	2.0680518058799873	27.351
751.5	2.0790078972900643	40.33
752.0	1.709356830848127	50.334
752.5	1.683603249188721	35.671
753.0	2.2775052741575412	60.353
753.5	2.4184993735848073	70.507
754.0	2.0316101426237743	13.161
754.5	2.6949644752290327	80.656
755.0	1.4164538376832148	17.862
755.5	1.6146608613849673	50.406
756.0	1.2327739021367938	141.286
756.5	2.3676301550275065	19.092
757.0	2.444794912547413	105.682
757.5	2.132072457722472	67.367
758.0	1.1674623651492253	70.37
758.5	1.9259797361534206	71.377
759.0	1.6091918988762457	120.855
759.5	1.7640443202210208	90.453
760.0	1.9511173508899513	15.335
760.5	2.016761966706917	86.992
761.0	2.217370468878589	90.558
761.5	1.6576289108553852	86.301
762.0	1.3978486505022905	60.49
762.5	2.3474097700641825	19.856
763.0	1.25639184864693	15.148
763.5	2.2191747270060005	70.482
764.0	2.000882315464639	60.501
764.5	1.8891907226724198	90.516
765.0	2.4129993432975922	40.206
765.5	1.3256526824555637	76.808
766.0	2.268473873173467	80.611
766.5	1.6515029090053102	51.559
767.0	2.0076106101271796	90.381
767.5	2.239814704792698	106.863
768.0	1.493076404222523	124.702
768.5	2.4866243271490056	110.742
769.0	2.214383112396322	50.549
769.5	1.8528551318790947	140.86
770.0	2.2186331468680107	14.305
770.5	2.3350952522907438	20.119
771.0	1.98458148517267	12.821
771.5	1.2525363262904137	60.548
772.0	1.9451225332312205	70.525
772.5	1.8954949746304097	60.285
773.0	2.125211684166989	37.392
773.5	1.3123138941883525	120.717
774.0	2.0720477652937617	20.144
774.5	2.285501072602243	80.631
775.0	1.6527903965947772	67.314
775.5	1.4784048499510383	20.153
776.0	2.1908012683774367	96.759
776.5	1.6941719175857948	40.28
777.0	2.2841811207386864	34.464
777.5	1.2479728002468369	130.742
778.0	1.7594173835818754	54.07
778.5	1.7527054552825796	84.733
779.0	1.7331338334307407	70.609
779.5	1.3089953737132427	50.386
780.0	1.1036333885572625	70.47
780.5	2.0714902590713855	139.535
781.0	1.6164945861074616	13.48
781.5	1.8927290677461284	80.525
782.0	1.3759576249122476	294.233
782.5	0.6046620884825014	818.229
783.0	4.0004158298881	16.975
783.5	1.7737440210066489	100.443
784.0	2.163078208698007	34.081
784.5	1.75937780985267	90.514
785.0	2.2762164571352113	50.463
785.5	2.071024173205397	23.767
786.0	1.6221000960113958	50.631
786.5	1.735704144919222	30.306
787.0	1.7267651176346615	14.091
787.5	1.5675687267799234	70.719
788.0	1.4190701380994042	110.61
788.5	2.3132832824289427	20.163
789.0	1.582834967767189	51.694
789.5	2.1131692914458626	80.62
790.0	1.8289864501336042	65.33
790.5	1.8099672141150365	50.393
791.0	2.1185774444855534	20.158
791.5	1.8668095706106231	111.079
792.0	1.2760696743189563	20.177
792.5	2.506125267651707	87.254
793.0	1.5973988692447623	50.401
793.5	2.0734586231307572	13.933
794.0	1.4231362752706578	40.236
794.5	1.5287364478106507	20.152
795.0	2.228086688097066	50.304
795.5	1.4288688623587829	60.347
796.0	1.284584648474504	13.031
796.5	1.7632669293008756	91.017
797.0	1.6632123779087387	20.111
797.5	2.3927027395156015	70.572
798.0	1.4866755447479654	70.508
798.5	1.6672300907206228	16.057
799.0	1.8916271336043449	131.349
799.5	2.0012185574314114	50.455
800.0	1.5364777400681644	14.208
800.5	2.288751567613246	80.447
801.0	1.4403570204486316	34.157
801.5	2.4762312465080347	20.322
802.0	1.3134230467240104	35.465
802.5	1.6240743788267744	130.859
803.0	1.7193389913413484	15.381
803.5	2.1131189475752863	90.502
804.0	2.1386116995432425	99.485
804.5	1.719392967213846	46.141
805.0	2.079780584691469	19.486
805.5	1.556085221994593	70.285
806.0	1.3311454728052392	130.95
806.5	2.014210772855934	120.536
807.0	1.534255622372064	120.959
807.5	1.2069868123627019	135.373
808.0	1.338499164859631	50.429
808.5	1.2184618828526954	90.576
809.0	1.1855608888648423	70.497
809.5	1.9606528406229715	50.167
810.0	1.5678157408853701	120.86
810.5	1.93276996978877	20.229
811.0	1.142890400621857	34.724
811.5	2.088912848192943	60.466
812.0	1.7203853551509463	36.278
812.5	2.958245910735476	33.836
813.0	1.0532968420038955	37.34
813.5	1.7406792154900361	86.097
814.0	2.2737979915004747	50.363
814.5	2.5923796643847834	30.245
815.0	0.9106021418578596	130.949
815.5	2.4164281287765417	80.47
816.0	1.9793629396316954	131.065
816.5	0.8911913636530744	597.582
817.0	0.13852402449783277	1002.163
817.5	0.9125724763785181	1755.882
818.0	0.05788410912732605	3032.902
818.5	1.272689075269102	15.404
819.0	2.106892579685494	86.365
819.5	1.827377147773439	20.126
820.0	2.074117042715425	113.881
820.5	2.2625997550726678	50.406
821.0	1.959270610097038	120.907
821.5	2.1769627730676406	80.527
822.0	2.8330383269004162	37.374
822.5	0.9918410391455634	120.971
823.0	2.6131005122185935	70.296
823.5	2.8125306459397557	70.513
824.0	2.0328780289235757	14.963
824.5	1.276720649115963	120.776
825.0	1.6672063449807357	70.66
825.5	1.8270468274945402	120.666
826.0	2.1306650155024136	52.174
826.5	1.382749842566673	50.525
827.0	1.8909056779509659	34.727
827.5	1.8287203714669378	212.231
828.0	2.6169397039756714	12.882
828.5	1.8329213080889095	60.362
829.0	2.1474591205816216	70.302
829.5	2.3457442781035183	70.546
830.0	1.7701084609592663	120.811
830.5	1.6781066487832026	38.006
831.0	1.7293257142535212	50.419
831.5	1.921170201869705	60.456
832.0	1.6718316999329028	120.961
832.5	1.8949104384770252	100.735
833.0	1.66335260336876	80.678
833.5	2.1625374225676617	70.686
834.0	1.3103060664287145	80.662
834.5	1.6307966041178463	14.879
835.0	2.137596410897785	120.751
835.5	1.7418827865559914	72.454
836.0	2.0900200943301757	35.121
836.5	2.2869699659347136	34.519
837.0	1.8191239238314485	32.597
837.5	2.1275888666406293	46.431
838.0	1.6484654988810306	70.588
838.5	1.88974979548186	110.638
839.0	1.7915665951684714	60.39
839.5	2.4798438280247455	50.619
840.0	1.22968238640049	62.294
840.5	2.082107864663136	101.53
841.0	1.8623425413275396	49.951
841.5	2.4883258448155487	50.4
842.0	1.7802029495943195	20.194
842.5	1.6314379153689536	63.206
843.0	2.1513506235544946	60.398
843.5	1.9099098829489765	50.499
844.0	1.2880729746818254	130.978
844.5	2.5808490254302248	100.728
845.0	2.0839571032987276	60.458
845.5	1.3993057201577581	80.547
846.0	1.6630705016308802	26.623
846.5	1.6909815892981783	40.314
847.0	1.814245525710558	70.467
847.5	2.4623762832917575	40.251
848.0	1.8746979205615302	60.469
848.5	1.607313580774276	40.405
849.0	1.7342914317267342	99.427
849.5	1.671453469597765	76.378
850.0	2.0658585094686237	133.118
850.5	1.8783876200254783	80.625
851.0	1.6297988439617228	66.144
851.5	2.0790185395195246	30.286
852.0	2.1422026605450193	70.51
852.5	1.6513272358595599	60.292
853.0	2.390822873921804	123.261
853.5	1.0206583868523837	70.466
854.0	1.7668644695014577	213.018
854.5	2.6105334529672755	90.584
855.0	2.0610196220718455	13.945
855.5	1.5468286527297326	65.568
856.0	1.4811558826609055	131.008
856.5	2.0988988973179077	80.463
857.0	1.9013760618558087	232.222
857.5	2.791473373551021	20.237
858.0	2.418420874188585	70.411
858.5	2.1147339032589345	30.028
859.0	1.292337027786457	20.159
859.5	2.071567281136744	80.473
860.0	1.6008705439082378	90.671
860.5	1.7216092141617882	70.453
861.0	1.631994749601778	15.844
861.5	1.66953835546391	120.869
862.0	1.7457576099015408	20.184
862.5	1.856467375661525	30.115
863.0	1.1576592759595121	26.88
863.5	1.8631678343380282	80.481
864.0	2.606832390246488	50.403
864.5	1.5668168959652014	42.822
865.0	1.5742212296440259	40.145
865.5	1.642954270243171	80.566
866.0	2.3480394270308693	90.524
866.5	1.8468217139642544	20.368
867.0	1.538607120858932	80.778
867.5	1.785129628302327	140.736
868.0	1.607222281721096	130.906
868.5	2.810049882757638	102.344
869.0	1.0973052355286397	94.502
869.5	2.332667731686271	40.102
870.0	1.8949775853626336	52.577
870.5	1.5775634794199096	80.645
871.0	1.6782018055829584	70.42
871.5	1.9575836449756183	70.47
872.0	2.023258886259051	104.514
872.5	1.7448712732113167	27.821
873.0	1.799909831208234	55.399
873.5	2.0835420906967324	25.978
874.0	2.2049560404920983	65.93
874.5	1.9971017195585046	23.837
875.0	1.9816805176453458	85.713
875.5	2.078335540297374	49.833
876.0	2.2125847837278085	70.456
876.5	2.1007685600072334	40.389
877.0	1.879164223467561	56.812
877.5	2.1681507043799497	84.155
878.0	1.9296071434307724	70.543
878.5	1.9021899794109416	100.723
879.0	2.0906181113436157	60.474
879.5	1.8902168183344292	80.654
880.0	2.2401254653031435	20.214
880.5	2.2422153720921103	80.649
881.0	1.2897812408352953	70.564
881.5	2.0769960085096035	20.168
882.0	1.9030283837536845	100.585
882.5	1.812560192895956	70.557
883.0	2.0995425401392285	99.942
883.5	1.507800825078779	120.868
884.0	1.5123341036914202	115.354
884.5	2.0230260920902974	78.581
885.0	2.3559444014156847	70.357
885.5	2.1899465505176963	16.126
886.0	2.0786175332754366	102.981
886.5	1.4070626626681257	95.873
887.0	2.0784161083270933	70.612
887.5	1.7535770352597364	90.532
888.0	2.590342592162674	74.398
888.5	1.570223997059356	60.362
889.0	1.406910888721199	21.97
889.5	2.8909504659448877	139.41
890.0	1.7440039357390897	13.4
890.5	1.4011784768334545	35.374
891.0	2.018300567970436	60.579
891.5	1.5884692041703958	80.538
892.0	1.8824148141218748	60.481
892.5	1.2857050513643336	37.494
893.0	2.1465304477944076	25.398
893.5	2.5414244052928803	54.911
894.0	1.7346928235608898	70.446
894.5	1.82984808757864	30.276
895.0	1.899997851193952	120.754
895.5	1.8476271727537954	130.837
896.0	1.4746526897917398	20.135
896.5	2.2906156971657095	20.156
897.0	1.485889892564239	80.401
897.5	1.9393083834893248	40.154
898.0	1.802496235830855	120.969
898.5	1.9364962479286152	90.583
899.0	2.463371745376419	30.114
899.5	1.1838622059402417	70.485
900.0	1.5344789744606278	93.667
900.5	2.527305693237195	20.156
901.0	1.4261954556245182	50.36
901.5	1.8863397347443378	90.674
902.0	1.909778872431983	66.333
902.5	1.548489833102184	13.464
903.0	1.853521072850778	83.328
903.5	1.7313126417988962	80.588
904.0	1.6390573335068777	50.445
904.5	1.5799498651237744	70.567
905.0	1.749046121466364	70.483
905.5	2.35720706279023	65.64
906.0	1.9090146997427284	22.358
906.5	2.316009140056488	151.991
907.0	0.7697317289832226	620.012
907.5	3.7414564078384553	85.092
908.0	0.9330911478085087	84.892
908.5	2.2462994980523447	50.245
909.0	1.9227590249779736	60.408
909.5	2.860450533175155	95.024
910.0	0.7454687282121899	98.017
910.5	2.0148697156090023	50.293
911.0	1.6441241354081435	80.743
911.5	3.088000092289532	136.934
912.0	1.1686139908236224	116.28
912.5	1.8187795737944872	70.487
913.0	2.1195931284473697	50.319
913.5	2.4139858932376463	50.489
914.0	1.2351463533978775	60.433
914.5	2.0827341106628476	70.427
915.0	1.8610177875311438	89.558
915.5	2.2729177500287077	120.797
916.0	1.8958283835937253	70.659
916.5	2.005633960778467	120.827
917.0	1.779012709134262	70.519
917.5	1.9247633081827988	19.923
918.0	1.8077187952101297	60.377
918.5	1.8410082768930685	20.32
919.0	1.8719507844400538	39.167
919.5	2.3002788907682055	50.618
920.0	1.9351463043517623	40.549
920.5	1.8454719275230835	21.371
921.0	2.112207501249087	100.878
921.5	2.062779547072079	98.294
922.0	1.5463580762453655	14.234
922.5	2.042725900057742	60.432
923.0	1.7052452723296192	110.803
923.5	1.2044028269938232	100.671
924.0	2.2256092870127717	70.661
924.5	2.0578018733145655	117.621
925.0	2.45560027470693	120.537
925.5	1.205577470680512	16.198
926.0	1.9579961839809168	13.278
926.5	1.910594949081257	50.414
927.0	2.332930588154283	92.616
927.5	1.815851350300545	89.589
928.0	1.905976094406932	80.661
928.5	2.0052895401982216	70.351
929.0	2.314116041581295	60.545
929.5	1.6512363986755223	45.775
930.0	1.389027700079952	126.866
930.5	1.9793159315179558	90.571
931.0	1.766263797702295	20.149
931.5	2.1732402942753644	19.977
932.0	1.5196894700459864	80.751
932.5	1.6600174531911749	84.635
933.0	1.6238478431394412	84.017
933.5	1.635314285284714	70.504
934.0	1.580404224203832	40.353
934.5	2.050883066289386	80.396
935.0	2.3437371341672657	80.672
935.5	1.3607579194688897	71.151
936.0	2.105664976885474	90.584
936.5	1.61901796384313	60.341
937.0	1.9418250963293997	20.153
937.5	1.7463094706154287	50.238
938.0	2.0857677289190555	85.252
938.5	1.4008583803166346	20.092
939.0	1.3349171535852085	37.001
939.5	1.67155133094871	20.103
940.0	1.4198799019623152	97.647
940.5	2.7908714112104525	121.178
941.0	1.0066475726200677	35.974
941.5	1.7818709697722872	14.973
942.0	1.4624074363771775	120.708
942.5	1.619327854238969	70.557
943.0	1.2354234989251456	20.157
943.5	1.3428660807164465	80.576
944.0	1.3431740837619393	29.408
944.5	1.956564820522693	21.408
945.0	0.7937862788499918	61.55
945.5	1.5001398999390179	33.409
946.0	1.7812008149029566	80.605
946.5	1.7643397425840766	100.745
947.0	1.1264277126460063	126.763
947.5	1.863082353628001	50.292
948.0	2.2048563127065566	130.747
948.5	2.230511991729443	118.24
949.0	1.972680339861208	70.519
949.5	1.3980854424145994	19.292
950.0	1.6761417937605896	20.532
950.5	1.9362171326136999	50.425
951.0	2.1877716068072437	37.996
951.5	1.6954528164697227	50.231
952.0	2.2018583273934835	42.172
952.5	1.3038518556876793	25.936
953.0	1.448830457899706	33.936
953.5	2.4800758235718954	31.064
954.0	2.518530523139581	17.974
954.5	1.2520911972990916	80.492
955.0	1.9575716885672183	40.198
955.5	1.6717161909583307	90.508
956.0	2.4544594689286927	70.583
956.5	1.0447040031090478	76.028
957.0	2.072165323150497	25.564
957.5	1.2781755372820027	51.775
958.0	2.8279146882526067	40.409
958.5	1.1447579273235005	80.413
959.0	2.0331573100244182	70.436
959.5	1.9946016647116855	89.525
960.0	2.2009815320896755	14.834
960.5	0.9318082617012445	80.204
961.0	2.098279152222502	120.809
961.5	2.205344974541822	62.762
962.0	2.559178611926883	100.77
962.5	1.3471007237040264	50.292
963.0	1.4151745581898318	71.325
963.5	1.9543757880758628	13.96
964.0	1.7408820873568216	140.987
964.5	1.8643390495936314	20.061
965.0	1.754877663590462	90.555
965.5	2.2961436355896816	70.456
966.0	1.6823409603566801	120.877
966.5	1.5859469107143718	106.662
967.0	1.7013527963195334	57.251
967.5	2.0715996090172575	130.603
968.0	1.611428082783515	15.116
968.5	1.4912761724683121	27.027
969.0	2.099540922430779	90.513
969.5	2.43173886116748	19.967
970.0	1.1338763977434247	91.48
970.5	1.9821815834900707	95.71
971.0	1.791845858838251	17.462
971.5	1.9019086231474307	90.665
972.0	1.452227094570449	85.697
972.5	2.023766265162887	97.573
973.0	2.1958011459183933	70.357
973.5	2.152018615076671	50.365
974.0	1.4634031436100807	12.524
974.5	2.0210618051425784	80.445
975.0	2.443854484973275	86.096
975.5	1.570571533034777	60.415
976.0	1.3612740891573352	21.128
976.5	1.7115243800985604	38.923
977.0	2.1834446982300495	35.045
977.5	1.5800230842930758	80.523
978.0	1.695490606812669	50.409
978.5	1.7244334961257732	85.615
979.0	2.1459383157295657	20.106
979.5	2.257883240404906	80.912
980.0	2.0900299418062596	70.283
980.5	1.944414393224181	102.549
981.0	1.4903074510864562	50.464
981.5	2.209928833649929	115.256
982.0	2.0349815763070964	70.391
982.5	2.4969121294106187	70.412
983.0	1.8911964196945248	151.072
983.5	1.6804436478415485	21.445
984.0	1.8728818584881661	105.918
984.5	1.946512260665885	60.433
985.0	2.0784427632919327	90.69
985.5	1.871922377448181	70.617
986.0	1.4796898307095667	90.623
986.5	2.199552002335055	50.52
987.0	2.3430660174309543	90.364
987.5	1.0391276965487424	16.895
988.0	1.6206963402148764	84.91
988.5	1.876352272540388	80.542
989.0	3.0764196250922744	20.393
989.5	1.0124852585454787	40.154
990.0	1.6013003670052992	90.236
990.5	1.878947862056736	70.477
991.0	2.396505686086404	110.93
991.5	1.7926248979687147	20.037
992.0	1.9247521573516921	131.096
992.5	2.251252965008759	30.287
993.0	1.6939272869386082	80.524
993.5	1.8335675612311524	86.334
994.0	1.955106589827125	80.519
994.5	2.129604018332345	50.327
995.0	1.8775948190699618	36.52
995.5	1.4204644304965908	24.33
996.0	1.848428056398601	87.322
996.5	2.163496875554987	90.422
997.0	2.243735809652917	17.874
997.5	0.7117736261589782	120.813
998.0	1.5554174067731403	20.134
998.5	2.3307052922793403	70.419
999.0	2.0998545248808296	40.369
999.5	2.249195208044706	90.866
1000.0	1.7834155932351399	40.236
