0.5	1.3928385189962065	110.757
1.0	0.5932570300932197	90.736
1.5	0.5054752878830171	90.71
2.0	0.6747915159020749	16.271
2.5	0.6586380221540089	40.352
3.0	0.5463234070510079	20.243
3.5	0.6444183534907935	140.954
4.0	0.5784124164178787	136.554
4.5	0.8219578047665066	80.295
5.0	1.856267941120691	207.128
5.5	0.5256118108286999	31.209
6.0	0.42396325103028365	29.312
6.5	0.8730352317958396	128.825
7.0	0.5635383657482662	41.757
7.5	0.5682215846005862	131.128
8.0	0.7411196336637955	231.547
8.5	0.4774563008452365	100.728
9.0	0.6233236964552396	20.174
9.5	0.7827416223654056	60.308
10.0	0.6188335331519061	150.865
10.5	1.534073470215119	41.727
11.0	0.5446976778417468	115.207
11.5	0.5697628139405418	180.237
12.0	0.7188355206692327	185.333
12.5	0.42551072250443156	244.565
13.0	0.48596697113498977	140.966
13.5	0.6760338067869448	221.946
14.0	0.3741315604214284	17.101
14.5	0.5066825695687384	35.557
15.0	3.3245741113058758	211.034
15.5	4.99391703327508	114.329
16.0	0.6546203689436304	342.918
16.5	0.5787166258536994	423.422
17.0	0.8144463748824495	191.409
17.5	0.42522823238380547	786.821
18.0	0.3488923712239758	170.597
18.5	0.5781042499722205	106.738
19.0	0.6541113538344013	144.563
19.5	0.5414835350963635	100.486
20.0	1.0995607384668673	1048.185
20.5	1.4648433555431557	525.966
21.0	1.814324431615155	17.178
21.5	0.60041780788209	40.333
22.0	0.4077220146724677	140.938
22.5	0.39634876654871204	26.383
23.0	0.5307713040592776	120.793
23.5	1.2291548298289274	625.706
24.0	1.145290110423008	572.582
24.5	0.07795351495858607	1637.623
25.0	0.39786320457675456	2424.99
25.5	0.10065901652707465	1719.407
26.0	0.5225572981147432	1869.928
26.5	0.27349316750543357	961.355
27.0	0.04423513361786337	2382.77
27.5	0.13808735801182	2382.788
28.0	0.7709996865929302	62.445
28.5	0.5450536316181496	413.511
29.0	0.6420596522577623	736.311
29.5	0.13085982816992445	756.74
30.0	0.9688547029176585	131.051
30.5	0.6920248260776778	214.39
31.0	0.4496267203355132	90.63
31.5	0.6501997121710371	110.744
32.0	0.3208011668374907	151.162
32.5	0.7314112845362807	130.821
33.0	0.5060713075447385	150.953
33.5	0.358720037873811	125.833
34.0	0.4142476124085937	171.3
34.5	0.7828033443654915	130.959
35.0	0.524852457210906	221.846
35.5	0.7213174030385726	433.664
36.0	0.5056471599713734	546.497
36.5	0.8543815136505553	50.32
37.0	0.8065895833132383	131.366
37.5	0.5541915762795471	90.755
38.0	0.7901968102552214	23.584
38.5	0.6720949457562112	80.702
39.0	0.5578905889216524	141.06
39.5	1.0874210727477394	141.082
40.0	0.668476669777423	125.401
40.5	0.5541280262664207	40.499
41.0	0.8062976064005538	53.697
41.5	0.5280709198625664	90.64
42.0	0.7656412099227916	170.965
42.5	0.6116628241393206	60.493
43.0	0.5608424561222898	171.078
43.5	0.6518949931899388	53.993
44.0	0.41535177953069813	90.682
44.5	0.7436476600051768	1644.098
45.0	1.8944066629463228	90.799
45.5	2.9356253161142614	80.801
46.0	0.5781144209284202	163.264
46.5	0.6989612719447494	645.551
47.0	0.3744345472780686	948.129
47.5	0.7915212913157971	746.63
48.0	0.29422527513571956	703.189
48.5	2.1260085788285803	90.574
49.0	0.40653178759484515	201.963
49.5	0.5974692105813356	363.34
50.0	0.7228271422251323	145.902
50.5	0.7294320105060733	453.591
51.0	0.639928524803201	110.986
51.5	0.6404317499446782	353.322
52.0	0.8863780188332513	816.001
52.5	1.3435793447252986	111.134
53.0	0.8791964150551081	100.673
53.5	0.3122158935692097	3157.172
54.0	0.17968604989510284	4157.092
54.5	0.5442966093947375	4817.72
55.0	0.35911384893734216	1619.094
55.5	1.6589518356231294	335.412
56.0	0.7803525232887556	595.044
56.5	0.8495536921524829	62.226
57.0	0.1530958027583379	62.226
57.5	0.01397694230361558	58.406
58.0	0.6562579568837636	514.148
58.5	0.17557169340121725	665.567
59.0	0.2936059913275805	1622.864
59.5	0.14751305233632112	1622.864
60.0	0.13060375131276616	1622.864
60.5	0.15023320554378522	1622.864
61.0	0.7785207141574049	3630.457
61.5	0.16818712916690798	3630.457
62.0	0.13579532719538337	7081.869
62.5	0.17692338025205703	7571.248
63.0	0.17407422308417134	7571.248
63.5	0.013287296735949078	11529.034
64.0	0.15046231574035457	11156.802
64.5	0.13976233904665	153.311
65.0	2.5309002549578024	40.55
65.5	0.7901453142823408	141.09
66.0	0.738925408768526	161.756
66.5	0.5296291930074368	171.253
67.0	0.7304699808420267	162.591
67.5	0.5736138368669008	234.225
68.0	0.6036936699203609	70.558
68.5	0.7651446760480984	146.599
69.0	0.4925259382306781	41.058
69.5	0.49420387774989066	191.231
70.0	0.5226700972695596	81.432
70.5	0.4246345249117757	144.217
71.0	0.7766515117325289	122.003
71.5	0.6099673172508795	23.161
72.0	0.5121413890867059	16.631
72.5	0.6042520116975019	152.715
73.0	0.4565680689862877	141.08
73.5	0.5516678132100041	18.109
74.0	0.6915550240892693	110.804
74.5	0.3629271958255181	15.68
75.0	0.614021685762555	20.424
75.5	0.4886033834576529	80.592
76.0	0.703487035120963	70.626
76.5	0.30913782469266327	100.664
77.0	0.5114397535847401	20.188
77.5	0.692399683195009	42.738
78.0	1.6111523151333764	141.973
78.5	0.5581856233208672	80.661
79.0	0.5133139699200818	65.682
79.5	0.4643168686319919	20.208
80.0	0.5966482488391254	60.434
80.5	0.3283890178237592	26.53
81.0	0.6741512472694857	25.959
81.5	0.4100736641262824	28.856
82.0	0.44901089417719486	107.436
82.5	0.48662861406924046	19.891
83.0	1.6765373248201536	120.984
83.5	0.604632684413027	141.089
84.0	0.5804762693096681	54.272
84.5	0.6976609299883832	130.775
85.0	1.6688938267157096	65.058
85.5	0.5223803072555387	47.972
86.0	0.7932402487365464	161.27
86.5	0.7866395025710422	27.317
87.0	1.832985348761771	33.705
87.5	0.1463633066841553	20.279
88.0	2.423593563101459	115.75
88.5	2.0401929188539225	21.913
89.0	2.206589859492653	50.264
89.5	1.9685393215646394	23.039
90.0	1.967089139092331	60.498
90.5	2.3775715059270097	14.253
91.0	1.812065178585057	72.315
91.5	1.4867921855793558	89.827
92.0	1.7834922911299629	70.506
92.5	2.1025294611043988	80.581
93.0	1.9664923846539881	71.792
93.5	1.8712236630850034	100.538
94.0	2.470893120443437	77.108
94.5	1.899939949191564	110.62
95.0	2.2574618248026663	100.776
95.5	1.901742121009341	22.502
96.0	1.9953703129854141	80.612
96.5	2.413745986624162	100.401
97.0	1.5721879967055072	62.096
97.5	1.2707300056261637	15.437
98.0	2.305666626588038	50.525
98.5	0.121642268526554	20.346
99.0	0.1259483619443915	14.157
99.5	10.237176113931074	100.7
100.0	2.6949020564259927	50.451
100.5	1.4256131793502447	89.156
101.0	2.3733674742391746	17.637
101.5	2.291040231046372	110.648
102.0	2.277582422195798	70.512
102.5	2.1634759981027787	17.027
103.0	1.7986009631846842	105.485
103.5	2.169898949740525	90.387
104.0	2.4989668071210147	65.318
104.5	0.12952708205215427	14.124
105.0	9.18744392211656	50.662
105.5	1.502310526679075	67.96
106.0	1.6980592205813856	100.624
106.5	1.6619698278548611	50.805
107.0	1.0536232129264325	98.378
107.5	1.7298338491489023	40.215
108.0	1.2489036687289066	191.315
108.5	2.1022201205787643	80.611
109.0	1.6135737917788338	90.463
109.5	1.4633663964566634	80.766
110.0	1.422419653674098	100.615
110.5	1.7634843178986173	60.361
111.0	1.1909938552057016	107.798
111.5	1.909934265901504	16.071
112.0	1.9250442439346838	18.017
112.5	1.7090449771943956	36.037
113.0	1.3399456639277236	30.312
113.5	1.7093242953400614	96.23
114.0	2.059214067624831	171.621
114.5	2.4006964722029074	60.369
115.0	1.224366053040958	90.403
115.5	1.9022680588143	17.714
116.0	1.981825150623827	111.151
116.5	1.0931709797948486	55.77
117.0	2.0909602793826405	26.064
117.5	2.372996938586599	30.294
118.0	1.6270431529332885	45.062
118.5	2.061342994017846	199.296
119.0	1.5718690656942251	40.374
119.5	1.2342891383704528	201.128
120.0	1.8451079388798068	145.539
120.5	1.5504182611251378	60.476
121.0	1.7925244692109694	90.605
121.5	1.4375982679731538	40.271
122.0	1.8789830822627374	100.646
122.5	1.3534006214602012	110.801
123.0	2.228254332375182	36.304
123.5	1.574294265385069	46.765
124.0	1.8866553908309098	20.199
124.5	0.9900525943187672	44.538
125.0	2.254040227881706	30.206
125.5	1.972935641763645	27.401
126.0	1.5100256450724772	138.463
126.5	1.4736562117883456	60.227
127.0	1.0742349898180696	80.62
127.5	2.0950663335732322	30.559
128.0	2.0982481659227146	40.109
128.5	1.0118838516666149	65.529
129.0	1.6384107039204985	70.437
129.5	2.3020379190872258	75.271
130.0	1.7444136414953166	100.752
130.5	1.622673688175287	60.437
131.0	2.3448983713537412	30.134
131.5	1.193414134446374	16.187
132.0	1.9922718298890965	30.346
132.5	1.09164437539364	40.371
133.0	1.8511533173170924	87.179
133.5	1.6070672466415323	80.328
134.0	1.7307591299723972	70.521
134.5	1.5465870352622126	90.65
135.0	1.9078510950743632	60.219
135.5	1.7461331738902486	60.514
136.0	1.952020184964198	90.711
136.5	1.8226434880285973	60.627
137.0	1.6493728924376376	50.557
137.5	2.263921597160143	20.225
138.0	1.0685101918758388	85.509
138.5	0.12942493899898597	15.906
139.0	5.153305576419038	100.406
139.5	2.0226982784312355	50.476
140.0	1.1660537441207455	20.136
140.5	1.2330691186102527	36.401
141.0	1.4640514082291787	118.875
141.5	1.7710085536622298	20.189
142.0	0.870958384818534	17.63
142.5	1.5627766045558036	15.247
143.0	1.1881955664285877	34.854
143.5	2.029904237367507	110.645
144.0	1.0217772949614905	50.33
144.5	2.038744926010093	110.759
145.0	0.9646123386179332	36.852
145.5	1.6553463950205094	66.12
146.0	1.4441309242780926	15.155
146.5	1.1539220340599492	59.746
147.0	1.1847091251012585	20.317
147.5	1.4374128406342233	130.575
148.0	1.332413473895336	80.607
148.5	1.171525328942537	100.744
149.0	1.491826125850514	100.499
149.5	0.8254413598011117	141.485
150.0	1.7166032560186841	38.135
150.5	1.507033747662866	70.411
151.0	1.5326203149992084	80.59
151.5	1.6245099879612195	121.215
152.0	1.4876560637769891	15.779
152.5	1.409040323995428	36.075
153.0	1.3583302623315139	16.868
153.5	0.8285284478208812	120.037
154.0	1.2933209472398268	30.094
154.5	1.6843007244171515	16.44
155.0	1.0581437761338368	138.527
155.5	1.5818144426858005	65.92
156.0	0.8770522482366376	20.11
156.5	2.566515655870826	20.211
157.0	0.9274614101248978	15.641
157.5	1.5140407681878951	37.151
158.0	1.773900149520557	110.697
158.5	1.4004168777021704	100.74
159.0	1.5196747925458347	90.652
159.5	1.4802301819901258	124.37
160.0	0.8204189378028647	97.074
160.5	1.9097148138388815	15.549
161.0	1.307663380786666	25.737
161.5	1.4441615544956876	130.824
162.0	1.63307470848157	70.289
162.5	1.4814205975594281	142.603
163.0	1.2111540147409214	110.936
163.5	1.3041699340365918	70.446
164.0	2.028504648208006	15.48
164.5	1.296574832349552	28.284
165.0	0.7082146357037762	36.535
165.5	1.5975927368680585	120.837
166.0	1.8155775414992992	55.543
166.5	1.2299614107044718	110.679
167.0	1.0736418195585675	36.329
167.5	1.4249884851989223	130.808
168.0	1.440921086166792	100.616
168.5	1.2949773285216424	70.66
169.0	1.489551320209397	104.015
169.5	1.8714860040974919	125.669
170.0	0.8294239163660886	115.636
170.5	1.5654312390885918	15.616
171.0	1.6620893651151587	17.248
171.5	1.816038994021054	17.099
172.0	1.0578638881865334	20.187
172.5	1.5047816559139808	120.931
173.0	1.732288896485913	130.929
173.5	0.7682971490201344	15.491
174.0	0.2874882318645707	36.239
174.5	0.3681138980767729	21.081
175.0	0.523542792529785	82.819
175.5	1.5575916417414013	37.039
176.0	1.1151276247176503	16.28
176.5	1.183006454277658	62.047
177.0	0.854637948728929	118.105
177.5	0.9881225478144803	38.508
178.0	0.9199594378956557	16.043
178.5	1.2764100142672232	14.742
179.0	0.48458589491586	16.357
179.5	0.771316631591029	30.266
180.0	1.9422387253365898	20.322
180.5	1.437975564391561	36.541
181.0	1.6150994742742288	18.078
181.5	2.7894735309294765	16.772
182.0	1.0144106610430261	35.702
182.5	1.5322104486963701	15.626
183.0	1.0250775188996768	125.641
183.5	1.6877939680340064	16.499
184.0	1.2675173156568778	110.8
184.5	1.7139102818706544	15.871
185.0	1.92291098287135	20.388
185.5	1.866301495567494	110.781
186.0	1.6409100573998554	96.612
186.5	1.3658732981241424	25.838
187.0	1.6050294299735077	131.005
187.5	1.3549294840420525	19.955
188.0	1.6329068058351708	20.137
188.5	1.7380234538541945	20.212
189.0	2.276339997388428	122.851
189.5	0.9434480520705053	20.295
190.0	1.4395455639877055	13.961
190.5	1.2760256342094198	120.888
191.0	1.5957022639855585	90.743
191.5	1.0402400867390427	90.379
192.0	1.231247549949035	81.171
192.5	1.1619936052221216	17.291
193.0	1.4096071849549827	90.63
193.5	1.193433606789602	80.538
194.0	1.8563428174633245	90.499
194.5	1.8191002352227839	130.652
195.0	1.915711893383183	76.532
195.5	1.2643889111335622	134.697
196.0	1.6568802311154887	20.326
196.5	1.2568681479591735	80.783
197.0	1.1073210714685042	16.631
197.5	1.0796369638629493	130.749
198.0	1.5113530704370872	38.249
198.5	1.763324924966858	80.684
199.0	1.8687737223637142	130.746
199.5	1.681350716163353	130.923
200.0	2.0722871439782637	105.915
200.5	1.3299152609679823	36.506
201.0	0.7622451898067255	131.023
201.5	0.5338088381500562	16.09
202.0	1.0337092175235387	20.328
202.5	2.433080595305054	17.645
203.0	1.5810854729087278	132.065
203.5	1.9069207083162074	15.095
204.0	3.3052284948614608	80.04
204.5	0.4709159100423449	117.738
205.0	0.1903659060224298	39.475
205.5	0.860423870651994	23.677
206.0	0.38826117889186373	16.041
206.5	0.04838125085172825	36.994
207.0	0.09561549362801772	166.241
207.5	2.1985697738982726	16.769
208.0	0.5039620094301919	126.868
208.5	0.14614953332056754	132.872
209.0	1.3428476120062893	90.681
209.5	1.9479084380690355	113.084
210.0	1.3127347204916813	128.276
210.5	2.0490373301291545	85.296
211.0	0.7647354375193122	37.345
211.5	2.217945079013806	47.615
212.0	1.7456253557413064	15.678
212.5	1.9453214926185016	16.662
213.0	2.013305289853552	58.548
213.5	1.8944069209289827	40.346
214.0	1.4643793524946604	75.992
214.5	1.8422120288662005	15.567
215.0	0.9789344318140096	36.404
215.5	0.9995295118084633	90.637
216.0	1.2255178392394812	30.368
216.5	1.3364488909855405	15.568
217.0	0.9685499948121666	75.943
217.5	1.94189544726011	14.721
218.0	1.1780696884911352	25.62
218.5	1.1241634202202153	90.702
219.0	1.5093271372073411	80.575
219.5	0.9234839856088386	20.147
220.0	1.2805925485941296	25.864
220.5	0.24597600628863273	128.393
221.0	0.481749515131746	15.819
221.5	1.7126881446773556	20.237
222.0	1.209777726331585	25.323
222.5	2.5398612868399857	39.888
223.0	1.4007159609539912	17.515
223.5	0.40385180073044175	15.949
224.0	0.8097372744166937	91.87
224.5	1.0974778630529223	120.723
225.0	0.955644739268177	36.6
225.5	1.603216239298976	20.608
226.0	1.7671324598822915	14.701
226.5	2.052758658949411	26.135
227.0	1.5178957187499744	34.745
227.5	1.6340287716489927	130.875
228.0	1.5569381570684175	20.019
228.5	1.3187403226963967	100.54
229.0	1.693199080417574	90.616
229.5	1.8982212958675078	136.325
230.0	1.236401019498932	15.609
230.5	1.5151136997452377	130.964
231.0	1.5817398461623544	70.57
231.5	1.6816159800908463	50.265
232.0	1.6426126112857407	100.703
232.5	2.723778754721612	35.857
233.0	2.056066457752958	15.818
233.5	1.3575911038156956	120.822
234.0	1.8897136305567281	50.338
234.5	1.4456513369109079	105.442
235.0	2.8239647317777288	108.498
235.5	1.1191665986381927	76.057
236.0	1.765930655265748	76.541
236.5	1.8987214030600272	40.29
237.0	1.5756049598362194	132.793
237.5	0.9623143357096142	17.154
238.0	1.1146957244494824	36.589
238.5	0.6845762294810565	17.886
239.0	1.341984467514114	25.615
239.5	0.9369155117176413	110.937
240.0	1.0009019102692351	26.138
240.5	1.2217242114421956	15.658
241.0	1.5938271212192805	20.047
241.5	0.8694305816853061	15.643
242.0	0.9430557006927389	20.192
242.5	2.3493837026988094	100.69
243.0	0.785363020520106	20.354
243.5	1.277594734060286	14.308
244.0	1.5485813981440026	36.011
244.5	0.765849510193313	80.526
245.0	1.0172308699271837	25.78
245.5	1.4686858753772567	16.38
246.0	2.558552640057917	80.607
246.5	1.6009940622518328	20.147
247.0	1.4142217577873255	20.136
247.5	1.6754677146064858	127.994
248.0	1.9197721842595041	113.526
248.5	1.9256138535997753	17.301
249.0	1.7078033878556447	58.793
249.5	2.1401643795351233	120.761
250.0	2.0098602430688537	16.726
250.5	1.3017804410830986	100.601
251.0	1.1664964339461017	20.204
251.5	1.3196434824241876	110.623
252.0	1.4843339615524092	20.251
252.5	1.5781702654654175	110.753
253.0	1.6345810408869181	100.609
253.5	1.2435450171028941	75.522
254.0	1.4796391317509807	80.456
254.5	1.1354279492451338	31.133
255.0	1.2630831618503675	130.819
255.5	1.3471704788031127	90.619
256.0	1.5599575643304286	42.693
256.5	1.7448253086963463	20.157
257.0	1.7968093873750948	70.486
257.5	1.6390661874627843	80.494
258.0	1.599221774908516	21.036
258.5	2.1031365167089575	120.677
259.0	1.75594212415609	130.935
259.5	2.4712659210699335	45.971
260.0	1.7436926076941923	16.006
260.5	1.7033667658389604	75.959
261.0	1.5808763461169877	130.629
261.5	2.1837269305634694	60.496
262.0	2.180746730796274	50.415
262.5	1.6544563034901492	100.69
263.0	2.6637843658248155	110.747
263.5	1.51927764403683	80.366
264.0	2.076293949477138	120.762
264.5	1.732258357875894	80.447
265.0	2.353417403521873	40.334
265.5	1.891719946451606	110.842
266.0	1.7456004530742752	80.572
266.5	1.7684039598205616	20.24
267.0	2.0143046976647354	90.612
267.5	1.4345413498595885	20.23
268.0	1.5804824925598233	110.892
268.5	1.6431321073949536	80.531
269.0	1.6617242427609689	28.602
269.5	1.1559749691713654	80.492
270.0	1.8753636507172782	15.641
270.5	2.1301053769801523	80.441
271.0	2.1018801602984527	15.146
271.5	2.0412331277361266	60.472
272.0	1.9686322827698608	60.389
272.5	2.270397356876007	60.393
273.0	1.8903625303884275	96.592
273.5	1.127529439538773	70.421
274.0	2.296190151291522	20.295
274.5	1.4533495989224872	35.278
275.0	2.1691635368402493	37.777
275.5	1.7609336954925205	20.154
276.0	1.7957554789107286	20.195
276.5	1.867802474093724	20.34
277.0	1.9433314154799424	51.91
277.5	1.7815517913364853	80.522
278.0	1.8742195176971934	20.115
278.5	1.367308774424729	36.088
279.0	2.478962542351606	17.146
279.5	1.7166734173592892	16.919
280.0	1.7941274767670443	14.595
280.5	1.9280732346115264	30.086
281.0	1.389981237332919	96.121
281.5	1.6645082746568425	70.525
282.0	2.216337493363531	88.37
282.5	1.614929318877145	70.593
283.0	1.860495358131823	15.37
283.5	2.2852218129824764	80.586
284.0	2.1464178025792706	107.559
284.5	1.4713766437806235	55.484
285.0	2.3836780785875353	40.254
285.5	1.5016600915826617	100.605
286.0	1.9434782028960975	20.131
286.5	2.205443642519086	80.37
287.0	1.113114931853781	20.268
287.5	1.6675863412391034	70.574
288.0	2.1545802801535054	37.16
288.5	2.3968471746826254	17.452
289.0	1.7085659704063623	82.141
289.5	1.908903169936803	20.065
290.0	1.4388933179069519	14.258
290.5	1.1243964892121205	42.809
291.0	0.8774589758467727	30.402
291.5	0.5977544739449987	19.026
292.0	2.0917058135408757	70.48
292.5	1.3348922024738217	126.06
293.0	1.2586312741658894	15.058
293.5	1.1688993791861206	60.4
294.0	1.6224290496469496	110.608
294.5	0.9350864593379632	120.813
295.0	2.2518857170175384	137.673
295.5	1.5546075629353917	80.575
296.0	1.6656335601303967	25.848
296.5	2.7782613328641323	121.996
297.0	0.8226561764441337	110.85
297.5	1.8591504202423197	60.456
298.0	1.2851576997554153	15.502
298.5	1.8939513430121528	84.621
299.0	0.6937154668428854	130.857
299.5	1.5484198349714244	30.153
300.0	1.081792467792112	27.38
300.5	2.560886347753176	17.953
301.0	0.8950640547719946	25.585
301.5	1.980515880679979	120.65
302.0	1.583228018859381	30.208
302.5	1.4185503399260602	130.915
303.0	1.2870889463982096	20.223
303.5	1.6249757504894107	80.504
304.0	1.0084000410847704	56.167
304.5	1.7160518754778071	120.759
305.0	2.4925539160192676	85.576
305.5	2.3082372402254046	112.284
306.0	2.3535729081203076	110.72
306.5	1.5537319001381757	90.522
307.0	2.4020707854063907	80.316
307.5	2.239939343557837	90.716
308.0	1.6195719472608612	100.616
308.5	1.9099424902658526	20.278
309.0	1.6768764833317986	110.983
309.5	2.142553718237609	20.157
310.0	2.3552973084855657	60.398
310.5	1.4573913095693172	36.993
311.0	1.8064225561935183	60.294
311.5	1.9384688782546864	50.46
312.0	1.6501580432273932	60.328
312.5	1.8018870093269899	14.342
313.0	2.1056301801596264	15.341
313.5	2.1257534123966253	17.889
314.0	1.7372375231794444	14.591
314.5	1.5281567977041517	20.14
315.0	1.915551000953275	20.105
315.5	1.4408038705579045	35.511
316.0	1.9230224602995512	111.075
316.5	1.435936737855477	70.302
317.0	2.584383401948762	60.422
317.5	1.6373076578379417	130.805
318.0	1.9825832934573735	20.364
318.5	2.1145718554422768	15.939
319.0	1.4483288052696894	80.633
319.5	2.153335556902679	77.076
320.0	1.632225403499254	97.304
320.5	0.8159371311481897	20.237
321.0	1.6312006744625578	37.467
321.5	1.8748726676134482	115.099
322.0	0.7038726713713356	80.666
322.5	1.4634410659152188	25.214
323.0	1.2508701227092094	20.13
323.5	1.425275532272089	14.543
324.0	0.8594657690082746	60.419
324.5	1.3087111743356576	131.024
325.0	0.9187276967771222	20.168
325.5	1.1966199113858802	76.389
326.0	1.3078865471335288	35.586
326.5	1.4635084982017708	26.398
327.0	1.4772714423696278	118.763
327.5	1.8161178470083426	50.423
328.0	1.6844478374628302	90.931
328.5	1.2833792356346312	14.732
329.0	1.3277407561944514	80.631
329.5	1.0172649927097115	110.785
330.0	1.4089615785353766	66.145
330.5	1.4663842294928269	16.143
331.0	0.7801653367928543	14.761
331.5	0.9055145725553864	120.944
332.0	1.276262958237611	141.128
332.5	1.1265542387932526	17.115
333.0	1.274055086422791	26.695
333.5	1.232102780060862	21.601
334.0	0.8659097050385816	15.991
334.5	0.923646406903014	60.26
335.0	1.2301380645587947	30.809
335.5	1.120965441348439	17.148
336.0	0.9871526316048638	15.543
336.5	2.3095378282333248	126.873
337.0	1.414110185276895	121.0
337.5	1.180175687019945	20.333
338.0	0.8633716640501575	15.299
338.5	0.5028045193925105	18.493
339.0	1.1474288521323335	67.803
339.5	1.005422717796719	16.41
340.0	1.883842439644377	113.976
340.5	1.1521987212013842	19.077
341.0	0.8940086509534728	35.61
341.5	1.3268592394695486	38.833
342.0	1.922805240749843	19.368
342.5	0.7417451506738496	20.174
343.0	0.600864212363687	15.121
343.5	1.4809804518719318	16.09
344.0	2.0544894008820624	112.694
344.5	1.3186841108440803	120.661
345.0	1.5799170818518768	80.454
345.5	1.9664367899002793	134.811
346.0	0.1340269515349891	16.664
346.5	1.188547844364213	24.409
347.0	7.5495147557812246	124.712
347.5	1.2845506357084753	37.172
348.0	1.20310032561288	16.077
348.5	2.4755358526762885	20.257
349.0	1.4675237189187942	243.764
349.5	0.9976473127777823	90.757
350.0	1.543135268299141	108.196
350.5	1.281058486683904	80.548
351.0	1.7431947779363506	90.669
351.5	1.7130184129712245	20.418
352.0	1.7311360918816672	16.394
352.5	1.709159806428288	120.967
353.0	1.2921438521995343	20.226
353.5	1.3288144795790604	27.487
354.0	1.8870807256535473	96.233
354.5	1.9311627087048324	55.057
355.0	1.7712845861000266	101.134
355.5	1.7781214762284683	80.482
356.0	1.575459438245483	81.038
356.5	1.3172667999962628	96.688
357.0	1.4581627096843204	40.592
357.5	1.3211091144357916	40.518
358.0	0.7501351130639997	80.535
358.5	0.7969758148482565	80.514
359.0	1.2036962421284432	36.843
359.5	1.639940002693646	16.533
360.0	1.626356558606795	20.15
360.5	1.7571070843895102	110.853
361.0	1.280070754423232	18.374
361.5	1.370361580075798	60.659
362.0	1.2513083817474122	40.865
362.5	1.3265473862787955	27.085
363.0	1.3697714901888993	31.854
363.5	1.2481782351432253	16.633
364.0	1.054022664283917	134.043
364.5	1.2973652577209238	132.735
365.0	1.6590701660201619	15.538
365.5	1.6973099092903894	17.82
366.0	1.1461257242972462	130.321
366.5	1.1810510172342301	34.865
367.0	0.8910091625249441	110.705
367.5	0.9918897681470857	110.702
368.0	1.9319871541698572	20.281
368.5	1.6194242372541159	20.297
369.0	1.3871547470276562	35.927
369.5	1.0253632065032714	36.59
370.0	1.2914304667178762	67.683
370.5	0.9593013876469642	110.792
371.0	1.6238025376703538	100.822
371.5	1.6002116398933786	15.3
372.0	1.8805947581109244	140.989
372.5	2.2634213382864448	15.781
373.0	0.7511275552419289	66.0
373.5	0.6045202374000167	181.167
374.0	1.417101098679678	80.481
374.5	1.5369620318475328	80.591
375.0	1.281165273565224	37.11
375.5	1.4090958581325272	37.105
376.0	2.1157970454756723	70.223
376.5	2.1780424895481247	70.195
377.0	1.0895466850940272	40.114
377.5	1.3254274018068943	39.809
378.0	1.33275875089932	17.503
378.5	1.2092810605844715	14.249
379.0	1.9303774425868	17.663
379.5	1.6849075645887859	150.686
380.0	1.0682920776444471	16.5
380.5	0.8868961174011938	28.73
381.0	1.3835842159956075	110.901
381.5	1.176362474543213	16.739
382.0	1.88837563617434	118.813
382.5	1.276641453325004	68.104
383.0	1.6085319304311096	38.99
383.5	1.4222050806802704	35.989
384.0	1.4005221440656412	106.322
384.5	1.42711441610287	80.18
385.0	0.7707353484456471	36.003
385.5	1.2483653192232542	109.085
386.0	1.7875669667309666	40.288
386.5	1.8397021503336037	144.569
387.0	1.4724708709437464	60.211
387.5	1.7495268152778927	60.342
388.0	1.6049781638495695	110.696
388.5	1.8398169738788603	130.891
389.0	1.6889934629743841	60.422
389.5	1.5486693281593045	41.644
390.0	2.205194968448523	80.593
390.5	1.7816043050671526	80.577
391.0	2.052955589457791	96.334
391.5	2.003564957984692	101.521
392.0	1.523072406007822	121.912
392.5	1.433524936054649	87.525
393.0	2.432058134149149	104.099
393.5	2.452481428227869	161.645
394.0	1.4167125795155928	18.293
394.5	1.7764296292062338	15.864
395.0	1.5705620396130324	110.894
395.5	1.3944602181913923	110.933
396.0	1.2304414476041958	25.754
396.5	1.0281522204712017	34.431
397.0	1.6553046298195846	149.052
397.5	1.714314062275023	20.177
398.0	2.2839991277952714	50.492
398.5	2.260153586502496	40.386
399.0	0.8902810553545629	130.964
399.5	0.9608428041894375	130.624
400.0	2.4513847105092497	17.384
400.5	1.8881693562140045	20.269
401.0	1.201239559701755	102.647
401.5	1.5228727684767138	171.527
402.0	2.0218759317611794	50.531
402.5	1.7335799722383662	50.457
403.0	1.952332749663668	16.255
403.5	1.8812798883956336	20.188
404.0	0.9406235141111187	80.508
404.5	1.318482795138871	17.44
405.0	1.9391250059829115	90.499
405.5	2.0861749958990496	90.542
406.0	1.7358521611058055	20.096
406.5	2.0120296789966354	20.066
407.0	0.9273090536567528	20.246
407.5	0.9223851433878504	124.604
408.0	1.7391883733260634	20.212
408.5	1.5721470917346776	20.24
409.0	1.4075706581101568	50.615
409.5	1.485523241634292	50.635
410.0	1.0889824885144532	20.431
410.5	1.0065906828741413	20.425
411.0	1.366352286981207	80.718
411.5	1.80347495697379	80.638
412.0	1.161181979757942	150.872
412.5	1.2913277944168307	130.872
413.0	1.3086037527955758	14.556
413.5	1.3482453161331573	221.685
414.0	1.8912343068515134	50.472
414.5	1.71488358254403	19.366
415.0	1.1903040796423636	20.154
415.5	1.2636857665728405	35.983
416.0	1.689815291604959	16.085
416.5	1.6555340051128118	15.369
417.0	1.705694326665237	130.75
417.5	1.447663905081328	130.803
418.0	1.6008344286712763	15.916
418.5	1.3463551071630897	50.3
419.0	1.6460103016993721	68.391
419.5	2.075442876537646	80.665
420.0	1.9033705750888696	100.501
420.5	1.922348662137443	100.651
421.0	1.7488098892878796	131.138
421.5	1.7234393028589021	20.344
422.0	1.591987658133066	90.632
422.5	1.333257080562838	130.644
423.0	2.296373524832201	15.642
423.5	2.2926654768361305	17.717
424.0	1.4752705490103875	20.324
424.5	1.779158709607265	14.122
425.0	1.7845322962260564	101.342
425.5	1.6329305789580362	15.682
426.0	1.589629792469583	60.334
426.5	1.3893923947552964	60.397
427.0	1.9594301801121852	121.398
427.5	2.4575883285045235	60.112
428.0	1.4596749677500827	20.194
428.5	1.5488307842143676	135.621
429.0	2.0135396945021142	39.94
429.5	2.2089745120532185	37.049
430.0	1.097921005547084	27.841
430.5	1.004273454033103	50.506
431.0	1.3797448252893294	15.422
431.5	1.1959620150524244	16.269
432.0	1.7575163417484623	40.5
432.5	1.402397041525261	82.488
433.0	1.7301354192059641	109.576
433.5	2.1942719252198506	94.797
434.0	0.4817938685069878	100.615
434.5	0.3383681002638561	100.658
435.0	1.2694640004061253	70.483
435.5	1.2779416518393425	70.444
436.0	1.6399272524507873	50.561
436.5	1.2625430002405005	50.566
437.0	2.0966406013360817	50.15
437.5	1.9718128591425883	15.939
438.0	0.6437390821832568	34.701
438.5	0.5660522219934304	130.9
439.0	1.5910136413566531	60.599
439.5	1.834833307663041	60.595
440.0	1.7034347911959482	30.571
440.5	1.803286499527248	30.462
441.0	2.2957642858282106	17.11
441.5	2.3512614766398086	15.956
442.0	1.054132065417291	19.756
442.5	1.2659678737414575	130.809
443.0	0.9983562356133556	20.491
443.5	1.3556445495609268	19.98
444.0	0.6410304124092634	20.161
444.5	0.9360145197814208	32.72
445.0	2.66612208942682	75.408
445.5	2.4918616563956535	133.964
446.0	0.49685780175166333	15.29
446.5	0.4709121921690967	16.916
447.0	1.0890735649175054	122.338
447.5	0.9603019356701976	35.514
448.0	1.8143663776070555	18.711
448.5	1.2630679631743469	15.541
449.0	2.0354492290511743	130.721
449.5	2.228109518184791	133.472
450.0	1.7276922874824205	17.142
450.5	2.0967997576253796	20.464
451.0	1.4610438601993436	16.457
451.5	1.3162043848439087	60.5
452.0	2.67576852898974	20.347
452.5	2.91397222797126	17.174
453.0	0.7811573686246022	122.601
453.5	0.8399645716452675	128.885
454.0	1.625566299141996	26.053
454.5	1.785539842808314	26.417
455.0	1.5529582786995577	36.236
455.5	1.4922008940366265	35.279
456.0	1.4047222540292295	110.724
456.5	1.649931272752113	110.735
457.0	1.1878873199695523	101.288
457.5	1.1146149718633014	80.397
458.0	1.166305984495393	17.717
458.5	1.085855438767689	15.438
459.0	0.5509970465397185	333.546
459.5	0.5889148922072913	16.148
460.0	2.0795792800860045	81.752
460.5	1.9260792763883823	80.831
461.0	0.8086175558668225	47.484
461.5	0.9835315839461	42.977
462.0	1.3619023107046377	19.704
462.5	1.2071979861802873	16.631
463.0	1.4334054961330238	20.394
463.5	2.0218397249255293	20.425
464.0	2.3177040475104373	66.248
464.5	2.1281719452193015	101.472
465.0	1.413388072126764	20.881
465.5	1.3831520351188016	80.629
466.0	2.342521249820683	70.468
466.5	2.52903362321607	70.513
467.0	1.3838638203271645	18.027
467.5	1.4091552212760423	131.0
468.0	1.4717179039269932	15.823
468.5	1.8434971107560878	76.55
469.0	1.403376830262476	46.275
469.5	1.202192207676495	36.891
470.0	2.7426960793897135	20.198
470.5	2.3838410563080443	141.912
471.0	1.4047508147606607	212.811
471.5	2.0273483365331044	20.284
472.0	1.2363899667008338	120.529
472.5	1.0940665266244893	120.556
473.0	1.6322407346309538	20.156
473.5	1.5385756933221688	20.17
474.0	2.620790467096078	151.651
474.5	1.8606042010117962	114.509
475.0	1.225929988883165	60.639
475.5	1.0479267799985565	80.738
476.0	1.1414763049681886	15.374
476.5	1.0641438132710312	15.094
477.0	1.4658395627000183	25.175
477.5	1.8982780442665692	26.874
478.0	2.274234114879602	70.5
478.5	1.8963868716224117	70.517
479.0	1.423972432344308	120.545
479.5	1.4452156467342074	120.62
480.0	1.3886321571867033	60.327
480.5	1.558217600351095	60.351
481.0	1.4449994396285082	130.95
481.5	1.9505503431076985	16.656
482.0	1.231019555036193	191.35
482.5	1.1110750110342955	115.246
483.0	1.937764443121808	78.237
483.5	2.0659504125996424	130.815
484.0	1.0954527909309375	48.451
484.5	1.3752847904981085	64.788
485.0	1.3474447631862567	60.951
485.5	1.6911991392072812	34.2
486.0	1.7236908841461194	17.935
486.5	1.593767385932997	48.729
487.0	1.31726285998195	140.668
487.5	1.138801468213119	92.283
488.0	1.3711488286735192	14.24
488.5	1.2403769571956946	15.457
489.0	1.5329055070254736	100.681
489.5	1.4149294143192783	100.721
490.0	0.9047329314012783	211.943
490.5	1.0315152277872333	130.847
491.0	2.0411656318431146	50.129
491.5	1.9158121190094586	50.109
492.0	1.8036091608756717	80.089
492.5	2.004101204366021	138.266
493.0	0.8458558230334121	130.927
493.5	0.7868336608709143	130.968
494.0	1.4376080892529262	19.656
494.5	1.4768588705226566	16.346
495.0	1.28053428014607	110.904
495.5	1.4026683820453762	122.866
496.0	2.0125961841716937	40.334
496.5	1.995982303107878	132.032
497.0	1.3107163550513532	70.545
497.5	1.4577836038909124	100.511
498.0	1.631948341800606	18.263
498.5	1.494654624360073	89.947
499.0	2.177955178909661	60.908
499.5	1.5599380023602398	19.815
500.0	1.7768436681053321	20.14
500.5	1.7859455561580362	20.128
501.0	1.8433789053763383	100.657
501.5	1.7673921841619424	100.766
502.0	2.0259593055005447	60.548
502.5	1.967641611499433	60.537
503.0	1.9401821680049356	80.563
503.5	1.6086602460578345	80.673
504.0	1.4177860234542274	143.073
504.5	1.8269289049041877	85.259
505.0	1.6466441198277313	26.264
505.5	1.6281819256675287	30.249
506.0	1.6465384632510476	50.369
506.5	1.5016755989288981	50.436
507.0	2.200542626508862	86.143
507.5	1.8180713416633965	84.753
508.0	2.3307290884733654	49.936
508.5	2.485494427567529	50.041
509.0	1.768302387344171	60.257
509.5	1.549807731770455	60.302
510.0	2.3508701952985174	109.016
510.5	2.4349837053074674	106.396
511.0	1.6462530463239087	35.609
511.5	1.857235352492402	40.312
512.0	1.8951409702204303	80.724
512.5	1.8802631353376222	80.738
513.0	2.147668057275457	101.863
513.5	1.8993945796221534	96.549
514.0	1.8241488343297054	50.289
514.5	2.4016659579647617	50.325
515.0	1.7105198937301413	100.886
515.5	1.8299386593221652	100.877
516.0	1.478149306446378	20.178
516.5	1.982056187439164	24.413
517.0	2.110718553362076	80.533
517.5	2.6535240219456515	80.532
518.0	1.6149695545042433	70.565
518.5	2.1456267353366836	90.683
519.0	1.6018685901588898	100.839
519.5	1.8058509757200771	100.856
520.0	1.352874360475781	100.704
520.5	1.3461807814294853	100.698
521.0	2.018537727978673	25.626
521.5	1.7634400799893077	15.304
522.0	1.622525718180714	82.861
522.5	1.6597673918100557	75.838
523.0	2.4126145767045055	112.442
523.5	1.872388560212467	189.773
524.0	1.1875033121630834	40.462
524.5	1.3024175524933153	80.461
525.0	2.643182724218241	104.161
525.5	1.7712442688076435	116.94
526.0	1.6913945446896146	90.435
526.5	1.5570925552928783	90.528
527.0	1.7247326130716447	50.598
527.5	2.1566634800011593	50.639
528.0	1.025973049637293	130.725
528.5	0.9410018647516603	130.819
529.0	2.276067496907706	70.492
529.5	2.4053637049862697	70.504
530.0	2.076421150502448	121.808
530.5	1.8923286228563916	19.949
531.0	1.9126185636127238	80.606
531.5	2.037816124616486	90.804
532.0	1.288454710420133	90.294
532.5	1.7394135331102691	171.506
533.0	2.218171051790529	90.767
533.5	1.9174378903465585	20.292
534.0	1.3976154951047242	37.786
534.5	1.1973849679162878	34.923
535.0	1.4990967961584514	110.748
535.5	1.7555686272603268	20.13
536.0	1.563409866688922	87.754
536.5	1.5462309075823804	88.939
537.0	1.5673124039640398	35.106
537.5	1.7663707967958175	130.834
538.0	2.1552218978664723	20.141
538.5	1.9722019206303358	20.137
539.0	2.5582151308177488	88.545
539.5	2.351319312490608	41.865
540.0	1.848078240295875	70.643
540.5	1.8231004447279504	35.699
541.0	2.1394968832150436	80.417
541.5	2.1088417515108078	66.432
542.0	2.10594743355172	37.832
542.5	1.68318397881747	36.61
543.0	1.7470003785226416	70.434
543.5	1.6616441400283566	70.397
544.0	1.8355749544777096	181.773
544.5	2.0214610898500154	30.199
545.0	2.022350898371202	80.545
545.5	1.639615126151136	64.717
546.0	1.7901746540501924	95.919
546.5	2.008070236270931	20.164
547.0	1.9134185939264619	70.514
547.5	1.3637882431176065	70.489
548.0	1.6501235942328603	70.522
548.5	1.8237994973272198	91.764
549.0	2.0075028511559667	80.503
549.5	1.9116601951824468	80.444
550.0	2.746230182319597	55.932
550.5	2.1139652804883116	56.375
551.0	1.8753322464948379	110.718
551.5	1.8400325323606312	110.735
552.0	2.055208934570608	121.732
552.5	2.345163606095025	20.301
553.0	2.1331082592027863	76.686
553.5	1.6881954400902768	78.939
554.0	2.1705320049350454	122.865
554.5	1.8826684279111376	143.298
555.0	1.4142378475016808	70.498
555.5	1.85048789388187	70.478
556.0	1.538725147026057	15.384
556.5	1.8326892072890417	44.776
557.0	1.409189605509073	20.19
557.5	1.6302186272827444	87.479
558.0	0.8715775363438919	36.356
558.5	0.626311151386586	115.942
559.0	0.6425718690927718	41.854
559.5	0.6218067487723713	36.917
560.0	0.766637787347177	102.473
560.5	0.7904230830944295	114.79
561.0	1.2989732113234982	15.089
561.5	1.4350973407945113	23.229
562.0	1.1407374917395454	26.335
562.5	1.139085255864908	27.996
563.0	0.7490946137060117	45.374
563.5	0.7871867652083411	383.221
564.0	1.0908075467012197	15.689
564.5	0.9579648711158862	15.588
565.0	0.9659941361515075	18.874
565.5	0.9011338795021465	133.938
566.0	2.236093457331034	27.216
566.5	2.1880713122250612	43.733
567.0	0.8274556870709344	16.136
567.5	0.9508804025929828	18.741
568.0	1.9048689718389062	17.475
568.5	2.811069386365899	372.282
569.0	0.8941286146788987	40.338
569.5	0.961304016801883	40.571
570.0	0.8872377380758857	141.051
570.5	1.0674253429267724	141.064
571.0	1.5159068574026302	20.595
571.5	1.9879027815656336	21.713
572.0	1.8335340513674436	30.838
572.5	1.8336831607660178	110.821
573.0	1.879679721057077	46.171
573.5	1.5492626674553265	35.892
574.0	1.1915987728654223	65.23
574.5	0.8701036300423038	78.659
575.0	1.9019940550243424	110.139
575.5	1.9454472254357893	110.129
576.0	1.2555347797377814	130.942
576.5	1.17440128887035	20.274
577.0	2.115524029750842	21.549
577.5	1.8692807139407064	134.879
578.0	1.7744990162823964	81.414
578.5	1.8257449682316371	70.427
579.0	0.2847022525383215	128.339
579.5	0.24809979817491665	132.757
580.0	2.0294446413003326	22.46
580.5	1.4488758329167142	63.382
581.0	1.140866774467916	130.757
581.5	0.9614720310867714	130.829
582.0	1.0792077020064355	139.289
582.5	1.1219721259554807	128.78
583.0	1.1100984156395712	15.763
583.5	1.33124177497025	15.479
584.0	1.1030316594113723	135.293
584.5	1.0151362043140584	136.306
585.0	1.6040014576556976	127.161
585.5	1.8493425888554846	160.933
586.0	1.0509839038496172	23.643
586.5	1.0012352766316663	15.358
587.0	2.366015270955646	120.793
587.5	1.8189841814145529	77.71
588.0	2.2455039386872984	80.363
588.5	2.3843288918902092	30.194
589.0	2.52833792195064	60.183
589.5	2.46852597145076	60.1
590.0	1.8693138479261189	40.328
590.5	1.7290042220769837	60.541
591.0	1.879691906077282	110.73
591.5	2.1162194844533713	110.791
592.0	1.690164617782259	20.171
592.5	1.509355138007802	60.455
593.0	3.262998527392927	69.281
593.5	3.3405954575844077	16.117
594.0	1.500444695776351	151.1
594.5	1.5253196603280894	70.538
595.0	1.9137279496614379	80.651
595.5	2.32336513641393	14.852
596.0	2.2938654525195754	20.243
596.5	2.226827750722075	60.464
597.0	2.322794774378708	65.719
597.5	2.6755375287112235	17.17
598.0	1.0328259782299627	60.406
598.5	1.2291737148724122	15.148
599.0	2.0570365491422793	36.187
599.5	2.2009349788697854	36.336
600.0	2.2346537481574695	50.531
600.5	1.9919752104455033	20.133
601.0	2.044238169013936	60.419
601.5	2.6479182848686644	60.357
602.0	1.1838225603566561	60.391
602.5	1.0098194604772082	60.424
603.0	1.5980517738177014	20.163
603.5	1.4380440584876486	90.442
604.0	1.800570679936537	140.181
604.5	1.850521297796305	16.071
605.0	1.8804047437998301	60.468
605.5	1.858709127268344	60.458
606.0	1.0439502131369682	90.789
606.5	1.2965540123308241	100.712
607.0	1.8279138199697347	82.212
607.5	1.5115979656127254	142.565
608.0	2.0535228302552504	151.26
608.5	2.209372230897813	37.426
609.0	2.0364695279658247	60.475
609.5	2.1332007748374244	40.443
610.0	1.1545467314787752	110.82
610.5	1.1184327292424787	52.154
611.0	1.5197861981099365	122.855
611.5	1.4496012393281077	20.113
612.0	2.0703530784209825	20.275
612.5	1.9345095405883082	22.023
613.0	1.5324214523991324	59.707
613.5	2.150078121431361	35.04
614.0	1.9819567520858858	40.327
614.5	2.0050618199494585	21.541
615.0	1.7812706168647578	150.898
615.5	1.6826971533995243	41.079
616.0	1.950312162127687	20.047
616.5	1.7345154779779226	20.065
617.0	2.2046038337558027	75.075
617.5	2.4586317096817165	20.155
618.0	1.5693575381830003	60.259
618.5	1.3209706243102437	60.222
619.0	2.710055819023686	70.684
619.5	2.175816749680524	81.198
620.0	1.7522792736832775	70.513
620.5	1.987390059972686	70.581
621.0	1.791226986773663	121.167
621.5	1.506816037885074	14.886
622.0	1.7133991444567822	131.366
622.5	1.7082560367025306	40.196
623.0	1.5429659494676622	130.861
623.5	1.918280209235861	130.899
624.0	2.278711942467195	77.327
624.5	1.7836122465545692	76.446
625.0	2.1890206522874114	65.593
625.5	1.6777028124989142	19.708
626.0	1.1333092863342669	17.241
626.5	1.2720601784046486	21.16
627.0	1.7991595446144393	70.424
627.5	1.6417638603637006	70.358
628.0	2.276981802865621	15.765
628.5	2.2028783607559017	50.318
629.0	1.7541048306541183	61.297
629.5	2.0830212251237548	110.941
630.0	1.3489098073494008	70.482
630.5	1.6530417819734515	70.471
631.0	1.490841743384365	50.164
631.5	1.3197294880693038	50.148
632.0	2.3887244187728647	70.391
632.5	1.8618660620720238	70.428
633.0	1.4157715816023067	89.618
633.5	1.2025951651303377	20.194
634.0	1.0892853320582472	150.956
634.5	0.9581698817262262	20.134
635.0	1.7664166027050745	147.618
635.5	1.7543531256550764	22.214
636.0	1.1771871709438635	135.259
636.5	1.343121827839797	60.228
637.0	1.1728745924666555	100.837
637.5	1.2380103429509723	100.852
638.0	0.8268431682033327	130.774
638.5	0.8689537838507971	130.779
639.0	1.6741555288660586	132.749
639.5	1.4907457188817208	15.464
640.0	1.3867873613274615	35.983
640.5	1.1657778500989897	35.62
641.0	1.5702293159269207	57.09
641.5	1.6150003358595266	38.534
642.0	0.8854085682662586	110.756
642.5	0.9060295240751901	110.74
643.0	0.22191559581902898	137.653
643.5	0.20097409173956396	135.348
644.0	0.7241143360039765	20.76
644.5	0.5993984749189468	35.156
645.0	2.0353462170154923	25.257
645.5	1.3116075293325007	20.78
646.0	1.6766166614069837	171.874
646.5	1.8844420207381904	90.911
647.0	2.06742352563176	80.588
647.5	2.387559957922823	34.044
648.0	1.2726015816921352	15.903
648.5	0.9923656303776237	20.175
649.0	1.5021830753173693	29.688
649.5	1.4380367385884965	48.483
650.0	1.7987326990950334	80.376
650.5	1.9917414725504672	80.443
651.0	1.5416318198613788	87.029
651.5	1.3138408829993926	87.239
652.0	1.8614992664953285	201.38
652.5	1.4453261359912257	80.513
653.0	1.7677599043414487	217.179
653.5	1.8897670092021464	120.879
654.0	0.9966490787870853	62.082
654.5	1.1715221039092552	60.123
655.0	1.7087682843378333	21.13
655.5	2.2658718333854324	123.192
656.0	0.9967262116387225	141.895
656.5	1.0257913067554043	129.759
657.0	1.6930811620542054	90.612
657.5	1.4179718467516327	90.628
658.0	0.9945763650097706	124.849
658.5	1.0391344341851532	121.124
659.0	0.5192082808143051	133.654
659.5	0.45590470141866907	16.092
660.0	1.9229997379618815	21.658
660.5	1.9670240250511342	16.754
661.0	0.5665198878629502	26.272
661.5	0.5920119152255358	31.016
662.0	0.9516228435496367	20.982
662.5	1.164687449235677	15.783
663.0	1.3573838539137022	17.332
663.5	1.3655305990494109	18.747
664.0	1.3031780578827936	26.037
664.5	1.2325574990925137	115.213
665.0	1.168760317010669	20.131
665.5	1.3880434064344254	20.15
666.0	1.3889354536369491	140.822
666.5	1.3001180896423323	16.172
667.0	1.2584692302047389	19.914
667.5	1.3088111973723024	67.002
668.0	1.6497227008452524	115.194
668.5	1.7976551994247036	19.487
669.0	1.7820346381327357	19.792
669.5	2.047137166964893	19.98
670.0	1.8777849781031482	42.636
670.5	1.7323219347370447	100.648
671.0	0.6323447553443163	70.448
671.5	0.7802750770858011	70.458
672.0	2.1688054097679603	20.368
672.5	1.8809607668009904	15.225
673.0	2.0311612025592627	138.967
673.5	1.92532326289809	132.829
674.0	1.712886674401246	120.804
674.5	1.3970328972890236	120.78
675.0	1.1182867619199144	70.459
675.5	1.143760135963324	20.186
676.0	1.7810851299458414	70.613
676.5	2.375856794639169	20.242
677.0	1.6409378779957857	15.851
677.5	1.200392667204097	130.674
678.0	2.025867886073355	80.368
678.5	1.5016432483475812	17.317
679.0	0.6436463863475518	17.24
679.5	0.854280213973503	26.495
680.0	1.1455336695382932	120.682
680.5	1.1504691750280964	120.652
681.0	0.5794451644101124	39.51
681.5	0.5240570483025964	36.026
682.0	0.6238935676498926	36.981
682.5	0.6382065401347337	37.794
683.0	1.8926285149200226	70.35
683.5	2.568192785357552	70.372
684.0	1.8601759444506556	113.146
684.5	2.2457921023540575	66.336
685.0	2.372889371651028	35.857
685.5	1.7672515280873828	110.652
686.0	2.268430479471898	70.434
686.5	1.9282641593305614	70.356
687.0	2.147953685950084	100.591
687.5	2.079258274533095	100.601
688.0	1.6414385755961567	120.853
688.5	1.7363592801621672	40.263
689.0	1.054569725357476	25.823
689.5	1.0991855409462612	20.204
690.0	2.178431569231458	34.826
690.5	1.9257339118866938	81.123
691.0	1.7569945413736758	70.586
691.5	1.7664105511838037	70.581
692.0	1.6038396605733252	36.944
692.5	1.9520332488226162	35.367
693.0	1.9365058921106553	37.466
693.5	1.5731281140465487	39.179
694.0	1.5219486317813087	35.202
694.5	1.8219849599669804	131.095
695.0	1.4757790353520532	102.091
695.5	2.1351176644344676	100.722
696.0	1.2488049019801901	16.066
696.5	1.0826103574429302	18.007
697.0	2.2839435737300646	180.849
697.5	2.2065990677275567	20.234
698.0	0.39932422793415323	41.724
698.5	0.5088582041020624	36.289
699.0	1.1476816773116199	17.502
699.5	1.2425885801327134	22.139
700.0	1.3191758535864497	160.898
700.5	1.2494866964033242	36.361
701.0	1.8440519860698563	80.494
701.5	1.7302299376038774	80.524
702.0	0.8770038752423461	251.451
702.5	1.0760183659606204	26.357
703.0	1.6282470193382916	130.635
703.5	1.499477278969192	130.679
704.0	1.6210619675519657	20.341
704.5	1.4237345255024245	20.355
705.0	1.2877354626193265	130.775
705.5	1.5213218104915431	15.267
706.0	1.2854538521662187	100.855
706.5	1.4426010120879358	100.846
707.0	1.4772209833543277	18.17
707.5	1.0354352695480713	21.068
708.0	1.1961518288194055	37.044
708.5	1.495929568631792	35.47
709.0	2.3388741839755136	130.822
709.5	1.8689637192236692	130.687
710.0	2.085209667715269	100.103
710.5	1.4667572112534617	82.91
711.0	2.558201517565571	20.313
711.5	2.191331619713152	65.396
712.0	1.9710340004552307	20.17
712.5	1.4085518132997923	32.354
713.0	1.8158236001512886	50.359
713.5	1.7357775766156889	35.596
714.0	1.4317515022349119	120.646
714.5	1.791475745777524	120.449
715.0	1.5767037349043316	211.225
715.5	1.7491493080891896	70.484
716.0	1.2331427855285506	23.95
716.5	1.409366225358322	15.504
717.0	1.1923491359868381	92.717
717.5	1.1828119908655423	120.699
718.0	1.260746782385002	100.675
718.5	1.300039260395188	231.736
719.0	1.9693528997219867	80.503
719.5	1.933071462895463	80.518
720.0	1.3149634557935623	67.976
720.5	1.393858474704956	47.785
721.0	1.4822105846951987	81.602
721.5	1.1607305185322139	14.971
722.0	1.3464444461699498	17.015
722.5	1.457379199320928	16.454
723.0	1.8397595166188214	109.935
723.5	2.0054964416702066	15.602
724.0	0.5202114728310192	19.209
724.5	0.6640579152288056	17.319
725.0	1.3045336436973174	36.021
725.5	1.0105875912036686	16.848
726.0	1.9272563879915194	130.389
726.5	2.0452116092938915	130.625
727.0	1.2283217634703667	16.829
727.5	1.1621043006142295	15.359
728.0	1.0139878752120444	110.659
728.5	1.2703728474915696	193.522
729.0	1.4773598899050528	110.67
729.5	1.5774048566659484	110.719
730.0	1.9300447920503674	70.878
730.5	1.5840548357842335	17.777
731.0	0.8763874748664051	21.696
731.5	0.8239012520898623	112.969
732.0	1.6909364237055184	16.02
732.5	1.6911509195723686	110.774
733.0	1.2450760940422327	50.361
733.5	1.4349670735976576	50.318
734.0	0.5909441673576127	16.743
734.5	0.6686695051342056	17.418
735.0	2.247545313546237	136.862
735.5	2.45084417267554	148.175
736.0	1.1905176847303283	52.716
736.5	1.3554629172776782	17.102
737.0	1.3455205615128525	186.294
737.5	1.5272924933487761	15.441
738.0	1.619362273608312	50.135
738.5	1.4882511972174868	50.059
739.0	1.1785274395639873	15.99
739.5	0.9253276728165709	17.469
740.0	1.33017909845899	111.783
740.5	1.883626647165107	15.468
741.0	1.0671070751628093	130.608
741.5	1.4111328390194435	130.734
742.0	1.8675511437376222	16.627
742.5	1.912543815609753	26.077
743.0	0.8797713731856933	50.676
743.5	0.8092220877811562	50.587
744.0	1.0307448872284026	106.928
744.5	1.0270770634109496	73.891
745.0	2.11734545169096	29.931
745.5	1.4685371847372712	60.944
746.0	1.3331631210698998	110.67
746.5	1.4450206912300496	15.186
747.0	1.5237205836204584	50.129
747.5	1.3173923111417516	50.139
748.0	1.280313219333942	97.449
748.5	1.415788711335859	20.043
749.0	1.4757529461796048	20.262
749.5	1.5120204780639233	20.044
750.0	1.5304804788943898	37.451
750.5	1.6607429078077243	39.388
751.0	1.1584097887972071	100.614
751.5	1.0285498539341145	100.461
752.0	0.9014424234947482	121.321
752.5	1.1642902978848662	100.512
753.0	1.874095077189655	14.611
753.5	1.9768431653204188	15.394
754.0	1.5370197745082301	15.943
754.5	1.1059402150824214	100.451
755.0	1.1279235449631981	131.09
755.5	1.0203931360063807	115.607
756.0	1.6091108993485739	126.283
756.5	1.6192452876047554	14.911
757.0	1.940928936381967	20.127
757.5	2.3079565814794125	50.617
758.0	1.4287336182794856	16.415
758.5	1.2033226074986292	22.849
759.0	1.636990820450869	65.183
759.5	1.7615803615763164	20.122
760.0	1.4764578881475132	50.192
760.5	1.6811418672883467	50.199
761.0	1.748413784553788	110.763
761.5	1.7182579796851143	110.969
762.0	0.716918994400445	156.216
762.5	0.548635941973493	17.882
763.0	0.38688922017796884	26.733
763.5	0.48791954045897246	25.667
764.0	1.3166451322339678	25.29
764.5	0.9121504548987738	18.811
765.0	1.64767276073912	24.443
765.5	1.3016119590190158	15.55
766.0	0.819274897148318	36.272
766.5	0.8262301759006423	42.079
767.0	1.5746797017675298	15.798
767.5	1.5566300450325141	125.174
768.0	1.9575392849190114	17.914
768.5	1.6479219958511895	15.615
769.0	0.9367607878066615	133.051
769.5	0.9455064724079002	130.659
770.0	1.2635544180826515	141.909
770.5	0.9967790825734182	140.818
771.0	2.0294834627303024	117.315
771.5	2.089519544050863	124.977
772.0	1.5539710292243143	124.833
772.5	1.652394392187662	28.577
773.0	1.2402648064341402	20.346
773.5	1.0571707845316465	20.372
774.0	1.5737072860561538	20.895
774.5	1.3455778537122545	136.432
775.0	1.2623914847718904	110.737
775.5	1.4250273308995287	110.781
776.0	0.8614433884752825	17.918
776.5	0.7551220130070341	24.218
777.0	0.1238195311147291	17.559
777.5	1.7366542428912137	130.868
778.0	1.6254639264141175	130.909
778.5	3.6881944375339275	100.531
779.0	1.5232528155557064	23.59
779.5	1.988346953859149	17.254
780.0	0.7612645415190392	16.181
780.5	1.2932367843374912	90.558
781.0	1.0240813968711433	90.599
781.5	2.6762453457192494	100.937
782.0	1.3512091028052184	132.062
782.5	1.3473601173828134	50.344
783.0	1.196497065292294	50.675
783.5	1.4453845785215875	60.36
784.0	1.9046412407264792	60.209
784.5	1.600535763601403	60.058
785.0	1.949229730536997	70.554
785.5	1.7874571521309057	50.454
786.0	1.6325514935340666	50.484
786.5	1.5176466264143953	110.914
787.0	1.3909623729005904	110.619
787.5	1.6861594037147039	110.672
788.0	1.4696217991584284	62.797
788.5	1.4859526726463794	20.199
789.0	1.34998688449866	18.892
789.5	1.5861090912783993	15.437
790.0	1.6162107094299678	70.476
790.5	1.5098681174794324	70.401
791.0	2.3121327898989206	222.125
791.5	2.4000239077788	15.131
792.0	2.4061520609276936	40.224
792.5	1.3596138331645728	100.276
793.0	1.2760335225677912	100.276
793.5	1.3506412080500134	100.321
794.0	1.6041869431499973	90.047
794.5	1.618582583981445	88.759
795.0	1.6080858449700712	20.383
795.5	1.865215411176124	90.917
796.0	2.032392645898966	90.948
796.5	1.4200359010240602	90.945
797.0	2.191838317147102	16.44
797.5	2.3556747167466208	110.723
798.0	1.9662053976430827	41.175
798.5	1.2481065579500341	130.437
799.0	1.5880417388748824	130.513
799.5	1.3413105876676297	130.73
800.0	2.0559529868876787	22.316
800.5	1.8138294016640235	80.606
801.0	1.5679103214037187	16.595
801.5	1.8797605147568353	24.349
802.0	2.1064502446449134	101.158
802.5	1.7360570307658605	20.483
803.0	1.391886261272219	20.12
803.5	1.5071255488682664	20.058
804.0	1.1504929583870074	27.479
804.5	2.0794020247700153	23.063
805.0	1.7718383284055161	138.257
805.5	1.632538143892499	20.121
806.0	0.8937654569837994	151.09
806.5	0.9723639027944779	130.615
807.0	0.9241823190475229	130.529
807.5	2.377074470435079	19.298
808.0	2.5718265873416035	19.437
808.5	2.438105181627479	19.286
809.0	0.6014367207271288	37.589
809.5	0.6496015565880362	35.025
810.0	0.7153225548593466	36.521
810.5	1.4153609678720502	80.158
811.0	1.2193827513465643	80.267
811.5	1.6873164644020469	80.28
812.0	1.0409324911802063	80.759
812.5	1.416216040651536	80.809
813.0	1.030535627636965	80.696
813.5	1.7418103444281852	63.68
814.0	2.0582625697158563	58.896
814.5	2.2346864989344137	64.948
815.0	0.8339773396086623	37.477
815.5	0.800221428974422	37.226
816.0	0.8106940721190411	36.042
816.5	0.8674553073900853	130.8
817.0	1.2029021573738043	130.721
817.5	0.850816152592327	130.786
818.0	2.0597912787737	29.417
818.5	2.0516538098251336	20.097
819.0	2.1103953901868056	61.153
819.5	1.3778378403404627	27.323
820.0	1.3465823203675273	20.248
820.5	1.5836415192769973	28.231
821.0	0.9941481681586735	17.755
821.5	1.0202440081224664	38.312
822.0	0.9925635225563335	17.411
822.5	1.1825154901550476	110.248
823.0	1.5944031428273049	20.088
823.5	1.2622450451889662	23.573
824.0	1.1018638524406268	130.944
824.5	1.0873900874483617	130.717
825.0	1.0377825566744225	130.59
825.5	1.7565282803004463	36.593
826.0	1.4876851520351353	19.867
826.5	1.360266442772103	36.379
827.0	1.7240636756727363	133.716
827.5	1.696532156140212	71.038
828.0	1.749137965907586	130.621
828.5	2.030571547027328	140.258
829.0	2.188037844255091	130.651
829.5	2.1893435008785302	130.729
830.0	1.2946458612631924	127.621
830.5	1.2402324548749737	40.327
831.0	1.1529673945004697	36.295
831.5	1.435966674287732	90.744
832.0	1.331160119216008	20.282
832.5	1.6476249544002433	20.257
833.0	1.1661032032731857	100.941
833.5	1.5931860802576745	120.992
834.0	1.5017933177967715	116.611
834.5	1.127044275791005	24.823
835.0	1.0769045254556617	18.19
835.5	0.974536492961637	26.023
836.0	2.0098819626161886	137.74
836.5	2.548991668341332	125.563
837.0	2.1944998887933522	125.111
837.5	0.5210661062479829	231.861
838.0	0.4990580949349796	131.652
838.5	0.6281339351424529	17.159
839.0	1.3984622268963092	29.586
839.5	1.2522084690910944	28.531
840.0	1.4852836429840224	130.825
840.5	1.5429237159728162	38.011
841.0	1.7944311974740192	51.028
841.5	1.6706559799739715	51.109
842.0	1.541607888999325	118.19
842.5	2.0418245650775257	17.07
843.0	1.7277246874312482	41.82
843.5	1.3578655775244557	20.031
844.0	1.1076048260670406	20.07
844.5	1.0430930894960424	110.703
845.0	2.413088166835247	70.552
845.5	2.043345332548505	20.24
846.0	2.105452734564064	20.276
846.5	0.8789167598182244	17.488
847.0	0.8117117616144583	14.253
847.5	0.8621905048317795	35.915
848.0	1.932493104315004	201.644
848.5	2.038737752425282	40.576
849.0	1.7803901678358363	40.541
849.5	1.6221134505148598	17.642
850.0	1.865318235108425	50.417
850.5	1.6065407612875349	76.855
851.0	1.9927986879001824	50.616
851.5	1.6133302321708365	50.171
852.0	2.05476146695268	50.305
852.5	1.3318793300347511	63.99
853.0	1.1815314200455653	62.986
853.5	1.494280838840777	105.69
854.0	1.9549420559889883	40.534
854.5	2.291483047473969	181.22
855.0	2.197229408446591	37.086
855.5	0.8915921111176417	43.112
856.0	1.018580406707042	20.33
856.5	1.0765720637634681	24.45
857.0	1.4162845415895529	17.064
857.5	1.643784967061007	121.329
858.0	1.8725476519222009	17.178
858.5	1.4059509187843424	261.852
859.0	1.170784856947381	14.023
859.5	1.2083593818910192	15.804
860.0	1.1398744291703573	20.915
860.5	1.3010872780408378	16.738
861.0	1.1072878151619414	19.584
861.5	1.8968179596963335	50.276
862.0	2.028728985290182	104.86
862.5	1.8713134537722236	50.385
863.0	0.9574111551716626	130.616
863.5	1.1255615632794473	64.036
864.0	0.8554233305422481	130.776
864.5	1.103329081932881	19.327
865.0	1.0187073979350536	22.583
865.5	1.3358415694172383	14.764
866.0	1.7766269456844446	16.562
866.5	1.829793508292225	35.418
867.0	1.4165932646024295	36.004
867.5	1.919356729671089	20.319
868.0	1.7404083476615049	60.346
868.5	1.3255812716868678	16.146
869.0	1.6540207693780402	38.918
869.5	1.8976265189789185	36.689
870.0	1.9813048027063227	50.295
870.5	1.0794102242834818	16.397
871.0	1.2679650193639391	16.252
871.5	0.9434444920689182	17.899
872.0	1.6593779329840253	110.347
872.5	2.010575126953441	110.608
873.0	1.8882614913814535	110.609
873.5	1.675074567421181	79.278
874.0	1.591584138469412	59.014
874.5	1.9256676091343392	58.39
875.0	1.6233234161766605	71.536
875.5	1.9167710547292423	70.519
876.0	1.456108507498835	70.522
876.5	1.4244317615013595	88.252
877.0	1.7264299994939867	70.511
877.5	1.577516580235499	86.991
878.0	1.4050611652264273	19.288
878.5	1.356555044378392	90.795
879.0	1.2003437224273323	15.483
879.5	1.7271657150843347	70.342
880.0	1.670380704309237	70.557
880.5	2.0858602899628313	70.331
881.0	1.732140087068184	81.074
881.5	1.7438793597520224	15.345
882.0	1.6818092114819985	20.969
882.5	1.780240468746345	100.613
883.0	1.4447947525282265	100.552
883.5	1.5274375012385741	100.586
884.0	0.9308360311766376	20.315
884.5	0.8464112699418279	15.366
885.0	1.1922340433859455	16.257
885.5	0.8378200615402097	132.294
886.0	0.7805075652288563	35.561
886.5	0.8258550295425267	75.319
887.0	0.8020730721038608	87.565
887.5	0.7338313587650859	97.996
888.0	0.7377860143017657	86.393
888.5	0.7906174660728151	16.216
889.0	0.6110668205615178	20.363
889.5	0.6074509885848276	17.311
890.0	1.2028275218372053	16.015
890.5	0.870317385598019	22.74
891.0	0.8350099639789801	14.427
891.5	1.5144239940919044	20.544
892.0	1.8417802035888575	20.446
892.5	1.7446486961589955	23.362
893.0	1.7567769496159247	150.933
893.5	1.9952925624166478	37.004
894.0	1.906187296824593	37.428
894.5	1.929605165035841	90.518
895.0	2.1435181934347245	90.485
895.5	0.7694665673575743	19.754
896.0	0.9863017882132529	15.281
896.5	1.5735149408299305	152.165
897.0	1.8401588066547934	21.17
897.5	1.4707869176732984	14.188
898.0	1.4953768998631143	21.901
898.5	0.7463350851974457	131.011
899.0	0.698526325928424	131.038
899.5	1.1100485023092808	201.834
900.0	0.9360935662247712	25.722
900.5	2.043791469146383	42.835
901.0	1.6791960717162386	36.775
901.5	1.5722845279454039	19.38
902.0	1.5647203672199577	17.88
902.5	1.1776069697594143	27.697
903.0	1.115893189992509	15.531
903.5	0.7892762534564542	72.092
904.0	0.7536865595814761	65.002
904.5	1.7381994124963027	35.532
905.0	1.7623855628009464	233.801
905.5	1.1220404945565676	19.532
906.0	1.433974288906185	16.608
906.5	1.4850195080729658	41.417
907.0	1.2148077763114096	35.799
907.5	2.2493459784919287	17.878
908.0	2.089139339683467	18.0
908.5	2.2329098364000983	48.342
909.0	1.8784489062857799	123.554
909.5	1.4342529887946487	20.121
910.0	0.9824794404775063	150.693
910.5	2.2902963468382525	101.184
911.0	2.4642156325164692	80.419
911.5	1.4006737895947279	16.434
912.0	1.7270490517473729	14.882
912.5	1.0337940669711634	81.157
913.0	1.1852467775617	60.554
913.5	1.5454655682436174	81.157
914.0	1.4923022604444771	110.804
914.5	1.4215298457723138	25.671
915.0	1.3917164478770592	40.006
915.5	1.8169276467179136	130.773
916.0	3.26649421604982	105.896
916.5	1.805204564177172	111.032
917.0	1.6373108647888188	110.929
917.5	1.597442851657613	299.738
918.0	1.9658035670211838	60.394
918.5	1.5159030528074784	60.491
919.0	3.385802751779941	181.207
919.5	2.4505625708774366	60.49
920.0	2.0088045886276453	60.342
920.5	1.629966088316844	100.362
921.0	1.3360438360574747	100.467
921.5	1.7908273140729407	20.151
922.0	2.034795748929079	21.345
922.5	1.242921752728704	60.502
923.0	1.605000941011099	60.502
923.5	1.9039551538664972	27.798
924.0	1.9946063239726792	188.582
924.5	1.4327628044811112	130.798
925.0	1.4385559106806827	130.846
925.5	1.7794208980490793	232.347
926.0	1.532578595579459	35.876
926.5	1.9511609309486015	20.429
927.0	2.262322981844984	131.08
927.5	1.9039405834472263	191.784
928.0	1.7147084214297759	80.449
928.5	1.821473565730836	201.675
929.0	1.6972226312609477	70.587
929.5	2.0296878306213455	179.343
930.0	1.5484670577400819	26.311
930.5	2.294211590276543	15.848
931.0	1.7312581679725243	116.786
931.5	1.7699861122631113	80.681
932.0	1.6448883449384937	60.484
932.5	2.0314373206477088	202.186
933.0	1.8183885886039124	70.438
933.5	1.5163173419113578	88.743
934.0	1.597475448738796	140.799
934.5	1.9259604409275786	80.606
935.0	1.9937769902262334	60.416
935.5	1.1622001038468872	130.804
936.0	0.8962617386495312	130.858
936.5	1.601018455027023	16.087
937.0	1.8648675847989418	50.22
937.5	2.438318320022825	19.935
938.0	1.939123653179056	20.172
938.5	1.7954220044006708	19.283
939.0	1.5137816685029521	117.742
939.5	0.6527929462593811	70.496
940.0	0.841551361941792	70.552
940.5	1.1419024523758474	80.483
941.0	1.4866400513357767	80.642
941.5	1.1836739319191487	38.348
942.0	1.6958270138312395	20.379
942.5	2.0720165273291347	222.456
943.0	2.5005416184383717	15.434
943.5	0.8991678438488068	60.447
944.0	0.9009323428513848	60.45
944.5	1.8466816360845741	130.665
945.0	1.7180591241543532	130.796
945.5	1.6863287064401489	20.209
946.0	1.6339509626688216	123.326
946.5	1.216994289424971	120.728
947.0	1.5598975303169829	40.549
947.5	1.1350162931175962	50.435
948.0	2.188626104051712	40.253
948.5	1.4966021000237921	20.137
949.0	1.4455691513446158	15.716
949.5	1.598253782857592	106.621
950.0	1.7531668984338906	15.468
950.5	1.3292088909095483	80.446
951.0	1.696699507002838	100.503
951.5	1.2037309450886058	110.874
952.0	1.0608103602397116	50.335
952.5	1.8693372237095114	80.715
953.0	1.8030105910042995	17.387
953.5	1.9882321873818252	80.65
954.0	1.3534924334490483	50.391
954.5	1.3576389711618344	81.536
955.0	2.5440616162199214	80.551
955.5	2.2297347667979164	56.156
956.0	2.026942640350117	95.332
956.5	2.097987606154893	34.827
957.0	2.2153932788957738	20.76
957.5	2.3755651198467733	40.36
958.0	1.449357654984675	70.51
958.5	2.6097223883954324	70.373
959.0	1.7496807769223517	100.735
959.5	2.2355323520625867	15.36
960.0	1.4180915772375136	70.496
960.5	2.222766032134062	78.643
961.0	2.0391050624379186	35.805
961.5	2.1264824169559198	95.241
962.0	1.388295555766459	60.341
962.5	1.6636368533622208	60.463
963.0	2.084443749229143	60.455
963.5	1.5304290898896742	80.566
964.0	1.3533594214865585	50.381
964.5	1.561459762756828	40.374
965.0	1.0200610101203884	50.755
965.5	1.4758813709192244	70.488
966.0	1.1182029414241328	20.148
966.5	1.8568819940220198	96.904
967.0	1.3812965250032048	16.073
967.5	1.7602458734524697	16.738
968.0	1.2927212324514534	130.868
968.5	1.387425588454072	18.601
969.0	0.7272838052771747	121.046
969.5	1.2640183767677986	80.613
970.0	1.4568024580766838	110.761
970.5	1.007177861795823	100.816
971.0	1.7355277646280884	15.19
971.5	1.014333112184636	80.715
972.0	1.3780400491535267	110.835
972.5	0.8639183534921009	129.516
973.0	0.7377125584832609	37.533
973.5	0.7561039404072665	118.305
974.0	0.7422834958864053	128.392
974.5	0.5597939343702494	82.211
975.0	1.3487679780656525	15.209
975.5	0.897089895807774	17.308
976.0	0.7221099394566685	17.202
976.5	1.2480734601101025	16.736
977.0	1.4816966337321402	19.954
977.5	0.9352488688992606	140.848
978.0	0.7567041288496069	16.319
978.5	1.2248090096603437	34.935
979.0	1.7895491141811632	20.441
979.5	1.876893501861436	22.031
980.0	0.9715128540803086	28.74
980.5	2.7708313894118732	70.091
981.0	1.617650163414927	100.752
981.5	0.7059515648061558	50.216
982.0	1.3315487016675431	15.284
982.5	1.5555177199617625	131.064
983.0	1.7660474556119854	120.823
983.5	1.1357624488706928	120.811
984.0	1.5127219937037777	34.292
984.5	1.4474798346216557	110.41
985.0	1.2265291212883418	70.523
985.5	0.9357779130227133	70.78
986.0	1.7747159319617813	15.999
986.5	1.6250519556498617	73.859
987.0	1.312645403920029	110.701
987.5	1.6667881546860186	120.68
988.0	1.7886338938330058	80.411
988.5	1.2910015174490388	35.45
989.0	1.3127090162080786	15.076
989.5	1.9445162305241346	132.099
990.0	1.358355998674643	90.832
990.5	1.6642439264700584	74.431
991.0	0.91924900577132	100.678
991.5	1.4161232688343557	110.623
992.0	1.1807977031469665	120.595
992.5	1.372242734923696	126.283
993.0	0.7786673721960208	100.723
993.5	1.0527860721138156	140.862
994.0	0.3126710312435189	75.995
994.5	1.8391456979329508	17.558
995.0	0.85543606506822	60.477
995.5	1.921195085502738	66.791
996.0	1.3298875991744075	90.485
996.5	2.2357726749364204	60.554
997.0	1.531626793088316	80.434
997.5	2.32795067975656	18.522
998.0	1.4549382997517029	40.177
998.5	1.6616775062817877	20.214
999.0	1.0906258497745545	100.74
999.5	2.0658166899826815	80.381
1000.0	2.0872488991908194	122.156
