0.5	2.2834949021730644	114.659
1.0	2.2659344958817513	9.637
1.5	2.1430977101683903	35.712
2.0	1.5686942562714972	8.742
2.5	1.8315042973596598	20.488
3.0	1.811279151330676	198.146
3.5	0.97512980635675	70.41
4.0	1.052875178296626	572.987
4.5	1.775464665963867	94.164
5.0	1.0317050445517524	158.411
5.5	1.720723436305504	100.706
6.0	1.464547858077451	128.445
6.5	1.3885674105872194	80.625
7.0	1.9119093444470172	11.171
7.5	2.074726806188152	65.479
8.0	1.829937362004751	70.415
8.5	2.2241409526447447	31.077
9.0	1.3682092754573603	70.536
9.5	2.9155159516659483	50.478
10.0	1.3200404833516761	70.246
10.5	1.6420465621198908	104.53
11.0	2.210947556254428	9.642
11.5	1.5405100516910375	80.549
12.0	2.2819770188752644	50.212
12.5	1.556364258757898	80.499
13.0	1.4921592504176555	120.926
13.5	1.774741701995847	111.475
14.0	1.79316314294455	9.922
14.5	1.813021165176967	20.815
15.0	1.6952446608143008	30.187
15.5	2.086964114679644	20.262
16.0	2.072652920469133	32.971
16.5	2.409737566720542	70.483
17.0	2.122919653305616	120.686
17.5	2.5497958681031214	70.426
18.0	1.8494855668559678	80.646
18.5	2.401428228796605	100.844
19.0	1.812624406253788	132.545
19.5	2.005549737953206	40.014
20.0	2.370894013182488	127.16
20.5	2.1244331277575683	40.304
21.0	1.7229588578045916	131.067
21.5	2.084804276855169	80.66
22.0	1.6179617112946358	112.836
22.5	1.7993956119066856	49.519
23.0	2.12337734292442	40.188
23.5	2.1487997561130086	50.186
24.0	1.472387305453146	60.278
24.5	1.8150578757797249	30.17
25.0	1.7324414282144376	90.546
25.5	2.0852400706641174	11.52
26.0	1.8309062695061624	171.748
26.5	2.8794166562363737	10.111
27.0	1.3468042178256994	90.698
27.5	2.141733432993713	19.995
28.0	0.1346720695334999	11.264
28.5	2.0456180353819864	30.219
29.0	1.020960010619563	50.402
29.5	1.0652427664808786	125.567
30.0	1.081853222102449	84.059
30.5	0.9694512868353701	100.731
31.0	0.6977686376210285	110.866
31.5	0.17973709647513791	21.599
32.0	3.752132402416885	50.343
32.5	1.2057517216620537	19.998
33.0	0.13750964420343648	14.989
33.5	3.1359935415786637	50.384
34.0	0.16503331492493598	18.154
34.5	3.043840946775098	50.429
35.0	0.9266146205213123	88.534
35.5	0.14245288203174974	36.031
36.0	3.886313430382036	60.272
36.5	1.8531771012075275	21.738
37.0	2.282292509709362	20.131
37.5	2.2291337896110575	50.077
38.0	1.9814863740020416	97.686
38.5	2.281261522421912	30.194
39.0	2.037222167890659	70.478
39.5	1.4355775852910444	90.604
40.0	2.1946968998551997	60.435
40.5	2.2722544443168977	39.688
41.0	2.549118853017873	16.207
41.5	2.4325271598160816	126.865
42.0	2.1634088486360876	12.044
42.5	2.254248850837053	130.709
43.0	2.212128850038321	86.43
43.5	1.8507610323052532	60.414
44.0	2.118880410389072	54.143
44.5	1.9157719271430023	50.309
45.0	2.3453618738648614	60.268
45.5	2.1038949459559277	38.994
46.0	2.0727373765865553	33.069
46.5	2.6967427279559906	13.941
47.0	2.4174587212068315	35.073
47.5	2.678025834477849	30.217
48.0	2.118288056897496	99.209
48.5	2.494355763858345	109.769
49.0	2.534697660052796	40.66
49.5	2.379449132478188	19.798
50.0	2.5058179091174875	70.571
50.5	2.9071462234795638	80.441
51.0	1.8803212599230898	80.611
51.5	2.2896765911166552	41.416
52.0	1.5239980798335468	141.508
52.5	2.4440819991350677	80.51
53.0	2.04846109442048	50.253
53.5	1.605380094266997	120.815
54.0	1.4111721729126077	70.435
54.5	2.083248025580353	50.327
55.0	1.1649143946395812	121.603
55.5	2.3525169470160674	50.442
56.0	1.6229621135642585	20.016
56.5	1.1472872502626519	33.813
57.0	1.975325418600338	13.621
57.5	1.5354116587339692	70.467
58.0	1.4898399810583136	11.609
58.5	1.6909655848204457	130.916
59.0	1.9722243239570558	80.523
59.5	2.6207379852278248	60.671
60.0	1.3660051781252536	100.567
60.5	1.7780492732099116	16.797
61.0	1.777605862082221	110.769
61.5	2.2137199892019406	78.945
62.0	1.6163427043698084	36.405
62.5	2.7825766343583167	19.597
63.0	1.3873973608109536	60.342
63.5	2.2315001829805077	40.258
64.0	1.231303348516802	113.726
64.5	2.323649400990383	40.317
65.0	2.0986793973589224	20.06
65.5	1.800340017731156	69.754
66.0	1.2036608102549182	20.189
66.5	1.5658773343347232	80.434
67.0	2.0034122261718563	90.657
67.5	1.697247797772228	20.177
68.0	1.3305642572785954	20.221
68.5	1.883823874030557	40.295
69.0	2.0048440697799275	90.666
69.5	1.778346966648024	131.012
70.0	2.1117876220835696	90.652
70.5	2.2853382788503085	60.297
71.0	1.7029273974430756	119.563
71.5	1.5526725353550217	60.347
72.0	1.839941437227257	130.843
72.5	1.9608564128811998	110.086
73.0	1.8168677758669398	80.309
73.5	2.1234507411756676	64.742
74.0	1.9045636849286975	30.194
74.5	1.8952579281961537	50.341
75.0	2.089258483142399	60.565
75.5	1.5804800994427832	100.582
76.0	2.0164360881857255	96.847
76.5	1.4211692210128901	120.773
77.0	2.406700061152027	60.521
77.5	1.6287408688581957	100.726
78.0	1.9572023144881399	18.466
78.5	1.814742738490654	90.678
79.0	2.231614220229441	50.419
79.5	1.599981894129893	80.454
80.0	1.2005866708837618	110.776
80.5	2.070390555848351	93.418
81.0	1.6209193615319706	80.707
81.5	1.6729642873299346	100.59
82.0	2.0512384333772897	70.36
82.5	1.306425156423897	12.35
83.0	1.5431096155652386	100.767
83.5	2.0711050773627	18.394
84.0	1.665459630892451	81.75
84.5	2.4144063067985004	43.699
85.0	0.9962559330742894	21.938
85.5	1.4484443490346421	100.819
86.0	1.616711485777351	175.822
86.5	2.326402810373106	20.522
87.0	1.0181224031973557	161.581
87.5	2.3508203130231666	13.604
88.0	1.4700353296627011	50.41
88.5	1.50212367727271	53.016
89.0	1.3366456423897233	50.318
89.5	2.449457908588619	60.427
90.0	2.508190088691789	43.879
90.5	1.675636851666091	60.56
91.0	1.5453125207458283	141.212
91.5	1.699658503929498	88.831
92.0	2.029605782745461	101.855
92.5	1.8448559654219072	61.272
93.0	1.7195168102273017	70.565
93.5	1.4817132840873528	62.153
94.0	2.12347187738344	140.887
94.5	1.4757063083394928	17.425
95.0	1.9102192006094185	140.288
95.5	2.301592138660056	131.049
96.0	2.26710287923232	90.555
96.5	1.235589396694092	60.354
97.0	1.755969695091644	116.71
97.5	1.564571265770049	50.194
98.0	1.5508438298679428	90.657
98.5	1.2388066969009424	17.602
99.0	1.6417082307965878	47.416
99.5	2.257425676241048	92.595
100.0	1.8661884908436301	61.897
100.5	1.2615262488255623	21.327
101.0	2.5795179812282045	14.058
101.5	1.8257470269983394	50.392
102.0	1.7913390960781157	16.695
102.5	1.3059040379200177	30.347
103.0	1.479241345472784	45.715
103.5	1.763679376803337	80.46
104.0	1.84344706899697	83.781
104.5	1.9787533952865297	90.576
105.0	2.2083501770898133	90.87
105.5	1.8864328032824804	50.2
106.0	1.905879275026095	120.85
106.5	1.4622293786125806	80.486
107.0	2.616763150362907	24.567
107.5	1.498684897577553	102.936
108.0	1.512812319236395	70.657
108.5	2.116357482071395	30.17
109.0	1.7594803384924729	110.73
109.5	1.7872348655661645	130.91
110.0	2.3075135214266784	125.55
110.5	1.9989287161920317	20.499
111.0	1.8984407945498603	80.599
111.5	2.0915897378027184	60.521
112.0	1.382919790802419	130.822
112.5	1.3563988977056938	120.757
113.0	1.9331025830648407	70.466
113.5	1.771078647880246	14.38
114.0	1.0300385186110481	35.157
114.5	1.9374669698982536	40.291
115.0	2.0564300585713746	46.413
115.5	2.8362290764756657	74.456
116.0	1.136610502165228	98.29
116.5	1.7763443397908159	90.594
117.0	1.4733956051482118	70.567
117.5	2.3021781057806616	90.695
118.0	1.5149217741243988	80.371
118.5	2.1657116936425878	70.608
119.0	1.8850806949835044	23.451
119.5	2.9152613049396714	77.978
120.0	1.927301850368403	20.272
120.5	1.6775394558697898	22.048
121.0	1.9182013506353945	11.403
121.5	1.8961304614011785	30.27
122.0	1.4026399627191464	70.624
122.5	1.8778178827949255	70.488
123.0	1.863398418271452	80.636
123.5	1.4772787811876766	70.531
124.0	1.7564620586642168	60.439
124.5	1.8328756487445224	47.645
125.0	2.1068451704913183	60.592
125.5	1.9707288848542392	40.296
126.0	2.0528274148089474	80.527
126.5	1.8238088912187336	80.624
127.0	1.697163836078245	54.277
127.5	1.4593068582734736	35.346
128.0	1.0874087580847827	115.298
128.5	1.4268160702422992	70.557
129.0	1.707381770775653	50.655
129.5	1.127492646269952	70.4
130.0	2.8333915042182594	60.401
130.5	1.7419756373795248	53.496
131.0	2.322274607166066	35.378
131.5	1.97789006012845	60.386
132.0	1.797868689836758	90.614
132.5	2.5280537729762806	50.428
133.0	1.2921498443939905	70.424
133.5	1.0472442674470015	98.661
134.0	1.5600066682780962	20.272
134.5	1.5510588938294252	110.79
135.0	1.6661680051407053	62.392
135.5	1.9250849476946335	80.564
136.0	2.2540936113603234	100.6
136.5	2.6089741269207387	80.266
137.0	2.4216213549781793	70.681
137.5	1.718618665930785	10.642
138.0	1.262890486308015	112.605
138.5	2.128456504841123	60.376
139.0	1.5207197253465046	60.356
139.5	1.7422499524072113	50.403
140.0	2.0294604088850607	12.981
140.5	2.065691715353784	40.309
141.0	2.501800040104125	72.014
141.5	1.0777002078850326	123.552
142.0	1.9416368631568828	90.642
142.5	1.657682260336486	100.661
143.0	1.6473631548569556	95.448
143.5	1.1989813595472765	70.554
144.0	2.1042203979729033	30.584
144.5	1.3296736453076565	110.714
145.0	1.4029236380278431	14.653
145.5	2.0440483830936667	92.606
146.0	1.7603649107464228	110.798
146.5	1.6551770858341945	94.002
147.0	1.608610646886202	92.818
147.5	2.085144786973954	31.698
148.0	1.9033071024916681	60.334
148.5	1.2640778177204464	110.793
149.0	2.217808147578283	84.563
149.5	1.5528838069842283	80.616
150.0	1.858477346702263	80.53
150.5	2.577061630271672	30.059
151.0	1.1799489215663355	70.465
151.5	2.221788060154453	42.695
152.0	1.3077863521557396	99.569
152.5	2.175100730302861	60.377
153.0	1.889747346648955	13.388
153.5	1.9794364994136115	12.103
154.0	1.941656052024045	70.427
154.5	1.3447697581026623	90.591
155.0	2.7532181292834035	70.354
155.5	2.23796032962415	50.298
156.0	1.6683923236615577	90.535
156.5	1.4648485301492529	60.499
157.0	1.3016877939881961	110.958
157.5	2.1062660341769956	40.378
158.0	1.577421691548367	140.433
158.5	1.961115366846073	159.318
159.0	1.4970192686447703	103.588
159.5	1.9593753243356489	162.217
160.0	2.689578130004787	60.865
160.5	1.2972592865158687	90.579
161.0	1.849233489802578	100.554
161.5	2.194530558196373	70.324
162.0	2.4866793848575965	111.235
162.5	1.114982751306352	13.36
163.0	1.7758445421178046	61.955
163.5	1.839805773268293	10.668
164.0	2.305051147972824	70.344
164.5	1.468754106921463	60.601
165.0	1.62021128249875	57.785
165.5	2.1722901296622195	20.018
166.0	1.7900763972341258	35.227
166.5	2.024402129653245	36.061
167.0	2.0459851479162188	20.216
167.5	1.5262724269761851	40.399
168.0	2.25548618863412	20.118
168.5	1.3800697357044416	136.853
169.0	1.7035724497757394	20.15
169.5	2.3028521561243176	50.37
170.0	2.201862433038697	70.423
170.5	1.1502627332229836	20.184
171.0	1.7282590400004185	80.584
171.5	2.3954935903931247	22.252
172.0	2.637074035975184	80.522
172.5	1.1290562045216113	138.612
173.0	1.6315343734346388	12.872
173.5	1.6393516078184538	136.626
174.0	2.392707391285857	32.182
174.5	1.4326078787207073	12.263
175.0	1.4994710049640267	32.063
175.5	2.408622435684575	161.638
176.0	2.1172799008466536	120.763
176.5	1.303810410909378	111.125
177.0	1.9202964786679353	71.188
177.5	1.9401387945612576	80.527
178.0	1.988123523826577	29.211
178.5	1.7110917782239998	74.968
179.0	1.6263424851918094	80.703
179.5	2.1404995574261108	60.381
180.0	1.8545638363456545	79.549
180.5	1.320064784802337	80.426
181.0	1.6941656728506387	34.047
181.5	1.9057381829924687	110.937
182.0	1.6468688311559911	24.749
182.5	1.524362681232892	80.752
183.0	1.0435096100832963	90.535
183.5	2.3948433716513793	13.4
184.0	1.8629848393598238	80.608
184.5	1.8008140005829725	136.302
185.0	1.8795832309829619	141.063
185.5	2.17243427000247	100.797
186.0	1.8587264808403796	95.27
186.5	1.6099255926943867	70.652
187.0	1.9451293772309055	40.253
187.5	1.8523953116293752	67.498
188.0	2.085563547073046	42.337
188.5	1.6630582485892011	99.879
189.0	1.8933847710957161	80.558
189.5	2.2886066202249356	94.581
190.0	1.894703936980841	65.159
190.5	1.6811076650496208	20.272
191.0	1.9962243493306184	120.855
191.5	2.1949245710572622	70.434
192.0	2.062571411499469	60.375
192.5	1.4824110038517957	54.542
193.0	2.008196899696803	73.113
193.5	1.6095813814306372	104.282
194.0	2.049892543228914	70.226
194.5	2.290333494564879	60.378
195.0	1.5125748585697705	130.893
195.5	1.73636045401567	60.326
196.0	1.49547183389685	50.254
196.5	1.5769083965852608	56.436
197.0	2.1499297272018114	36.292
197.5	1.7928517742569432	50.303
198.0	1.705001149268639	20.142
198.5	1.54400728600309	50.337
199.0	1.924518610263831	50.407
199.5	1.9326461651428524	70.379
200.0	2.1062899100526606	60.359
200.5	1.5788580784381616	70.335
201.0	2.0609050775617614	70.531
201.5	1.5427334812042799	100.746
202.0	1.8478252401265416	70.538
202.5	2.4226532450660248	50.402
203.0	1.6232470932641354	60.294
203.5	2.064367646392251	50.3
204.0	1.7881897264408302	110.833
204.5	1.4371311051746771	70.477
205.0	2.0343269147352347	92.19
205.5	1.438433882987258	70.383
206.0	1.566153275031247	50.243
206.5	1.8025982346472498	80.518
207.0	2.0476486986102977	50.203
207.5	2.256157747709257	30.207
208.0	1.7289576178117683	12.177
208.5	1.7807249365449624	70.528
209.0	1.794236023605553	130.798
209.5	2.3129129681675153	71.513
210.0	1.5961510453470136	40.219
210.5	1.9961754929137554	80.573
211.0	1.8736316607135974	92.263
211.5	1.9566209967572732	33.261
212.0	1.765687036279076	70.451
212.5	2.6313840530442394	93.872
213.0	1.374345555681999	100.843
213.5	1.9905899904476245	70.454
214.0	1.7894727357759403	12.789
214.5	1.8087480824670334	130.992
215.0	2.037777112267762	70.498
215.5	2.1163609527635097	31.871
216.0	1.5241558322927136	30.387
216.5	1.6665176791503975	53.82
217.0	1.8601692581752471	80.616
217.5	2.6175635748845676	24.696
218.0	1.0671607325678214	80.765
218.5	1.6597280346730074	50.353
219.0	1.964931123660181	91.013
219.5	1.9466513826942022	20.163
220.0	1.6665531440737935	11.937
220.5	1.5848381066063837	131.014
221.0	2.2152993314908924	70.478
221.5	2.035705891074965	70.661
222.0	0.9153239930955136	70.354
222.5	2.353664280657454	100.573
223.0	2.065508856395087	80.536
223.5	2.386542858876749	50.431
224.0	1.7694372459809016	12.927
224.5	1.486815359112068	80.251
225.0	2.5939703821361206	61.827
225.5	1.9863625035270762	104.225
226.0	1.7474790743745328	100.656
226.5	2.2786213335211136	80.466
227.0	1.5787343367827527	20.156
227.5	1.97880225390814	67.025
228.0	1.3655638200748519	80.433
228.5	1.8993009801299607	120.859
229.0	1.8747943201288635	80.489
229.5	1.6246018856077906	80.604
230.0	1.8178560836889073	148.917
230.5	2.0177696520397297	60.338
231.0	1.9601216075016124	40.372
231.5	1.5255387674014578	159.31
232.0	1.924567029356483	30.134
232.5	1.4375267137766747	31.996
233.0	2.0328397866053693	130.897
233.5	2.1295701769467614	12.32
234.0	2.1435761038922254	23.695
234.5	1.9218315753722757	50.391
235.0	1.703634717688275	50.567
235.5	1.108652791162602	13.748
236.0	1.8727330352814424	70.533
236.5	2.448801640415252	70.464
237.0	1.6992095129076663	140.858
237.5	1.4650997721383667	170.771
238.0	2.1284198288678313	232.193
238.5	1.918144801640112	161.539
239.0	0.1366554704039718	72.53
239.5	1.6229579555957316	141.357
240.0	5.367381314696079	335.613
240.5	1.825745788324037	60.789
241.0	2.6983299028824965	379.591
241.5	1.7248098299367536	90.54
242.0	1.7804359676779495	194.87
242.5	2.3443176451117735	20.135
243.0	1.9733122501444469	201.957
243.5	2.2469642039236475	20.147
244.0	1.5868201182152057	302.134
244.5	1.1601896444282631	20.137
245.0	1.847472755505227	398.993
245.5	2.258423862129328	60.492
246.0	1.6270181010742855	232.36
246.5	1.8157019571523592	11.372
247.0	1.7716995563384457	188.162
247.5	1.5091047891872624	11.844
248.0	1.6597467908612313	141.511
248.5	1.9670005569389153	74.7
249.0	1.9552324000600656	110.865
249.5	1.7439899740895928	20.133
250.0	2.4688902746415917	303.124
250.5	2.521715304419886	14.916
251.0	2.00881090975696	80.497
251.5	2.334237287199236	59.968
252.0	1.435448245406901	160.919
252.5	2.2297968398175563	43.537
253.0	2.447993545168282	91.062
253.5	2.1870570884396803	15.502
254.0	1.441847180805191	176.951
254.5	1.903975085066918	35.308
255.0	1.7942894236104177	151.402
255.5	2.1489476751163914	94.64
256.0	1.4895279397858228	114.923
256.5	1.946667457147344	70.365
257.0	1.7634024037460663	83.386
257.5	1.7670384794054623	20.085
258.0	1.7062599092155695	181.206
258.5	2.0469794502434433	50.392
259.0	1.5905415312126112	140.917
259.5	1.2965059455173211	152.688
260.0	1.7478088424638212	85.087
260.5	2.048539983763767	171.592
261.0	2.3913716872308806	100.385
261.5	1.5628023697895583	177.418
262.0	2.144103822460628	127.104
262.5	2.1641866579684215	96.992
263.0	1.872147666883874	123.069
263.5	1.49351466192299	40.365
264.0	1.3754263480393776	121.51
264.5	1.77609924126405	60.595
265.0	1.4523747706779822	141.645
265.5	1.9886413145012174	35.039
266.0	1.5778777063669847	80.571
266.5	1.9482937634345805	90.411
267.0	2.2907302782359467	171.106
267.5	2.082315826240314	30.337
268.0	1.5935662694442685	84.564
268.5	1.7487527079609966	131.008
269.0	1.6322536827612828	66.671
269.5	1.8805707192588148	70.495
270.0	2.063680616903448	191.723
270.5	2.3174861817925474	60.35
271.0	1.9185391654540591	98.131
271.5	1.5288543775867967	96.09
272.0	2.0164665880084427	118.155
272.5	1.7095086426063184	12.353
273.0	2.2537890625368853	151.805
273.5	1.735247916480821	18.755
274.0	1.4938512956847843	179.163
274.5	2.3513900201090387	11.96
275.0	1.837160759742204	91.007
275.5	1.583267419053092	20.241
276.0	1.534821439098758	121.097
276.5	1.884918350579214	27.73
277.0	1.771879350854437	84.717
277.5	2.0455199165289724	10.09
278.0	1.6111858631390696	151.065
278.5	2.0057278576397484	75.663
279.0	1.6395798297065876	80.91
279.5	1.220545602869242	59.061
280.0	1.3530347551514763	374.156
280.5	1.89792049986003	70.473
281.0	2.2868120733834663	564.865
281.5	2.0316885913388707	50.252
282.0	1.5218340231243581	161.356
282.5	2.4347298479600297	11.188
283.0	1.5454217284340002	103.855
283.5	1.599140079298235	13.079
284.0	2.1405279601633085	190.733
284.5	1.596900563673425	94.716
285.0	1.4171944424691978	166.614
285.5	1.6123895936745483	130.917
286.0	2.26156387860613	100.892
286.5	2.3400415203329468	122.228
287.0	1.6252510736750394	161.589
287.5	1.7610604809741186	70.511
288.0	1.7373507062512223	100.675
288.5	2.7876253153196857	50.275
289.0	2.284586569554428	222.302
289.5	1.7316037570088807	130.923
290.0	1.909622716852135	142.881
290.5	1.566513904846379	80.66
291.0	1.093857685499403	141.426
291.5	1.8401262672676528	70.409
292.0	1.9003639069238514	80.707
292.5	1.957819057067498	60.48
293.0	2.066307437556331	161.028
293.5	1.8428091465014622	90.685
294.0	2.11960236221577	141.144
294.5	2.1579184106884726	30.158
295.0	1.3406359325745998	80.502
295.5	1.599434808485264	10.687
296.0	2.015848976941418	80.668
296.5	1.8742331626398039	81.427
297.0	2.0729022602565967	98.121
297.5	1.6533154759238924	60.436
298.0	2.4961835659742895	169.969
298.5	1.0950772756851044	34.826
299.0	1.088552383213416	110.746
299.5	2.030009843333769	90.333
300.0	2.110882192907416	520.188
300.5	1.8558398332474688	80.192
301.0	2.16125765306479	252.829
301.5	2.0186801186804786	111.417
302.0	2.0941920832818774	104.363
302.5	1.4696146809805775	18.896
303.0	1.002280956229504	88.78
303.5	1.9432446098836775	50.271
304.0	2.146414559792501	87.028
304.5	1.793952075533752	60.524
305.0	1.4761916570846476	80.667
305.5	1.8473367616652896	120.812
306.0	1.805859215747427	86.13
306.5	2.0683475967639877	31.432
307.0	1.7570608317251857	131.463
307.5	2.6414737758790863	90.577
308.0	2.18555639856473	106.027
308.5	2.0949819655842514	93.642
309.0	2.2907284300516952	100.948
309.5	1.559399722601711	11.467
310.0	2.1991268148780083	85.83
310.5	1.2366023655541747	84.985
311.0	1.3835269519308946	132.091
311.5	2.1060097143636867	131.406
312.0	1.9967002721888458	118.005
312.5	1.5435267520943756	141.002
313.0	1.5664942022417438	141.035
313.5	1.9550793126615578	13.657
314.0	2.3880943761990596	141.764
314.5	1.1727087504827365	20.149
315.0	1.598288326946378	161.083
315.5	2.731714556916752	121.274
316.0	2.3164076956382003	60.116
316.5	1.9062032630930712	90.641
317.0	1.95584582019202	60.472
317.5	1.7670802076894716	70.668
318.0	1.8553528453283443	111.024
318.5	1.912481942579879	92.656
319.0	1.7715219667398379	70.411
319.5	1.7095725542172027	100.656
320.0	1.4130381784002681	100.577
320.5	2.2263519361490216	80.867
321.0	2.449540209515557	20.05
321.5	1.6128568706784454	63.203
322.0	1.8413695523099998	146.027
322.5	2.05675955797811	87.032
323.0	1.6070832558955792	80.571
323.5	1.835003815521491	101.417
324.0	2.171348227998378	40.188
324.5	1.9943288696575066	131.206
325.0	1.7692062451811732	13.263
325.5	1.7825597468262375	71.829
326.0	2.3149684277160083	70.584
326.5	1.574351502808114	88.885
327.0	1.4776284429406608	60.508
327.5	1.907356425037215	14.989
328.0	2.0879823518475606	121.555
328.5	1.356511088419242	140.91
329.0	1.3202487929585058	140.925
329.5	1.852733378132739	161.5
330.0	2.016501214698725	32.294
330.5	1.9822899912902954	202.469
331.0	1.928339059262349	60.539
331.5	1.9243121079042873	90.653
332.0	1.7316065645846626	90.691
332.5	1.993470338322309	129.989
333.0	2.3996886640642145	20.228
333.5	1.6850158607444738	101.167
334.0	1.7316767544579286	20.111
334.5	1.5377703678911407	100.715
335.0	1.551328944983089	73.706
335.5	2.15613415173286	80.597
336.0	2.402049138132449	49.841
336.5	1.718157208057161	92.797
337.0	1.776222158594584	85.736
337.5	1.7062196554930074	116.173
338.0	1.8470514384075805	72.984
338.5	1.8426114784467424	110.731
339.0	1.7482616464878908	14.193
339.5	1.6795152477473272	100.587
340.0	2.1210035169743446	41.566
340.5	1.8536961166315482	40.264
341.0	2.2057553568901325	121.101
341.5	1.532371558232818	101.088
342.0	1.647176696341167	33.445
342.5	1.8723202964455607	175.981
343.0	2.2632609091291283	51.884
343.5	1.7198626239071984	80.801
344.0	1.7028922784139597	80.824
344.5	1.6892196357580063	121.004
345.0	1.9361071706505815	141.165
345.5	1.32149891648041	70.434
346.0	1.8168757639617779	70.499
346.5	1.7513698639752018	80.372
347.0	1.9160524823879999	106.276
347.5	1.5310113810717836	140.9
348.0	1.5832876471740789	80.601
348.5	2.871677149126176	98.323
349.0	1.9354466506153831	147.401
349.5	1.4943350860656721	96.837
350.0	1.4495072651492928	191.689
350.5	1.84961160296155	130.917
351.0	1.712704046628533	130.925
351.5	1.6133186532425767	80.571
352.0	2.1486038157678986	80.537
352.5	2.4293561189988715	91.181
353.0	2.4688449845901532	73.837
353.5	1.5241931003610614	110.901
354.0	1.4761061738744992	10.284
354.5	2.1250654612171855	90.767
355.0	1.7165310256127797	30.173
355.5	1.954607733935396	110.647
356.0	2.0632518534946778	73.159
356.5	1.8412295134701102	75.491
357.0	1.5638273677150478	130.888
357.5	1.5320122981536033	136.885
358.0	1.3283534837289122	80.702
358.5	2.4179259992387974	13.271
359.0	1.8555730162989232	81.386
359.5	1.7105645758559915	101.004
360.0	2.0912695585033183	41.004
360.5	1.586414336177856	100.768
361.0	1.7740253412520284	42.957
361.5	1.5613571769187915	131.054
362.0	1.375303533101507	41.55
362.5	2.1297767112205257	87.597
363.0	2.136376605111892	70.348
363.5	1.9657754066288435	70.42
364.0	2.3185995466737332	161.621
364.5	1.7956635502320308	161.322
365.0	1.9227088040465228	60.497
365.5	1.5802196741373098	100.595
366.0	1.7124439449627762	209.823
366.5	1.8679694172998034	404.568
367.0	2.3618221179495786	74.37
367.5	1.5174255474048635	110.902
368.0	1.6971510607561038	40.442
368.5	1.50216254813087	21.42
369.0	1.3113238977816717	80.856
369.5	2.2807071302947546	60.342
370.0	1.772856179073627	81.1
370.5	1.4722501667385859	130.977
371.0	1.4735480502580631	22.832
371.5	1.5771054430983895	60.53
372.0	2.250938531156811	127.26
372.5	1.9901815199795276	130.86
373.0	1.9828359919024692	80.596
373.5	1.5318976153726214	70.416
374.0	2.190496322792265	102.892
374.5	2.116132054920352	70.398
375.0	1.9061645785876329	116.01
375.5	1.8453611835430954	151.111
376.0	1.7933962062457514	70.414
376.5	1.740477946658133	40.294
377.0	2.1341551906754574	80.989
377.5	1.9678936743688993	140.951
378.0	1.6513218508751428	111.802
378.5	2.040980335039719	141.336
379.0	1.602798125568233	60.403
379.5	2.337133626184997	73.776
380.0	2.3584030491644103	121.398
380.5	1.3466218598482314	70.541
381.0	1.4870906086126583	141.321
381.5	1.777479376517365	96.967
382.0	2.243680828774062	60.488
382.5	1.8736441615712498	110.669
383.0	1.4639298543213035	110.679
383.5	1.6329991149241843	17.628
384.0	1.9287965112007681	100.534
384.5	1.5899495340483023	80.505
385.0	1.752046194308099	80.455
385.5	1.715565447675469	110.873
386.0	1.9732785416873406	12.572
386.5	2.0477378301420943	80.757
387.0	1.979561681046356	11.239
387.5	1.618892362229093	92.491
388.0	1.7056928634609723	141.102
388.5	1.703531764779102	171.695
389.0	1.6366244372179877	40.335
389.5	2.0348416165316032	137.777
390.0	1.7934546578749453	11.734
390.5	1.598984253642545	110.743
391.0	1.6025000259670705	100.729
391.5	1.8987276041013113	120.974
392.0	2.0164277871525322	57.49
392.5	1.877712371029797	141.012
393.0	1.7813318376031866	33.239
393.5	1.9182905790954698	115.432
394.0	2.3095836268670435	32.584
394.5	1.6742552279048228	120.888
395.0	2.149260049572321	48.27
395.5	2.051001157632373	91.617
396.0	2.0959861015426204	80.637
396.5	1.6500158498443847	172.238
397.0	1.8029555568906979	30.36
397.5	1.6926522426772426	128.915
398.0	1.426459381563842	51.761
398.5	1.9151894687293591	91.822
399.0	2.1961924786111933	161.178
399.5	2.2270983695151747	70.718
400.0	2.0660383152465247	50.498
400.5	1.3109244219418725	34.402
401.0	1.5822233829904273	69.849
401.5	1.542368773634143	93.482
402.0	1.579399956132811	70.534
402.5	2.174051528951772	11.532
403.0	2.3017835451231514	118.661
403.5	2.098661852630238	141.003
404.0	2.41544982033118	90.654
404.5	1.6478537614619269	70.375
405.0	1.2236694191703121	70.668
405.5	2.1142772622762624	66.066
406.0	2.4303090697479868	50.253
406.5	1.8929217950966841	90.743
407.0	1.8975527616496375	199.019
407.5	1.9437010270898454	141.225
408.0	2.1968018849819018	74.218
408.5	1.4698813009006657	74.026
409.0	1.1735193157551378	201.855
409.5	1.5818333761129486	100.422
410.0	1.8111749205707213	383.479
410.5	2.2521917754950063	103.346
411.0	2.1420753369852905	100.589
411.5	1.7827783474012524	12.71
412.0	2.067506639499407	163.887
412.5	1.3837266904116474	90.874
413.0	1.8112275022579831	40.415
413.5	2.284728665102638	91.871
414.0	2.176078518581604	71.283
414.5	1.980636194007397	31.463
415.0	1.8579469110842135	160.982
415.5	1.821187229527189	141.074
416.0	1.9411794035967942	60.464
416.5	1.761455734547764	50.286
417.0	2.5893849609396127	80.968
417.5	2.0823221232508553	142.102
418.0	1.7537063228739782	74.969
418.5	1.5786066648224995	111.305
419.0	1.3951747745328313	12.434
419.5	1.5176220605028752	161.485
420.0	1.732385754829264	72.271
420.5	2.188351539734972	73.773
421.0	1.900154347648992	70.614
421.5	2.2560075850327115	71.468
422.0	2.1564911745000295	70.642
422.5	1.5659774397779778	203.813
423.0	1.7880177639823909	10.365
423.5	1.8124162455894381	151.096
424.0	2.100734321730337	80.686
424.5	1.8313066281535768	30.802
425.0	1.9036052142119966	140.994
425.5	2.1072642853098946	74.975
426.0	2.1800345962512426	90.321
426.5	2.0532959673864375	70.491
427.0	2.5273014350554277	70.882
427.5	1.8539942832171712	80.636
428.0	1.6859212914316815	161.304
428.5	2.3527784774393856	80.626
429.0	2.3310070888885144	80.393
429.5	1.9300662175586187	141.042
430.0	2.023454366573035	106.134
430.5	1.668333594410838	71.699
431.0	1.8989141511638652	70.385
431.5	1.7782486529095034	15.955
432.0	1.9315470785942983	72.13
432.5	1.9756934989331545	148.382
433.0	1.5997450088446319	80.432
433.5	2.350940089787843	80.752
434.0	1.6933975041462104	60.317
434.5	2.127923338975634	121.006
435.0	1.5534019817401705	120.856
435.5	1.5639808406421012	80.531
436.0	1.9060732035921444	34.174
436.5	2.231752115783279	23.288
437.0	2.2513835190792864	151.213
437.5	1.9559808089059694	110.816
438.0	1.5828651106467402	12.788
438.5	2.1199334950030195	117.72
439.0	2.0444668112818376	20.145
439.5	1.9629226145203085	60.47
440.0	1.574324960472538	80.841
440.5	2.003341419984763	140.876
441.0	1.72980788217033	100.74
441.5	1.6659419922044463	103.495
442.0	1.7822507699003705	20.164
442.5	2.369127573813719	60.393
443.0	2.212178713172941	80.783
443.5	1.5792151970300567	90.8
444.0	1.4490740862199742	90.716
444.5	1.9142974173885003	80.654
445.0	1.9739453500281374	93.802
445.5	1.671091390700385	140.853
446.0	1.675823983592547	60.487
446.5	1.7014419179900946	141.079
447.0	1.4850905900031321	10.826
447.5	1.5017001660296412	20.164
448.0	2.048672616112709	80.179
448.5	2.3962387131333944	80.756
449.0	2.4960313441754165	80.336
449.5	1.7452710795173336	141.137
450.0	1.6657484492715378	12.907
450.5	1.9757930526365397	66.83
451.0	2.027035935300798	149.228
451.5	1.2635901190151473	80.569
452.0	1.2335338402610374	120.775
452.5	1.715973283857527	141.162
453.0	1.7025492231633441	20.752
453.5	2.287973857247117	102.249
454.0	1.7978783257645268	70.298
454.5	2.059746156547266	11.915
455.0	2.382533545813734	90.468
455.5	1.142628339458845	72.872
456.0	1.6106951782406613	80.544
456.5	1.7107205199513051	110.676
457.0	1.5146706024938654	110.722
457.5	1.8987310314254942	120.785
458.0	1.8905749591771641	113.169
458.5	2.203582924290554	151.355
459.0	1.760080266323225	60.436
459.5	1.6151156335526398	70.805
460.0	2.196982967078237	95.668
460.5	1.5490813485579762	130.732
461.0	1.90269419666888	110.79
461.5	1.5684250855562782	130.236
462.0	1.5797359843003342	39.939
462.5	1.6971576256629826	181.596
463.0	1.8120880648889	115.265
463.5	2.024013143162435	111.143
464.0	1.9136468201339965	10.646
464.5	1.7190365772679277	140.976
465.0	1.7760466452999673	49.878
465.5	1.8523955606136313	121.09
466.0	1.978538859559511	96.749
466.5	1.6440873742707802	130.818
467.0	2.028170623065335	111.095
467.5	1.9303348434512724	141.308
468.0	1.982500349039516	81.948
468.5	1.88960210179319	156.993
469.0	1.8889211289504777	161.044
469.5	2.2533534970877027	90.591
470.0	1.809261176640412	149.723
470.5	1.8702188224175924	77.991
471.0	1.7371029945463639	151.168
471.5	2.12928285683766	130.996
472.0	1.9899798335645797	77.084
472.5	2.3573460144071094	192.222
473.0	1.76683516586532	149.319
473.5	2.1335053551180474	182.027
474.0	1.5970339956693622	193.99
474.5	1.8618513551729108	324.003
475.0	1.8407713260634908	368.18
475.5	1.550512408947817	100.509
476.0	1.5866094049038928	91.992
476.5	1.7160071278724922	90.91
477.0	1.8798242384664317	90.673
477.5	2.069962101370225	141.378
478.0	1.863502605005474	120.826
478.5	1.5570657485500439	134.026
479.0	2.19522402262755	90.851
479.5	1.865972425243915	202.069
480.0	1.8651745521672844	79.122
480.5	2.4303743378685545	144.993
481.0	1.4039746893179392	151.552
481.5	2.150186555273121	77.36
482.0	1.1367942273497713	90.896
482.5	1.7801390711236023	111.275
483.0	1.8520278425245784	107.128
483.5	1.7418322782862576	143.666
484.0	1.6138704978161147	101.155
484.5	1.1626913032939146	130.492
485.0	1.6333612373130433	222.3
485.5	1.2738286450350824	190.877
486.0	1.4833431783068383	140.907
486.5	1.1448041636981157	191.317
487.0	1.215629823863696	160.96
487.5	1.6257388566356035	186.511
488.0	1.042316515737065	140.896
488.5	2.170879671225728	94.387
489.0	2.2445952233273503	100.685
489.5	2.8248979385876045	141.375
490.0	0.9269776979005381	130.709
490.5	1.7973053410178272	111.598
491.0	1.487573943379075	160.931
491.5	1.6573829123273511	90.81
492.0	1.043718896867301	76.169
492.5	1.4230382579971803	188.049
493.0	1.5468860338485462	141.807
493.5	1.504369306514794	101.114
494.0	1.6555191934586952	110.833
494.5	1.7464079763767222	76.926
495.0	1.6185167483357745	80.468
495.5	2.2453481159374995	141.397
496.0	1.5534091595537245	80.722
496.5	1.9126815096108318	140.998
497.0	1.9763058460386855	160.17
497.5	1.3772328116082346	140.837
498.0	1.5975450489951053	90.645
498.5	1.9933719289893759	95.879
499.0	2.3234085293727094	121.362
499.5	1.6200200001345095	80.613
500.0	2.0416493206385145	115.43
500.5	1.6047349937092101	80.926
501.0	1.5401663224639162	85.266
501.5	1.767882219620418	111.007
502.0	2.313030274086992	161.745
502.5	1.267100605707249	90.873
503.0	2.368723050521688	92.895
503.5	1.6312708878724078	120.855
504.0	2.1874326726295985	151.24
504.5	1.9621701370591205	121.348
505.0	1.7167168830525181	151.255
505.5	2.0058866355618314	144.412
506.0	1.9279351270451397	211.865
506.5	2.1604316060885265	123.077
507.0	1.5765447315185848	96.472
507.5	2.08160872578139	111.375
508.0	1.6698713277757065	80.611
508.5	2.015697728360372	87.784
509.0	1.9952496083434155	68.794
509.5	1.5576481212209854	140.903
510.0	1.721601313896307	121.739
510.5	2.2154377290260086	80.74
511.0	2.104918757770832	80.715
511.5	1.4439315159489974	191.021
512.0	1.8855002310607898	121.139
512.5	1.9057433891027358	151.568
513.0	1.7508168012693464	80.799
513.5	1.6024152306728583	100.672
514.0	1.9364055560500288	105.125
514.5	1.2577304021476958	120.871
515.0	1.4579450581872624	102.886
515.5	1.992006612395534	137.698
516.0	1.290153763184941	82.552
516.5	1.4330720337989968	81.052
517.0	1.1643204509266665	40.321
517.5	1.7731762956776858	16.093
518.0	1.683551463540666	60.384
518.5	1.9942363806630168	130.976
519.0	1.8898515005639647	130.977
519.5	1.9573442814012916	109.133
520.0	2.019068090912879	50.452
520.5	1.4759427896716169	17.292
521.0	2.151092844799913	38.091
521.5	2.0634395950536772	41.246
522.0	2.568287927302215	79.866
522.5	1.4971022206550593	110.636
523.0	1.8343930837265103	25.393
523.5	2.074472918733263	50.073
524.0	1.5779646823183278	40.392
524.5	2.5637961069898023	53.437
525.0	2.102070783617387	56.647
525.5	2.1093975212817497	100.595
526.0	1.8783285878247091	12.39
526.5	2.0829878827516177	80.647
527.0	1.6779336219377732	80.671
527.5	1.9022993277638531	70.523
528.0	2.0973582995531674	110.82
528.5	1.6750685603867568	72.845
529.0	1.9710194075601952	70.521
529.5	2.6244809763338446	81.675
530.0	1.3664914586763999	60.503
530.5	2.4440940306949535	90.714
531.0	1.9379448775529573	50.287
531.5	1.5023589888766926	80.377
532.0	2.3165136168361617	105.212
532.5	2.0025771263473033	60.56
533.0	1.5665390123604475	70.328
533.5	2.634242008407799	88.692
534.0	1.5227950634806697	110.777
534.5	1.9660417750956956	100.649
535.0	2.1933319306705292	15.0
535.5	2.2521814556423663	70.52
536.0	1.7548544319986252	60.507
536.5	1.8053854861356378	20.124
537.0	2.153108267590554	70.492
537.5	1.665743157189515	50.422
538.0	1.6347600916524887	20.53
538.5	1.6231305119334354	20.844
539.0	1.7943192916935464	120.947
539.5	1.6254257337147309	80.489
540.0	1.7682005972328196	110.635
540.5	1.8227634444567138	130.976
541.0	2.290023525330969	70.516
541.5	2.111972846900124	80.395
542.0	1.4096633591601266	50.427
542.5	1.8680512577625732	60.168
543.0	2.5325296715994385	50.441
543.5	1.8328087454960162	50.148
544.0	1.8210643393814843	131.091
544.5	1.7128978074310843	40.123
545.0	2.464142873124762	80.701
545.5	1.900909332893889	151.047
546.0	2.033898929710954	70.55
546.5	2.225841167923032	35.436
547.0	1.6538988136086712	50.391
547.5	1.360647824677889	110.609
548.0	1.486712291973212	140.645
548.5	1.233375558805177	50.576
549.0	1.6868456022589948	60.285
549.5	1.4355996884593107	60.415
550.0	1.6535519567007255	20.169
550.5	0.8715102975760499	60.646
551.0	1.5092411681812181	36.251
551.5	2.0791940376680924	80.387
552.0	1.7238164007443642	25.944
552.5	1.7750001579666856	60.954
553.0	2.0188189447068265	19.558
553.5	1.9571844154730988	28.862
554.0	1.3918690760110946	23.699
554.5	1.8978803232681236	70.573
555.0	1.740645415498555	80.307
555.5	1.7464786338002822	50.072
556.0	1.5606198066895094	130.691
556.5	1.9204850436145335	69.592
557.0	1.770191712952294	129.806
557.5	1.5622577961386326	70.743
558.0	1.9480983464755721	60.288
558.5	2.2566084106542	60.155
559.0	2.0558758889253625	60.53
559.5	2.586276289118509	100.553
560.0	1.7064905444465113	20.234
560.5	2.211857798061441	50.26
561.0	1.6963944695676676	70.465
561.5	2.136693016958282	69.768
562.0	1.6238541981369752	80.501
562.5	2.1513981208006268	48.739
563.0	1.831099146633216	63.248
563.5	1.9997422087011107	42.359
564.0	2.4391675609735097	64.391
564.5	1.976620905719554	40.35
565.0	1.7494090202651165	90.683
565.5	2.401852357008419	80.604
566.0	1.9926143855101923	61.267
566.5	2.2024793781595218	13.987
567.0	2.6899003846884124	54.991
567.5	1.6877301698659033	90.667
568.0	1.9854267086210826	151.634
568.5	1.6776583892444485	80.601
569.0	1.5883635654515567	70.294
569.5	1.8261623938131502	60.378
570.0	1.9478586601563301	110.64
570.5	1.9209796325751562	90.697
571.0	2.6546190525728637	40.355
571.5	1.3289184413887365	60.362
572.0	2.1135518375209914	110.698
572.5	1.7595483456970606	50.339
573.0	2.087416373863853	30.498
573.5	1.713671838210577	80.53
574.0	1.423077870237399	70.378
574.5	1.8802892318145967	70.426
575.0	1.8402453356610138	58.339
575.5	1.9121775751571937	20.282
576.0	1.8214459695869585	50.343
576.5	2.4142339081925943	100.582
577.0	1.8087099929275663	60.543
577.5	1.353958616028409	130.814
578.0	1.6907715175693403	14.96
578.5	2.043337764071329	64.429
579.0	2.25476194642343	50.36
579.5	2.226438579687636	40.28
580.0	1.8010057219929643	140.803
580.5	2.071373598464034	40.313
581.0	1.6811865548390148	40.306
581.5	1.1042176084290407	131.685
582.0	1.283116164189997	60.248
582.5	1.1960672713114289	130.817
583.0	1.679150195805253	80.388
583.5	1.5387013435679808	36.42
584.0	1.1963601409725617	156.496
584.5	1.877894517264106	36.918
585.0	1.746239354347263	35.95
585.5	1.3189791381354452	21.562
586.0	1.8121984619966411	91.454
586.5	1.7605297712451269	70.338
587.0	1.5645926197605222	16.634
587.5	1.0877628327137578	60.485
588.0	1.5330871699609923	65.348
588.5	2.0464204479136363	35.172
589.0	2.0605110149103933	74.229
589.5	1.7259501422902765	20.14
590.0	2.446183322767305	80.449
590.5	1.8546368094248926	124.836
591.0	2.5302141140617804	70.517
591.5	2.4583128967160093	60.28
592.0	1.5179134702551096	140.776
592.5	2.05220311084091	20.851
593.0	1.6007970718548707	50.286
593.5	1.625750734845617	90.499
594.0	1.6511031102171274	116.943
594.5	1.5954819254953196	28.997
595.0	1.8245309403347416	120.814
595.5	1.2094306296617356	20.148
596.0	1.620086558294991	70.43
596.5	1.6190198987780415	120.969
597.0	1.999792045633572	90.731
597.5	2.633827368565833	70.427
598.0	0.15208912265698507	13.496
598.5	2.926472137397837	13.088
599.0	1.4611271003525204	100.834
599.5	1.6301529913321797	50.756
600.0	0.13624922992875513	14.459
600.5	4.812138867831526	63.651
601.0	1.5583850172509606	14.85
601.5	1.8825641234089205	54.178
602.0	2.1053658269886464	60.246
602.5	0.14913488555850632	139691507925.616
603.0	0.13949129925597084	15.993
603.5	2.8379475406181878	50.311
604.0	2.1840394808242145	67.883
604.5	1.7500067827417773	50.228
605.0	2.248152615152469	40.32
605.5	1.619261132300121	131.03
606.0	2.1664404815833946	30.21
606.5	2.3348860605446995	30.212
607.0	1.8253294037733607	90.692
607.5	1.860761100155428	30.234
608.0	2.430820276610818	50.192
608.5	1.6312130974651486	45.855
609.0	1.5351227412733341	30.245
609.5	1.5179552147907778	50.336
610.0	1.795296541522886	40.379
610.5	1.517796054604694	70.297
611.0	2.4022864647682636	70.542
611.5	1.8079241458439481	110.6
612.0	1.8651024417044486	90.61
612.5	2.3457883194495515	75.109
613.0	1.246385601548265	100.602
613.5	1.9882408261691684	16.982
614.0	2.3011674029171285	14.87
614.5	1.919863787193735	64.651
615.0	1.9398834912416383	34.952
615.5	1.9394709356768887	84.943
616.0	1.5179656332508908	50.45
616.5	1.613868395587761	30.242
617.0	2.7732270385453104	36.075
617.5	1.9225361386528317	38.555
618.0	1.9473606947156705	36.191
618.5	2.431772454757942	30.053
619.0	1.58217828425229	70.558
619.5	1.577202495984082	60.4
620.0	2.134741286251186	70.322
620.5	1.9369836330525914	70.616
621.0	2.2209842235328066	60.465
621.5	1.8539156470213343	139.144
622.0	1.8860924091957576	16.664
622.5	2.2875274059227833	60.397
623.0	1.7955960270541564	60.493
623.5	1.6461133651274136	120.859
624.0	2.3302661889054868	79.598
624.5	2.237288585026787	70.453
625.0	1.964261578384801	100.695
625.5	2.1848518992925796	70.485
626.0	1.6944696840821716	40.285
626.5	1.883847024842161	44.086
627.0	2.6192209564550795	36.001
627.5	1.3878306267286225	110.707
628.0	2.285041167897685	70.596
628.5	2.4128562089907395	60.367
629.0	2.533961629073185	120.44
629.5	1.4598126809644603	30.089
630.0	1.3949719572322916	50.338
630.5	1.7588535886358003	36.204
631.0	3.0267390988569662	127.859
631.5	1.7278734294012168	50.45
632.0	2.362502852055511	14.816
632.5	1.9566589121592053	70.367
633.0	2.470083310736617	88.766
633.5	1.3613233822329003	15.389
634.0	2.063447363966722	70.228
634.5	1.9924190528065124	87.865
635.0	1.4615547117996237	15.738
635.5	1.2431724439606988	80.538
636.0	2.2324348936284215	37.313
636.5	1.8590609275572887	60.256
637.0	2.036427830450921	80.624
637.5	1.6769625782596553	20.081
638.0	1.7813235925195836	120.842
638.5	1.9543761086094773	30.263
639.0	2.1856646502404393	15.209
639.5	2.1513195870152675	20.212
640.0	1.5667875243367604	80.573
640.5	1.8774781176117301	14.654
641.0	1.792333400419328	120.786
641.5	1.4467863246030983	34.847
642.0	2.325665915191565	15.39
642.5	1.619851076368737	110.828
643.0	2.0955804034585523	90.683
643.5	1.9553370010088014	40.261
644.0	1.9815861395919947	110.804
644.5	1.655060241348844	45.365
645.0	1.406961563603909	70.576
645.5	1.469125130041955	108.407
646.0	1.6127065651516808	100.547
646.5	1.733701923540602	30.343
647.0	1.4728062973266067	14.91
647.5	2.0116821138463163	77.654
648.0	0.13494372374021715	19.757
648.5	10.290123196814156	50.563
649.0	1.9056338457314406	71.321
649.5	2.3490855245733258	39.177
650.0	1.281738834633563	111.016
650.5	1.9971617162750264	30.329
651.0	2.2415556025825483	76.592
651.5	1.988131608669729	30.198
652.0	1.5699402286890798	70.975
652.5	1.8994302178770666	106.804
653.0	2.300460120343913	100.527
653.5	2.664079108444903	16.741
654.0	2.0251149544551663	20.657
654.5	1.6198963975004985	36.029
655.0	1.9063855054125278	91.127
655.5	2.1398535424470806	29.397
656.0	1.1966849130627044	60.323
656.5	2.066094958826112	120.908
657.0	0.16238631280575894	31.89
657.5	5.537760239787939	120.499
658.0	1.9869927874082136	30.401
658.5	1.9253905286120518	19.699
659.0	2.1026619344458495	161.763
659.5	1.9870392546349704	117.057
660.0	2.00024446889755	80.644
660.5	2.0665125888963116	19.383
661.0	1.465460178199183	80.742
661.5	1.662003009897763	80.799
662.0	1.5504229408826502	80.417
662.5	2.252076405725145	120.743
663.0	1.8907357321732707	70.406
663.5	2.3695526447296165	83.898
664.0	1.5075658842892135	111.002
664.5	2.1432143677212894	50.447
665.0	2.0278017373818464	130.966
665.5	2.0218470049441852	70.621
666.0	1.714422372067701	50.278
666.5	2.0710646900291696	37.569
667.0	2.2253082420217227	114.536
667.5	2.1276138873732315	150.917
668.0	2.0105252214307825	69.975
668.5	1.7211116032579177	64.641
669.0	1.6882244213431281	58.375
669.5	1.611347423417114	60.451
670.0	1.4848202350112623	50.466
670.5	1.7197371107531336	111.673
671.0	2.2640343773287035	59.355
671.5	1.8430713016598448	76.171
672.0	1.6583385660848615	43.067
672.5	1.823116533006693	70.442
673.0	2.1079419944205235	88.039
673.5	2.0349186471318466	161.074
674.0	1.0800351307867637	110.666
674.5	1.7718373049339715	50.372
675.0	1.4267022897268833	58.489
675.5	2.288870021976375	30.338
676.0	1.3134531219983987	111.019
676.5	2.104180666379497	92.486
677.0	1.9440252947435492	100.985
677.5	1.8787309951050446	60.517
678.0	1.307638190087379	50.462
678.5	2.1641251052370456	64.773
679.0	2.426066479030246	110.977
679.5	1.833240970021966	80.688
680.0	1.3235710377249035	171.043
680.5	1.6104667140429834	80.508
681.0	2.3921501519629818	121.124
681.5	2.176494544412775	80.654
682.0	1.6083554583676376	87.165
682.5	1.8061743433006028	74.012
683.0	1.6173492433785042	60.406
683.5	2.175942782528978	22.976
684.0	1.4972844694475664	70.433
684.5	2.046753410453312	140.768
685.0	1.8771705566435655	65.36
685.5	2.1863645164261953	80.861
686.0	1.4388374199910037	76.661
686.5	1.9725890294366686	71.635
687.0	1.7573116971561327	26.242
687.5	2.2119786297575965	51.084
688.0	1.9015715792464698	100.782
688.5	1.9804307634616944	70.523
689.0	2.175575598014401	141.197
689.5	1.899542808621282	36.665
690.0	1.6089667054407364	33.407
690.5	2.624052884858665	120.922
691.0	1.9040106661864138	101.594
691.5	1.747656478084471	25.572
692.0	1.8381751359468637	43.515
692.5	1.8421330108944955	50.286
693.0	2.3877595299893777	50.394
693.5	1.1877058071113178	70.384
694.0	2.0888268077361194	120.895
694.5	1.9867830828567326	54.384
695.0	1.5436929651412883	44.414
695.5	1.9028900274961624	100.683
696.0	1.3926190885503291	27.463
696.5	1.218864449125677	130.707
697.0	1.5600407024510028	103.164
697.5	1.6418046212512947	90.673
698.0	1.3116307590905583	60.391
698.5	2.0830926380966717	80.621
699.0	2.6813673777272284	69.964
699.5	1.2353527209866297	49.512
700.0	1.8878585763730595	58.299
700.5	2.6225139919425957	20.348
701.0	1.4259218511849483	19.276
701.5	1.7105333343513998	100.584
702.0	2.1309889891596776	17.1
702.5	2.0716439439985446	107.777
703.0	2.0112895337541397	161.18
703.5	1.8675002813674895	60.429
704.0	1.5762531644372095	70.349
704.5	1.4765349850423093	90.433
705.0	2.0590885102651497	70.532
705.5	1.4831066073942922	80.722
706.0	1.7896668892853658	80.57
706.5	2.5038657935809105	102.551
707.0	1.4543931099767193	90.678
707.5	2.133262606157418	100.458
708.0	1.6619081872841606	120.718
708.5	1.6151311304857288	50.386
709.0	1.347339832064938	62.333
709.5	1.8343757941521595	84.816
710.0	1.5926373752057832	110.936
710.5	1.673545549921468	110.667
711.0	1.7114790940931757	121.527
711.5	1.792415927130542	70.533
712.0	2.1946258146010234	23.376
712.5	1.8799131662017752	110.977
713.0	1.2631732444069708	49.633
713.5	2.0114713864652796	80.575
714.0	2.4032164130660147	87.132
714.5	1.6838691197535443	56.741
715.0	1.4654457022875478	110.964
715.5	2.632678389840129	143.6
716.0	1.9606032588586395	156.974
716.5	2.7131859986912787	164.245
717.0	1.8695483473703047	178.567
717.5	1.6600693850078232	61.929
718.0	1.707805713352481	57.913
718.5	1.972277455464661	60.223
719.0	1.4782630593419834	88.525
719.5	2.1640552796837382	65.26
720.0	1.5366763002199142	34.339
720.5	1.941450910566826	70.279
721.0	1.3147942793119265	100.844
721.5	1.7774353030891854	70.775
722.0	1.6565832888083956	144.883
722.5	2.232020250961639	80.443
723.0	1.810841336475945	80.585
723.5	1.8350186468033725	50.482
724.0	1.7707530253302013	20.044
724.5	2.1080920005676287	120.88
725.0	2.3614523137448504	30.459
725.5	1.6864447259470308	80.659
726.0	1.9940622885429655	70.376
726.5	2.272069669421031	45.941
727.0	1.310959201948664	90.587
727.5	2.014617259811004	90.674
728.0	1.7820247628079382	100.994
728.5	1.8641389466523344	70.553
729.0	2.052189640790102	120.969
729.5	1.4797010153465684	90.541
730.0	2.3948849801818044	40.279
730.5	1.5399654696082958	60.382
731.0	1.5783043891181223	60.494
731.5	1.7210734413640474	44.142
732.0	1.8695102923779965	171.629
732.5	2.17314252198303	165.118
733.0	1.74403449236876	144.271
733.5	1.919232571793289	154.693
734.0	1.737246954578662	161.155
734.5	1.5672346703609035	126.089
735.0	1.877209956764174	145.475
735.5	2.3632593899258936	94.647
736.0	2.0000460603804284	60.399
736.5	1.7456072486500531	107.959
737.0	1.8076108785768155	120.868
737.5	2.386268185697843	100.796
738.0	2.225319905113983	23.056
738.5	1.560669626185758	44.973
739.0	1.8012832434030153	80.859
739.5	2.1301319156561656	17.626
740.0	2.2534555348034977	50.48
740.5	1.4807561545513142	100.952
741.0	1.7498911102527805	131.25
741.5	2.079216949550369	70.619
742.0	1.875601005775427	51.576
742.5	1.38974826951794	17.989
743.0	1.5850506450692168	61.34
743.5	2.0537789948419216	70.408
744.0	1.9695009000257617	23.635
744.5	1.7523526137105312	90.975
745.0	1.9527805466460824	59.85
745.5	1.430556083458654	59.83
746.0	2.2299914202185196	99.009
746.5	1.2884290110805798	60.186
747.0	2.0743157831134083	58.828
747.5	2.4212782552509013	80.635
748.0	1.7995080134094463	47.735
748.5	2.2653539860766565	60.226
749.0	1.7297687677104991	50.379
749.5	1.9595764488050103	80.556
750.0	1.7368381762049572	45.675
750.5	1.4707910103409285	54.939
751.0	2.1337206015810555	70.367
751.5	2.0959047792160375	131.335
752.0	1.984481907001021	131.077
752.5	1.8053577386441044	42.438
753.0	1.9645274555312455	60.468
753.5	1.912703386561454	40.406
754.0	1.619500274941526	70.443
754.5	1.9261541437818652	30.249
755.0	1.2448902497651388	80.421
755.5	1.8170035366377748	92.494
756.0	1.928600842605458	76.375
756.5	1.9122375874489543	70.367
757.0	1.8806372508161646	23.881
757.5	1.3455029498483222	26.031
758.0	1.7688570199853872	70.511
758.5	1.6815446269226513	110.73
759.0	1.8129273481605837	27.112
759.5	1.8709151915193296	60.252
760.0	1.5088669562112556	90.684
760.5	1.7855173860314812	81.752
761.0	1.9013551606675723	110.692
761.5	2.1071672766860026	80.779
762.0	1.9855486001999212	30.123
762.5	2.160635025913031	59.489
763.0	2.0776460735222817	40.391
763.5	2.048957788470573	27.138
764.0	1.224196904729638	110.694
764.5	2.5498296506307585	40.262
765.0	1.8543821020396971	95.139
765.5	2.232818894839424	39.656
766.0	1.0007827705629104	110.819
766.5	1.9622601829595134	38.896
767.0	1.8336076453719394	82.022
767.5	1.8760754429460829	30.207
768.0	1.576442320832998	20.104
768.5	1.9289001485523067	80.529
769.0	1.79707271500407	80.579
769.5	1.9547457729356084	52.811
770.0	1.6838174014291178	40.475
770.5	2.1150009515552406	73.641
771.0	2.1739716347037326	109.185
771.5	2.21101376290519	30.215
772.0	1.793709695042832	80.955
772.5	1.4757083368339792	50.298
773.0	2.5035660953196888	60.326
773.5	1.8762341739016006	70.498
774.0	1.4821749163259168	18.03
774.5	1.9866802884319683	70.121
775.0	2.008960215606888	51.583
775.5	2.836240836228404	45.825
776.0	1.5140099671088834	21.713
776.5	2.030179916902105	83.795
777.0	1.6515452693268589	60.536
777.5	1.7318240217758625	38.353
778.0	1.546878506793974	90.667
778.5	2.0633086443262854	20.216
779.0	2.2329500707355576	54.534
779.5	1.7485832079881998	50.563
780.0	1.4000698699245406	51.607
780.5	2.919888649410585	60.48
781.0	1.7642195071344131	87.42
781.5	2.0842549701614774	36.693
782.0	1.4792290703420201	30.207
782.5	1.8748312719917672	131.022
783.0	1.8577220620556234	70.557
783.5	2.061458382539813	79.307
784.0	1.8149122444641035	131.148
784.5	2.30462288978685	106.71
785.0	2.0495733972359007	100.589
785.5	2.0874691280221183	46.586
786.0	1.7269435824540271	87.606
786.5	1.7381977876794397	80.607
787.0	2.140814699082234	25.133
787.5	2.0555302744040507	22.179
788.0	1.3691668496057647	19.654
788.5	1.6067910921502113	120.866
789.0	2.1393191150414874	24.903
789.5	2.0154233292138737	60.605
790.0	2.158754606134711	50.399
790.5	2.099471028309319	23.122
791.0	1.8891622466327072	140.413
791.5	1.4910955093222045	80.633
792.0	1.7274466891601397	20.141
792.5	2.1375777171051777	63.289
793.0	2.2595504174522114	40.534
793.5	1.3387507931700118	60.473
794.0	2.477637098666326	98.318
794.5	1.8158429365409452	130.96
795.0	2.2695253662097077	38.776
795.5	2.1607855263213103	17.157
796.0	1.7629419289307746	65.431
796.5	1.7434174398497146	117.018
797.0	1.868387075029997	110.877
797.5	1.4898276175470668	61.839
798.0	2.1063326187647324	70.426
798.5	1.7089132977362034	37.491
799.0	2.304531895262354	40.142
799.5	1.499728396692384	120.97
800.0	1.876816939132487	23.009
800.5	2.008802828221485	22.128
801.0	1.9895781358248956	120.889
801.5	1.7786701652911587	80.656
802.0	1.9840757957442694	61.492
802.5	1.7599672954781842	20.111
803.0	2.496660665704878	87.057
803.5	1.419757270030622	50.268
804.0	1.640105955126876	50.21
804.5	1.4956784428226562	110.726
805.0	1.624018049568936	90.614
805.5	1.4382737462240884	16.924
806.0	2.0300347049349865	114.912
806.5	2.3616048981114464	123.453
807.0	1.5829457907152746	130.966
807.5	1.4949802146212092	68.449
808.0	2.469378085558002	36.313
808.5	2.075154082699035	53.827
809.0	2.5571603694893135	111.68
809.5	1.033746202620498	44.88
810.0	1.870294963620979	35.17
810.5	1.8675324344310196	109.528
811.0	1.770857233453395	90.6
811.5	1.6091562210687878	60.428
812.0	1.9333511736579196	60.468
812.5	2.4224796975672955	48.414
813.0	2.020363166863845	100.819
813.5	1.914959354729074	80.429
814.0	1.6927857812066878	90.623
814.5	1.9801576533139804	104.817
815.0	2.9885801800613496	40.078
815.5	0.8853366808488011	90.705
816.0	1.9706922767040598	50.236
816.5	1.7612071608648445	50.439
817.0	2.253172577187248	19.412
817.5	1.7916662956363183	104.652
818.0	1.8293636268423534	70.56
818.5	2.089278752967476	66.098
819.0	2.3775880851728375	90.378
819.5	1.0814041564000894	62.636
820.0	2.3300369395033833	93.83
820.5	1.9736659154852043	53.186
821.0	1.6661867804092318	83.55
821.5	1.7857667652513893	112.828
822.0	1.7118030381541722	40.029
822.5	1.7168563799319871	50.449
823.0	2.574277579049966	154.145
823.5	1.5183793435863537	100.715
824.0	2.1170487531689988	106.276
824.5	1.4763824881456493	70.466
825.0	2.165160303291055	60.68
825.5	1.0483215411087279	50.421
826.0	2.0422286021487217	105.786
826.5	2.0486769867297605	110.778
827.0	2.165271608883191	30.608
827.5	1.8319557088530913	50.289
828.0	1.6944071226732071	120.93
828.5	1.975364297394383	53.584
829.0	1.770454932143165	80.305
829.5	1.254550175458659	60.432
830.0	1.7219946447865058	103.044
830.5	2.53187218660504	17.134
831.0	1.6886311428120488	18.91
831.5	1.432637955627733	124.011
832.0	2.1649474787088088	74.276
832.5	1.8864832208560445	80.616
833.0	1.8378052031742065	110.733
833.5	1.5851676338369625	110.801
834.0	1.6189133440287204	93.76
834.5	2.0279112134868607	50.316
835.0	2.024213081417472	130.805
835.5	1.4912284067805046	49.734
836.0	1.6842649921784774	50.244
836.5	2.5154019737642583	50.281
837.0	1.6399116600970745	70.46
837.5	1.9453391346078825	23.809
838.0	1.4035279244909173	70.594
838.5	1.8932626614578603	32.793
839.0	1.5880178016179334	76.293
839.5	1.9437586073369433	72.426
840.0	2.2309064326360235	110.771
840.5	1.6868764304106056	70.532
841.0	2.068000332357618	70.465
841.5	2.332389521619664	40.236
842.0	1.4369491464256452	93.604
842.5	1.7629338543696214	60.491
843.0	1.8188616016520416	80.518
843.5	2.012479091832873	39.038
844.0	1.5421331660978996	120.853
844.5	1.7307070958843915	140.935
845.0	1.4951056221526193	80.538
845.5	2.17432992338466	40.483
846.0	1.3671323771835022	67.036
846.5	2.4962474119147524	43.772
847.0	1.4877078864343798	70.436
847.5	1.3943610977094405	70.584
848.0	2.088112326157401	70.497
848.5	2.341834652112554	80.773
849.0	1.5159863591439677	70.432
849.5	2.2747484401581497	40.697
850.0	2.0465807022096487	141.868
850.5	2.0152119049413835	148.118
851.0	1.8480395756635697	131.465
851.5	1.8430596744200027	100.734
852.0	2.0592240072809753	24.776
852.5	1.4420675168806678	50.409
853.0	1.0935687583253326	37.109
853.5	1.093895620874531	130.814
854.0	2.0889166511810093	53.919
854.5	1.6312455035101727	19.822
855.0	1.3012605444626228	30.218
855.5	1.3638413985366402	71.353
856.0	1.1006434984029232	130.927
856.5	1.8188939829907047	70.14
857.0	1.8889637384021092	111.366
857.5	1.5860335197769577	90.692
858.0	1.8834117159770285	131.498
858.5	2.117474736651331	70.758
859.0	2.1910617895737414	70.362
859.5	2.636766121560764	146.888
860.0	2.400025149984729	50.218
860.5	1.510816504488016	90.686
861.0	1.8558075273400503	54.552
861.5	1.4635516897715637	34.219
862.0	1.9193921429521004	70.224
862.5	2.048714197717888	90.64
863.0	2.3422278372347796	76.42
863.5	2.193898541594849	60.934
864.0	1.7186011464289044	77.934
864.5	1.793836749397615	88.486
865.0	1.949020962109896	66.544
865.5	1.325286034669232	50.414
866.0	1.898570980766442	90.553
866.5	1.8483327575233355	80.35
867.0	1.9647971859519593	140.831
867.5	1.6959355689543767	80.572
868.0	1.74971305309366	70.556
868.5	1.2215975577027978	100.633
869.0	1.5568551738383418	80.927
869.5	2.419574159826463	70.415
870.0	1.7018305035968164	106.708
870.5	1.5682008504382439	60.515
871.0	2.006587656614073	120.896
871.5	2.5921464062526356	90.105
872.0	1.563159157281066	97.277
872.5	1.9247431114409412	40.19
873.0	1.8359297801570456	84.352
873.5	1.5867761147099324	37.039
874.0	2.116560270388644	34.102
874.5	2.081481815847179	50.4
875.0	1.5226694114688846	22.749
875.5	2.3175883920519618	47.873
876.0	1.66847331100808	60.491
876.5	2.3183160149058586	40.285
877.0	1.6971206949326696	20.223
877.5	1.4169227343309299	110.825
878.0	1.9233899872335676	17.547
878.5	1.8603855898867854	90.49
879.0	2.118674470695001	111.082
879.5	1.7537048573480547	126.099
880.0	1.9222568327668073	50.219
880.5	1.7190537614119017	28.543
881.0	2.2512822732103905	87.812
881.5	1.8950731681399613	121.019
882.0	1.3920597276603754	55.112
882.5	1.5818430865442	30.241
883.0	2.3677903103151223	95.017
883.5	1.8609876482749164	151.363
884.0	1.812262068125982	100.722
884.5	2.0047461948380243	20.379
885.0	1.799735501021962	141.271
885.5	1.6400107095347616	50.449
886.0	2.026096017234418	121.065
886.5	1.9351515400698234	32.933
887.0	2.4547718367105054	50.394
887.5	1.716834040925489	110.958
888.0	1.6402097506461513	28.144
888.5	1.6692581404389153	40.284
889.0	1.776779487598009	108.215
889.5	1.9638161133032663	40.234
890.0	2.0674165502232285	60.313
890.5	1.7407376473519276	50.401
891.0	2.016942995590106	108.181
891.5	1.7357315003971132	68.942
892.0	1.52997947722842	76.804
892.5	1.6307281161617555	100.557
893.0	2.017947151160538	80.568
893.5	1.4057565233042175	55.291
894.0	1.6583268019006765	101.034
894.5	2.2074503612268317	80.475
895.0	1.2526281658352008	60.34
895.5	1.6949925354860294	100.732
896.0	2.2951168104411863	131.112
896.5	1.8012321128331767	90.663
897.0	2.421788363244377	76.586
897.5	1.2690410198885025	90.604
898.0	1.8288072780243547	76.072
898.5	1.774699482931206	120.735
899.0	2.679266273389372	149.852
899.5	1.3495558589761738	94.11
900.0	2.030331945115431	82.111
900.5	1.9788633353616845	124.288
901.0	2.1506362173707814	38.332
901.5	1.3270954637579677	120.872
902.0	2.3458892524823485	30.172
902.5	2.3454179770931503	50.292
903.0	1.7066278598602231	20.124
903.5	1.6550842066194138	54.261
904.0	1.7589894575640284	56.583
904.5	1.9933265913049358	36.832
905.0	2.109691632017216	20.565
905.5	1.574288916722015	40.236
906.0	1.791923116767862	30.176
906.5	1.6762909932897707	75.928
907.0	1.586394264474926	73.129
907.5	2.1805776833415553	69.73
908.0	1.3262928904975702	110.817
908.5	2.2406359517624357	126.726
909.0	0.1433407051046842	16.255
909.5	9.895488081241036	149.161
910.0	1.588352094285776	100.63
910.5	2.425675537162437	50.332
911.0	1.4992351902187566	203.086
911.5	1.7184905693610464	367.857
912.0	2.043615008695055	14.573
912.5	1.9392079190534535	94.087
913.0	1.8498642449061786	35.469
913.5	1.7306937367786437	92.947
914.0	1.3287112498403273	136.242
914.5	1.5967616034621497	20.189
915.0	1.4702093407323364	26.569
915.5	1.7737886881878089	99.427
916.0	1.932008698748289	105.411
916.5	2.1111808743283307	68.911
917.0	1.6825375819403852	120.746
917.5	1.469517742941283	20.121
918.0	1.8329689334066905	13.383
918.5	0.13878205869756088	15.349
919.0	3.6355758739869573	80.531
919.5	0.7385476123562564	50.333
920.0	0.8399101304514924	101.254
920.5	0.15776726521596948	9.329
921.0	5.301300149916376	100.64
921.5	0.1791795662164808	13.741
922.0	0.16152338414298584	98.662
922.5	1.6842808233608009	35.672
923.0	1.1981689403315763	20.241
923.5	0.9207762876569157	110.729
924.0	1.0554620993531567	84.806
924.5	0.895712101902098	34.101
925.0	0.8786429360325357	70.509
925.5	0.12869508667661256	11.82
926.0	8.011796407898936	19.039
926.5	1.7724540593531632	70.402
927.0	2.380416099505016	70.412
927.5	2.1257739140710052	80.625
928.0	1.883432424715517	26.876
928.5	1.9877358536296714	87.58
929.0	1.855964962474562	30.286
929.5	2.3434796842421988	20.23
930.0	1.991734513351844	80.809
930.5	1.5178103843122142	110.719
931.0	2.3615153593797955	50.311
931.5	1.9517839733391686	110.67
932.0	2.1553411148367076	70.353
932.5	1.4784503271646694	110.692
933.0	1.5332768947367204	90.581
933.5	2.3316728661489616	63.649
934.0	2.0482560794108005	13.201
934.5	1.8338871124671992	20.068
935.0	1.8278378672648763	111.175
935.5	1.953265395274783	90.592
936.0	1.7453353606463373	81.582
936.5	2.3992009841205824	70.556
937.0	1.9729449400075432	40.344
937.5	1.725704824429427	60.435
938.0	1.634640136073817	33.534
938.5	1.5457270548731352	90.437
939.0	2.0311621698619504	83.765
939.5	1.9106950902902624	70.542
940.0	1.7385208890172728	35.939
940.5	1.85204701207781	70.403
941.0	2.0642474429699456	110.598
941.5	1.882220489739482	12.992
942.0	2.0926171466955417	30.183
942.5	1.6865909049150232	74.81
943.0	2.0944586494017585	43.129
943.5	1.8285896605167993	14.045
944.0	1.634654347580573	41.333
944.5	2.2597431047597274	20.134
945.0	2.185990632364048	20.178
945.5	1.8684771681600287	60.502
946.0	2.1118367298664804	110.542
946.5	2.372129223065544	74.954
947.0	2.057433401175667	50.263
947.5	1.5741697350157666	80.703
948.0	1.9854017486780295	60.432
948.5	1.501263647892564	120.827
949.0	1.7812005411753555	50.302
949.5	2.2791685877321277	50.195
950.0	1.910181818659121	121.051
950.5	2.146788069369158	40.24
951.0	2.0979258071294486	105.774
951.5	1.9421028514013488	63.285
952.0	2.1043934098631873	40.181
952.5	1.4367557603588703	100.612
953.0	1.639643791110977	23.292
953.5	1.9684556095422023	83.059
954.0	1.707299215155778	63.149
954.5	2.225357675436537	80.442
955.0	2.2293580687454253	22.803
955.5	1.8349247590061388	60.275
956.0	1.9752302047151309	20.111
956.5	2.097893234131538	84.345
957.0	1.9845301103499675	50.431
957.5	2.1425380614605136	62.536
958.0	2.544165311430532	112.982
958.5	1.9611940856731285	74.103
959.0	2.20280053015468	70.435
959.5	1.4592901225583914	40.353
960.0	1.9147978096290321	20.168
960.5	2.3632194866242404	20.975
961.0	2.293967505873442	13.252
961.5	1.4718538386847493	14.236
962.0	1.8439764082491015	45.801
962.5	2.396866306979354	20.138
963.0	2.1570829122256705	84.938
963.5	1.7952093136410763	90.563
964.0	2.1926467101587637	120.648
964.5	2.0494177229540087	20.89
965.0	1.963517908072123	60.474
965.5	1.6943582317402932	80.403
966.0	2.5659474658188666	95.687
966.5	1.5536783153484157	90.523
967.0	2.0878323669218095	70.564
967.5	1.819549846672634	44.453
968.0	1.7095560060106296	80.461
968.5	2.584272740007098	60.279
969.0	1.5555549928030852	60.31
969.5	1.4824555449554404	50.419
970.0	1.7975385832810062	60.499
970.5	2.2959479084018595	13.384
971.0	2.4506187241812705	103.02
971.5	1.595881054811487	100.676
972.0	2.207604436811441	95.014
972.5	1.7232223600465881	20.035
973.0	1.73382969414766	130.777
973.5	1.9808427713635244	12.867
974.0	2.527164991391689	60.242
974.5	2.1613672308490965	13.483
975.0	1.9243317602520238	80.593
975.5	1.5693661963017511	130.874
976.0	1.7139681725778544	70.534
976.5	2.2010048967721385	60.372
977.0	1.4848931483712076	70.395
977.5	2.119412516192871	80.55
978.0	1.5783033562845759	70.597
978.5	2.420262328439004	20.101
979.0	2.308352531720708	73.149
979.5	1.6669744100926829	90.539
980.0	2.3898524577531193	80.711
980.5	1.7165736323904275	94.669
981.0	1.6316584962623153	48.024
981.5	1.9750229675660536	100.612
982.0	1.8909279453664876	75.336
982.5	1.6607774803597457	70.499
983.0	1.8855796032527004	60.43
983.5	1.9074527541116615	50.366
984.0	1.4842830357703496	14.317
984.5	2.529152229879236	50.404
985.0	2.0560481510124387	33.425
985.5	2.042648616661968	82.246
986.0	2.378989268556705	40.203
986.5	1.8400983627444145	13.464
987.0	2.0259709602587375	13.413
987.5	1.5732640727386509	40.214
988.0	1.7684284847399425	24.558
988.5	2.553807287985503	20.232
989.0	1.5696239376875654	53.071
989.5	2.5954083774016374	21.574
990.0	1.5143918389233906	60.446
990.5	2.2144440047173752	32.045
991.0	0.17446783538788116	27.655
991.5	2.6402922022035686	100.363
992.0	0.8593358519163492	100.765
992.5	0.6816517148987042	47.478
993.0	1.1455819508035248	120.89
993.5	0.9008231206978375	90.74
994.0	0.8412354452703003	110.783
994.5	0.5490432448118318	110.933
995.0	0.8229238417332911	90.541
995.5	0.7972082131520218	50.701
996.0	0.8350634043442107	80.673
996.5	0.8660453000796526	40.519
997.0	0.8503612286588647	50.476
997.5	0.7142604978972157	80.563
998.0	0.7022705491104623	171.429
998.5	0.8630589494562494	76.809
999.0	0.14403905918115234	41.942
999.5	1.995470027220786	110.999
1000.0	4.404940981730181	81.022
