0.5	0.139786294409783	15.553
1.0	1.8132647555948598	65.639
1.5	0.43967972806781175	33.926
2.0	0.4888761032406582	52.89
2.5	0.5904131426644692	110.754
3.0	0.5523727169466228	52.377
3.5	0.6034917786446079	110.829
4.0	0.17941472153746613	81.332
4.5	2.6723108630853503	88.999
5.0	1.559092861171026	203.104
5.5	1.2883113638567247	630.962
6.0	0.8771303504633087	32.904
6.5	1.2006330331432742	66.671
7.0	0.9698979708643398	50.514
7.5	0.4994914316312129	33.993
8.0	0.5458659780543356	19.895
8.5	1.5532607634372155	80.569
9.0	0.5471616368251535	27.482
9.5	2.3012475987124277	141.56
10.0	0.37292935003839683	111.068
10.5	0.502412005039878	105.11
11.0	1.7247866251664825	90.688
11.5	0.7913068944512325	83.979
12.0	0.5870122206099626	408.248
12.5	0.9307776838598408	33.095
13.0	1.1762878844263704	23.961
13.5	0.6841769683489894	34.148
14.0	1.010617596070769	45.151
14.5	0.683965226368897	121.221
15.0	1.307307661887095	111.286
15.5	0.659831758794216	252.087
16.0	0.883098042733746	252.025
16.5	0.9477629602013597	288.241
17.0	0.18038827765403787	812.956
17.5	0.12357259352608424	139691466183.28
18.0	0.12055526647814784	15.704
18.5	0.9477743784846339	116.081
19.0	0.15012437713053958	19.312
19.5	11.241831456977579	60.386
20.0	0.9960638851725832	94.561
20.5	1.8203696150825692	55.294
21.0	1.9820564860079872	110.896
21.5	2.3530650718505246	27.462
22.0	2.2355784449250895	130.701
22.5	2.4064831981220105	60.331
23.0	2.3199533821889147	80.857
23.5	2.0840152861666748	70.537
24.0	1.7787735241216165	113.39
24.5	1.6578190383611004	130.973
25.0	2.7036164110070846	90.636
25.5	2.133561884629415	130.751
26.0	2.127200844564397	83.227
26.5	2.6018765525632106	54.927
27.0	2.3557876987699147	100.945
27.5	1.5823023018468436	60.292
28.0	1.5637568708237717	50.276
28.5	2.5589686909127662	110.678
29.0	2.116918194503172	20.135
29.5	0.15345358563753297	16.07
30.0	2.499027306835348	50.494
30.5	1.675562753053996	50.24
31.0	1.9300481119706772	50.55
31.5	0.15152746244998933	119.202
32.0	2.392599605043988	104.991
32.5	0.7849854223897946	19.432
33.0	0.7596266653456557	51.788
33.5	0.8515767525294631	34.478
34.0	0.8218239564187972	120.892
34.5	0.9158500950291599	39.222
35.0	0.9737491434946322	40.261
35.5	1.1710584442921879	70.464
36.0	0.950339990700914	80.615
36.5	0.7839186013390049	100.726
37.0	0.8082928094019562	120.932
37.5	0.7630144361643969	83.184
38.0	0.8462538385584513	44.76
38.5	1.408813435606335	82.232
39.0	1.0114279152664523	34.301
39.5	1.1568169170190905	67.87
40.0	1.0545196644580188	70.526
40.5	0.6380412754406234	110.964
41.0	1.0386442435172294	57.219
41.5	1.2115546968683688	20.121
42.0	1.066642797750371	50.394
42.5	0.8610982949117629	43.996
43.0	1.3585667947538818	38.716
43.5	1.1976498485476497	70.664
44.0	0.7990894508561496	40.248
44.5	1.0830072150704888	60.442
45.0	0.8988988304506521	20.144
45.5	1.030662347835864	40.264
46.0	0.9905606584348922	70.643
46.5	0.8455779092038178	99.019
47.0	1.2333342888367413	90.633
47.5	1.048819846950823	40.29
48.0	0.8713515999914618	100.764
48.5	1.0066825730240534	90.641
49.0	0.9771752622764608	88.591
49.5	0.42855970333798943	38.407
50.0	1.242776384960162	67.708
50.5	0.6143390968582848	141.065
51.0	0.6883864625546676	30.235
51.5	0.7545180533326421	139.21
52.0	0.12176716780456423	19.911
52.5	0.14157289942347637	15.842
53.0	2.7851992007945	66.552
53.5	1.2803538265816379	67.523
54.0	2.5135483402754404	54.952
54.5	1.6041976228916124	30.219
55.0	2.1918008514279594	16.812
55.5	0.16874239967279736	19.55
56.0	1.5612677106546289	43.356
56.5	2.416859836959414	43.356
57.0	0.35244558473297644	24.36
57.5	0.12423132498458639	32.302
58.0	0.07326839370847933	26.266
58.5	2.433470934451	142.566
59.0	1.677871420257522	222.234
59.5	1.8389676402115984	174.183
60.0	1.4330379786240035	474.105
60.5	2.488319661156697	104.395
61.0	0.14820723607952657	18.005
61.5	3.0234865703144815	87.363
62.0	2.0252022274536094	50.363
62.5	2.383811994771082	40.38
63.0	1.5607595867825124	100.764
63.5	2.0494850313032242	80.774
64.0	2.2910169780363043	90.284
64.5	1.5930291263058247	81.165
65.0	1.0873587012534167	90.383
65.5	2.432323807067108	171.616
66.0	1.649190870474811	191.954
66.5	0.1490813715792777	14.208
67.0	8.637859429895153	50.562
67.5	1.359325652445521	17.702
68.0	1.3221659012821758	100.934
68.5	1.594933555858751	12.825
69.0	1.7157606562270726	40.241
69.5	2.7158850347335184	139.603
70.0	1.5487882995060367	100.749
70.5	0.12350733533174303	21.608
71.0	3.307446733898167	17.619
71.5	1.4279271453558346	110.868
72.0	2.00695732904829	20.453
72.5	1.1749803170168647	68.438
73.0	1.664614189716878	40.291
73.5	1.133007147330891	108.566
74.0	3.049664954973152	22.844
74.5	1.392718555990893	119.572
75.0	2.034716997452444	181.366
75.5	1.4949104477852098	79.145
76.0	1.6166269310494588	494.377
76.5	3.2138105978745632	20.482
77.0	1.4258774286140743	134.077
77.5	1.3983152228879234	90.795
78.0	1.2962740139116853	71.197
78.5	0.8517405926946747	13.79
79.0	1.1593942610731258	112.431
79.5	2.2432177784976925	80.73
80.0	2.2445734444678367	50.477
80.5	1.5521425708679804	60.725
81.0	2.0324943369925554	23.699
81.5	1.0386455823405556	13.577
82.0	1.1887449322408188	21.818
82.5	1.8525630249985419	14.494
83.0	1.5286013993713774	100.628
83.5	2.2102233505731865	90.711
84.0	1.6058101772381765	18.802
84.5	0.44258583557635617	57.719
85.0	1.433924437304851	70.698
85.5	1.143445120951173	34.427
86.0	1.7197584532367858	13.898
86.5	1.5380499371561454	112.647
87.0	1.785454246549113	13.658
87.5	1.8667873290992338	60.408
88.0	0.9639602211016054	13.576
88.5	2.2939849727158155	20.222
89.0	1.6496428071045117	110.892
89.5	0.9030854958092056	32.371
90.0	1.9744047727763676	16.017
90.5	2.0218534102515724	14.547
91.0	1.532900755588859	20.247
91.5	1.0911140863045838	21.397
92.0	1.8575417391740547	109.253
92.5	1.8947619519998224	20.413
93.0	1.147770824154331	65.479
93.5	1.405285742532102	20.259
94.0	1.549397343608695	14.056
94.5	1.7827708344376858	20.444
95.0	1.7678624380750572	100.948
95.5	1.0679610841126914	14.048
96.0	2.0883573529694455	60.401
96.5	1.187008169752602	27.376
97.0	1.1656290318753064	574.606
97.5	0.1288933809331	574.606
98.0	2338556.602120282	139700399059.568
98.5	0.159283686296381	16.847
99.0	7.480562631986355	15.447
99.5	1.511281596310561	22.929
100.0	1.5147312717976325	15.092
100.5	1.4213191443506328	100.96
101.0	0.780226609800528	100.863
101.5	1.7241131071286557	30.439
102.0	1.3895162348900607	12.629
102.5	1.1418479945544997	102.168
103.0	1.5154332811085518	13.547
103.5	1.5752111877146135	40.208
104.0	0.12880984713632512	11.21
104.5	5.517590251584994	50.519
105.0	2.0138669836150473	50.596
105.5	2.115757881079386	9.754
106.0	1.7118067040493914	50.254
106.5	1.5283583204714235	78.56
107.0	2.4573564215860846	34.938
107.5	1.4355382464996813	65.011
108.0	1.9216686796927047	11.101
108.5	1.8953241618115177	100.582
109.0	1.375046798537837	30.516
109.5	1.8637818527798058	30.308
110.0	2.2618228613883176	70.253
110.5	1.6741180608905406	90.635
111.0	1.8935056961194665	50.33
111.5	1.4533544851213844	20.2
112.0	1.4427195533013484	33.524
112.5	2.3999274001940787	60.404
113.0	1.8055773771572705	70.189
113.5	1.0854869325195065	70.498
114.0	2.528902554882509	40.213
114.5	1.7007287009712126	120.748
115.0	1.6604700153475234	70.557
115.5	1.4715175126572142	83.045
116.0	1.6176380873917966	80.361
116.5	2.458191890779717	20.171
117.0	2.3224058344914247	13.878
117.5	1.5172995621780065	35.032
118.0	1.809262007847732	40.972
118.5	1.630363370403901	20.144
119.0	2.123006420725373	32.81
119.5	1.8316401648612335	11.137
120.0	1.3706516906713746	20.122
120.5	2.0143448630833793	50.432
121.0	1.8065542395693313	80.584
121.5	1.7403715826815997	70.563
122.0	1.6796851749010808	60.308
122.5	2.1895875588886438	90.457
123.0	1.6376475361868255	70.474
123.5	1.2252961436271943	70.366
124.0	1.5915489236400335	110.516
124.5	1.5961681445925275	90.643
125.0	1.4443774505928433	130.946
125.5	1.5568184873802287	10.592
126.0	2.247655336786694	39.759
126.5	1.856590783217988	40.247
127.0	2.039288243421449	80.656
127.5	1.9375249609984575	80.747
128.0	2.1002548723211705	30.425
128.5	1.8311115166569496	90.424
129.0	2.1118613360433134	111.812
129.5	1.855221628547785	100.754
130.0	1.644390437683328	90.618
130.5	2.0047254291204095	8.959
131.0	1.2855015148339273	110.734
131.5	1.6685996332963842	128.613
132.0	1.983077943410641	12.797
132.5	1.9389939775144929	10.641
133.0	1.0422364982058443	30.841
133.5	2.0034278237677294	19.978
134.0	1.875003953912852	70.572
134.5	2.2728986838567553	10.467
135.0	1.993045198781758	12.076
135.5	1.887630372947705	60.383
136.0	1.3328994155105223	130.788
136.5	2.0833232142790297	70.45
137.0	1.4503874958939025	110.795
137.5	2.1292902391950177	12.837
138.0	1.565450023119315	110.761
138.5	2.2599923731073854	70.41
139.0	2.1610486669912974	71.191
139.5	1.6334982440317012	90.647
140.0	2.248331348549426	60.436
140.5	1.7426492057951406	100.927
141.0	1.6085651033910158	80.541
141.5	1.7598802982050166	82.028
142.0	1.7439155122970031	51.317
142.5	2.4159064625754207	70.163
143.0	1.5445969080292452	81.154
143.5	2.0407137988157666	20.159
144.0	1.67717097481978	30.298
144.5	2.0768415536526525	90.691
145.0	1.424044504376808	10.118
145.5	1.7692586328112476	87.212
146.0	1.4920797893955189	50.362
146.5	1.836030116833913	17.27
147.0	2.4867157687208112	21.057
147.5	2.489398966635489	30.198
148.0	1.4007810494003787	70.864
148.5	1.3154287683333867	100.791
149.0	1.943556507908215	19.864
149.5	1.7274629404197228	60.534
150.0	1.6741322639463587	110.908
150.5	1.890330189406278	50.333
151.0	1.984875474222293	60.826
151.5	1.6806840606952018	50.269
152.0	2.2148382859916196	35.923
152.5	0.9793254513111096	30.445
153.0	2.13281496763228	20.111
153.5	1.1907505266985186	104.38
154.0	2.910886411471334	108.193
154.5	1.3883382761793939	10.114
155.0	2.100384676632239	60.605
155.5	1.756287244565829	17.365
156.0	1.523632140066552	17.32
156.5	0.7840945593843422	130.95
157.0	1.3961708398292019	42.574
157.5	1.904043396579188	50.319
158.0	1.8614778320612402	90.679
158.5	1.956301414539748	20.183
159.0	1.7095345737130452	31.761
159.5	1.7189057754654335	10.101
160.0	1.9152508218415878	60.393
160.5	1.894137133816206	31.247
161.0	2.4472845891427006	10.364
161.5	1.8237215665434534	90.651
162.0	1.5290765048230792	70.405
162.5	1.8431844168282556	50.26
163.0	1.5718031488511814	90.728
163.5	1.6774739026152472	70.32
164.0	2.0645370205078	82.96
164.5	1.689334125181681	110.901
165.0	1.7265868745574209	60.368
165.5	2.1110101156603363	81.99
166.0	1.575627314531232	82.999
166.5	1.6519395743736718	70.427
167.0	1.560298894808681	63.744
167.5	2.0688268123687052	12.253
168.0	1.5942453521338122	84.299
168.5	1.7260548164338325	130.96
169.0	2.070092898613637	9.983
169.5	1.9025909629288271	11.572
170.0	1.5754432032200116	61.193
170.5	1.7630715885364052	40.482
171.0	1.5845241841899989	131.091
171.5	1.8147164772587834	222.015
172.0	1.5561057614698024	49.167
172.5	1.7223380367952301	29.044
173.0	2.2958041059596415	50.172
173.5	1.7114743815803157	50.433
174.0	1.5569720174324895	20.287
174.5	1.7941072392414046	90.42
175.0	2.4223617653407756	90.505
175.5	2.043586981273565	9.905
176.0	1.480263684902284	70.62
176.5	1.86631066678193	10.15
177.0	1.625380639550421	111.268
177.5	2.3087332429503187	100.828
178.0	1.7858308068085407	40.253
178.5	2.0441446520563566	70.452
179.0	1.7752258785157868	20.119
179.5	2.0878317756571407	9.976
180.0	0.9329088274144041	40.385
180.5	1.8290441906538049	60.351
181.0	2.6800568632681405	76.08
181.5	2.371905408711649	72.211
182.0	1.3427528421696584	63.132
182.5	1.8491032515887926	70.572
183.0	2.0485037344714265	10.561
183.5	2.5949345178407324	70.515
184.0	1.4407902637455627	80.432
184.5	2.212717151693678	60.399
185.0	1.9331098318687179	110.713
185.5	2.18476222378098	100.593
186.0	1.0549507959053646	73.653
186.5	1.5067724680832735	60.536
187.0	1.7540656419557679	50.468
187.5	1.7594294961513481	122.944
188.0	1.397236037779025	9.665
188.5	2.033960156969587	81.924
189.0	1.4885153978716779	90.446
189.5	2.1134246803291292	50.374
190.0	1.5799158147447887	30.302
190.5	2.138730687143966	60.656
191.0	1.9360696155271462	71.617
191.5	1.9096162242107013	10.825
192.0	1.4899032588259353	20.002
192.5	1.8061078483345252	60.522
193.0	1.976655221726307	70.479
193.5	1.7610179003454849	135.325
194.0	1.7969307886184427	12.29
194.5	1.9283704003718096	20.095
195.0	1.5597519823659614	130.807
195.5	2.207896963998581	21.948
196.0	1.814002807821865	11.673
196.5	1.6448483722864529	50.428
197.0	1.972723336957879	70.436
197.5	2.1412241637225056	82.863
198.0	1.4106395807700247	73.975
198.5	2.2256018802166273	80.556
199.0	2.3900614690059347	20.111
199.5	1.6727252390655896	33.475
200.0	1.7611457020837376	9.802
200.5	1.9904075832075356	70.411
201.0	1.6365287259360293	70.541
201.5	2.092795214479388	90.522
202.0	2.1402532302096704	81.909
202.5	1.3042694519177995	90.273
203.0	2.539939988273389	90.578
203.5	1.9898959349495668	70.553
204.0	1.358125852742939	20.141
204.5	2.005626681836695	92.35
205.0	1.6866820026422433	60.485
205.5	1.5976498104571706	60.735
206.0	1.5967457160752279	120.826
206.5	2.084988466868461	50.279
207.0	3.0168835254537183	102.338
207.5	1.2194646505818372	20.067
208.0	2.139405312737227	60.476
208.5	2.135005031721932	117.816
209.0	1.9461525611583996	67.848
209.5	1.246780892553381	70.287
210.0	1.8699870531466773	70.527
210.5	2.1924364109816046	50.28
211.0	2.405899842944118	80.586
211.5	1.440001746434983	32.136
212.0	1.7641677187413551	29.864
212.5	2.2217486092104335	20.21
213.0	1.785335120953066	31.673
213.5	2.2214410897329326	20.253
214.0	1.6420349242553436	60.403
214.5	2.011784616256113	50.39
215.0	2.1103169463936178	20.209
215.5	1.270881398463184	80.779
216.0	1.9726834573334089	40.147
216.5	2.1155115353204357	20.17
217.0	1.4992735911196764	70.495
217.5	2.034846759791881	100.55
218.0	2.0986434840873884	60.232
218.5	1.5475144751972634	60.281
219.0	2.189163032392164	61.779
219.5	1.6147008121384558	29.898
220.0	1.4279813139414015	90.491
220.5	2.3987109832902536	70.357
221.0	1.7458560238920542	81.652
221.5	1.8241985021500466	60.395
222.0	1.9794366356816118	70.718
222.5	1.6358527267368854	131.306
223.0	1.8287323904350739	24.06
223.5	2.3200538121271257	70.383
224.0	2.0856763131098983	85.251
224.5	1.5488721706838082	117.179
225.0	1.9410660814726262	102.569
225.5	1.8426382057179111	11.015
226.0	2.306397110743869	50.303
226.5	2.441075105948289	70.421
227.0	1.6844937510757045	10.178
227.5	2.0384713170542703	70.492
228.0	2.0207888402330854	70.321
228.5	2.121340114463034	81.331
229.0	1.5389277886334667	60.345
229.5	1.4774881187912323	20.154
230.0	2.3282292601266517	51.859
230.5	1.9845992493365108	50.293
231.0	1.5985035296304158	60.187
231.5	1.4619777859215028	100.792
232.0	1.8515402527196605	81.94
232.5	1.830624192833971	80.492
233.0	1.4698482273505924	80.66
233.5	1.9984695053036958	50.288
234.0	2.05494052717169	80.497
234.5	2.4263162524537365	10.194
235.0	1.5544594159458578	110.711
235.5	2.236855648970227	12.507
236.0	1.8126528429861701	9.473
236.5	1.9555215504222898	73.669
237.0	1.6814426459419305	20.249
237.5	2.025803411362023	56.231
238.0	2.164049553517822	70.319
238.5	2.2867471584495496	31.074
239.0	1.6038409570693288	33.947
239.5	1.713001457504043	50.455
240.0	2.089534116861502	80.571
240.5	2.011906228852472	70.466
241.0	2.555315077476785	14.461
241.5	2.178442198936809	41.418
242.0	1.8140306679471467	60.297
242.5	2.034556673776091	50.269
243.0	1.3091777544873981	111.88
243.5	2.2444630101067577	110.791
244.0	2.1847156883853938	80.477
244.5	1.6417045810283406	129.397
245.0	1.3349759481898293	55.297
245.5	1.6026129272292264	20.098
246.0	2.3289398295491526	30.223
246.5	1.3070146892126542	90.682
247.0	1.5816338233821265	70.397
247.5	2.2225903572346195	94.407
248.0	1.572529437547346	90.586
248.5	1.7103645000712429	70.526
249.0	1.3866712303255284	120.975
249.5	1.8568118718105713	10.652
250.0	1.908363919879808	102.924
250.5	1.6047171579311605	60.491
251.0	2.2651200699534035	70.472
251.5	1.537305974783897	10.241
252.0	1.850167988700724	40.079
252.5	1.5348557284987463	9.932
253.0	1.6742646948674864	60.299
253.5	1.2308098443588427	70.344
254.0	2.729977744482122	40.085
254.5	1.3194007429657	110.622
255.0	0.1637283822561779	10.311
255.5	7.313715246861625	50.32
256.0	1.3336628905963517	65.459
256.5	1.8078748835681224	12.201
257.0	1.7021688928145162	100.511
257.5	2.5322142144113893	81.453
258.0	1.7209135475429012	80.486
258.5	2.0956131803547864	10.431
259.0	2.3002488128621206	70.417
259.5	1.988450693103879	80.353
260.0	2.120078948220313	70.231
260.5	2.027947261749503	50.441
261.0	1.5954097130034215	92.961
261.5	1.8524528784812069	70.59
262.0	2.162014680197159	70.429
262.5	1.8546776651930732	61.843
263.0	2.348928186010351	90.485
263.5	1.3361738905000273	12.232
264.0	2.7120823325005943	91.044
264.5	1.7262639730170104	56.579
265.0	1.7089487740291096	70.466
265.5	1.08243099917652	100.947
266.0	1.8464194833213814	40.185
266.5	2.410054927849258	81.53
267.0	1.8038173262195716	110.85
267.5	1.6203585839047738	10.233
268.0	1.4724297568071691	75.635
268.5	1.7891435384740473	22.835
269.0	2.779642440806634	50.418
269.5	1.656759135699268	20.131
270.0	1.6472323130005497	20.096
270.5	1.822260896454467	38.873
271.0	2.5514718833021055	10.313
271.5	1.3590572418516016	42.231
272.0	1.727237212187377	70.517
272.5	1.8635179100290749	20.194
273.0	2.310587743682534	52.875
273.5	1.4192903942186723	80.594
274.0	1.6174974155192277	90.507
274.5	1.9039329824983726	20.228
275.0	1.8050928281589695	31.643
275.5	1.8100428956585435	40.218
276.0	1.4506775619182597	70.535
276.5	1.9675984596941773	20.169
277.0	2.169082185659281	71.743
277.5	1.7023042525686862	50.409
278.0	1.7098821268856725	22.756
278.5	2.643976874213865	80.339
279.0	1.9274559940852485	71.957
279.5	1.775374399386291	60.45
280.0	1.986011896971945	30.164
280.5	2.0085931551144536	10.403
281.0	1.8063574605385284	50.101
281.5	2.0991333793605595	30.759
282.0	1.4248842527797183	70.418
282.5	2.2715761855063428	20.241
283.0	1.2323050948703427	70.622
283.5	2.0437861541027473	70.412
284.0	2.050908607826117	30.685
284.5	1.7261343618036824	70.334
285.0	1.876136776214582	20.177
285.5	1.8851752262579384	60.491
286.0	1.9288600781352072	50.247
286.5	1.627882309928519	32.332
287.0	1.739625788847467	40.257
287.5	1.7535766836127644	33.478
288.0	2.0321258309157053	90.726
288.5	2.1524590448951635	15.977
289.0	1.7129173655830463	60.453
289.5	1.511631578133676	50.461
290.0	1.5384632179900366	80.425
290.5	2.323706022481449	49.995
291.0	1.251750532775194	70.566
291.5	1.668235235883883	70.413
292.0	2.252341697488554	90.484
292.5	2.6741982736583134	40.571
293.0	0.9327956215465182	50.442
293.5	1.4504023759117577	60.502
294.0	1.8730772023602629	141.037
294.5	1.8106549691376768	20.137
295.0	2.14602613292768	70.49
295.5	1.7398631498691373	62.41
296.0	1.628436414709053	90.752
296.5	1.4719823115976505	41.959
297.0	1.8829866114949276	80.546
297.5	1.6450199601177213	11.324
298.0	3.0724567270354055	12.77
298.5	1.4358706771107321	30.219
299.0	1.5102234945915936	80.29
299.5	1.9798018371452175	41.819
300.0	1.9319234983967295	116.167
300.5	1.6701336601899348	33.715
301.0	1.7018094478377295	50.328
301.5	1.8268363595026964	20.147
302.0	1.8510483005990503	11.125
302.5	1.8848926508074415	60.459
303.0	1.9191428492182765	21.263
303.5	2.0870651411500654	70.422
304.0	1.6502137353632427	20.462
304.5	1.810745882387482	20.063
305.0	2.217199894522234	41.371
305.5	1.6104334003303413	9.797
306.0	2.1724368161644523	50.298
306.5	1.0424183599825898	70.447
307.0	1.9609590259061092	70.401
307.5	2.192426257051169	40.182
308.0	1.7299160401782059	100.512
308.5	1.7059265849173644	70.638
309.0	1.8020874023029412	97.415
309.5	2.0767905022097075	80.519
310.0	2.3954966030637723	10.798
310.5	1.978885640656633	84.787
311.0	1.528550795840008	50.384
311.5	1.7446569329206445	29.732
312.0	1.6286851988907645	40.343
312.5	2.0185766980924362	20.15
313.0	1.9778612389756733	70.42
313.5	2.4465254165567365	30.228
314.0	1.9180041222505735	130.533
314.5	1.2540776175472972	50.277
315.0	1.4929097273326903	100.813
315.5	1.5642199283061722	90.564
316.0	2.1215582452959456	70.493
316.5	1.3489726480479158	81.651
317.0	1.627005890234195	70.474
317.5	1.967969515339409	50.359
318.0	1.9161404087348983	130.885
318.5	1.3708722115187697	80.479
319.0	2.0285787148302834	85.499
319.5	1.985835195758537	13.192
320.0	1.5738941945332152	20.141
320.5	1.7489455109295187	12.541
321.0	1.6740833745750265	80.626
321.5	1.9055855701546316	50.391
322.0	2.1809911007243863	60.374
322.5	2.209650363202744	91.774
323.0	1.7145386824573132	90.494
323.5	1.993192146395156	40.182
324.0	1.8457954964621968	105.649
324.5	1.5742595756874729	20.16
325.0	1.8411941052859613	70.533
325.5	1.8185933404468597	100.713
326.0	1.9300891814679513	70.439
326.5	2.2722741504232205	50.382
327.0	1.907207838696465	79.972
327.5	1.7918485499296768	81.144
328.0	1.5508584678098774	80.44
328.5	1.5184074562315926	40.189
329.0	1.4974867750936751	10.568
329.5	2.2059564341591673	32.476
330.0	1.7508816742692392	11.932
330.5	1.6883975319940427	83.731
331.0	2.226424859316379	30.693
331.5	1.7998454899678462	20.511
332.0	1.6892030894352812	21.598
332.5	1.9569988708369974	108.568
333.0	1.6673733926934562	60.335
333.5	1.919407555639352	50.397
334.0	1.3343852720159872	10.989
334.5	2.1837348366452045	20.064
335.0	1.720004197970684	31.542
335.5	1.6941519041229123	80.503
336.0	2.4865300705215456	50.448
336.5	1.7033775726946465	70.51
337.0	1.7249216206269258	60.428
337.5	1.5792882190323294	110.918
338.0	1.8540548877916994	90.47
338.5	2.3496143270646783	70.602
339.0	1.5625110038734502	100.68
339.5	2.2024653378830146	100.699
340.0	1.536022053571388	60.167
340.5	1.6608534170267029	80.379
341.0	2.1754027246658834	70.469
341.5	1.5601113298450417	80.514
342.0	2.28610177482545	50.217
342.5	1.9311575537600665	111.109
343.0	1.9591004095957079	40.14
343.5	1.8010851520957574	111.266
344.0	2.0271833110387365	70.386
344.5	1.9046651933522805	70.296
345.0	2.017695192720112	120.812
345.5	1.4970697335472873	70.53
346.0	1.6434939764176362	80.452
346.5	2.4698918729405923	50.255
347.0	1.779653726636416	100.857
347.5	1.3986864160201045	32.608
348.0	1.6440183397467376	9.757
348.5	2.19887576152689	22.353
349.0	1.7895073803325678	11.329
349.5	1.9216710667438857	92.538
350.0	1.750606270818825	40.344
350.5	1.9799493447594632	60.458
351.0	2.36133662782509	105.425
351.5	1.2835894363978568	111.508
352.0	2.1547221592598897	20.017
352.5	1.6788993151865943	80.476
353.0	2.3235983678639642	70.141
353.5	1.6326719614501108	20.177
354.0	1.9942147972918052	60.531
354.5	1.8227397312033664	80.481
355.0	2.137439331741465	20.228
355.5	1.530784862661759	86.76
356.0	2.018676961598988	70.473
356.5	2.3571240979108916	80.515
357.0	2.2426578325979225	74.864
357.5	1.5769063537614836	130.879
358.0	2.2541279453910947	70.428
358.5	1.9097632082685425	80.508
359.0	1.9781929782619634	83.132
359.5	1.7560397051067764	20.302
360.0	1.9225482789026476	45.454
360.5	1.827414371698101	102.45
361.0	1.6007887203926991	11.609
361.5	1.2088849336348468	62.218
362.0	1.5746946835873443	20.148
362.5	1.8032742107228603	9.079
363.0	1.4362227847859574	50.417
363.5	1.9997193883940707	23.99
364.0	1.63833005821015	20.041
364.5	1.7694729264884714	16.116
365.0	1.2637787202804394	110.94
365.5	2.494492809069162	70.456
366.0	2.1399790686816496	40.035
366.5	1.4286163488886716	100.796
367.0	1.6896550014365437	70.583
367.5	1.2901822282245925	90.761
368.0	2.02647239368046	20.177
368.5	1.5195103771835416	110.742
369.0	1.165666264700246	31.188
369.5	1.4084006787123355	90.551
370.0	1.7555400511847654	90.795
370.5	1.620195345110284	110.758
371.0	0.9604530894920537	14.055
371.5	1.6059551445238902	50.419
372.0	2.144452537588881	11.474
372.5	1.5768538639201826	28.086
373.0	1.5252359061909344	30.372
373.5	1.9466191282804655	60.366
374.0	2.1312731081404754	91.751
374.5	1.8831509820250136	141.144
375.0	2.401506330944945	20.222
375.5	2.6001765205341356	30.269
376.0	1.882669675400597	80.35
376.5	1.955618963789236	40.985
377.0	1.8221994118754703	80.656
377.5	1.861315212185244	10.179
378.0	1.6139340912218485	110.596
378.5	1.8768314131887385	83.849
379.0	1.9792860338960578	60.367
379.5	1.8413346384226603	80.665
380.0	1.5520214076007848	110.9
380.5	1.6308112384167346	33.712
381.0	1.7643805646085937	110.473
381.5	1.9563066311925201	50.4
382.0	1.6964189554799518	21.723
382.5	1.300606915701784	90.696
383.0	2.059146066741463	70.598
383.5	1.9447156159360903	50.28
384.0	1.449682420760111	100.716
384.5	1.8749479836674774	80.611
385.0	1.518138503472824	70.608
385.5	1.6940106984082421	81.378
386.0	1.804835742762198	130.536
386.5	1.8217694184491366	50.495
387.0	1.0234622750045963	128.553
387.5	2.320860363191322	60.291
388.0	1.605216672888638	80.469
388.5	1.3821656799910056	61.28
389.0	1.696487065814929	31.778
389.5	1.827515495595888	80.51
390.0	1.9971207943852218	70.557
390.5	1.6191345187761046	100.706
391.0	1.6820122089540686	25.865
391.5	1.639650327604495	14.309
392.0	1.3784785200267429	47.969
392.5	1.2725958777793023	92.844
393.0	2.054468188177566	20.18
393.5	1.437436981983865	90.44
394.0	2.0394050195457227	90.544
394.5	1.542183533913189	70.323
395.0	1.6558065770847674	30.265
395.5	2.3560242430685703	20.326
396.0	2.1435644777500844	20.163
396.5	1.7145859059495072	32.02
397.0	2.133841324315635	40.307
397.5	2.0718330711110498	50.237
398.0	1.36712942472877	120.765
398.5	1.8859327482365276	41.239
399.0	1.8590075437322937	50.291
399.5	2.0077092910229264	22.358
400.0	1.5236996867490658	41.689
400.5	1.4842700385809717	21.265
401.0	1.8313956692722537	110.646
401.5	2.3360882762924002	20.179
402.0	1.298946646337384	80.271
402.5	1.7255432274261022	60.429
403.0	1.6582152471642273	90.515
403.5	1.8049154125399969	81.707
404.0	1.42561905280196	120.759
404.5	2.056199965668915	80.447
405.0	1.8545223680259382	70.452
405.5	1.5302924836527516	110.754
406.0	1.741367552320651	50.359
406.5	1.6192529937619462	31.108
407.0	1.7115357605974153	20.12
407.5	1.9637551548449674	38.885
408.0	1.9385508260873456	48.697
408.5	1.7828874746614543	30.11
409.0	1.6342078696258684	32.047
409.5	1.2226228632459961	60.463
410.0	2.217417880377417	70.453
410.5	2.0235032205500256	19.899
411.0	1.988030712661706	50.549
411.5	1.8656516157493648	70.36
412.0	1.7915971168008813	100.758
412.5	1.5046922511056948	70.532
413.0	1.868107662148816	80.464
413.5	1.6521472706427633	70.41
414.0	1.1143580234162045	80.445
414.5	1.7599155541170433	11.28
415.0	1.246031556138042	70.59
415.5	1.5023542024577639	91.972
416.0	1.6756586048863455	80.659
416.5	2.21297171228727	22.818
417.0	1.659532157082191	70.45
417.5	2.147501504235403	60.621
418.0	1.3203427825212577	89.972
418.5	1.4770387642019167	29.828
419.0	1.434771738184898	28.638
419.5	0.9589500910212192	82.813
420.0	2.037317046849974	50.284
420.5	1.456036379280038	120.71
421.0	1.5122737216475493	60.197
421.5	1.9322564799065787	20.239
422.0	1.649558576695686	100.633
422.5	2.3164914992365553	20.15
423.0	2.136728531878309	60.398
423.5	2.1796989805428844	91.485
424.0	1.6980678610736577	110.792
424.5	2.6069867785686083	20.184
425.0	1.3073505492637119	111.625
425.5	1.3092110377766035	20.175
426.0	2.22063338386297	72.075
426.5	2.1885649886546092	49.914
427.0	1.112841135234939	60.501
427.5	1.8223362472205313	70.528
428.0	2.040570794466229	70.537
428.5	2.168789168820453	30.457
429.0	1.4156852675280187	90.601
429.5	2.157969902690786	84.778
430.0	1.7598176930639433	100.711
430.5	1.905628503574685	10.063
431.0	1.6528165094944667	52.088
431.5	1.8002368240385611	13.485
432.0	2.656370547187055	70.267
432.5	2.129532188955873	71.902
433.0	1.3877718274281026	50.705
433.5	2.301858872244716	20.002
434.0	2.1068628178657236	73.933
434.5	2.06685048061719	70.517
435.0	1.9625938672987142	81.675
435.5	1.7443656060711892	120.926
436.0	2.226799064687503	80.415
436.5	1.6289351163586228	121.151
437.0	1.739336675550094	70.444
437.5	1.8553362888894893	12.356
438.0	2.0989817635588284	40.339
438.5	2.354788908093664	50.345
439.0	1.240413634392995	80.594
439.5	2.0478278310852014	70.386
440.0	2.2569525017556145	20.076
440.5	1.6494460557499344	50.748
441.0	1.4847927674828967	70.514
441.5	1.7765743956654279	79.858
442.0	2.4563947892470366	60.383
442.5	1.8152580534899885	111.667
443.0	1.8782880136501758	40.344
443.5	2.363872897802001	70.379
444.0	2.2028228266933696	81.111
444.5	2.057815560638809	62.328
445.0	1.5259443796388505	50.315
445.5	1.7755214588769819	10.638
446.0	1.8314358766543026	93.131
446.5	1.2900122217865366	60.289
447.0	1.556745898927968	130.901
447.5	1.8323344842009501	20.141
448.0	2.2070724346043105	40.218
448.5	1.7536395479829654	96.742
449.0	1.6018890569205484	20.112
449.5	2.137300512878167	79.792
450.0	1.5227672087357953	37.097
450.5	1.6066119332423252	24.518
451.0	2.7818419313396534	80.663
451.5	1.4227031130424728	50.453
452.0	2.471058682021573	81.233
452.5	1.409833817695645	11.823
453.0	1.8413488924735741	10.079
453.5	1.8114558021595604	72.148
454.0	1.9263270263816097	100.761
454.5	2.1697585389179386	20.086
455.0	1.9829580530841904	20.154
455.5	1.2355078759405596	20.032
456.0	1.217670449030995	119.598
456.5	1.8822228796246538	80.519
457.0	2.1493147820612366	90.581
457.5	1.8440289903745466	90.479
458.0	2.4767380614660626	69.968
458.5	1.4255693291845035	100.692
459.0	1.9230834067741744	70.405
459.5	1.6275015358704554	130.803
460.0	2.4393509315530597	70.493
460.5	1.979390536472129	90.395
461.0	2.1385522759629483	120.731
461.5	2.01522165969211	9.893
462.0	2.403287910598849	40.514
462.5	1.2394264942811188	117.435
463.0	1.5840959998973498	70.534
463.5	1.658575453143051	44.5
464.0	1.7608701350071205	90.766
464.5	1.6962530177601773	31.405
465.0	1.4499243684525422	31.532
465.5	2.3528269589785813	21.433
466.0	1.9731234705170129	80.573
466.5	1.6719647370082036	40.294
467.0	2.138711196224327	49.896
467.5	1.4984405213907273	50.327
468.0	0.12121205555354755	9.516
468.5	3.754062258468041	109.548
469.0	1.0876152576445979	50.58
469.5	0.13687781594698942	22.16
470.0	0.525392654785695	20.717
470.5	1.6896604692056105	141.003
471.0	0.8783083730605911	80.672
471.5	0.8464278064281888	50.359
472.0	0.7229676048732123	60.453
472.5	0.12936664363309547	22.461
473.0	0.17024891639320971	36.857
473.5	4.838578989067347	29.992
474.0	2.3859788285674544	40.137
474.5	1.8894638140728008	44.183
475.0	1.9308316391782532	40.289
475.5	1.7045202251039868	60.381
476.0	1.2616597066455586	70.332
476.5	2.654361670330025	59.866
477.0	2.5214073157817922	60.598
477.5	1.8017306655010112	74.075
478.0	2.4355355012974935	83.498
478.5	1.6969687488295222	70.518
479.0	1.2685350808053986	102.43
479.5	1.9174223115636428	60.526
480.0	1.977976755547249	110.748
480.5	2.1417530812284813	140.955
481.0	1.6211694522855393	90.484
481.5	2.3057917004446202	91.271
482.0	2.1092993646934426	120.757
482.5	2.393043345336226	31.342
483.0	2.151428894857937	80.294
483.5	1.8538532694086378	100.618
484.0	1.8769038214862948	52.633
484.5	2.410691975155374	72.15
485.0	1.4479315863040294	60.529
485.5	1.5515350921546187	80.404
486.0	2.3378417966592977	60.468
486.5	0.33512197699133395	156.119
487.0	0.1670593103222261	156.119
487.5	0.08716389785148927	26.954
488.0	0.6941204666746428	19.968
488.5	1.1308056177936463	61.941
489.0	0.843172573835954	70.415
489.5	0.8083081441867609	60.578
490.0	0.5166613526887691	111.045
490.5	0.8077083158438684	140.795
491.0	0.6415720827854754	100.88
491.5	0.8435071554825593	90.619
492.0	1.2029004166300858	60.389
492.5	0.6152550496170476	130.897
493.0	0.7599630717451862	60.421
493.5	0.8419910347231501	60.402
494.0	0.5852221966019887	120.724
494.5	0.14663891882656016	23.915
495.0	0.16257645938962845	35.034
495.5	4.084341438685789	40.247
496.0	1.6344630202407253	49.548
496.5	1.9369946910226976	104.396
497.0	1.956785357791386	38.607
497.5	2.4750968731555347	26.472
498.0	1.4014313143467056	40.448
498.5	1.400200514383297	29.923
499.0	2.4455333095964975	89.422
499.5	0.17002123851370407	34.029
500.0	14.532009150655899	34.491
500.5	1.9053351525958873	50.793
501.0	2.5223648069844677	132.786
501.5	2.496780980777922	45.608
502.0	2.3192478370967624	69.293
502.5	2.0039134265334773	40.297
503.0	2.0559136131218136	82.116
503.5	1.8127767914916617	40.306
504.0	1.9951911831313995	35.197
504.5	2.283124572485903	141.122
505.0	1.0366621310400301	29.117
505.5	1.9790454719494996	40.118
506.0	1.6053893104448458	100.632
506.5	2.356869846923373	50.273
507.0	1.406933274301902	141.126
507.5	2.0960476983039587	80.568
508.0	1.5692388887197624	50.362
508.5	1.8231906785356855	39.903
509.0	1.60331890317947	50.281
509.5	2.0526136825117662	100.686
510.0	2.2267258644716836	103.588
510.5	0.1456231669304621	15.767
511.0	7.057720997112181	60.484
511.5	3.115657679753237	19.509
512.0	2.0105523301877866	100.705
512.5	2.6021349687650397	50.246
513.0	2.2407506877928376	20.147
513.5	1.8815533963521887	90.608
514.0	2.392332751688273	70.524
514.5	2.2912736969497334	38.492
515.0	2.994124067589804	16.458
515.5	2.1623362428965636	20.266
516.0	2.567606519690758	70.614
516.5	2.3922470843026593	48.69
517.0	3.09460958560064	67.203
517.5	2.5538351791779728	90.663
518.0	2.396065776901105	36.853
518.5	1.8999758252624535	110.718
519.0	2.113456610979687	90.683
519.5	2.6289973348790245	80.718
520.0	2.8459607488957985	40.105
520.5	2.880661844005078	16.638
521.0	2.7184735592378755	80.682
521.5	2.212592509373151	50.286
522.0	1.9502427211349262	16.325
522.5	2.5426367849905107	20.124
523.0	1.8771456068059866	16.255
523.5	0.1313785498279106	14.123
524.0	18.779652643338867	70.317
524.5	2.3415850184574767	120.824
525.0	2.1032672099464356	90.774
525.5	2.553002728667861	111.004
526.0	1.8166166945191515	50.411
526.5	2.0741284214840743	18.717
527.0	2.6301172081149655	77.246
527.5	2.484898783128484	70.514
528.0	2.0659502862274173	110.783
528.5	2.1474085176893007	49.905
529.0	1.4655849307216238	80.913
529.5	2.6850547483480036	80.485
530.0	2.0493608398629832	18.966
530.5	2.885064971413912	39.581
531.0	2.0821729806802205	60.348
531.5	2.2696850231662964	26.739
532.0	2.435626910935528	21.166
532.5	2.22181783273324	110.767
533.0	2.209377158964266	50.26
533.5	2.566963469217252	141.111
534.0	2.9739095195624974	101.058
534.5	2.403965687080648	80.437
535.0	1.9157060084114854	202.274
535.5	1.9615327601172738	104.797
536.0	2.0622670755265595	50.627
536.5	2.216543332002074	20.218
537.0	2.4384268410294694	50.317
537.5	1.943724292292554	20.271
538.0	2.5917548082971087	149.238
538.5	1.6823938121216753	40.114
539.0	1.549581663424407	38.666
539.5	1.8887973474853095	50.281
540.0	0.1592235383750988	36.044
540.5	1.2042040550398938	21.8
541.0	0.7566214145943149	73.124
541.5	0.1506202236174767	23.47
542.0	1.2778672673228326	44.88
542.5	2.4741291370874072	70.46
543.0	2.569784107153082	50.21
543.5	2.2297739075236884	60.436
544.0	1.4616282025545289	150.988
544.5	1.9784197431874386	90.625
545.0	2.5902647782239008	99.649
545.5	1.7044996973351152	130.893
546.0	1.772203565676943	30.257
546.5	1.3967504027141189	71.607
547.0	1.577217306178469	46.774
547.5	2.176598562736587	94.448
548.0	1.9819446441327506	40.36
548.5	0.27756234646039846	166.148
549.0	0.7644393911454219	119.658
549.5	1.300083023439503	30.284
550.0	0.17752907603335877	36.81
550.5	5.00556286120515	100.576
551.0	1.0343274123456816	67.917
551.5	0.6554397899174529	155.752
552.0	0.766562162196093	70.553
552.5	0.9742499362944139	115.175
553.0	0.7578334112156516	110.681
553.5	1.0828557752171386	80.454
554.0	0.7232692458988418	131.19
554.5	0.6174923738719563	75.93
555.0	0.6190342138747912	90.572
555.5	0.15826163931024953	25.11
556.0	2.9187287144263796	89.548
556.5	0.1274699378188919	18.698
557.0	8.004707972231008	110.306
557.5	0.9431511169307291	51.692
558.0	1.5915943943110133	24.894
558.5	1.4949370649767924	25.341
559.0	2.6903262844011353	44.996
559.5	0.966565065148997	72.316
560.0	1.978523326822981	121.094
560.5	1.0482840993318334	50.396
561.0	2.1408291494239045	60.442
561.5	1.4960816008899214	110.739
562.0	2.223976838171317	28.945
562.5	1.4448822645101784	31.59
563.0	1.8392067698844243	88.864
563.5	1.5628064031199533	84.368
564.0	2.428714935402227	30.02
564.5	1.6486189225392842	40.354
565.0	2.852167530715927	70.467
565.5	2.1719608711573963	90.596
566.0	1.9044989831085029	100.69
566.5	1.4054145113829553	21.387
567.0	1.71179666402302	80.777
567.5	1.354718559877521	30.771
568.0	2.74873267862786	40.657
568.5	1.4715949588493342	90.527
569.0	2.4277426983306336	70.572
569.5	2.17115395875767	64.477
570.0	1.3200095807052228	100.75
570.5	1.9960243890648834	130.911
571.0	1.9849464957139604	110.806
571.5	1.9355954717706294	130.988
572.0	0.1308610027078568	15.095
572.5	2.916139433784413	19.914
573.0	0.12296245400188217	136.619
573.5	8.316683015738668	171.165
574.0	1.4355838964161298	139.044
574.5	1.7906035301989076	13.542
575.0	0.15917160541966188	10.382
575.5	6.929909209527466	63.769
576.0	1.6006273190938503	61.873
576.5	1.3763341255066155	12.515
577.0	0.9918583968755682	12.705
577.5	1.112749603016377	113.251
578.0	0.9648589699497311	12.918
578.5	0.8437843786143047	50.321
579.0	1.1351645733092066	12.98
579.5	0.7038726716470791	128.28
580.0	1.3686851553848558	110.711
580.5	0.9127715226235079	29.438
581.0	1.2801125437810061	50.369
581.5	0.17572981676719462	28.88
582.0	6.2572008600113485	50.42
582.5	0.22718749967410862	13.436
583.0	1.1003280325482245	110.636
583.5	0.8697083588055016	121.25
584.0	0.48826864035757933	142.289
584.5	0.1427873166773612	14.422
585.0	10.084841267581687	50.511
585.5	1.955391263532868	66.006
586.0	1.7363800284126942	50.606
586.5	1.9070694139815931	74.373
587.0	1.6574157164487122	80.562
587.5	2.3326757982580024	30.16
588.0	1.9883570799170156	33.02
588.5	1.7338907602775846	74.927
589.0	2.391732867196212	60.192
589.5	1.8796170156774106	152.327
590.0	0.6148858079737359	435.443
590.5	0.6256372704240237	1262.507
591.0	0.1662235361866442	42.626
591.5	2.879213953509068	197.063
592.0	4.107046346082219	89.921
592.5	1.187489136199987	50.352
593.0	1.9929156401860035	50.47
593.5	1.5449396337158048	67.179
594.0	1.6929734104529592	23.068
594.5	2.5243643062700896	40.119
595.0	1.9220303377075314	130.996
595.5	2.552433098131584	80.375
596.0	1.5071241611071067	104.274
596.5	1.8779488055125275	50.815
597.0	2.03089824129611	55.559
597.5	1.3709867885960052	73.947
598.0	1.4620760801850452	103.003
598.5	2.184498548669204	30.199
599.0	1.6965813584460294	184.76
599.5	0.16498152798587706	9.809
600.0	2.3781827454590054	127.248
600.5	1.4418595150316607	81.275
601.0	0.12820887991926433	8.504
601.5	3.899456252288312	60.429
602.0	2.97800399878182	100.683
602.5	2.649564652922609	30.972
603.0	2.493051784660071	110.618
603.5	2.680584117843747	80.669
604.0	2.803841587970498	38.155
604.5	2.762919877344317	10.985
605.0	2.4177914380624053	70.688
605.5	1.8154125221981812	31.385
606.0	2.4582709378296626	10.659
606.5	2.2530604111638453	50.263
607.0	2.8199514129214904	80.133
607.5	1.8970288993356175	70.499
608.0	2.330174353984218	20.225
608.5	1.9996907179823709	30.441
609.0	2.6578074678629195	120.774
609.5	2.1211989803681965	20.191
610.0	2.1037679477975244	20.201
610.5	1.9935932187678207	101.751
611.0	2.9166072986990077	50.437
611.5	2.4715451263112254	40.086
612.0	1.9547399973946418	50.577
612.5	3.1185687699262328	40.953
613.0	2.4289797536143873	30.074
613.5	1.7528840327370159	31.066
614.0	2.1169955845680137	20.105
614.5	2.525798246029557	100.692
615.0	2.315493428323363	81.514
615.5	2.1705692817300095	31.321
616.0	2.1223152755535493	100.703
616.5	2.2376396461363375	10.564
617.0	2.62890034316023	50.496
617.5	2.1750963309843145	100.648
618.0	3.1780441879793853	105.892
618.5	3.309723995316754	11.544
619.0	1.3596938880802782	56.429
619.5	2.8694923880271084	10.827
620.0	2.850595141154616	11.747
620.5	2.186023460347518	27.788
621.0	1.9048849708132125	90.629
621.5	2.6817305314031614	50.436
622.0	3.4761802342348034	30.769
622.5	2.2757494072165483	10.483
623.0	2.778182712600466	40.362
623.5	2.5201544866600667	10.673
624.0	2.455905834366934	21.137
624.5	2.245753160503	40.418
625.0	1.9500410351083834	60.446
625.5	2.2906911274924626	50.117
626.0	2.295833761317571	100.776
626.5	2.3590395844629564	10.366
627.0	2.2327972809246557	51.575
627.5	2.084856905019503	50.509
628.0	2.087322272857687	20.487
628.5	3.599379287698059	12.199
629.0	2.6306473009827633	14.848
629.5	2.0305140963277375	10.746
630.0	2.511478557023119	25.04
630.5	1.6277293454178785	30.037
631.0	2.9849362036914124	50.269
631.5	2.458834733814176	80.482
632.0	2.681138404774231	50.408
632.5	2.1272352643578	13.301
633.0	3.167511071181234	50.451
633.5	2.231676040302586	110.867
634.0	2.960266603806349	90.263
634.5	2.5318370599009	11.384
635.0	2.536685178844626	19.885
635.5	2.3867819366495153	33.281
636.0	2.890055513437773	80.773
636.5	2.3510153557998303	71.018
637.0	2.4905033328885926	31.357
637.5	2.5854148024747476	121.116
638.0	2.2105329916387895	10.07
638.5	2.711089495949166	50.358
639.0	2.8708528372848607	50.247
639.5	2.223652961510237	100.729
640.0	2.2368751320145703	50.26
640.5	2.4349029006771694	40.331
641.0	3.1283377700681245	70.602
641.5	2.436860298033335	21.389
642.0	2.3696028900013792	60.346
642.5	1.9280005321321505	40.179
643.0	2.006532211947243	60.433
643.5	2.304596944067162	50.353
644.0	2.263524726152373	20.137
644.5	2.71937091661962	20.283
645.0	2.4190702521203824	50.316
645.5	2.4281241846280217	40.25
646.0	2.0037404608633045	12.21
646.5	2.0064167546509664	80.629
647.0	2.0369484821838806	10.767
647.5	2.2803765185420772	12.176
648.0	2.3354023944382303	10.343
648.5	2.342970923245823	80.397
649.0	2.1243624615212964	90.553
649.5	2.568946044013058	20.018
650.0	2.352071399105029	81.829
650.5	2.5544895578106854	11.45
651.0	2.0254959857650228	40.384
651.5	2.1797228601962706	10.465
652.0	2.0447104062707986	30.258
652.5	2.7939672292201863	50.31
653.0	1.2692095334813953	80.902
653.5	2.749827044920763	14.396
654.0	2.229027886609952	34.679
654.5	3.228100126577844	50.471
655.0	3.331984456199876	26.163
655.5	2.0075455337888575	16.276
656.0	1.9219596128400966	11.379
656.5	1.9900483053132993	50.379
657.0	2.11703348326549	16.701
657.5	1.9738831531614416	20.155
658.0	2.3231776786042775	20.102
658.5	3.641217269711623	20.489
659.0	2.176312670391926	33.096
659.5	2.380737568324691	50.557
660.0	2.8466712260181537	20.224
660.5	2.2460994010633955	20.033
661.0	2.336285901008594	10.303
661.5	2.905746265969942	80.649
662.0	2.8895487290880935	40.388
662.5	2.4504986428915387	20.13
663.0	2.3054835541333234	50.401
663.5	3.0953910919973207	30.28
664.0	2.1767753446904563	100.921
664.5	2.4918047162883505	13.321
665.0	1.8398968465857533	20.026
665.5	2.5378009565747885	40.389
666.0	2.652188917202552	70.565
666.5	2.647411853851632	50.312
667.0	2.3940425856630867	50.328
667.5	2.7606277964091483	40.354
668.0	2.2120927205322127	12.981
668.5	2.51588635070151	71.534
669.0	2.0069570800375014	40.342
669.5	2.0335958687375606	30.258
670.0	2.1084317680402993	10.066
670.5	2.783624547441232	50.298
671.0	2.6907887591356174	20.026
671.5	1.676996156236168	70.519
672.0	3.0904554716215014	31.399
672.5	2.4158087749657944	100.89
673.0	2.635082279508318	20.164
673.5	1.921384283229368	70.55
674.0	3.081620346463447	9.569
674.5	2.8168172424283937	80.488
675.0	2.4108498970341987	20.196
675.5	2.524347361375724	50.328
676.0	3.072000928852592	10.639
676.5	2.7605504287564933	71.815
677.0	2.1720911967178873	20.126
677.5	2.295548558926452	80.508
678.0	3.0735687608564	90.624
678.5	3.165524134316683	40.382
679.0	2.2036157582477967	50.43
679.5	2.9288771407086673	20.214
680.0	2.2186739580983486	80.512
680.5	2.070895668145543	30.217
681.0	2.77425969355785	90.506
681.5	2.910985984362078	80.591
682.0	2.7468359427780342	61.372
682.5	2.5521267558998226	40.369
683.0	2.0997671446040367	30.069
683.5	2.2545568521381396	31.055
684.0	3.150021407245312	40.465
684.5	2.0698230736116674	80.585
685.0	2.381406153144184	80.592
685.5	2.4798617416785786	73.656
686.0	2.786206410302759	20.211
686.5	2.1807260836159186	30.272
687.0	1.8844696486160235	40.238
687.5	2.81510971387369	60.557
688.0	2.4291292958857142	70.444
688.5	2.2388270430831088	34.887
689.0	2.780752285695889	10.833
689.5	2.902444575634987	80.722
690.0	2.5299513714401294	15.57
690.5	2.569537972274445	20.136
691.0	2.854649688513637	71.691
691.5	2.1992858437049634	10.135
692.0	2.589875729303443	32.996
692.5	2.482806673609533	11.237
693.0	2.590205355781616	70.6
693.5	1.997318046402274	50.582
694.0	2.5310327219024877	90.58
694.5	1.8905896211788311	100.787
695.0	2.634322738002419	50.412
695.5	2.291064097150664	70.552
696.0	2.477850786618003	40.362
696.5	2.337281394197525	11.362
697.0	2.0946718281263954	60.251
697.5	2.634607800397253	60.247
698.0	2.419720604040369	50.236
698.5	3.1929351742618284	20.074
699.0	2.6139737083256156	100.719
699.5	2.7726759838915402	30.118
700.0	2.547966790234449	90.668
700.5	1.9674393562597103	50.449
701.0	2.06562235821818	70.531
701.5	2.8944993661226106	101.028
702.0	2.0421187836887342	10.459
702.5	2.464366463801256	82.013
703.0	2.678574046942705	66.441
703.5	2.000686657455758	31.106
704.0	2.662992091004017	81.773
704.5	2.5675715481333268	20.159
705.0	2.3035588714013473	21.023
705.5	3.0804524268897118	71.445
706.0	2.700616382764323	50.192
706.5	2.557870025710043	42.764
707.0	2.9838836598523852	32.708
707.5	2.623743253552189	80.595
708.0	2.5514031992949997	20.358
708.5	2.5756568244018165	10.998
709.0	3.085031180456778	19.898
709.5	2.380277458857447	50.353
710.0	2.237701553355061	50.318
710.5	2.7393748016366737	33.056
711.0	2.985652322046356	20.185
711.5	2.3456157397454893	52.903
712.0	2.7094582729805565	60.391
712.5	2.5872475169513076	110.686
713.0	2.9600155000642068	50.332
713.5	2.550461861047183	20.245
714.0	2.1817016018584163	78.606
714.5	2.584613889454357	60.514
715.0	3.0996967275422795	20.223
715.5	1.4723994855526932	80.541
716.0	1.3795873498478346	11.4
716.5	2.27697797082479	60.549
717.0	1.1337609032674933	20.12
717.5	1.224192892625764	70.505
718.0	0.7225776814674174	32.65
718.5	1.4154635365611998	40.349
719.0	1.8425079486581872	40.328
719.5	1.1125500603073823	50.349
720.0	0.6855290822207724	120.967
720.5	0.6397340511762865	90.807
721.0	2.029286465290438	40.833
721.5	2.9696479434053713	31.963
722.0	2.4410105871427805	20.188
722.5	2.2911198586143517	80.442
723.0	2.567974016843306	40.163
723.5	1.1842051053339913	44.673
724.0	0.2819564185614616	232.286
724.5	5.174490022870257	50.425
725.0	1.9870739583212385	20.169
725.5	2.9471960943963307	30.666
726.0	1.7726777534855709	70.48
726.5	3.185527788376925	20.208
727.0	1.562214800670514	50.247
727.5	2.7598502576519826	36.704
728.0	2.2222633396108966	120.758
728.5	2.729952186664861	10.558
729.0	1.802002057906522	110.519
729.5	2.8653746734693444	73.664
730.0	1.8910583304817508	100.847
730.5	2.1086662850126205	50.432
731.0	2.2508498689198975	30.239
731.5	1.6663160976285272	70.389
732.0	2.1963286811517686	90.703
732.5	3.1819504048618237	40.397
733.0	1.831580970373906	40.48
733.5	2.16479232134183	90.714
734.0	3.8217538817504177	29.358
734.5	1.207087900396276	94.17
735.0	2.495357584177593	20.168
735.5	2.6326144865044303	120.429
736.0	3.5047183615133926	60.267
736.5	1.4375582213200808	20.197
737.0	2.120298679307666	40.909
737.5	1.95166962005089	52.902
738.0	3.6837480230998483	70.157
738.5	1.8389169410046935	50.443
739.0	1.9808948866224731	40.344
739.5	2.510727603102223	81.391
740.0	2.7945436314525307	81.766
740.5	1.5845175236018778	20.007
741.0	2.059643186400242	80.4
741.5	2.384329246361243	120.994
742.0	3.4370497248806977	110.85
742.5	2.1099560783332083	111.668
743.0	2.1667326678182133	20.171
743.5	2.2281362193089382	90.468
744.0	2.711739036166212	31.18
744.5	2.1761039500071897	60.455
745.0	2.628426787067599	73.629
745.5	2.064370123540782	60.478
746.0	3.8401264021086896	71.712
746.5	1.5781749210312717	100.824
747.0	2.60975875533843	25.845
747.5	1.877700404488334	30.851
748.0	3.7731384584656986	20.147
748.5	1.7984839295183288	20.086
749.0	2.2315212105143942	84.111
749.5	2.440801461491515	11.183
750.0	1.6579813968040775	10.97
750.5	2.1572094039307355	90.714
751.0	2.5825709552760685	50.251
751.5	3.5892026819330294	70.67
752.0	1.7415250625234164	50.349
752.5	2.265797551856428	80.611
753.0	3.526481098267956	60.122
753.5	3.2379089909566043	70.752
754.0	1.9365306453511582	110.895
754.5	2.687449508829613	34.427
755.0	2.316065516470562	100.034
755.5	2.3720092740397116	110.859
756.0	2.315497462028731	100.656
756.5	2.385661656890702	40.355
757.0	1.7465315140547868	60.532
757.5	3.959085887344905	19.91
758.0	1.4994371727870852	80.614
758.5	2.469340096915335	70.474
759.0	2.1357621038781174	116.384
759.5	2.696664066077432	80.575
760.0	2.0703335584554194	100.769
760.5	2.5462612498017085	62.787
761.0	2.8579828826801297	132.006
761.5	0.9572943590471404	40.299
762.0	2.510274619680347	20.181
762.5	1.9424118899337004	11.232
763.0	3.858143322510335	12.81
763.5	0.3686349767672429	30.291
764.0	1.4425568002299716	33.286
764.5	3.2368634517329355	24.515
765.0	3.880076557395819	40.313
765.5	2.5639814274037525	80.446
766.0	1.698584276111909	121.945
766.5	1.8755374939131824	110.052
767.0	3.2947247107408293	92.7
767.5	1.9579166937119683	9.849
768.0	2.5092976940148013	100.686
768.5	1.5253724208002595	11.945
769.0	2.7071668415328163	90.688
769.5	2.0231124068936768	60.498
770.0	2.4693164733464394	60.381
770.5	2.144185348884955	120.721
771.0	2.166895096014531	50.317
771.5	1.7536994360894516	10.659
772.0	2.3939641201058297	10.687
772.5	2.6882600599744095	60.509
773.0	2.487894577276405	50.461
773.5	2.1359951207105192	60.441
774.0	2.027917313004647	71.901
774.5	1.8952844968026246	110.932
775.0	2.2985792699336796	60.477
775.5	3.1404500440781793	92.861
776.0	2.74460814487727	41.132
776.5	2.9337705433518417	80.566
777.0	2.6003842597765545	80.679
777.5	2.8872755394952447	31.371
778.0	2.5016581326842044	11.041
778.5	2.778441308372049	19.993
779.0	2.46453492861344	40.434
779.5	2.176926182494673	10.643
780.0	2.4687353203707603	15.066
780.5	2.047840654967183	31.796
781.0	2.669549977694457	20.241
781.5	2.504270154044932	30.227
782.0	3.088837709439131	50.643
782.5	1.4854444965995934	70.558
783.0	2.0582281832294016	20.122
783.5	3.180613901474543	20.272
784.0	3.208389891310229	10.7
784.5	1.8884375767550106	44.25
785.0	2.2443403775091837	31.546
785.5	1.6963144775747283	20.041
786.0	3.126898770126632	40.4
786.5	2.0332950863546406	26.82
787.0	2.3516846397367717	49.872
787.5	1.8891996931352228	11.298
788.0	3.7142115700995757	18.242
788.5	2.080311176820622	10.717
789.0	2.1150453093635386	13.949
789.5	2.911028743377609	40.378
790.0	2.0838647805309307	70.416
790.5	2.697953101285378	95.49
791.0	2.161714185545491	60.439
791.5	2.09265089129462	40.408
792.0	2.1979261129889522	20.208
792.5	1.84317294118695	70.457
793.0	2.570713570097898	36.572
793.5	1.7849228986310963	70.465
794.0	2.025236069279408	110.711
794.5	2.253748487760706	80.514
795.0	2.2515834826957155	10.359
795.5	2.2493768294521255	110.759
796.0	2.6589142912681285	50.245
796.5	1.7734584398448192	20.17
797.0	2.0648000172096657	90.791
797.5	2.4820089468725013	60.611
798.0	2.223220401814429	60.485
798.5	2.3859636470218617	30.39
799.0	3.1225732085617315	31.197
799.5	1.9250233356115827	11.138
800.0	2.552615683418514	30.562
800.5	2.516165317527607	10.021
801.0	2.773590015358929	70.558
801.5	2.07020793694915	70.485
802.0	2.4832421416576174	51.198
802.5	2.075169335285182	80.471
803.0	2.3266346117727497	90.546
803.5	2.561888788293635	11.712
804.0	2.458665085995117	10.277
804.5	2.943110318395968	11.354
805.0	1.927905499918069	60.33
805.5	2.5206520506830286	71.322
806.0	1.9080428283592183	10.889
806.5	2.6787306636222987	80.565
807.0	2.5633626107561707	19.958
807.5	1.616874660479203	50.264
808.0	2.699628038139547	20.037
808.5	2.6545175021441723	51.405
809.0	2.090304761461564	50.198
809.5	3.40798823855942	30.124
810.0	2.334994822543342	20.076
810.5	2.3290313981522344	60.55
811.0	3.628488496767698	81.869
811.5	2.580104209585784	80.449
812.0	3.1396667458414327	20.222
812.5	3.28365510889282	10.867
813.0	2.816544502590259	60.389
813.5	2.330005307170112	30.073
814.0	3.327947396644088	50.447
814.5	2.2813291585050406	20.151
815.0	2.60851520039564	100.826
815.5	2.604478641962064	60.402
816.0	2.3313404516680327	80.566
816.5	2.8380972120986616	40.195
817.0	2.0767144499205688	80.533
817.5	2.115889704519728	50.184
818.0	2.1518637179920193	90.707
818.5	1.9584434640290664	90.704
819.0	2.4790672103477265	30.702
819.5	2.012459780623453	20.074
820.0	2.191794460667585	20.073
820.5	3.5305971523419712	64.051
821.0	1.3938511551254513	50.312
821.5	1.927067135272389	80.654
822.0	2.073064374785906	21.961
822.5	3.8212230256371447	70.475
823.0	1.716853975416867	50.396
823.5	2.491535929746244	34.294
824.0	3.0468692041677894	40.3
824.5	2.6058624926437917	70.6
825.0	2.8193082833370497	40.331
825.5	1.7823414527314734	73.156
826.0	2.2003582108487687	70.492
826.5	3.109251902545655	11.038
827.0	2.1411440067033647	10.474
827.5	2.6875237311248483	50.323
828.0	2.659519351143872	50.364
828.5	2.815724661656854	50.356
829.0	2.376219459964866	30.25
829.5	2.0948416141533133	90.66
830.0	2.7478399743850677	17.344
830.5	1.895394515248529	10.253
831.0	2.5495557262529904	9.917
831.5	2.9326754805097695	80.57
832.0	2.2315195447275307	11.299
832.5	2.7389596021657474	80.628
833.0	2.7578798390805184	70.553
833.5	2.795267584092159	60.542
834.0	3.075913215321817	40.09
834.5	2.433453429477364	90.777
835.0	2.416231430921518	20.13
835.5	2.09427841734584	20.17
836.0	2.749437296882594	90.699
836.5	2.2888876861220537	72.191
837.0	2.0885129333426957	90.711
837.5	2.264502506982908	70.495
838.0	3.294194562465947	40.357
838.5	2.4973475617009844	20.15
839.0	3.114650778561888	90.606
839.5	2.0556881338390234	53.834
840.0	3.078418917326454	60.457
840.5	2.73224819561705	40.131
841.0	2.0773533855313495	47.549
841.5	2.0735189619942163	40.363
842.0	2.947682992088553	20.048
842.5	2.0700409105504605	66.52
843.0	2.8534296622495225	19.986
843.5	2.1212304512481537	20.231
844.0	2.3525894178778803	40.258
844.5	2.7769826819606234	90.645
845.0	2.5025237755173118	36.221
845.5	2.351420872589133	70.576
846.0	2.7754908846388804	90.698
846.5	2.569318007065746	50.312
847.0	2.306350292170827	10.548
847.5	2.8566751429307873	50.518
848.0	2.3323412639641075	20.116
848.5	2.1283589949086545	50.945
849.0	2.069212414479872	10.577
849.5	2.8292011465930624	11.061
850.0	2.9481858744006866	10.412
850.5	2.638687601583495	111.983
851.0	2.9201775285916436	11.625
851.5	2.1606685522772886	40.325
852.0	2.762616615918554	9.646
852.5	2.602078660999637	90.61
853.0	2.155109964644347	73.312
853.5	1.5825474975657305	81.909
854.0	2.463940688526288	20.203
854.5	2.1646377324557573	100.625
855.0	1.8930905951695234	10.763
855.5	2.666508189586736	50.465
856.0	2.07309374707562	60.468
856.5	1.7729998231453106	90.727
857.0	2.244872339483106	9.896
857.5	2.4517301216498377	31.196
858.0	2.754523455953022	20.214
858.5	2.46563174214728	19.883
859.0	2.4488497445259427	31.179
859.5	2.315017157971959	90.467
860.0	2.6829336449457784	31.171
860.5	1.603028251941139	80.457
861.0	2.879447275778216	10.566
861.5	1.932149364006718	70.643
862.0	2.860411746844758	20.198
862.5	2.2658566145579684	100.808
863.0	2.2657904772925934	95.267
863.5	2.1093885872227625	100.693
864.0	3.050104240788099	30.8
864.5	2.110526933939163	100.781
865.0	2.397989630237469	10.56
865.5	2.5213922900418204	30.546
866.0	2.3238129900443147	120.789
866.5	3.0093056175050945	90.409
867.0	2.0879455827687172	10.758
867.5	1.8799284163341607	60.512
868.0	2.2995589246338515	10.704
868.5	2.6456012362983232	10.289
869.0	2.3472091655676715	20.532
869.5	2.7823280555548515	80.479
870.0	2.134870428920492	100.876
870.5	2.9618943316440736	110.669
871.0	3.138153537930817	11.784
871.5	1.4112409418695824	80.634
872.0	2.0423542559063024	110.833
872.5	2.680671994434648	20.082
873.0	2.8168146380393364	20.144
873.5	2.1947690910525517	70.515
874.0	2.2121369197833527	50.168
874.5	2.707664633894605	70.537
875.0	2.6654996682303866	62.036
875.5	2.4431582502453675	10.209
876.0	2.1429854190902238	51.098
876.5	2.6885929960945156	50.461
877.0	2.3074648740158605	11.34
877.5	2.855708123871482	60.945
878.0	2.2446880973569203	50.364
878.5	2.790522233629894	60.2
879.0	2.140011954037131	90.727
879.5	3.2472280000597555	51.532
880.0	2.9467910059514484	110.837
880.5	2.2792356182567812	30.225
881.0	2.258337028433979	10.564
881.5	2.1159677195100066	50.329
882.0	2.891644520088319	30.973
882.5	3.3375458000462217	20.059
883.0	2.8842353176173843	60.494
883.5	2.5785755803978203	22.5
884.0	2.258757172894666	58.299
884.5	3.056435948958514	27.427
885.0	3.1104629693952304	20.129
885.5	2.328802273620331	10.879
886.0	2.1181854833931055	50.448
886.5	2.85181958546576	20.098
887.0	2.8933013399064196	40.462
887.5	2.4390411724878325	19.875
888.0	2.6292260158989333	31.612
888.5	2.517393448872008	60.394
889.0	2.282853712897751	70.507
889.5	2.685040892614822	50.405
890.0	2.3290809726398702	70.433
890.5	2.6549253424026427	50.398
891.0	2.0834446993301734	50.432
891.5	2.6825397909288524	60.534
892.0	1.6378389351724256	120.947
892.5	2.310122680770389	40.292
893.0	1.794521973331206	30.37
893.5	2.043204274922592	80.639
894.0	2.32060237113734	110.72
894.5	3.086195153896895	60.462
895.0	1.93054278386541	10.553
895.5	2.66563820697032	10.109
896.0	2.3824082290579254	50.424
896.5	2.7005937695152427	80.539
897.0	2.002691695887928	70.548
897.5	3.1346305320715824	20.065
898.0	2.2134823951108458	60.423
898.5	2.342883160870532	99.606
899.0	2.437196833239064	80.496
899.5	1.861191411926971	31.068
900.0	2.5591125762040923	20.221
900.5	2.359522037127299	11.277
901.0	2.5178431200992266	71.631
901.5	1.8487448842645189	10.536
902.0	3.511030811835194	40.083
902.5	2.365404105873182	32.798
903.0	2.093225871516623	20.015
903.5	2.049699366145887	19.943
904.0	2.4452389967948003	20.285
904.5	1.7851928079644575	32.294
905.0	3.085394844800835	16.909
905.5	2.242930443414854	20.242
906.0	2.461222081289652	30.099
906.5	2.2451735942818365	20.249
907.0	2.9462178994962396	90.83
907.5	2.065630298143655	14.632
908.0	2.990766154876261	19.958
908.5	2.2270722183511924	131.009
909.0	2.404402992733811	20.109
909.5	2.0253709397803172	50.112
910.0	2.0932216616390327	90.626
910.5	2.3334551132496553	90.712
911.0	2.5320113042400267	20.142
911.5	1.6442334752749779	90.693
912.0	2.7962280163511175	20.147
912.5	3.084009035631997	10.095
913.0	1.8961729021156566	20.216
913.5	1.8629740314593748	10.323
914.0	2.432969799687706	90.626
914.5	2.6909808335612575	100.701
915.0	2.8273761882436035	20.251
915.5	2.5084647214479654	10.532
916.0	2.0855941021524167	41.139
916.5	3.0423192551466234	30.285
917.0	1.8701252567147806	50.383
917.5	2.8279117530509836	20.094
918.0	1.8402847535619846	20.118
918.5	2.400328959480756	90.635
919.0	1.6518343930008528	101.68
919.5	2.4706962679423206	20.2
920.0	2.241539336846923	131.061
920.5	2.7773494811195123	35.462
921.0	2.552755436438852	90.479
921.5	2.8365649276145857	31.102
922.0	2.675527864081966	10.455
922.5	2.2352149930241296	12.95
923.0	2.2889688192799116	10.878
923.5	1.9871024854432664	38.941
924.0	2.0534470881121587	52.653
924.5	2.1261796930942394	20.232
925.0	3.0393289010160993	20.276
925.5	2.028873116648455	20.258
926.0	3.0763943672589473	50.73
926.5	1.9927112769972526	66.518
927.0	3.205130142073937	40.257
927.5	1.9355174060815783	10.717
928.0	3.3452347593703267	30.262
928.5	2.105873217764149	39.98
929.0	3.4512858436754543	60.36
929.5	2.5708458080515046	10.107
930.0	2.18247984160873	20.051
930.5	2.4467294925104603	60.377
931.0	2.943192595437173	11.003
931.5	2.2587619526715703	35.665
932.0	2.7507823380636713	20.235
932.5	2.342069024770018	30.067
933.0	2.5429434361757446	80.424
933.5	2.8596927092967213	20.295
934.0	2.8606363867898503	100.853
934.5	2.742069303566495	31.086
935.0	2.10136317730931	14.545
935.5	2.1886176382579015	70.541
936.0	2.3449002949609654	30.289
936.5	2.514053897237824	10.459
937.0	2.4995100402585355	20.051
937.5	2.50079862385651	50.563
938.0	2.3848865659324407	20.186
938.5	2.623447453264692	50.345
939.0	2.3559363265695614	20.029
939.5	2.4867568033861382	51.577
940.0	2.898176372764015	31.328
940.5	2.301527036846548	60.527
941.0	2.8515448964722574	10.002
941.5	1.6952171027188188	91.526
942.0	2.2203048429097736	110.708
942.5	2.8151104051525224	20.112
943.0	2.896108941689397	60.341
943.5	2.098815755804412	120.551
944.0	1.6653730732039442	58.037
944.5	2.687564923939361	10.593
945.0	2.07565885296637	60.463
945.5	2.4277172565521385	36.558
946.0	2.7988811391773165	20.454
946.5	2.4368020692896	51.203
947.0	1.8840257392722288	10.582
947.5	2.2777111449418315	50.369
948.0	1.8419502499301508	30.598
948.5	2.36051894441255	20.151
949.0	2.1733907255247336	80.604
949.5	2.557747014749108	70.616
950.0	1.9750509940557492	71.969
950.5	2.7307690584856603	30.382
951.0	1.8322526989239498	10.738
951.5	2.830645073229601	60.476
952.0	2.9192380314127404	50.569
952.5	1.6891285703299255	100.633
953.0	2.0890285665394774	20.202
953.5	2.00955475045516	31.549
954.0	2.5885494990945537	60.413
954.5	2.6057185172619506	10.781
955.0	2.8257436275762067	70.552
955.5	2.159208521372615	30.247
956.0	2.900913021844819	32.403
956.5	2.029419786801349	70.607
957.0	2.1987617408495455	40.237
957.5	1.7354164704071746	10.335
958.0	2.994259763797636	50.294
958.5	1.7402115179634248	60.394
959.0	3.2986461592391416	20.03
959.5	1.7025536028488981	14.369
960.0	3.0822860659138533	30.335
960.5	1.5437295652102314	30.211
961.0	2.9728817386858717	20.445
961.5	1.787938068497681	90.521
962.0	2.6970147184040147	12.555
962.5	1.9063564220679174	20.883
963.0	2.8620404182820174	12.079
963.5	2.094699483802829	10.689
964.0	3.062487983456314	17.198
964.5	2.8834846052931837	30.261
965.0	1.416838745761873	110.784
965.5	3.2500779963846815	50.282
966.0	2.117745049382132	20.201
966.5	2.6034634504371197	80.671
967.0	2.2255343980118845	71.191
967.5	2.245429167280842	30.286
968.0	2.134767252538643	20.173
968.5	2.1945438213590203	12.632
969.0	2.366750498017678	80.544
969.5	2.3296121458403154	80.438
970.0	2.547362109436879	60.461
970.5	2.6126932251369204	20.081
971.0	2.8034416715111234	90.709
971.5	2.085410774181582	80.662
972.0	2.3288436514786395	20.128
972.5	2.314096773854117	70.643
973.0	2.5958859914499897	70.549
973.5	1.9719477372282685	10.854
974.0	3.2091979849133243	41.623
974.5	2.3369067715106877	40.408
975.0	2.0257969785423198	14.32
975.5	2.222957599080248	50.999
976.0	2.526344324656699	61.192
976.5	2.1433090981916494	17.088
977.0	2.806604062056588	20.255
977.5	2.087997232213507	60.468
978.0	2.577364450942803	10.767
978.5	2.2880146713684426	50.345
979.0	2.138010636796539	20.219
979.5	2.3467947524992763	27.361
980.0	2.1632424878451806	91.088
980.5	2.453593303162135	20.184
981.0	2.414002557948669	12.323
981.5	2.3501554392846757	50.866
982.0	2.4235418092654055	80.57
982.5	2.141359981554313	110.255
983.0	2.6722914155978112	19.843
983.5	2.2247132009638126	11.438
984.0	2.9871286035492686	20.038
984.5	2.579282858499631	80.384
985.0	2.693768080094873	62.708
985.5	2.1897010691184637	30.772
986.0	2.786280042121559	50.282
986.5	2.573645743800281	110.847
987.0	2.9707532209554435	31.361
987.5	2.8598183970566597	11.362
988.0	2.213427313897954	11.131
988.5	2.7077324753380863	113.695
989.0	2.5018952485724624	20.13
989.5	2.7130070118624094	70.915
990.0	2.8024223346264274	40.312
990.5	2.6180397706578766	80.537
991.0	2.344795169745086	60.628
991.5	3.1975808831715486	61.132
992.0	2.442941254541144	20.197
992.5	2.1686095703083574	15.358
993.0	2.7771196346739218	90.715
993.5	2.605046946421095	80.465
994.0	2.296938987934897	70.359
994.5	2.428677366568555	20.038
995.0	2.694956327018726	14.341
995.5	2.113614381887797	19.96
996.0	2.1453590309196304	18.483
996.5	2.5833756427989387	80.404
997.0	2.812967754157914	60.232
997.5	3.1167543886760294	71.829
998.0	2.259233587359611	70.61
998.5	2.599182737534988	80.864
999.0	1.6352695576271024	33.137
999.5	2.4419718779062043	10.695
1000.0	3.912812916152843	9.597
