0.5	0.16666174657982163	10.524
1.0	9.391813737448945	14.307
1.5	1.5334620711002922	90.539
2.0	2.4398109002908854	60.667
2.5	0.15382972333536948	14.892
3.0	1.755922189741737	60.624
3.5	0.13149923467069993	191.583
4.0	1.4964476405201537	220.35
4.5	4.199109978177857	115.175
5.0	2.437328723821537	58.932
5.5	1.7352960061070222	100.963
6.0	1.0875949580163582	410.733
6.5	2.1925612298974753	97.697
7.0	0.9561119834018587	80.551
7.5	0.13716267910948507	15.215
8.0	1.3690758584937122	120.72
8.5	0.7100264534245494	28.0
9.0	0.5426274224134299	90.364
9.5	0.15663372924203336	21.077
10.0	2.4400407315519774	454.236
10.5	2.2950032947595442	733.797
11.0	1.6075151549183728	16.554
11.5	3.745444355130758	19.977
12.0	0.12402965398885075	15.282
12.5	13.78966491544619	50.687
13.0	1.8071738843689105	17.1
13.5	0.7850023942790898	30.227
14.0	3.8977207413118937	31.996
14.5	2.265584745210185	130.993
15.0	0.06505657749414953	119.496
15.5	0.8042413463400289	14.278
16.0	2.6352235199196326	152.484
16.5	0.7210103681525937	168.942
17.0	0.15126025359723758	16.327
17.5	1.7899525155133846	110.814
18.0	2.463143014397613	156.172
18.5	2.2278622775826618	123.657
19.0	1.4469557114214604	99.456
19.5	1.3319876653458582	222.045
20.0	2.081911703240373	102.307
20.5	1.99083034121374	164.946
21.0	2.464083435654977	109.363
21.5	1.4656304763032386	321.097
22.0	2.0382284623944114	81.21
22.5	1.8533725919106687	100.944
23.0	1.9574778331947218	90.596
23.5	1.590180386787701	81.61
24.0	1.8091972842394852	62.837
24.5	1.8812173387102227	80.637
25.0	1.6578823517829435	150.663
25.5	1.7513474634548436	150.706
26.0	1.3611899472542741	100.629
26.5	1.57103341440499	70.622
27.0	1.839721803741862	66.01
27.5	1.7275850625729605	121.367
28.0	2.27944961621852	33.259
28.5	1.8133569311866824	50.03
29.0	2.032086357331829	60.398
29.5	1.7993402165469414	40.327
30.0	2.247692136400436	55.594
30.5	1.2045937597844079	100.751
31.0	1.5036684515773524	40.319
31.5	1.654196921547647	90.498
32.0	2.026574857867775	62.962
32.5	1.388459974191729	66.4
33.0	2.2154618306497857	93.875
33.5	1.857273918270035	136.559
34.0	1.5971012981549173	66.358
34.5	1.5435347385168148	20.104
35.0	1.997226968043709	80.432
35.5	1.709349794373949	40.334
36.0	1.9032232537352038	110.984
36.5	1.4863764414519223	90.539
37.0	2.27328050423606	70.47
37.5	1.6039424569286644	80.451
38.0	1.375573037170525	70.512
38.5	1.7618597349296565	60.529
39.0	1.4130001778880696	100.585
39.5	2.216049569988102	50.272
40.0	1.8731910892695722	40.272
40.5	1.5642169567261555	110.682
41.0	1.6298262044683143	69.497
41.5	1.473576762228095	40.614
42.0	1.6390348825595633	20.16
42.5	1.9405963639026433	45.174
43.0	1.6431233380031816	60.417
43.5	1.930457924283847	30.255
44.0	2.390369878980978	14.187
44.5	1.5548540655227532	37.264
45.0	2.2537787587120555	40.224
45.5	1.5606323303518335	56.351
46.0	2.197141599537267	15.791
46.5	1.6932035552842457	80.46
47.0	1.6520413387584387	80.683
47.5	2.166897421327263	60.383
48.0	1.898763581134391	102.502
48.5	1.380932457113822	21.52
49.0	1.4953052186723834	60.462
49.5	1.6199125277370134	27.152
50.0	2.099229921362713	70.499
50.5	2.054778439787342	47.861
51.0	1.6810436107019457	66.707
51.5	1.8649290605987583	43.629
52.0	1.028890373882124	66.601
52.5	1.7752982336875585	80.536
53.0	1.9612843924437988	60.281
53.5	2.4188763194514946	43.06
54.0	1.2486396531193094	70.446
54.5	2.3979503999904916	90.403
55.0	1.3137693012118816	35.874
55.5	2.1401027803951074	30.215
56.0	1.427629778396468	131.24
56.5	1.8726799671746717	50.458
57.0	1.7792481357632206	70.451
57.5	2.020205326474749	90.701
58.0	1.200581079562079	80.402
58.5	1.819112573827965	67.519
59.0	1.634547616100086	50.404
59.5	2.8990489986472165	40.353
60.0	1.403554713856741	40.093
60.5	1.1556596486150303	46.923
61.0	1.3525377294173457	80.651
61.5	1.7429015897560118	35.225
62.0	1.2359614291626198	50.382
62.5	2.1376833870153327	50.477
63.0	1.2103693553474182	40.181
63.5	2.3461989059812742	90.603
64.0	0.9863942157504652	15.584
64.5	2.167495995947231	80.446
65.0	1.930241163845547	85.952
65.5	1.9240572809566092	60.335
66.0	1.900563280565905	30.132
66.5	1.5587329783946053	100.686
67.0	1.3549629491552955	40.133
67.5	2.4683182620384856	17.734
68.0	0.9577755196751236	54.403
68.5	1.8709526256515414	50.433
69.0	2.0725456173555186	21.539
69.5	2.668386778617394	50.397
70.0	1.978944102520372	44.98
70.5	1.742637497802038	70.543
71.0	1.3498030002810086	77.0
71.5	1.8224297922030794	72.472
72.0	1.4223086003117733	90.732
72.5	1.8714822185707491	100.656
73.0	1.7487718897999738	52.202
73.5	1.2533211311216141	80.589
74.0	1.4650149826865788	78.023
74.5	2.0481812175664063	90.408
75.0	1.4106000603150646	110.921
75.5	1.5506577092034097	20.094
76.0	2.129125642589893	89.953
76.5	2.3371586497589085	90.652
77.0	2.142425033313278	30.375
77.5	1.1929412022695904	40.309
78.0	1.6812163286432513	80.689
78.5	1.5204323261188175	116.507
79.0	1.9428799464148527	100.813
79.5	1.4290272955973042	37.318
80.0	1.9465449732784774	20.196
80.5	1.338883415358475	30.27
81.0	2.4511040878373023	17.911
81.5	0.9858051822506124	65.254
82.0	2.175305990409388	20.232
82.5	1.625013225805489	60.44
83.0	2.1222598572290554	60.467
83.5	1.3032750473641956	128.218
84.0	1.7321682816539556	110.795
84.5	1.9021278991819381	60.541
85.0	1.779122955960225	36.792
85.5	1.7142369191598972	70.529
86.0	1.6286680231727657	45.967
86.5	1.862342424831524	70.738
87.0	2.0244862925484277	95.792
87.5	1.5034617928947673	70.325
88.0	2.2137421863024707	120.637
88.5	1.50627796788896	140.856
89.0	2.122552102695144	47.001
89.5	1.4478565110681798	87.447
90.0	1.5458751014894982	35.512
90.5	2.173898963784274	55.179
91.0	1.6665056841153592	90.859
91.5	1.4609025584807644	40.364
92.0	1.6057015011859936	86.174
92.5	1.7446973136664892	110.578
93.0	1.7248882564483388	30.219
93.5	2.095151651169366	41.033
94.0	1.5913087220228403	70.527
94.5	2.071797784548287	100.821
95.0	1.5341187030728602	80.397
95.5	1.604721271490272	120.965
96.0	0.1518365279071651	17.555
96.5	5.987242316544492	13.263
97.0	1.898803940809661	58.831
97.5	0.7490961275234083	203.509
98.0	1.7716625513675959	80.476
98.5	2.1514123429443996	50.267
99.0	2.099489230321393	80.805
99.5	1.6990043113962225	80.384
100.0	1.6959423120361037	15.414
100.5	1.9603778674024432	14.442
101.0	1.9579761015806585	100.618
101.5	1.7931443972489356	101.049
102.0	2.2749728904240754	33.852
102.5	2.3379655963378494	40.511
103.0	2.086994730249381	212.587
103.5	2.6124486117542007	100.713
104.0	2.1063803551530156	100.924
104.5	2.3443747233194805	20.074
105.0	1.2500705967143408	124.107
105.5	1.8444786635346953	70.193
106.0	1.4983365087341662	80.559
106.5	1.9724333654572639	67.427
107.0	1.4341285423260897	50.466
107.5	2.2798988468935115	50.437
108.0	1.5669498945631413	18.883
108.5	2.4682177343141625	20.246
109.0	1.7164052205592308	130.799
109.5	1.871138389148091	80.564
110.0	1.5198838064176257	60.147
110.5	1.8641737739577346	80.29
111.0	2.1811761839863113	101.092
111.5	2.339598813896535	30.2
112.0	2.027498610704153	150.939
112.5	2.54125480799209	50.238
113.0	2.2821559247010303	80.505
113.5	2.2768628956078003	35.992
114.0	2.125797576338233	258.399
114.5	1.8384091433669871	14.102
115.0	2.1275812778256347	60.542
115.5	1.6355462979825615	100.684
116.0	1.948137247986361	100.74
116.5	2.2946566612391224	80.535
117.0	2.17436645562136	70.278
117.5	2.2141342144943876	60.298
118.0	2.386684509540522	35.681
118.5	0.14749201539073567	52.689
119.0	4.289689966462313	15.635
119.5	1.7290547352831664	15.67
120.0	1.481210287960521	83.464
120.5	1.4077952558751479	61.244
121.0	2.1879072873209924	96.642
121.5	0.7518337432801045	19.799
122.0	1.4492938550686012	36.017
122.5	1.1233940454367388	17.107
123.0	2.2889763690512592	38.518
123.5	1.1196394440352224	96.334
124.0	1.537999874449015	19.193
124.5	0.8743782826027016	17.382
125.0	1.7543643586434552	28.855
125.5	0.7701425992844445	120.812
126.0	0.9937007591838122	20.303
126.5	2.399216116668606	17.231
127.0	0.598285061407992	113.805
127.5	0.7021494385449634	131.729
128.0	0.6976668713591032	35.915
128.5	1.2092734378959953	144.758
129.0	0.55903678450854	17.785
129.5	1.3530489464606392	16.095
130.0	1.843954163340867	39.393
130.5	0.8062833459042644	19.219
131.0	1.6117060916690904	18.03
131.5	2.913822375205025	27.314
132.0	0.6735435041782366	100.734
132.5	1.2560163051153819	17.732
133.0	0.40987784722917864	16.312
133.5	1.1298213824906052	17.988
134.0	0.771766009848552	113.698
134.5	1.1228873704699192	80.45
135.0	1.1986102248715162	90.565
135.5	2.0787078007351454	36.056
136.0	0.3823021798809853	25.924
136.5	0.9946036971841222	17.163
137.0	0.9784067616358132	16.176
137.5	2.2695961099119697	126.221
138.0	0.7407397265594643	123.139
138.5	1.5051004022347776	121.225
139.0	1.8817441727836843	20.168
139.5	0.5850496138604719	17.104
140.0	1.3151521059419333	18.732
140.5	0.9746692417700168	57.092
141.0	2.0888893955237773	120.936
141.5	1.4729998480238067	113.118
142.0	0.7295702825474513	110.941
142.5	2.0096513808316017	20.346
143.0	0.6955727529784194	141.097
143.5	1.0180264662447356	90.798
144.0	0.6193280730307632	22.1
144.5	2.268509998479876	18.158
145.0	0.9092040586991897	16.495
145.5	0.9693177540515977	191.63
146.0	1.0766883925053998	15.789
146.5	2.13954260078769	144.209
147.0	0.26183744940897546	130.894
147.5	0.6735945867869552	27.144
148.0	1.9184269878479452	17.212
148.5	0.6523913775106479	17.144
149.0	1.0804534296426576	21.427
149.5	1.800585462738816	17.095
150.0	1.8872323094946057	20.27
150.5	0.7483026125119918	17.892
151.0	0.4659992011686121	68.667
151.5	2.414384551164139	20.238
152.0	0.26638344632883937	17.499
152.5	1.4744325086212562	100.782
153.0	1.8376092463683704	130.981
153.5	1.7960901686186512	25.896
154.0	0.9991462138371193	90.11
154.5	1.5081228471565713	17.177
155.0	1.4320033140859365	17.462
155.5	1.4797615251722187	17.096
156.0	0.9284250425528888	14.457
156.5	1.0722427240827914	113.997
157.0	2.0590688288951124	120.92
157.5	1.1581611272135846	16.635
158.0	1.014065101003183	111.238
158.5	1.940810820607327	21.242
159.0	1.7198915195558366	130.714
159.5	1.4980076384937637	110.798
160.0	1.550108567785815	80.548
160.5	0.17075022515724828	14.035
161.0	7.023102123738183	103.22
161.5	1.3379763160270537	20.148
162.0	2.3541364167626884	30.217
162.5	2.0420333801165524	70.519
163.0	2.0229929220434597	60.707
163.5	2.1168373283170068	18.094
164.0	1.3950793898150626	90.634
164.5	1.3354129381426674	20.684
165.0	2.257358335568901	110.813
165.5	1.6685633995376572	38.215
166.0	2.048885534741359	70.503
166.5	1.6661022780875177	55.938
167.0	1.8849359616604329	50.355
167.5	1.8368680383968972	80.494
168.0	2.5197472858877266	90.78
168.5	1.7491005214185544	16.181
169.0	1.7813582024845405	60.339
169.5	2.153829236002451	46.515
170.0	1.62588918594012	90.517
170.5	1.2777702398801816	50.454
171.0	1.3497367477556923	50.256
171.5	1.9010309027996146	100.896
172.0	1.5950823168293615	82.351
172.5	2.483146296861019	16.653
173.0	1.1799080391802497	120.602
173.5	1.8021589497054653	50.931
174.0	1.455837600040368	80.597
174.5	1.925347698589904	40.396
175.0	1.3143967689418385	114.648
175.5	1.6173059088533432	50.476
176.0	2.363062728696691	54.948
176.5	2.387187506074052	30.211
177.0	1.098647839442615	90.819
177.5	1.5628012309878203	100.771
178.0	2.00228618516033	15.978
178.5	1.3422043380916935	90.71
179.0	1.3831319373440547	222.125
179.5	3.201693586633671	115.475
180.0	2.1616620895116414	100.98
180.5	2.952521002133468	150.598
181.0	1.5339613212245877	13.928
181.5	2.586905767230307	39.12
182.0	1.5784395745930226	41.366
182.5	1.5223284193695246	90.592
183.0	2.2785786133083064	40.304
183.5	2.059860339121321	55.897
184.0	2.0859258636293156	81.491
184.5	0.9042085329896118	20.171
185.0	1.688167593449696	161.498
185.5	1.9726736528245732	100.749
186.0	3.0366106345142434	181.636
186.5	0.8979082709153547	55.808
187.0	1.6682621108892948	121.025
187.5	2.2971278847718053	20.884
188.0	1.6112429463422744	120.847
188.5	1.4344022575402797	80.565
189.0	2.2064883972235676	90.634
189.5	1.331711695135261	110.702
190.0	1.7415167944455163	120.834
190.5	1.7110381398858612	42.508
191.0	1.418031845912972	75.081
191.5	1.6625691403683904	20.392
192.0	1.507839403883318	30.157
192.5	1.5196472088457966	58.138
193.0	2.3065457102790217	60.316
193.5	2.893402884280341	70.627
194.0	0.838582021936836	110.762
194.5	2.204653705916631	90.682
195.0	2.3213248076561155	70.347
195.5	2.4013786192787854	29.0
196.0	1.0357308492582336	80.48
196.5	1.8617092438011773	80.581
197.0	1.7090673403716161	46.581
197.5	2.221373058346746	22.85
198.0	0.888267209203064	84.143
198.5	1.7342476331403645	50.471
199.0	2.1452265601094007	15.693
199.5	2.104792061479495	37.995
200.0	1.9602132439282856	150.998
200.5	1.217696057978974	338.378
201.0	1.3610943360982475	177.117
201.5	1.407014159093137	588.57
202.0	3.4308775658986708	22.293
202.5	2.3108586533647286	80.471
203.0	2.346324904944544	100.72
203.5	1.5312291048401385	100.513
204.0	1.8527301674128343	21.473
204.5	0.850445779788189	70.555
205.0	1.816591771605252	40.685
205.5	1.3261260705621696	77.511
206.0	1.6015143601900694	69.228
206.5	1.6201775621488537	60.261
207.0	1.822869269682487	70.601
207.5	1.6026852798812368	110.353
208.0	1.5543729923203562	60.402
208.5	1.3275969043187597	74.182
209.0	2.2583195232444213	37.792
209.5	1.694761701395087	104.888
210.0	1.6951330329345786	50.335
210.5	1.4828613338106975	81.881
211.0	1.334401897352692	50.357
211.5	1.507245440157602	58.862
212.0	1.5666274368422572	80.665
212.5	0.9205214166286584	66.267
213.0	2.1394431063078176	120.997
213.5	2.169662297275543	80.577
214.0	1.5459129868652621	80.551
214.5	2.115419381358402	18.381
215.0	2.6420705957775605	100.752
215.5	1.6125734142906274	171.944
216.0	3.2518477933896093	328.325
216.5	2.8044734434395715	212.442
217.0	2.0574587125414947	356.084
217.5	0.8281950000190452	662.241
218.0	4.062076920743719	100.403
218.5	1.195279708493319	15.442
219.0	1.6559383165212962	80.521
219.5	1.1241104674169038	159.093
220.0	1.3614722737903715	30.178
220.5	1.9874187124839848	60.895
221.0	1.3676539150194702	60.455
221.5	2.012082030182349	71.662
222.0	2.3417492249701257	60.368
222.5	2.086093346868309	30.225
223.0	0.9485986701218581	38.32
223.5	2.24590314766598	36.175
224.0	1.0792887196490841	150.808
224.5	2.3418938509525127	80.656
225.0	1.5684800741039124	30.309
225.5	1.631769339289222	90.522
226.0	1.1849384318490335	108.614
226.5	1.4941574721834407	37.564
227.0	1.9521864798904376	100.694
227.5	1.8743817864317465	110.82
228.0	1.6153920076436497	87.64
228.5	1.8664978679995554	13.282
229.0	1.8745442795804377	85.604
229.5	1.512778357767251	110.562
230.0	1.8546203843140994	70.763
230.5	1.5597066788684977	80.555
231.0	1.8196313335812027	35.723
231.5	2.0388790629256306	111.828
232.0	2.5159850889469584	272.989
232.5	2.245630207692227	190.346
233.0	3.3588040586786128	98.509
233.5	2.068369758811681	343.333
234.0	2.557485167461264	65.014
234.5	1.9801437810540399	34.683
235.0	1.8009299404265355	14.587
235.5	1.6931057561302467	34.841
236.0	2.3371333173680577	43.592
236.5	0.7406191838517403	30.219
237.0	2.1358120029251064	20.171
237.5	2.0196112029694846	78.7
238.0	2.167588487740986	62.625
238.5	1.3619428471786157	80.424
239.0	1.985265770071053	100.8
239.5	1.8814604850387524	40.261
240.0	2.1869037478699194	93.775
240.5	1.6988414410651067	80.549
241.0	1.5449959376761873	110.677
241.5	2.0656423592437356	60.357
242.0	1.6758529176613977	46.081
242.5	1.3091014732788087	40.09
243.0	1.7623531004055284	108.567
243.5	1.8267970131011952	50.324
244.0	1.7772849184796595	25.634
244.5	1.3980042188363242	90.582
245.0	2.224214365027974	90.574
245.5	1.751560515778458	100.403
246.0	1.8611212574588825	40.292
246.5	1.543216417228681	39.085
247.0	1.6612439127733636	82.005
247.5	1.570997929602519	60.257
248.0	1.5269235517020494	49.53
248.5	1.6151723083564908	74.893
249.0	1.9341750853844786	90.692
249.5	2.384673353298	59.975
250.0	1.5985687177822179	110.909
250.5	1.4413521578418027	90.457
251.0	1.9477002200920581	80.597
251.5	1.8308333073634797	80.517
252.0	2.128391050585826	13.474
252.5	1.2181138592256167	120.917
253.0	1.3608691961075319	668.812
253.5	0.751077188700858	902.538
254.0	1.7933490436980692	92.225
254.5	1.4088179924042612	88.96
255.0	2.0214841531552854	75.001
255.5	2.2126495763647482	98.001
256.0	1.5362528756623621	88.17
256.5	1.5800227900113235	99.09
257.0	2.7190325795553036	100.79
257.5	1.4281135274325847	120.888
258.0	2.4272526056474444	14.882
258.5	1.154067870668998	110.422
259.0	1.3446384734917476	102.335
259.5	1.8874371570975221	120.893
260.0	2.0197937655077953	70.474
260.5	1.083350036959891	81.796
261.0	1.2534328040495646	120.81
261.5	1.7927504898622184	80.81
262.0	1.3731280819850418	130.99
262.5	1.6439625692985826	50.118
263.0	2.1397209069646674	80.414
263.5	1.4859885978730736	98.433
264.0	2.51629781753365	144.144
264.5	2.0320946890258456	27.903
265.0	1.7078786935441177	90.706
265.5	2.4186477810847555	93.574
266.0	0.7592386489936614	17.287
266.5	1.8923045559058995	36.599
267.0	2.0874600292938466	20.118
267.5	1.53476273252134	46.877
268.0	1.9187547700531173	343.025
268.5	2.6654950763221783	364.025
269.0	4.266073879852307	135.489
269.5	1.0603676635761619	516.006
270.0	0.6778762990014777	1219.554
270.5	5.422245367046115	19.438
271.0	1.2833258129401364	25.212
271.5	2.153206582095231	68.556
272.0	1.852346558287612	50.38
272.5	1.974037974445668	60.229
273.0	1.6244927435434708	67.429
273.5	1.427742653224076	73.59
274.0	1.8960155474115825	78.344
274.5	1.9930852634296223	60.188
275.0	2.414564474254575	112.75
275.5	1.0429935692665544	90.592
276.0	2.585416596394286	50.4
276.5	1.706373290942281	100.791
277.0	2.7652042273331507	13.01
277.5	1.4029013008817088	70.35
278.0	1.7041682420877906	17.573
278.5	1.4823792090783203	80.453
279.0	2.1464223963306273	70.541
279.5	1.6840158777664345	110.689
280.0	1.7844777478133411	98.51
280.5	2.573597753872744	50.822
281.0	2.0571046968062077	48.626
281.5	1.381155149284076	30.783
282.0	1.5887966750971605	40.345
282.5	1.5148832915000943	90.567
283.0	2.629721076591023	60.522
283.5	2.285617731292461	221.964
284.0	0.9793167312651797	774.026
284.5	4.616200021481251	23.363
285.0	3.4178173883670144	100.796
285.5	1.4185603493299745	64.202
286.0	1.4563018176374452	110.696
286.5	1.8527972704329805	96.511
287.0	1.6978019695719164	70.189
287.5	2.0104519338208697	117.393
288.0	1.0900881954400121	74.301
288.5	1.5592527632664306	131.009
289.0	2.4228145203740867	109.717
289.5	2.3734213185092687	126.777
290.0	1.7218243857548328	20.134
290.5	1.433909772581763	16.612
291.0	2.1779467675290687	98.484
291.5	1.6804664216395808	40.273
292.0	1.9573860668425038	47.459
292.5	1.9071477034534086	77.217
293.0	1.6545897814464143	141.248
293.5	1.6031821908574964	60.396
294.0	2.127118140156251	40.32
294.5	1.7524759067544249	120.753
295.0	2.0213654321315886	108.759
295.5	1.214392344130882	100.495
296.0	2.0060756245310887	54.007
296.5	2.463505300661871	80.915
297.0	2.612095811846256	91.025
297.5	0.7857560346699513	73.104
298.0	1.9543217258633587	120.953
298.5	2.268003227388975	106.23
299.0	1.7345971479539324	513.92
299.5	3.948461352824929	120.916
300.0	2.5064592214315407	424.536
300.5	0.17563239318641802	777.383
301.0	1.6843116405242424	20.208
301.5	1.393765624515202	58.363
302.0	2.054635314228839	19.582
302.5	1.2710756660790716	133.356
303.0	1.4157745814208689	20.205
303.5	1.9745021122504711	80.546
304.0	2.20222449721509	20.159
304.5	1.9076180429997318	21.808
305.0	1.2448896666886933	40.277
305.5	2.3349536090803173	110.539
306.0	1.5156857966366657	30.234
306.5	2.278611055793917	45.344
307.0	1.5761760928721034	54.189
307.5	2.3038254694953264	20.106
308.0	1.5302969559048383	39.717
308.5	2.3832164946918226	80.608
309.0	1.688929630494638	30.183
309.5	1.7427558551276938	20.204
310.0	1.9161688768048097	70.479
310.5	2.019434304967977	46.937
311.0	1.1572880649037391	75.318
311.5	2.261746501238146	109.619
312.0	2.3312571223576124	46.298
312.5	1.7051617406664412	82.087
313.0	1.3905722882701521	60.429
313.5	1.6038302241090996	192.593
314.0	3.0065534033766497	141.169
314.5	1.6518370732021728	425.021
315.0	0.15145873169263108	699.559
315.5	0.5738724754521878	119.95
316.0	2.1763516170552206	70.167
316.5	2.4429473751463404	42.119
317.0	1.5146014995113675	90.717
317.5	1.8612129018255614	101.334
318.0	1.0382275190997292	120.729
318.5	1.7579584204231704	16.95
319.0	2.2163022862460666	58.26
319.5	1.2583064433177316	110.878
320.0	1.5649793380473815	15.816
320.5	1.8721811895890912	30.171
321.0	2.0051816122439243	85.19
321.5	1.8596431163833	48.403
322.0	1.6152225895712287	90.479
322.5	1.9868410679088073	50.302
323.0	1.2244141898689849	90.578
323.5	1.885776975450195	30.221
324.0	1.4051450745989247	90.714
324.5	1.8967450749325219	19.114
325.0	1.810995491097544	14.68
325.5	1.6515743969323027	100.756
326.0	1.7099843919167617	90.443
326.5	2.0175019282923863	110.441
327.0	1.620098123877034	17.469
327.5	1.4548083791622806	50.358
328.0	1.7716640218841844	50.425
328.5	1.7056837036726495	14.176
329.0	2.237710469136766	103.61
329.5	0.9867310115832424	80.603
330.0	1.78984447264542	321.632
330.5	4.31951541438625	131.468
331.0	2.8199175054050034	132.259
331.5	1.4977612556912339	242.454
332.0	2.4679681670538445	121.146
332.5	1.7337942116070126	96.252
333.0	1.4498768130703263	90.668
333.5	1.7332564587931603	70.538
334.0	1.7911991085807353	81.737
334.5	1.291311660349796	90.703
335.0	1.3969069059333044	62.721
335.5	1.887604794790287	68.194
336.0	1.876929498539627	16.702
336.5	1.6127694951872846	30.402
337.0	1.7379688869174408	100.701
337.5	1.6057007317762226	110.795
338.0	2.034823769114117	120.734
338.5	2.098258642788923	70.331
339.0	1.2884952300353556	54.532
339.5	1.240517555522726	110.73
340.0	1.739380219792012	27.486
340.5	1.2536728067857208	30.202
341.0	2.243400479068286	50.432
341.5	1.812697260616566	20.177
342.0	1.853690017453483	50.402
342.5	1.9135255982653612	40.249
343.0	1.4332567108021712	90.692
343.5	2.1725451551800767	40.294
344.0	1.7482855448864985	30.182
344.5	2.1738115930060786	75.353
345.0	1.5806021186296693	110.865
345.5	1.3272222596568035	80.475
346.0	2.766085189387045	66.847
346.5	1.4740237618267442	113.703
347.0	1.9790770130858608	40.278
347.5	1.7864433268684583	40.29
348.0	2.2229251464684734	90.565
348.5	1.8357647267496418	14.993
349.0	1.8072973058759922	14.862
349.5	1.7120398505434578	40.314
350.0	1.8499904746835054	110.681
350.5	1.8363305110219075	97.417
351.0	1.8476614041458546	111.071
351.5	1.6707301778302381	192.248
352.0	2.817598507342037	314.841
352.5	1.993603621925011	738.199
353.0	3.027224980038119	50.488
353.5	2.2151476897480236	20.267
354.0	1.9158905862478768	80.196
354.5	2.112183695303781	50.376
355.0	2.014365189495072	90.887
355.5	1.5599914719410144	78.437
356.0	1.963972093596465	20.134
356.5	2.2351743080690305	90.258
357.0	1.0007489278486799	60.35
357.5	2.2730829926407097	22.896
358.0	2.3043161152394953	80.912
358.5	2.0151379721936102	28.209
359.0	1.7294087366747228	90.736
359.5	1.8363035434575852	68.462
360.0	1.7228453073260555	29.965
360.5	1.9606594329184084	28.328
361.0	1.2339150519446533	50.46
361.5	1.483532094186009	14.327
362.0	1.6583134390583272	56.745
362.5	1.5695997231887353	100.53
363.0	2.6003582167985004	40.17
363.5	1.7548219582109283	115.277
364.0	2.2563232589436812	104.262
364.5	1.1505152331594528	79.381
365.0	1.5577345471235762	80.421
365.5	2.62156071015919	20.143
366.0	1.528108446641274	20.276
366.5	1.2371568162347135	70.388
367.0	1.8286094696789075	80.602
367.5	2.01221605077421	20.231
368.0	1.7874273131631524	110.925
368.5	0.9361602090212485	90.426
369.0	1.4131433479695323	30.253
369.5	1.8259058230845882	120.956
370.0	2.3179542142335787	47.403
370.5	1.6888927584942974	105.467
371.0	1.6217323965979349	16.261
371.5	1.7967217673199927	27.048
372.0	1.610861517049484	302.644
372.5	0.38394910560037054	434.494
373.0	0.9759356450319319	1189.607
373.5	0.058484405443486306	1544.914
374.0	0.7954941477523324	2542.983
374.5	1.8839633854926976	85.375
375.0	2.1775749824140203	44.638
375.5	1.5562378507928352	100.999
376.0	1.6896694904774268	41.245
376.5	1.4352885449604804	43.923
377.0	1.776947707146947	51.258
377.5	2.1111577337524734	90.503
378.0	2.760991399998698	85.849
378.5	0.7920084334446252	110.609
379.0	1.869055696865379	60.538
379.5	2.15084204605459	18.938
380.0	2.50270986549113	60.538
380.5	1.1113130657777672	80.326
381.0	1.7204739493604435	80.191
381.5	2.1233840230368006	70.407
382.0	2.3769107197966286	39.135
382.5	1.7987430622123264	90.581
383.0	2.3808324406726027	30.215
383.5	1.9197594687756454	50.494
384.0	2.142779112564567	218.995
384.5	2.6869865475929124	60.414
385.0	1.6641355332519874	60.568
385.5	1.7328796032381077	80.507
386.0	1.8369809846104324	14.81
386.5	1.464678630855545	110.795
387.0	1.7388371497378454	30.303
387.5	1.9758747401658086	171.677
388.0	1.620742204987186	758.323
388.5	4.341983477496053	60.914
389.0	2.6435017763226787	169.472
389.5	1.6448913378761867	636.923
390.0	2.6677437098659107	14.056
390.5	1.75859094503111	100.434
391.0	2.3113987699592027	17.778
391.5	1.5342393778291181	110.692
392.0	1.6770284397143735	110.694
392.5	1.5444899493522264	80.619
393.0	1.9126002608410542	20.185
393.5	1.0506336867247401	63.367
394.0	1.700099867681745	48.319
394.5	1.692613646491903	60.309
395.0	2.31139798142014	39.81
395.5	1.5633621737553425	20.077
396.0	1.7619571890819832	93.072
396.5	1.9254607966211195	110.644
397.0	2.0046996501955285	110.597
397.5	0.9042793174115907	69.928
398.0	1.6104020561163863	68.187
398.5	2.0798146404037525	13.658
399.0	2.0422821360819197	105.393
399.5	1.316049577950134	90.654
400.0	2.041820461283936	24.906
400.5	2.003641879803403	90.434
401.0	1.9281855974330875	80.608
401.5	1.6407112891357754	44.626
402.0	1.4111475600724457	70.4
402.5	1.9120799154792345	100.548
403.0	1.6168141100588718	35.061
403.5	1.1756369615809577	44.416
404.0	2.1350970969249237	50.299
404.5	2.5859824785852177	222.26
405.0	3.073195788012916	181.632
405.5	2.7460716279332664	291.397
406.0	3.035629899873218	262.834
406.5	2.2501138411451773	74.494
407.0	1.2690494464028472	40.323
407.5	1.73165041331468	80.557
408.0	2.0956060855675553	20.109
408.5	1.7693930559323225	102.878
409.0	1.5532214861672915	80.471
409.5	2.162620369476892	50.357
410.0	1.4925135484342602	60.647
410.5	2.0094501541697065	20.198
411.0	0.8487257054847451	110.846
411.5	1.8860348397865405	66.234
412.0	2.4288622377413747	50.68
412.5	2.242213813846113	28.608
413.0	0.9643625550881038	23.976
413.5	2.068563465871122	111.366
414.0	1.6491244979644333	50.432
414.5	1.6645587248389717	96.706
415.0	1.519116612512284	89.768
415.5	2.114776593278418	76.388
416.0	2.5444507412317416	20.307
416.5	2.7501307610688923	111.358
417.0	0.9495688639355181	110.695
417.5	1.6936294870297732	90.564
418.0	0.12576216678438085	113.517
418.5	4.70376873845858	38.015
419.0	2.8818606953472887	40.673
419.5	2.0397012649450827	62.968
420.0	2.7972420312501813	40.392
420.5	1.5553795594767739	60.461
421.0	1.778220198570343	67.868
421.5	2.192971935760205	36.869
422.0	1.673552766364597	100.618
422.5	2.2815441172792874	70.487
423.0	1.9925133757214888	69.487
423.5	2.3780815607185635	50.387
424.0	2.190806371341638	68.681
424.5	1.930627366665308	77.228
425.0	0.12891063233811081	16.44
425.5	0.15119795254244242	105.16
426.0	1.6864615802569078	120.953
426.5	0.6352626596286143	90.386
427.0	0.7937062582036992	73.42
427.5	0.1358405856263399	19.046
428.0	4.889767032866114	18.282
428.5	0.15291149072371726	19.235
429.0	9.171661080723329	70.401
429.5	1.803816302252221	110.995
430.0	1.4949501592565038	80.433
430.5	2.726579726726081	38.832
431.0	1.410333805663286	100.788
431.5	2.3386205981659103	81.04
432.0	1.6564516272402936	90.589
432.5	2.3081590848348017	70.009
433.0	1.5285942900312866	40.15
433.5	1.665884431368308	90.509
434.0	2.4423411372145205	90.987
434.5	1.590338567570648	38.173
435.0	1.8120801244503444	90.58
435.5	2.316726901972538	40.229
436.0	1.457396247286511	100.643
436.5	2.899947000960345	83.387
437.0	1.6589312411933121	112.591
437.5	2.2864564469859756	80.654
438.0	1.49097657304592	20.214
438.5	1.7329124126026922	90.23
439.0	1.5282381019675901	80.277
439.5	1.7602555732209895	60.405
440.0	2.132329591681918	108.691
440.5	1.9089099675071548	100.608
441.0	1.5076813498371398	31.452
441.5	1.5638315731112604	60.507
442.0	2.2297933635123965	20.134
442.5	2.473523688335191	60.582
443.0	1.7011435677622424	110.724
443.5	1.8308388525795336	80.576
444.0	1.6081375704859409	110.805
444.5	1.602520166427292	80.606
445.0	2.0164644486362375	50.177
445.5	1.4621650183592263	120.955
446.0	1.556474753264657	81.204
446.5	1.6197390289694185	120.016
447.0	1.1190340929360159	59.401
447.5	1.7976248010399856	69.885
448.0	1.8345589798294766	38.513
448.5	1.7293355305660352	80.765
449.0	1.4020455402485223	78.559
449.5	1.6345324937654375	81.723
450.0	2.2595557014651106	40.084
450.5	1.8995186196741447	70.548
451.0	1.269236163236685	39.596
451.5	1.5736453152350023	60.47
452.0	1.8954980477097838	38.608
452.5	1.340102710307887	23.462
453.0	2.3114401961888507	70.408
453.5	1.5736062132910051	110.698
454.0	2.604666001190119	40.129
454.5	1.557785532387883	60.492
455.0	1.5394344079171005	29.934
455.5	2.077296456144849	21.505
456.0	2.2121643364000145	38.549
456.5	1.6947324634061933	30.455
457.0	1.7919689023796823	20.186
457.5	1.9744217228764005	60.501
458.0	1.7467493199210316	70.478
458.5	1.4137094267133874	18.805
459.0	2.0104284088119773	70.155
459.5	1.7410371194796286	50.288
460.0	1.5479755737386354	120.875
460.5	1.7495643101204377	90.136
461.0	1.6883712283157157	81.196
461.5	2.046919291886637	70.22
462.0	2.022503887781159	80.413
462.5	1.3233930920720183	79.896
463.0	1.8085558658536711	110.722
463.5	1.6251040241941286	90.557
464.0	2.4391063821644434	97.237
464.5	1.252311604489281	19.108
465.0	2.0699540335694744	50.249
465.5	1.989901030080035	40.397
466.0	1.7715477530810562	52.384
466.5	2.3316341600965935	57.387
467.0	1.8881656110579654	40.588
467.5	1.6752914490845798	60.344
468.0	1.4733473144595408	100.912
468.5	1.8942288571119594	21.181
469.0	2.4167132863682856	72.765
469.5	1.4841684071253074	39.76
470.0	1.8188609812949086	22.487
470.5	1.799886522399655	25.285
471.0	1.4583130454439257	76.413
471.5	1.8162017052209563	18.683
472.0	1.9842466439840833	30.441
472.5	1.2156691334383087	107.077
473.0	1.9246618903046993	50.265
473.5	2.2014229285477955	103.125
474.0	1.8360843628672052	120.828
474.5	1.8209558984072727	50.467
475.0	2.0824904556090593	60.273
475.5	1.9659299616660133	100.89
476.0	1.7441226366088167	18.14
476.5	1.611564760971577	50.7
477.0	1.5172508897096622	60.541
477.5	2.537650767790402	50.161
478.0	1.7194198393146845	57.429
478.5	1.8614869727527283	19.866
479.0	1.6074710716771734	101.649
479.5	1.709939410024749	39.654
480.0	1.8297131970342078	40.467
480.5	2.1586437988750564	60.662
481.0	1.415228476837901	130.841
481.5	1.9879515556859884	42.395
482.0	2.3156233717816725	40.104
482.5	2.189612256130233	44.849
483.0	1.8206819880623015	36.222
483.5	1.9458552603860453	60.531
484.0	1.9164785340554906	80.589
484.5	1.957368620602667	50.366
485.0	2.088167311626867	100.795
485.5	2.0226893778979647	20.224
486.0	1.4398461717916946	100.744
486.5	1.4695654336258206	70.404
487.0	2.4170036419504015	99.385
487.5	1.678596089646749	140.979
488.0	1.5254774274222536	20.178
488.5	1.8809385503444698	100.522
489.0	1.7217097162008133	50.221
489.5	1.4940113581769225	48.092
490.0	1.7796759331385956	90.61
490.5	2.1748913035258304	90.744
491.0	1.746551375028551	105.558
491.5	2.30280204600514	70.552
492.0	1.266325733544151	70.66
492.5	2.3738470395447338	83.004
493.0	1.9534389485700812	40.868
493.5	1.6288803836452757	24.388
494.0	1.2743765128308806	40.808
494.5	1.683263862428923	19.863
495.0	1.9634206579089462	30.336
495.5	1.9237848609230743	60.454
496.0	1.1488439980422995	80.51
496.5	1.8451794682504374	103.139
497.0	1.4130332079161059	130.845
497.5	1.457450369246222	90.624
498.0	1.5275079044239257	19.53
498.5	2.053371400533919	57.385
499.0	1.5884024579898737	50.452
499.5	1.8783804823225712	120.824
500.0	1.57802556962703	20.91
500.5	2.6269013287945007	60.215
501.0	1.9021271438320746	130.914
501.5	1.5728263796610022	40.351
502.0	1.8436860013363936	20.382
502.5	1.42831880350531	110.695
503.0	1.697895857933365	70.498
503.5	1.9796212764685592	50.367
504.0	1.9789452950933684	50.346
504.5	1.7541896424627221	20.23
505.0	1.6763724709387582	71.665
505.5	1.2275290363382738	92.308
506.0	2.0792128329891892	28.001
506.5	2.4981527068899894	60.325
507.0	1.7501804049027556	90.725
507.5	1.8185723800349323	19.051
508.0	2.1201565931876716	100.909
508.5	1.9025073908846777	100.823
509.0	1.834085385576741	20.86
509.5	0.9922356692979899	90.624
510.0	2.2015521931991335	140.824
510.5	1.5675766887896747	40.688
511.0	1.1579634492717055	20.079
511.5	1.4381390796882698	24.907
512.0	1.461954475149988	110.891
512.5	1.700559507004526	50.357
513.0	1.6134272576370228	30.224
513.5	1.2820741804967193	90.601
514.0	2.4799681486244096	32.179
514.5	1.4050150484873152	73.036
515.0	1.8168317707324535	80.572
515.5	1.8891015311285322	77.317
516.0	1.4656523202751874	20.832
516.5	1.9800778243924448	23.399
517.0	1.8839940872372298	40.4
517.5	1.8682658223049768	100.699
518.0	1.7217594091139148	40.894
518.5	2.099224123843593	80.191
519.0	1.5103222611105909	120.818
519.5	1.6177754776772393	70.501
520.0	1.7783976459261368	83.957
520.5	1.7092304224546682	130.962
521.0	1.4419045199652631	80.502
521.5	1.281946314318603	23.134
522.0	1.7047616087692676	40.706
522.5	2.178405206023981	92.069
523.0	1.4444785748895115	80.793
523.5	1.743119184218914	20.346
524.0	1.4134303870741238	37.042
524.5	2.6416843134527483	50.391
525.0	1.293044449877503	51.851
525.5	1.7151767040021524	40.746
526.0	2.3093092761348464	73.818
526.5	2.0022860476754705	70.645
527.0	1.5584382362024611	80.598
527.5	2.559859338483434	80.483
528.0	1.390939616998083	121.703
528.5	2.188023905559644	100.827
529.0	2.075005345193499	110.619
529.5	2.502466850980177	80.663
530.0	1.985751134630275	104.473
530.5	2.2543442624335053	70.524
531.0	2.636216705844553	73.033
531.5	1.4397465824006102	60.506
532.0	1.484080109989923	70.432
532.5	1.6804321852647666	40.46
533.0	1.3462759228393224	39.763
533.5	1.9000218142005805	60.231
534.0	2.3668768428092957	41.05
534.5	1.3315425737121929	63.193
535.0	1.5895071233768896	64.7
535.5	1.6997111788382397	30.281
536.0	1.6112785821751479	70.422
536.5	1.4924035257132169	40.217
537.0	1.6787589806656962	127.465
537.5	1.9383262983012974	100.825
538.0	2.1023427575933895	28.903
538.5	1.5896935080505221	115.253
539.0	2.0144472205769968	110.717
539.5	1.9933862115449086	61.81
540.0	2.0856000646073256	110.825
540.5	1.5069829049519352	18.195
541.0	1.6441194083107225	60.386
541.5	1.6611138099891571	50.388
542.0	2.396125786272747	110.897
542.5	1.1048320313225664	110.646
543.0	2.0163992888110784	100.391
543.5	1.6077535928745672	39.611
544.0	2.2415483170469575	29.947
544.5	1.7222532208121573	60.401
545.0	1.9813895313005705	60.479
545.5	1.7115886064570283	80.5
546.0	1.9659149872139552	50.439
546.5	1.2332522590189396	43.198
547.0	1.9035588429525507	70.391
547.5	2.728967919295424	19.351
548.0	1.5926175020673952	40.281
548.5	1.9657676048001753	70.374
549.0	2.031667693370926	111.074
549.5	2.1290726974897467	80.394
550.0	1.6988418286124418	90.649
550.5	1.6209571837690162	18.72
551.0	1.7078877906893193	107.148
551.5	1.8335046969907378	39.751
552.0	1.7980469651519249	60.601
552.5	2.2151082186690148	65.055
553.0	1.523455394697256	24.706
553.5	1.8289101276634232	81.239
554.0	2.031867181327182	60.442
554.5	1.760200913192031	70.494
555.0	1.8846700953745383	80.614
555.5	1.7294527004565003	22.966
556.0	1.8127274044728012	19.749
556.5	1.6178747392183024	60.468
557.0	1.6757458470025974	20.189
557.5	2.009757347507265	109.044
558.0	1.7866435223530186	50.485
558.5	1.7423488262483107	50.421
559.0	1.9458418109334104	60.334
559.5	2.4122505929219398	50.411
560.0	1.559189254552325	80.474
560.5	1.6264062654600635	50.384
561.0	2.0387957494168583	110.786
561.5	2.137409983256415	67.466
562.0	1.7391110610594953	54.71
562.5	1.6975200470018124	40.445
563.0	1.700996547915737	42.161
563.5	2.6812762535423427	20.181
564.0	1.669297161135532	130.873
564.5	1.7868921567275922	91.223
565.0	2.407454132441229	96.982
565.5	1.47729299851984	65.599
566.0	1.5688688476832295	60.229
566.5	1.4698413935789403	62.79
567.0	1.7335831212134243	50.515
567.5	1.6934884209317553	99.178
568.0	1.384874528830951	70.526
568.5	1.7794717136078417	70.29
569.0	1.4833620057524957	80.588
569.5	1.6128827196605324	60.428
570.0	1.7033329298582012	101.547
570.5	1.6752106743368238	18.942
571.0	1.8743778118122612	99.035
571.5	1.941829934553347	80.577
572.0	1.3427823045745633	50.372
572.5	2.0993532641894292	51.18
573.0	1.9515481759517304	90.572
573.5	1.6013200428836762	21.428
574.0	1.6752772626319867	131.009
574.5	2.2230433228829773	60.4
575.0	1.4245157554479653	90.0
575.5	1.9394701072301215	60.467
576.0	1.3004653162485555	72.233
576.5	1.6552805127799186	80.847
577.0	1.9671826357448032	80.535
577.5	2.0728106150786534	130.948
578.0	1.7349621253782985	80.441
578.5	2.290091069225767	30.279
579.0	1.935957794446027	30.689
579.5	1.6716948847915567	80.593
580.0	1.4847505965078194	70.467
580.5	1.7292798662547595	40.16
581.0	1.4468964657503829	20.265
581.5	1.7179432268280024	60.302
582.0	1.6565953514221756	80.662
582.5	2.0889523790056175	60.553
583.0	1.5566588364096916	38.477
583.5	1.8739742792254697	70.388
584.0	1.6363171858227723	60.339
584.5	1.561116105931516	60.179
585.0	1.6717857848462718	69.911
585.5	1.721391231646665	59.926
586.0	1.807873348086244	90.686
586.5	1.7758507077502885	80.52
587.0	3.1551937967696615	25.107
587.5	0.6809462824776824	120.799
588.0	1.857085312317091	110.616
588.5	1.8780526549310612	90.745
589.0	1.9619231354958617	100.674
589.5	1.4399200665574277	80.632
590.0	1.588451337520508	120.793
590.5	1.5424967552082545	76.903
591.0	2.0557936820633835	130.905
591.5	1.7107352929810191	80.573
592.0	1.5939278413712814	70.934
592.5	1.5633964453181248	80.505
593.0	2.0384682291390273	134.498
593.5	1.375611137285984	130.918
594.0	2.2331551625453265	70.43
594.5	1.9138741277361668	40.234
595.0	1.1542944625152063	38.167
595.5	1.7784801316093892	110.951
596.0	2.22867447792745	19.698
596.5	2.941493549789778	19.637
597.0	0.6171822314263027	120.825
597.5	1.5896786432681802	60.312
598.0	1.5053618449375668	38.841
598.5	1.639618700390997	43.611
599.0	1.9711898364448945	18.897
599.5	1.9130851508250626	50.304
600.0	1.7191030809705492	32.593
600.5	2.2412489094390238	106.583
601.0	0.9652817600041278	80.489
601.5	1.4489927060834102	60.81
602.0	2.04144037895458	70.514
602.5	2.4135329131499264	50.375
603.0	1.3566957263484674	90.497
603.5	1.6233636587626379	82.546
604.0	1.957225139057295	40.041
604.5	2.1792950788137335	50.324
605.0	1.8089662498303072	40.301
605.5	1.4325464166071644	70.53
606.0	1.7177308816945216	60.146
606.5	1.629635520988007	120.872
607.0	1.4968726595809714	19.861
607.5	1.6830638129988253	80.529
608.0	1.5521857528450382	80.595
608.5	2.428611928978132	129.426
609.0	1.1941573949884539	100.736
609.5	1.7451560501831265	90.595
610.0	2.615837500012215	25.634
610.5	1.644511086404327	107.685
611.0	1.4019855939479424	92.893
611.5	1.6905088092189122	50.389
612.0	1.972018746651706	70.524
612.5	1.8951698124461154	60.496
613.0	1.3543606935008639	70.473
613.5	2.12505826980219	83.242
614.0	1.6681460441859182	110.839
614.5	2.170788626784441	110.625
615.0	1.5720641777111473	83.339
615.5	1.955864851838021	39.296
616.0	1.5499871395384717	80.572
616.5	1.5985094625001721	80.488
617.0	1.4878495335093846	67.84
617.5	2.149419347984371	50.382
618.0	2.3764220417313306	60.327
618.5	1.7036950878510242	40.369
619.0	1.9469459934881892	70.407
619.5	1.9602272928482243	84.5
620.0	1.8715996618697295	124.97
620.5	1.9413106506879525	20.218
621.0	1.4115336024218452	120.759
621.5	2.1437012385758347	70.337
622.0	2.488067133084719	23.857
622.5	0.9688619934212233	19.741
623.0	1.6433497176970802	80.483
623.5	1.8908355878831933	70.638
624.0	1.9533255270060441	60.432
624.5	1.1866264279143852	20.329
625.0	2.0319042315845577	20.244
625.5	1.9275293365787338	51.713
626.0	2.1190309302364607	52.334
626.5	1.5605885139686184	60.719
627.0	2.0893508243158267	80.349
627.5	2.024306448506049	20.173
628.0	2.1490461667108387	128.956
628.5	1.2672091648558628	24.593
629.0	1.7255449334722608	70.472
629.5	1.7576162595073865	19.91
630.0	1.7471749548022217	80.576
630.5	1.2653003703789976	23.238
631.0	1.8404728343578054	20.633
631.5	2.284665085064235	101.354
632.0	2.02581412060226	40.166
632.5	1.6470070232279228	70.279
633.0	2.5109851540195223	101.508
633.5	1.897049488944909	100.625
634.0	2.1246648207133902	37.607
634.5	0.9975876319691511	130.757
635.0	1.4845607302760366	100.539
635.5	2.6621202100968495	39.393
636.0	1.7922942902462502	120.825
636.5	1.3783869295489164	40.385
637.0	2.156127071963705	18.524
637.5	1.8618798652913557	70.551
638.0	1.6657284073982712	80.584
638.5	1.8112883422336756	70.536
639.0	1.7510943975205966	68.218
639.5	1.8655409704983958	59.109
640.0	1.8585337962608814	60.409
640.5	1.6593656378338488	80.076
641.0	1.9546129741869775	50.268
641.5	2.3830260206665073	90.751
642.0	1.632241460491747	20.292
642.5	1.4737284751946116	54.435
643.0	1.7359617411001391	80.609
643.5	2.1101241070992907	110.972
644.0	1.1443640929870582	60.467
644.5	1.3904249289361146	32.206
645.0	2.26726349297387	17.555
645.5	1.957762716075538	19.08
646.0	1.3067468211871331	20.301
646.5	2.4110286829093566	71.905
647.0	2.092476911254488	22.619
647.5	2.099268768571003	21.733
648.0	1.548138073462484	40.363
648.5	2.317239139979128	50.429
649.0	1.876058044761621	60.317
649.5	2.3276217891917237	80.588
650.0	1.266656865360802	23.85
650.5	1.5015583967664494	80.667
651.0	1.707068158555897	80.468
651.5	2.456756363237564	99.707
652.0	1.3304983115119977	40.087
652.5	1.9893265065551333	70.458
653.0	2.353926344492441	80.562
653.5	1.7145206966794528	100.757
654.0	1.2649609880455603	60.443
654.5	2.3028104419762956	60.211
655.0	1.4633951726017924	18.002
655.5	1.852435689048878	60.329
656.0	1.989944358325814	60.489
656.5	1.9565101907966145	100.739
657.0	2.2814227680064434	70.395
657.5	1.4723780993096334	80.629
658.0	1.947840730683756	80.43
658.5	1.5729525828864015	130.921
659.0	1.8039956754766724	19.34
659.5	1.8589649330963856	80.755
660.0	1.8745822045605192	90.614
660.5	2.1268240717683575	100.686
661.0	1.4284861333414065	110.713
661.5	2.062069994308895	80.854
662.0	1.8559883506167578	40.607
662.5	1.5251691156887657	40.691
663.0	1.8193750896721481	90.528
663.5	2.065958571330375	60.572
664.0	1.536280230880812	60.52
664.5	1.4952309208075423	70.516
665.0	1.9822839560686507	40.352
665.5	1.2607688164922892	70.587
666.0	1.7885290294025955	50.059
666.5	1.4893026045687048	121.002
667.0	1.538659772058944	80.54
667.5	1.9723175165150513	30.312
668.0	1.303750635460736	70.254
668.5	1.931544382810912	60.326
669.0	1.9692460039581912	65.916
669.5	1.5764588039784757	80.582
670.0	1.126977720052149	50.242
670.5	1.4541824016938387	100.838
671.0	2.012819639475705	103.857
671.5	1.2037858308878906	20.031
672.0	1.6444227960476634	29.029
672.5	1.8581459089496457	20.183
673.0	1.5727951438608108	29.695
673.5	0.991661929185549	70.562
674.0	1.6832437957133277	100.653
674.5	1.638108531874687	21.092
675.0	1.669429570998804	22.115
675.5	1.2792500908956705	100.148
676.0	1.6648818211607568	95.763
676.5	1.701476992787257	90.547
677.0	2.2138470762441584	38.237
677.5	1.5953991654066584	71.782
678.0	1.977467451285408	19.663
678.5	2.479331811992635	40.247
679.0	2.3651715979791477	38.392
679.5	1.2471896703752028	70.367
680.0	2.4399045841795175	70.461
680.5	1.6119457172252754	50.296
681.0	1.5474175851342882	51.49
681.5	1.7415216760695713	29.607
682.0	1.6614616983883428	70.343
682.5	2.3799968864700753	38.888
683.0	1.9496897672868272	39.122
683.5	1.3970179299461094	90.575
684.0	2.484302654488801	80.93
684.5	1.224753161237607	20.151
685.0	2.445263034287255	22.561
685.5	1.1164954227413932	43.652
686.0	1.8277515598131293	90.448
686.5	1.7673595324253952	22.457
687.0	1.7545725612030245	31.179
687.5	1.6541281505980885	24.176
688.0	1.6075447528853164	80.513
688.5	1.6877294423284477	50.268
689.0	1.924681867640756	64.565
689.5	1.4145406683676152	90.609
690.0	2.2829358952337038	70.495
690.5	2.061554062451098	100.567
691.0	1.7323604797322056	80.642
691.5	1.662404791893959	60.506
692.0	1.3467674033686348	90.757
692.5	2.1832351983964697	60.578
693.0	1.934718829928203	60.458
693.5	1.343744209448201	90.474
694.0	1.745922447169955	43.17
694.5	1.8040155168198853	80.444
695.0	1.7367947002606416	90.908
695.5	1.4534770835905648	57.481
696.0	1.7709539402425964	110.561
696.5	1.7840323760336176	50.253
697.0	1.8070270432976232	122.879
697.5	1.5772519195098764	39.728
698.0	1.7675111239501293	92.964
698.5	1.5521585211601878	111.523
699.0	1.201178891275456	40.241
699.5	1.6304340455536634	131.677
700.0	1.4630896167570575	23.419
700.5	1.948468125602345	131.014
701.0	1.5849617419198476	29.923
701.5	2.333626499807217	18.552
702.0	1.5269650794601597	101.266
702.5	1.7904556487917536	100.996
703.0	1.8582405338278212	62.893
703.5	2.0159928684836985	39.272
704.0	1.6075476474554828	70.279
704.5	1.8040035644081207	100.857
705.0	1.3596749305268476	100.581
705.5	1.3523001572617106	60.483
706.0	2.3264082338625114	92.835
706.5	1.702891027622738	80.631
707.0	1.9896589870554195	40.255
707.5	2.049915233022996	47.556
708.0	1.9652002923939627	18.702
708.5	2.35831089672808	30.302
709.0	1.5501818422807103	60.473
709.5	1.7134925907284513	70.483
710.0	2.2496582343966853	87.345
710.5	1.3770034044729307	80.535
711.0	2.005546537956421	80.568
711.5	2.118007079531482	111.056
712.0	1.7005574375080108	70.509
712.5	2.5963080688294715	70.54
713.0	1.8371140315580368	60.51
713.5	1.8140832694547921	60.759
714.0	1.3016883344660248	131.014
714.5	1.7081561175495203	90.723
715.0	2.24471344351623	60.748
715.5	1.7775797934828363	81.73
716.0	1.9836369541792478	141.822
716.5	1.1620134769358463	80.735
717.0	1.4592804056497306	40.286
717.5	2.250672030177786	50.344
718.0	1.3352554431859665	120.955
718.5	1.8610711866930347	20.922
719.0	1.38816016023688	121.049
719.5	2.2444135399228533	90.424
720.0	1.923683806259662	60.442
720.5	1.4136835558661962	80.588
721.0	2.1824008058828395	50.176
721.5	1.468512599541513	107.292
722.0	1.6549028949063447	130.955
722.5	1.6112670858447087	50.267
723.0	1.2975044146229346	80.557
723.5	1.9367743603579861	105.062
724.0	2.129901477876355	110.65
724.5	1.810357589273167	20.092
725.0	1.8057400838332547	102.74
725.5	1.7271119574404676	50.461
726.0	2.1245305494593194	38.819
726.5	1.988054476242225	70.599
727.0	1.7223421399882128	40.294
727.5	1.547516404568046	70.495
728.0	2.5642666459210823	40.521
728.5	1.9655763871559178	100.84
729.0	1.6620954103260341	93.416
729.5	1.8494546881563405	60.646
730.0	1.9970691472953643	21.835
730.5	1.2633133802570198	80.699
731.0	1.452948240315524	40.15
731.5	1.9664772304935232	41.234
732.0	2.4091598973561204	120.962
732.5	1.6430407163358227	60.368
733.0	1.2187394731710273	50.424
733.5	2.7483326086667708	73.076
734.0	1.4261228618608575	80.653
734.5	1.527127489903379	50.246
735.0	2.266733676456885	110.123
735.5	1.3766311353264786	76.334
736.0	1.7619518271582137	122.735
736.5	1.3897532151875007	130.856
737.0	1.8365959767720066	80.446
737.5	1.508337100105	18.886
738.0	1.9792194252499271	40.354
738.5	1.5426220020033208	60.487
739.0	1.706140960399554	20.182
739.5	2.040808602800032	70.476
740.0	1.6045278868916566	130.978
740.5	1.4415340173985172	21.587
741.0	2.2713754199994005	70.374
741.5	1.339810834131626	110.776
742.0	1.2850311526363254	80.649
742.5	1.6608431232321088	94.44
743.0	1.4452117748106792	120.591
743.5	1.7412916613800375	110.866
744.0	1.9806788224109302	70.556
744.5	1.6186648679391238	21.194
745.0	1.777671768284807	40.08
745.5	2.0048719184000836	42.39
746.0	1.3234130822984174	64.494
746.5	1.7454617651055953	60.471
747.0	2.085351832568643	100.448
747.5	2.3780459532097473	21.137
748.0	0.977574383372793	130.784
748.5	2.3266822520256616	80.65
749.0	2.4763653811317092	41.473
749.5	1.7226002612440845	80.596
750.0	1.7356813698411446	20.416
750.5	2.1440967109786984	120.533
751.0	1.4133975068083902	90.565
751.5	2.137778214032525	50.455
752.0	1.5460216248088294	60.446
752.5	1.5791539890732849	17.776
753.0	1.5954427438992158	50.262
753.5	1.7050846340302075	30.232
754.0	1.6711043737949944	110.677
754.5	2.1965910016948187	106.304
755.0	1.8418009456375652	90.472
755.5	1.9961018032243507	19.856
756.0	1.7532653548029091	105.828
756.5	1.7961521517438366	60.527
757.0	2.094271605441402	60.27
757.5	1.42104090930187	90.615
758.0	1.404999169927067	40.317
758.5	1.6526392260785332	58.054
759.0	1.8963929522070693	80.44
759.5	2.0508131618747862	19.38
760.0	1.1830428303266822	70.571
760.5	1.9736769195250337	70.701
761.0	2.429175110309986	80.539
761.5	1.51009472852046	120.793
762.0	1.4721548555287993	70.325
762.5	2.0325910733059236	73.234
763.0	1.5140429534449886	90.691
763.5	1.5494264024786017	20.166
764.0	1.6693871238067122	69.948
764.5	1.6974558617907287	41.985
765.0	1.6818853868426158	40.167
765.5	2.693423478646961	80.542
766.0	1.4407320684772766	70.638
766.5	2.1943379968972248	60.492
767.0	1.8760188856905973	110.831
767.5	1.6454919312556606	80.532
768.0	2.6449785178529743	59.082
768.5	1.2115520331462848	90.673
769.0	1.9855867085467762	83.982
769.5	1.6079803758830857	70.542
770.0	1.5742716120175948	60.341
770.5	1.565427454838445	81.959
771.0	1.182662452571357	80.424
771.5	1.8408926381821544	83.072
772.0	1.6960887289692081	110.81
772.5	1.4668716034849172	62.341
773.0	2.471113630507358	44.915
773.5	1.7707253468976833	61.64
774.0	1.5878386444812245	70.368
774.5	2.4038690060585717	20.256
775.0	1.6927689646123787	20.428
775.5	1.8407604575195096	19.867
776.0	1.43953880085397	90.6
776.5	1.849259045657562	20.141
777.0	2.350147244858004	19.369
777.5	1.5061255138832605	60.456
778.0	2.3589604154352606	50.406
778.5	1.604442056366524	80.542
779.0	2.4427096962642207	80.603
779.5	1.2418319046070938	64.437
780.0	1.6095797470162017	80.368
780.5	2.152335788736482	80.198
781.0	1.6954861714258176	130.718
781.5	1.4126677264138625	86.948
782.0	1.808475591225951	110.665
782.5	1.5807361061584673	60.328
783.0	2.058455365739154	82.414
783.5	1.2201619736694838	87.456
784.0	2.4175929316965394	80.816
784.5	2.100825526681485	60.126
785.0	1.799372924117336	80.637
785.5	1.4751574369004186	21.399
786.0	1.378050980141901	24.162
786.5	2.182511329605394	21.26
787.0	2.076757569992496	45.902
787.5	1.4803103089402805	42.684
788.0	1.623798615169576	80.333
788.5	1.9322351903790553	50.308
789.0	1.5158298896559634	39.842
789.5	1.3314171199262606	60.535
790.0	2.2206966933870005	30.303
790.5	2.5366207819344835	82.576
791.0	1.537418118124874	60.444
791.5	1.8525718601267012	20.94
792.0	2.096137554052364	60.722
792.5	1.9077795885434023	90.692
793.0	1.8313440258365576	80.622
793.5	1.9671142947922073	121.026
794.0	1.913028486758086	18.249
794.5	1.4583303957033489	49.89
795.0	1.6216422236011783	90.579
795.5	1.577616186534463	65.752
796.0	2.3262070480711037	60.839
796.5	1.4109628687915488	20.149
797.0	2.3895288648537227	90.94
797.5	1.547086030180789	76.516
798.0	1.8801985404604789	68.548
798.5	1.9510667695907975	70.293
799.0	1.7754246053867866	80.54
799.5	1.4300206089114273	20.216
800.0	1.974937485234065	111.09
800.5	1.468522701567267	70.434
801.0	1.7250530355638536	20.207
801.5	1.9927515048198194	38.655
802.0	1.7893886002411419	40.514
802.5	1.6571426658354325	106.311
803.0	1.8969356727629143	39.76
803.5	1.518760919647287	20.861
804.0	2.45343874384325	41.079
804.5	1.7963471900254184	60.27
805.0	1.9901092510156235	22.33
805.5	1.5049420287245647	81.612
806.0	1.7694615327186407	70.477
806.5	2.013291166837203	23.414
807.0	1.8030894004336147	39.847
807.5	1.6399810623325302	80.51
808.0	2.4425446911419284	50.286
808.5	2.1140622427023517	130.811
809.0	1.8726858019999708	90.619
809.5	2.3822478624335166	30.129
810.0	1.7194083247893084	70.224
810.5	2.031791817869334	20.296
811.0	1.4227590037566082	120.715
811.5	1.5583354796947395	40.273
812.0	1.8977711363646594	60.504
812.5	2.2283758348913953	80.289
813.0	1.028934290483625	19.748
813.5	1.6262119098472458	40.381
814.0	1.2884186503784163	19.697
814.5	2.5248879183326083	103.371
815.0	1.0291882195453934	110.705
815.5	2.0237988112217593	70.455
816.0	1.843192105865706	101.886
816.5	1.8200106612394293	130.939
817.0	1.0627772527970754	23.632
817.5	1.7413907449490775	50.347
818.0	1.9103169772637032	101.766
818.5	1.8345519566517454	80.561
819.0	1.9845211981441244	50.288
819.5	1.7423581760336426	80.567
820.0	1.7337017441717089	92.876
820.5	1.6838275458238052	62.896
821.0	1.2257725488333688	70.291
821.5	2.092765728797803	100.642
822.0	1.6516268866413875	39.023
822.5	1.7043339055871445	40.366
823.0	1.7221349152023606	80.843
823.5	1.7537756367930146	20.156
824.0	2.492160100403804	60.426
824.5	1.4105708592671857	70.57
825.0	1.923666457177207	60.331
825.5	1.5708724758111794	93.529
826.0	1.730787189671893	70.417
826.5	2.0052254815264514	50.311
827.0	1.3358994291284096	60.514
827.5	1.4361053083090378	32.253
828.0	2.252674024444297	50.295
828.5	1.985063043748559	50.437
829.0	1.7090212125601159	70.667
829.5	1.8191874944636923	70.584
830.0	1.856404025922102	80.642
830.5	1.5488903260983773	20.289
831.0	1.0260276188356485	63.069
831.5	1.855832520789257	18.039
832.0	1.9453243840341117	60.236
832.5	1.3063586212635758	60.558
833.0	2.060841585037302	60.551
833.5	1.5665380271811775	100.862
834.0	1.7070122964141667	45.465
834.5	1.550810037077777	50.238
835.0	1.825357147888653	50.469
835.5	1.2767084565753026	20.417
836.0	1.6033377148368975	120.848
836.5	1.350179081534009	18.378
837.0	1.7124797735929544	90.652
837.5	1.5709804480725542	80.567
838.0	1.463541599521237	100.86
838.5	1.366520618527636	100.608
839.0	2.443857700533436	71.215
839.5	1.56923364984026	110.623
840.0	2.1909981999002626	90.274
840.5	1.1758344088958976	90.653
841.0	1.7739956174083722	70.503
841.5	2.4727632226954235	60.46
842.0	1.1001609027859633	100.198
842.5	1.5240595007848174	52.02
843.0	2.0809692099548953	100.601
843.5	2.448481162583935	92.565
844.0	1.7574309255251803	21.112
844.5	1.957295207435581	20.895
845.0	2.0155972793179457	80.201
845.5	1.6800651154371353	40.82
846.0	2.171470707873518	43.842
846.5	0.5425112481784181	70.469
847.0	2.8902845602550724	50.055
847.5	1.3628196341881247	120.673
848.0	1.5470138278682841	137.134
848.5	1.3280332250263178	80.693
849.0	1.328905787785095	70.408
849.5	2.1259053719120065	54.843
850.0	1.8047461725891436	90.662
850.5	1.694317597980093	102.679
851.0	1.9343187873860679	70.339
851.5	1.6326470772208874	43.88
852.0	2.1838351888809377	80.651
852.5	1.5316634232185404	59.895
853.0	1.555025439529115	20.364
853.5	2.1523367633142625	60.453
854.0	1.6428158141375764	68.939
854.5	1.3796667849138202	102.139
855.0	1.96142602127526	60.434
855.5	1.6385190049972014	60.363
856.0	2.1459839721141387	110.839
856.5	1.6393192115735242	30.087
857.0	2.659016259775426	105.336
857.5	1.6788630102180067	60.486
858.0	1.5712182375091943	68.779
858.5	1.8122602479555168	90.603
859.0	2.0328675370259237	60.37
859.5	1.345902690233186	39.494
860.0	1.6614217995463338	120.954
860.5	2.1306920366832776	113.327
861.0	2.4630753978024686	53.952
861.5	1.536926140578063	131.127
862.0	1.49517968937217	80.419
862.5	2.5221125407965497	60.303
863.0	1.7208877424186158	20.151
863.5	2.1316969317410113	80.651
864.0	1.7953994937434379	30.498
864.5	1.729391416035361	19.439
865.0	1.8378387103116935	80.506
865.5	2.5192267275867093	43.69
866.0	1.0272199494536447	34.532
866.5	1.7079658878319355	105.034
867.0	1.3750684382481035	100.736
867.5	1.6382519445080201	70.475
868.0	1.4552604352521032	120.884
868.5	1.8544229142608304	60.495
869.0	1.5866104546329989	50.271
869.5	2.0538300614169955	50.442
870.0	2.0623595025212063	80.453
870.5	1.9815031477871705	60.17
871.0	1.1766880405238471	80.659
871.5	1.5662750333210769	70.513
872.0	1.4070110597235488	100.793
872.5	1.7228902483134407	99.045
873.0	1.6022401160048356	18.471
873.5	1.3156361210907757	38.023
874.0	2.077189939403475	21.239
874.5	2.4194421732650935	21.029
875.0	1.7971791912863166	80.67
875.5	1.2874379386826151	73.911
876.0	2.277217388739376	70.457
876.5	2.303596464414943	19.285
877.0	1.4478181682351863	20.788
877.5	1.5561539307886256	80.54
878.0	2.4148056284736676	101.539
878.5	1.13991397377277	22.297
879.0	1.9890827197820125	88.762
879.5	0.8829202654942466	65.091
880.0	1.6938828151014325	110.886
880.5	1.9546241748091888	35.647
881.0	2.3907298057894533	20.589
881.5	0.7752071879946363	60.486
882.0	1.5081329903622662	50.205
882.5	1.9359843542251156	40.354
883.0	1.7719293196247274	20.354
883.5	0.8485926463222825	60.402
884.0	1.8592994453791016	38.538
884.5	2.2662266407827167	60.343
885.0	1.7886920584321004	38.421
885.5	1.337133035677951	80.64
886.0	1.7031068323971237	70.507
886.5	1.8525069949179613	80.671
887.0	1.7970729843961635	60.396
887.5	1.309823407798396	80.471
888.0	1.4736168808939423	26.408
888.5	2.1982207776078093	81.007
889.0	1.65961230146364	22.671
889.5	1.4708277888777859	70.435
890.0	1.8075769656765874	66.494
890.5	1.7428619303145292	39.846
891.0	2.179034718069882	70.494
891.5	1.627538359635005	110.701
892.0	1.9073704300291108	40.941
892.5	2.3133133281103775	110.636
893.0	2.0120148591893927	111.682
893.5	1.1832264792415788	79.469
894.0	2.0367337623202677	28.425
894.5	2.095929228315601	21.165
895.0	2.3756339317802238	103.431
895.5	1.4357987219496815	100.91
896.0	2.0406166435517576	60.425
896.5	2.0049216846986373	120.951
897.0	1.486722717351929	113.181
897.5	2.1751941035466222	30.167
898.0	1.7789276032555963	62.966
898.5	2.537292058314965	20.05
899.0	1.0567991761480342	50.338
899.5	1.5673645766202247	65.205
900.0	1.5950851396724963	18.505
900.5	2.209232453547137	70.648
901.0	1.2264335125669827	60.495
901.5	1.9798587867916846	100.604
902.0	1.7427488637953923	80.561
902.5	1.7614447262660728	108.446
903.0	1.152889710349453	58.407
903.5	1.5945945300057542	60.343
904.0	1.9864507379343315	60.502
904.5	2.1687822917856407	125.223
905.0	1.9182981744747716	60.214
905.5	2.1577225366646853	60.112
906.0	1.9918829810282825	70.313
906.5	1.4530615009771626	30.238
907.0	1.7779236900867466	42.809
907.5	1.7731759260849052	17.972
908.0	1.8623567772695009	50.397
908.5	1.4996937892377495	92.004
909.0	1.997510894298315	50.304
909.5	1.7790846465397	50.495
910.0	1.5226448810848965	70.555
910.5	1.5655013818197783	50.357
911.0	1.7162444413612414	120.747
911.5	2.0222546866018125	70.506
912.0	1.742473130370066	22.602
912.5	1.6144994235006176	19.776
913.0	1.742082398302723	84.183
913.5	2.068561797041846	20.575
914.0	1.660888715724094	50.58
914.5	1.511429911934429	20.907
915.0	1.932702041801594	70.523
915.5	1.7529846808827911	60.504
916.0	2.5662836733112244	49.898
916.5	1.425915047563301	80.072
917.0	1.3599375356026455	100.621
917.5	2.135460198480199	70.547
918.0	2.1225755345072965	99.679
918.5	1.0565756039053908	73.544
919.0	1.8733212509322528	80.513
919.5	1.6058800973122236	60.422
920.0	1.9899257599497613	80.521
920.5	1.4179027516791092	72.838
921.0	1.9417503831631822	70.294
921.5	1.846926598346991	70.48
922.0	1.7926890192938474	90.649
922.5	1.3573909332993475	96.485
923.0	1.592878117332194	78.978
923.5	1.7730455691382097	17.993
924.0	2.4358287688608034	18.633
924.5	1.3263417563106024	80.49
925.0	1.6946794423285207	72.859
925.5	1.8581930974749536	42.162
926.0	1.8790387664555557	60.468
926.5	1.3024590669644212	102.224
927.0	1.5983802197803234	80.39
927.5	2.316210408097314	20.166
928.0	1.950046651871498	60.44
928.5	1.6800814521657261	18.79
929.0	2.4227647674477564	71.916
929.5	1.3424626298499371	30.168
930.0	2.086016768505564	20.254
930.5	1.776123776441207	41.538
931.0	2.1067107606195408	70.449
931.5	2.579854491233647	22.753
932.0	1.3302567538825965	70.457
932.5	2.0818828103499523	91.236
933.0	1.9437764988445416	70.952
933.5	2.2185025859130674	90.566
934.0	2.177233609798601	60.404
934.5	2.007910097872916	38.171
935.0	2.1809041052418663	70.45
935.5	1.3873134955694222	38.905
936.0	2.0904283156689583	50.39
936.5	2.480855210761152	25.07
937.0	2.0191446517216014	90.571
937.5	1.7460551766941104	60.371
938.0	1.7173200279088012	46.599
938.5	1.7785276550747682	80.655
939.0	1.6869802709705293	100.082
939.5	2.1487832210168163	38.731
940.0	1.5149894655728386	89.61
940.5	2.019894859076764	40.697
941.0	1.5892942065772264	70.466
941.5	2.410888639039945	80.444
942.0	1.6768612578574056	66.359
942.5	2.0466928322559	25.467
943.0	1.749258253212734	60.247
943.5	1.3130025067203006	110.941
944.0	1.5444872919930117	17.997
944.5	1.8043962090825538	101.176
945.0	1.8001681611581302	110.689
945.5	1.6990408752934114	81.15
946.0	1.4737759577235836	70.43
946.5	1.6421797010223345	131.028
947.0	1.826864449975017	90.539
947.5	2.3778176465343934	100.613
948.0	1.3414449398432802	125.918
948.5	1.7956425519003585	79.611
949.0	1.827677364127559	101.044
949.5	2.112450965810833	20.994
950.0	1.1914871605670974	38.005
950.5	1.8244636601849562	31.643
951.0	1.5931826603792874	90.496
951.5	2.0953644192571397	90.727
952.0	1.2395731304095798	100.742
952.5	2.2363398790652993	50.467
953.0	1.9541356603287796	60.393
953.5	1.769626130157829	100.751
954.0	1.8846469756809454	80.607
954.5	1.7108508316968636	99.604
955.0	1.4507868715368066	90.433
955.5	1.6776344686943994	70.623
956.0	1.3261916041548274	70.423
956.5	1.8848821365538495	80.683
957.0	1.7386373095479508	130.845
957.5	1.79135919187096	80.516
958.0	1.6176087273801256	60.42
958.5	1.8208470686367022	90.654
959.0	2.039424674030939	93.108
959.5	1.736135883695018	80.626
960.0	1.4565659923542489	80.45
960.5	2.096293158160493	100.571
961.0	2.296654692278626	69.708
961.5	1.1541034807662423	60.481
962.0	1.8477084101111825	80.473
962.5	2.2235529858493344	70.706
963.0	1.8779045134652341	121.089
963.5	1.361756037937814	40.351
964.0	1.7274501901929904	37.485
964.5	1.4341227421428038	70.485
965.0	2.5527783472193817	22.831
965.5	0.9810295729201042	40.364
966.0	1.642815951253644	100.693
966.5	1.9233307312067018	22.798
967.0	1.8507727386694501	38.118
967.5	1.3239496266506776	70.506
968.0	1.7862175932618354	50.405
968.5	1.6579022556286616	67.739
969.0	2.314172181964811	20.008
969.5	1.1469199007268978	50.309
970.0	1.7938425566701144	120.902
970.5	1.4697218222277648	60.42
971.0	2.4301767919410153	60.728
971.5	1.6890153059133006	60.544
972.0	2.0012939839077237	60.673
972.5	1.4108124960019786	41.076
973.0	1.6019247648138732	90.719
973.5	2.107020852170824	26.8
974.0	1.5061023175254782	101.596
974.5	1.3934202877448079	30.772
975.0	1.9869836552007778	66.883
975.5	1.7441435630076785	40.361
976.0	1.5596064643938843	100.701
976.5	1.9517740887832244	80.402
977.0	2.3263895463268693	104.794
977.5	2.0063846748270366	90.643
978.0	1.9253036518526627	20.296
978.5	1.4669221232343548	80.594
979.0	1.8150572513450192	60.469
979.5	2.3454500048784217	40.295
980.0	1.4467183800542682	70.467
980.5	2.439112668094616	91.228
981.0	1.3033674840963814	18.752
981.5	1.8842006644619325	80.572
982.0	2.3356882384474886	82.123
982.5	1.2473618565074358	93.704
983.0	1.8081023911907073	70.613
983.5	2.2194868122148383	60.573
984.0	1.7734706642336129	59.629
984.5	1.9293682026920427	74.569
985.0	1.560433176833133	80.386
985.5	2.009621881837791	40.213
986.0	1.6399808946929455	80.475
986.5	1.4756819870617752	105.285
987.0	1.6065435892864557	110.768
987.5	1.6312274406484089	31.153
988.0	2.0331099335568474	20.324
988.5	2.033389198410521	39.094
989.0	1.0704375221744278	40.888
989.5	1.7661015187539644	60.405
990.0	1.8949024575676394	70.565
990.5	1.786321232742398	39.449
991.0	1.2521421113612572	90.556
991.5	1.609137906093511	18.094
992.0	1.5815708486463198	50.398
992.5	1.8793255682855465	90.774
993.0	2.1385238036002554	70.444
993.5	1.9244484796272314	19.075
994.0	1.5966835486875928	20.861
994.5	2.1207917859659293	50.272
995.0	2.1782494759407203	100.583
995.5	1.6612481947019204	80.749
996.0	1.381486593153705	110.992
996.5	1.2559533462955716	39.701
997.0	1.3932213035089387	90.466
997.5	1.4934298563976771	21.651
998.0	1.5482479372436413	60.466
998.5	1.2017818528942386	19.144
999.0	1.9520498523833285	110.952
999.5	1.6538023375237407	70.584
1000.0	2.1445263533871812	21.81
