0.5	0.14687296725521656	9.238
1.0	0.14913566212157742	139700438159.984
1.5	0.1709682144320686	17.83
2.0	3.4884171125808554	236.989
2.5	0.7302722922657046	111.964
3.0	0.9323948747154858	167.457
3.5	0.12777127296011867	159.81
4.0	5.620966269732092	274.814
4.5	0.15204665679557844	10.769
5.0	3.88647491910312	29.899
5.5	2.491542173056749	16.817
6.0	1.6529793869698521	43.484
6.5	1.9603958231092034	70.392
7.0	2.8508642040978325	14.611
7.5	2.6628991486733677	70.53
8.0	2.0057519933702643	90.588
8.5	3.110719934930856	113.71
9.0	2.0768714840418863	50.35
9.5	2.4436273873593355	100.495
10.0	1.5100684857970923	130.836
10.5	1.559603787706992	30.139
11.0	1.6331919632767222	17.149
11.5	1.9422588007257309	100.809
12.0	2.043380969680268	16.883
12.5	0.6316887924743001	29.013
13.0	1.2669726046243137	20.348
13.5	1.7431178815970705	59.301
14.0	1.9263418681616618	80.488
14.5	1.740310340275728	90.418
15.0	2.4450534666587362	81.641
15.5	1.7357864084173213	90.298
16.0	1.8779957439994537	90.622
16.5	1.936975789818322	60.317
17.0	1.8483086306357215	110.63
17.5	2.5716156981146407	100.523
18.0	2.142478877845998	40.281
18.5	2.128000922919121	55.641
19.0	2.4444392793856538	93.802
19.5	1.6688825521617616	67.091
20.0	1.989194333129395	63.395
20.5	2.4827349782484402	116.273
21.0	1.6815668062151443	93.736
21.5	2.1445340760285054	50.406
22.0	1.4793166883217026	60.492
22.5	1.6464354675311434	90.634
23.0	1.2433201992105873	40.468
23.5	2.485454260796604	50.356
24.0	2.3580973122695563	80.482
24.5	1.7122176305178385	73.727
25.0	1.4340301879798456	60.27
25.5	1.7552453394085161	90.663
26.0	2.2753121509267813	20.156
26.5	2.273012232421928	11.065
27.0	2.2264766719339737	11.882
27.5	1.4033721679749682	30.279
28.0	1.7498564659919882	50.551
28.5	2.4726458888175915	74.063
29.0	1.7414737091867643	19.958
29.5	1.6948749466827653	31.332
30.0	3.2478886971847176	11.673
30.5	1.0711304239862143	30.226
31.0	2.1173387411157543	40.309
31.5	1.451752488142347	80.522
32.0	1.9998143618136879	80.671
32.5	2.005934455731453	29.689
33.0	1.5419686365139575	20.416
33.5	1.189593491416737	90.603
34.0	1.442376808483287	97.206
34.5	1.7663196243166406	21.461
35.0	1.35481656736799	9.365
35.5	2.2400827011643454	54.198
36.0	1.617978416251352	105.336
36.5	0.8989451031660012	71.454
37.0	1.85667808516951	60.623
37.5	1.5351044801521758	133.786
38.0	1.6516438255952386	70.664
38.5	1.6039200864951388	120.243
39.0	2.0499148710315396	107.349
39.5	1.6354973141195488	82.51
40.0	1.51001431483777	121.286
40.5	1.643792110250101	50.361
41.0	2.108827346768187	30.192
41.5	1.636849336240914	130.664
42.0	1.8437420212740152	20.1
42.5	1.4651910062068187	101.476
43.0	2.4982334365414602	42.207
43.5	1.9852456680499988	61.552
44.0	1.725644102724639	89.351
44.5	1.5408697151445745	90.689
45.0	0.1244674675298875	22.862
45.5	2.442718752676151	37.573
46.0	1.6625923056130316	50.611
46.5	7.711948833277601	50.65
47.0	1.6103951101150344	110.81
47.5	2.1064113799166964	44.036
48.0	2.22989591971211	31.793
48.5	2.0602445721352436	14.056
49.0	2.320891412524911	110.824
49.5	2.2715290931598138	30.204
50.0	1.73146770183309	90.642
50.5	1.5185498359798597	130.98
51.0	2.0827727478842064	60.257
51.5	1.6479341399066554	70.527
52.0	2.1518934250000656	11.158
52.5	2.370735292363695	20.16
53.0	1.7283490350434092	90.384
53.5	1.5609693293365052	30.817
54.0	1.719063569644586	80.474
54.5	2.367074641750705	404.384
55.0	2.481157528364381	10.523
55.5	2.3525898391003977	50.323
56.0	1.7707525885275868	110.683
56.5	2.1162626889741487	90.716
57.0	2.1039244083610162	111.04
57.5	1.7650745221316617	14.448
58.0	1.6075756382611393	40.301
58.5	1.5523873215437507	14.276
59.0	1.2675824671690494	120.914
59.5	1.7587660579437858	120.916
60.0	1.9103489668508178	90.596
60.5	2.0659604749348794	30.182
61.0	2.165744778768603	90.517
61.5	2.0514987522499637	70.535
62.0	2.0455188926409837	107.785
62.5	1.6706759910988704	79.998
63.0	1.876131195035697	80.609
63.5	1.915712160226636	80.626
64.0	1.6139373895494158	91.065
64.5	1.6293841693277737	91.047
65.0	2.058599013321779	100.396
65.5	2.0909137187227786	100.35
66.0	2.0151139981159734	70.367
66.5	1.7053322779798377	70.422
67.0	1.460463974110223	20.27
67.5	1.8887198051567835	20.191
68.0	1.7462592147683043	40.143
68.5	1.6596055874072204	12.634
69.0	2.226940108068959	13.36
69.5	1.6222932968549515	13.335
70.0	2.202128859635381	7.896
70.5	1.8854520482796	103.521
71.0	2.125669114333536	76.723
71.5	2.2886328937326987	98.324
72.0	1.613822040466527	20.136
72.5	1.8396068834431067	20.116
73.0	2.5899790253163903	60.235
73.5	2.935272479345147	9.81
74.0	1.0131959881751016	100.545
74.5	1.1134392531257662	31.272
75.0	2.0835598295430913	50.418
75.5	2.1471404513514263	90.579
76.0	1.6366776374107561	90.103
76.5	2.222990952440339	127.491
77.0	1.5756112930300448	100.521
77.5	2.450602760644275	64.578
78.0	1.1975525892080718	20.204
78.5	1.7892923559806015	10.622
79.0	1.7324509035665328	110.824
79.5	1.9262837497662046	70.402
80.0	2.192171816806592	90.549
80.5	1.8351602271650709	52.087
81.0	1.799374245522356	100.743
81.5	1.830236232865494	61.593
82.0	1.761116947749531	70.39
82.5	1.8634144443171727	61.925
83.0	2.0152914080203863	110.776
83.5	1.545042483915027	90.495
84.0	2.236414342234187	26.714
84.5	1.4871399898148598	51.617
85.0	2.0646274213679128	103.113
85.5	2.0802195072616008	13.554
86.0	1.4648031575599592	111.05
86.5	1.9863657114745212	394.639
87.0	1.4845635746276573	221.988
87.5	2.0042933610843434	253.005
88.0	2.5107254443678486	41.178
88.5	1.708000715490163	94.755
89.0	1.6515657475274117	80.648
89.5	2.029549982350734	110.743
90.0	2.433605617505205	60.447
90.5	1.1975040359582925	111.338
91.0	2.032719604988644	143.483
91.5	1.5208300370946803	30.213
92.0	1.6504753653119477	120.496
92.5	1.894512713512639	80.543
93.0	2.224360594100909	100.633
93.5	1.8222425994396425	94.06
94.0	1.7201335754737443	292.918
94.5	2.1147338132000066	141.285
95.0	2.2312841841781963	202.218
95.5	1.4890276766259456	192.19
96.0	1.6461991907915465	100.791
96.5	0.8224537122086687	552.07
97.0	1.422989580885882	1012.487
97.5	1.8768766213716366	118.518
98.0	2.0816674590495876	100.677
98.5	2.7057897740594696	69.191
99.0	1.96135286370569	53.251
99.5	2.26020348731559	116.349
100.0	1.4763620720260335	80.241
100.5	2.7103149250099983	20.376
101.0	1.7647209277480165	20.127
101.5	2.576644923520688	117.87
102.0	1.9308543789804824	80.599
102.5	1.768083978149669	80.615
103.0	2.5911595393220432	20.249
103.5	1.7766621505311622	100.477
104.0	1.7487673901644099	72.845
104.5	1.4409344510752078	70.444
105.0	1.9979835218502269	30.209
105.5	2.0117390787355127	90.653
106.0	2.2806403625889637	20.258
106.5	1.6835752210561346	90.752
107.0	1.9479992195797824	20.034
107.5	2.2578772216137457	126.333
108.0	2.2407091912057195	90.675
108.5	2.5964255445165003	56.78
109.0	1.5089365807051374	67.971
109.5	2.349323138715066	40.231
110.0	2.1202722661957396	9.962
110.5	2.4354158134856116	65.187
111.0	2.142529081924772	70.212
111.5	1.8860636664718646	74.408
112.0	2.0972270731297	99.26
112.5	1.5921197249808445	111.443
113.0	1.9165601615711185	102.467
113.5	1.8047838507742868	100.473
114.0	1.4859474587545685	129.791
114.5	2.601026713534694	40.098
115.0	2.0529719637182553	121.03
115.5	1.718450287201613	39.486
116.0	1.8996527247064674	66.803
116.5	1.6112194956025514	34.578
117.0	1.909107694699603	20.114
117.5	1.8388127313612135	11.326
118.0	1.698391669590764	80.021
118.5	2.1311901919247225	30.209
119.0	2.0975969831645407	31.669
119.5	2.2492433129661324	20.211
120.0	1.527967431123375	84.169
120.5	1.8405640884003835	60.508
121.0	2.0166139913994803	80.477
121.5	2.6842063324188854	30.189
122.0	1.8462845591481778	49.883
122.5	2.2464527588588785	86.898
123.0	2.22732345182995	62.758
123.5	1.8907949635922916	120.98
124.0	1.7934498741324105	70.453
124.5	1.5100835156661625	70.502
125.0	1.9552591768574397	60.338
125.5	2.477249863008476	9.055
126.0	1.4064216034932455	90.661
126.5	1.6205923719053226	30.183
127.0	2.1862628971562987	90.547
127.5	2.0375836318978364	120.905
128.0	1.5075656209144161	53.496
128.5	2.5408916707144624	121.715
129.0	1.6095492479932094	33.071
129.5	2.1538338627584594	80.558
130.0	1.6801811566777152	50.432
130.5	1.6731129741815423	20.252
131.0	2.2288601992769514	81.751
131.5	1.435921389446607	100.681
132.0	2.323769572767237	60.179
132.5	1.6930300641916036	41.515
133.0	2.4916321118875033	20.217
133.5	1.4259831236795708	111.799
134.0	1.8462022049357913	32.509
134.5	2.5320300105479165	30.207
135.0	2.076392319923575	45.932
135.5	1.7339617904790894	70.58
136.0	1.5307076833500821	29.986
136.5	1.9296094926121141	30.195
137.0	1.843463569567912	80.379
137.5	1.4941402709924994	40.239
138.0	2.015869799805771	110.821
138.5	2.0060135545310893	30.67
139.0	1.5417787747988314	90.674
139.5	2.4932860647239643	90.578
140.0	2.523803523920957	20.23
140.5	1.5050211729641363	49.524
141.0	1.957018484868912	90.454
141.5	1.2208702206408375	70.551
142.0	1.6461227920573926	20.132
142.5	2.439725765963612	40.41
143.0	2.4786905768496816	70.783
143.5	1.649500851181803	35.936
144.0	2.0525456145575194	142.219
144.5	1.608418105508166	113.032
145.0	2.09520591101316	91.474
145.5	1.6963773919229264	130.687
146.0	2.3642640257172616	33.782
146.5	2.1840031201057846	90.488
147.0	1.7609920264243866	100.616
147.5	2.430198436626179	70.394
148.0	2.1578210033088085	111.093
148.5	1.4806185008900945	20.158
149.0	1.823037380022808	30.478
149.5	2.3824464327658528	80.385
150.0	2.301483784617809	60.536
150.5	2.2518919244405238	110.789
151.0	1.6486371977431382	60.314
151.5	1.9492685827748366	120.518
152.0	1.859696429803344	80.646
152.5	2.4710949670590794	25.268
153.0	1.4750749756483597	30.276
153.5	1.7296958206281374	121.488
154.0	1.681158070622564	70.48
154.5	1.9630001067075649	40.444
155.0	1.9704615706518076	70.689
155.5	1.9394601610469027	118.662
156.0	1.7774862908755868	20.055
156.5	1.8122230798018464	90.691
157.0	0.1757138636704625	30.561
157.5	1.9046518843747986	70.416
158.0	11.515450224280317	122.097
158.5	2.251275541395456	110.684
159.0	2.383163836498311	100.76
159.5	2.464588765140068	50.178
160.0	1.4199308605202585	30.211
160.5	1.7749495861338722	80.419
161.0	2.090217826007287	40.506
161.5	1.8292921951863532	50.432
162.0	2.2421547107147597	100.559
162.5	1.8240795932754017	9.609
163.0	1.6856552836761103	8.852
163.5	1.997512660409178	44.373
164.0	1.711444687223823	9.534
164.5	2.4236592912799084	70.645
165.0	1.592308524240781	81.252
165.5	2.3983780162044464	80.296
166.0	0.14514825134399065	14.61
166.5	2.1589544271235304	10.162
167.0	10.259155440832298	90.47
167.5	1.9318950852521615	61.756
168.0	2.547445751200033	50.566
168.5	1.7023566867348296	90.654
169.0	2.645520416760256	73.274
169.5	1.872052906706646	39.573
170.0	1.786784471449565	30.428
170.5	2.248220421645451	80.495
171.0	2.0340039501178544	37.027
171.5	1.6950078371052937	100.702
172.0	1.8090218857339557	80.583
172.5	1.9915317527403784	49.336
173.0	2.6069056973998994	30.005
173.5	1.520992000770925	20.184
174.0	1.654743410505776	80.577
174.5	2.5575796037931084	60.38
175.0	1.6056795438181972	110.883
175.5	1.8099754241678434	383.558
176.0	2.4598764411559904	110.727
176.5	0.1228677799132047	54.785
177.0	1.6692739930943306	67.51
177.5	9.134152248780667	59.573
178.0	2.3547658515976573	41.96
178.5	2.1916607135340582	60.884
179.0	1.6783881311065194	8.966
179.5	2.1284874322708647	50.393
180.0	2.227405626239229	80.447
180.5	2.0176361455144827	60.469
181.0	2.1179174897535495	72.18
181.5	2.0942863489150167	90.543
182.0	1.9567585816434083	61.803
182.5	1.8374115241494258	100.627
183.0	2.2473710409579115	120.84
183.5	2.144933247854831	100.596
184.0	1.983750432162651	80.559
184.5	2.8518383699612913	92.083
185.0	1.4827819859330726	110.867
185.5	2.448692198866304	80.646
186.0	1.727815749173826	20.126
186.5	2.0161588362742235	9.411
187.0	1.94875845835085	110.611
187.5	2.2670076219148787	118.627
188.0	1.6091478610166003	30.212
188.5	2.578942439052854	40.307
189.0	1.5395390760118004	60.542
189.5	2.307514627833379	20.188
190.0	2.4463931887111086	30.335
190.5	1.8988020249408566	13.618
191.0	1.9905412764097654	90.561
191.5	1.9015052042866278	40.265
192.0	1.657622384743944	50.444
192.5	1.6740549082135212	90.446
193.0	1.5368760090860913	100.092
193.5	2.254592535380225	41.362
194.0	2.0117751572752725	30.209
194.5	1.4800141317738922	130.943
195.0	1.7654845840397573	70.178
195.5	2.2050531361863928	60.245
196.0	2.3965608356368735	71.474
196.5	1.081110248706296	24.162
197.0	1.5333782053479246	55.515
197.5	2.1853391437529117	65.522
198.0	2.34845852723891	50.344
198.5	1.0892471014397942	110.747
199.0	2.118213623074226	61.488
199.5	2.508255875102323	100.395
200.0	1.847890323724616	70.596
200.5	1.6113888192520232	70.499
201.0	2.8060874792466213	70.951
201.5	1.6197238975905854	20.197
202.0	1.2943690817028266	61.992
202.5	1.5923203685881835	11.329
203.0	1.6299598626575103	100.663
203.5	2.307067880904872	80.559
204.0	1.8532065727104494	100.462
204.5	1.8664154475722172	120.91
205.0	1.7124427090391519	60.2
205.5	1.9304680244495458	90.637
206.0	2.4456498902515564	90.474
206.5	2.1680386563753133	74.173
207.0	2.0259291012368696	70.604
207.5	1.5829154799272886	49.26
208.0	1.2193161244619353	40.408
208.5	2.3173098585478478	12.932
209.0	2.642508584433114	20.13
209.5	1.5675387564410177	40.381
210.0	1.9123511357195566	82.614
210.5	2.044423140321988	32.893
211.0	2.714553870848391	70.126
211.5	0.9183256728489627	90.601
212.0	2.138192514774703	60.445
212.5	1.7314317838997098	40.217
213.0	1.3802618984191883	127.843
213.5	2.411218710912455	80.35
214.0	1.7132936780443648	80.58
214.5	1.9420647434248695	20.145
215.0	2.218390849506241	100.682
215.5	2.0917374242438895	60.415
216.0	1.5936467679612676	30.06
216.5	1.9977206319317395	20.134
217.0	3.098130842403802	92.094
217.5	1.3401775028970586	20.779
218.0	1.8436872386527667	30.26
218.5	2.0778001827536317	80.532
219.0	2.1185659363240252	85.264
219.5	1.8984773805231574	40.272
220.0	2.3012722487385866	24.486
220.5	2.0485217290791957	51.299
221.0	2.010963884266833	26.378
221.5	1.7150695115836263	20.116
222.0	2.058000703055582	20.104
222.5	2.7946157645991163	80.057
223.0	1.6507286605679974	50.373
223.5	1.7099058161464262	50.436
224.0	2.5212524566711005	41.283
224.5	1.5782109339729575	120.902
225.0	1.7040827015348479	80.537
225.5	1.6875616707224177	9.727
226.0	2.4955438929624263	50.391
226.5	1.438114139232994	110.724
227.0	1.5813756237320433	33.378
227.5	2.037247069888157	90.594
228.0	2.084017806261695	70.614
228.5	1.822435144335479	70.664
229.0	1.7905512745722987	100.666
229.5	1.626660928086354	31.815
230.0	2.8004775920782294	30.187
230.5	1.4032030503045392	60.431
231.0	2.4147370447569436	20.068
231.5	2.2694615916810337	8.928
232.0	2.076426342476104	137.334
232.5	2.0283035608833706	30.216
233.0	1.8492824830194272	11.69
233.5	2.0479785896479346	50.48
234.0	2.2525633757654546	30.24
234.5	2.169918014880204	8.996
235.0	1.9096522124614772	69.481
235.5	2.6878199410571506	40.216
236.0	1.932745399852963	30.26
236.5	1.7200806335582184	61.894
237.0	2.188096759114095	110.739
237.5	2.219380090113292	101.793
238.0	2.07688198808114	52.048
238.5	0.12354480503648634	17.35
239.0	1.8951692878436501	120.528
239.5	11.87498157486407	50.579
240.0	2.4706014529702016	151.847
240.5	1.8827811906526792	100.897
241.0	2.4546993608577004	90.651
241.5	2.0434046768423952	20.176
242.0	1.6779370112485805	67.352
242.5	1.806174688979314	56.949
243.0	1.9274049965477056	50.266
243.5	2.2097515125019487	100.037
244.0	2.2732364778997125	85.494
244.5	1.9301966293708452	60.596
245.0	2.747208352340456	19.537
245.5	1.7726557699968606	40.394
246.0	2.0850941284265607	20.162
246.5	2.0395953137595155	11.731
247.0	1.7823605018469428	70.33
247.5	2.309269005802014	50.457
248.0	1.140864080646647	78.287
248.5	1.8993713428655274	30.173
249.0	2.544101050502043	43.228
249.5	1.6605043494140128	90.389
250.0	2.069002188788974	90.406
250.5	1.9604185098938602	40.257
251.0	1.9928206662013295	110.777
251.5	2.5092079142399033	30.233
252.0	1.886178612524547	120.766
252.5	2.1584280926682213	120.827
253.0	2.1745810081581367	90.65
253.5	1.6393018834472879	50.347
254.0	1.7553071456403038	70.559
254.5	2.6429888817281864	121.423
255.0	1.4846345774682836	110.685
255.5	1.9132348005305047	90.494
256.0	1.7475171341086906	80.551
256.5	1.9189844394187867	70.556
257.0	1.7090782084008347	90.359
257.5	2.1226537939909274	100.656
258.0	1.8307003858140656	70.582
258.5	1.9694230584084491	33.398
259.0	2.1247765155315803	110.729
259.5	1.7927547622821804	60.403
260.0	1.7498578244640517	30.241
260.5	1.7680471857996811	40.259
261.0	1.687747198339336	19.656
261.5	2.0470326140490043	40.339
262.0	1.8462242653668681	10.359
262.5	2.193782599485761	29.754
263.0	2.2353138322215496	9.681
263.5	1.6667802513540946	50.24
264.0	2.263000484983209	51.397
264.5	2.629377653398828	30.134
265.0	1.5926790486045015	120.827
265.5	1.2493196705608713	42.089
266.0	2.5237497413329106	13.069
266.5	2.094979495681236	59.258
267.0	2.505940026752711	70.453
267.5	1.6075057245436435	112.464
268.0	2.1763027227415206	52.963
268.5	2.0493032013455923	91.914
269.0	2.781135733519935	20.212
269.5	1.3805811301363686	40.48
270.0	1.8641264145529446	40.681
270.5	2.530855915134309	101.982
271.0	1.7295131255129046	110.782
271.5	1.8108761797625255	120.692
272.0	1.9849352632935273	100.671
272.5	1.7864172677567063	110.891
273.0	1.6907069002106736	70.449
273.5	1.5724154713583263	41.725
274.0	1.8633011652355937	40.027
274.5	2.184833984803803	20.766
275.0	2.0564957413382046	36.812
275.5	1.7041978421698887	52.827
276.0	2.057288574435895	20.088
276.5	2.714443822809698	29.957
277.0	2.0317654362108564	70.531
277.5	1.8100986044957608	80.552
278.0	2.0521307064344567	61.354
278.5	1.819652083204114	100.456
279.0	2.0945586662648172	13.677
279.5	1.7227261218339287	70.373
280.0	1.1182603313796724	134.939
280.5	1.2687746749927702	50.942
281.0	1.7402011079651647	8.897
281.5	1.8401720162936752	40.574
282.0	1.5553633218536875	63.903
282.5	2.9537623737961343	19.943
283.0	1.9182073875059231	50.411
283.5	2.11160817934999	30.215
284.0	1.4910394248295533	11.515
284.5	2.2536281844450134	50.298
285.0	1.8543479278368418	19.309
285.5	1.581612143147123	50.431
286.0	2.0526551726137647	20.113
286.5	2.388170345628408	91.377
287.0	1.6451412084083246	30.15
287.5	2.096615701404723	20.206
288.0	1.951535801811216	110.716
288.5	1.9813689307340348	70.418
289.0	1.475750465309375	79.244
289.5	2.3049575352643528	70.314
290.0	1.08300906654947	50.356
290.5	2.7636160909931267	60.492
291.0	2.062707709120085	70.636
291.5	2.369951874984298	10.358
292.0	1.787579251861554	20.195
292.5	1.7402553386608697	110.924
293.0	1.716483118534805	75.809
293.5	2.3100556193651864	30.211
294.0	2.390181604971099	110.494
294.5	0.17660958058086962	32.746
295.0	1.7605149636499962	10.128
295.5	10.331562074696528	100.766
296.0	2.000175600158598	114.538
296.5	1.904081764510103	100.718
297.0	2.270465153392147	90.225
297.5	1.6049666577095134	40.27
298.0	1.827821293400831	80.545
298.5	1.8395844421842924	30.81
299.0	2.240181649015203	20.296
299.5	1.5458768655791824	90.566
300.0	2.5201941330808753	15.19
300.5	2.111442860364641	136.823
301.0	2.1790064939342124	120.844
301.5	1.9622676537814006	110.961
302.0	2.04167270387166	20.156
302.5	1.7491541153321797	141.196
303.0	2.330076609629344	100.629
303.5	1.7102466752947034	90.504
304.0	2.0151919121084916	131.429
304.5	1.8318594964175865	131.466
305.0	2.4482218674995857	18.859
305.5	1.4077107707973089	38.288
306.0	2.479815445505448	50.444
306.5	1.8328324390675876	130.831
307.0	2.1292629763461424	10.515
307.5	2.0142957864441535	30.212
308.0	1.991904675442571	96.409
308.5	2.2415172162974812	80.595
309.0	1.9610458040149372	90.684
309.5	1.8623728712925365	10.094
310.0	1.5506961038400726	9.539
310.5	1.587431830659789	41.758
311.0	2.109543872715037	90.549
311.5	2.133077842826014	49.496
312.0	1.6100957639171896	50.366
312.5	2.262519398671456	80.814
313.0	1.3506554449309103	90.41
313.5	2.430026648296735	100.818
314.0	1.9681518398268385	80.357
314.5	2.4011471938218545	33.965
315.0	1.4130544594514303	83.715
315.5	1.6494748390793035	70.312
316.0	1.7280068429382744	100.731
316.5	1.7929604126296292	90.574
317.0	1.6521754872886172	110.672
317.5	2.699786526167155	120.616
318.0	2.3698914187547717	110.6
318.5	1.8257074162129192	80.586
319.0	2.137521303634451	60.446
319.5	1.9846755522438457	20.125
320.0	1.975604058726167	70.467
320.5	2.1707662901286904	54.089
321.0	2.1870144419489153	29.999
321.5	1.5557629486107922	30.011
322.0	1.965922551078781	83.537
322.5	1.992429625105286	20.172
323.0	1.5413050891195699	80.388
323.5	1.903469294249974	20.33
324.0	1.4139484884155114	80.659
324.5	2.323047650272666	110.815
325.0	2.3807416606060348	20.124
325.5	1.513519972814037	100.587
326.0	2.217213528227939	61.958
326.5	1.4829856008497315	40.276
327.0	2.0712404659731156	50.537
327.5	1.6826215584321982	67.826
328.0	1.5963124963550073	110.815
328.5	2.084462387402084	38.887
329.0	2.326193612598436	30.168
329.5	0.16000168488796357	14.573
330.0	1.75547003845621	60.504
330.5	6.494354377607426	62.992
331.0	2.1365194013895366	94.048
331.5	1.1357717713338116	139700409627.248
332.0	2.479845724527024	45.387
332.5	1.8900059999874055	83.672
333.0	1.8078862772911664	9.728
333.5	1.8241483812728962	50.437
334.0	1.5099600458180453	130.853
334.5	2.281844710782954	130.815
335.0	1.992101409141663	50.303
335.5	2.737976940030378	90.364
336.0	1.7010628088027955	26.509
336.5	1.7929366443422086	20.231
337.0	2.2877985642962018	41.437
337.5	1.5601519051657786	50.373
338.0	1.494880152768399	70.43
338.5	2.71929670140927	20.238
339.0	1.6240021486024474	130.941
339.5	2.0982838279892992	100.688
340.0	1.350504035907447	9.245
340.5	1.8218822061601971	31.95
341.0	2.1532875328346766	37.808
341.5	1.8493225762123142	81.383
342.0	1.5461633492713578	80.585
342.5	1.63394157414481	20.143
343.0	1.8601590688099525	80.674
343.5	2.002974649810126	62.213
344.0	2.3559862194302315	20.126
344.5	1.9277640629959951	100.762
345.0	1.7551181089468217	14.215
345.5	2.345877685760326	70.582
346.0	1.280076156040318	62.069
346.5	1.9436036384220672	90.532
347.0	2.0606951541521648	30.153
347.5	1.819166208029763	120.79
348.0	1.9898078902140868	23.46
348.5	1.7713941785077398	12.273
349.0	1.7032728867600826	90.423
349.5	1.9884382366458253	64.135
350.0	2.35364189543322	42.796
350.5	1.5746086046598695	100.959
351.0	1.6146694277913942	62.24
351.5	1.9610714517779897	100.607
352.0	2.0512206911499606	8.812
352.5	2.087598769432544	79.923
353.0	2.7166109942722043	50.001
353.5	1.0933176164105993	90.457
354.0	1.855206864440542	16.751
354.5	2.4919172110017858	80.677
355.0	1.5634790223061201	90.462
355.5	1.1537811834057028	20.136
356.0	1.8176254586335872	67.998
356.5	2.609025590384873	20.372
357.0	1.6365976107489868	20.156
357.5	1.2365769918625749	12.047
358.0	2.141787333919759	92.672
358.5	1.7618227188504283	40.45
359.0	2.212059967446965	50.085
359.5	0.9794882790258541	42.171
360.0	2.290379192793265	96.773
360.5	1.914062881186982	20.267
361.0	1.3023726895289645	96.28
361.5	1.9771992150748539	54.991
362.0	2.0701838819372074	40.213
362.5	2.289424195923792	40.235
363.0	2.0000000411039394	40.592
363.5	1.8302383046798527	30.203
364.0	1.9574973412905736	19.82
364.5	2.8006544467214467	18.912
365.0	2.153644984575439	100.675
365.5	1.4054789734490685	36.266
366.0	2.0642630731287523	80.574
366.5	1.8556878889497745	110.706
367.0	2.550244926969018	90.642
367.5	1.5331098751181051	100.843
368.0	2.2884431731323627	9.664
368.5	2.283522546147227	60.618
369.0	2.119912514432219	30.224
369.5	1.9402329532602627	17.164
370.0	1.8826570513057668	17.913
370.5	1.839171456218204	120.924
371.0	2.315670965274167	63.739
371.5	2.5308187070630077	99.473
372.0	1.7737467487739114	140.984
372.5	1.9707507109991058	40.285
373.0	2.295039400162078	100.415
373.5	2.0675756399127048	30.148
374.0	2.5277067953725867	60.242
374.5	2.0939447774935562	40.171
375.0	1.9976248455158783	140.921
375.5	1.9555433492657874	120.683
376.0	1.9179560309345944	62.706
376.5	2.1981626800061544	90.473
377.0	2.035350846855702	14.033
377.5	2.1545690272388165	100.999
378.0	1.6656037599666191	90.378
378.5	1.6927666040429874	14.651
379.0	1.316300754730691	105.304
379.5	1.6075517312425913	9.786
380.0	1.7661126860946423	80.486
380.5	2.2987925340447624	20.423
381.0	1.1919572896878292	123.49
381.5	1.7529778731225343	90.487
382.0	2.0025102390138487	70.521
382.5	2.0629704274091245	37.546
383.0	2.4390003915020944	20.456
383.5	2.161668200667021	81.558
384.0	1.6918748167245867	110.737
384.5	2.108985080369855	120.86
385.0	2.1088358094983946	89.848
385.5	2.1675100222800436	44.537
386.0	1.766078818461545	20.172
386.5	1.9703597295998168	80.207
387.0	1.5430880773939288	100.551
387.5	1.702460329102272	151.502
388.0	2.204983688927038	110.482
388.5	2.342499348903121	20.181
389.0	1.6718893953397265	70.446
389.5	2.304966296986337	30.17
390.0	2.083216677685986	47.61
390.5	2.0220016885457657	20.134
391.0	1.8376644567206146	50.385
391.5	0.17320209573277304	76.844
392.0	1.8684582225836983	29.382
392.5	8.297082761606406	100.347
393.0	1.7963667984831073	32.716
393.5	5.197543198145245	138.826
394.0	1.989855347279751	29.454
394.5	1.5778869544244682	100.806
395.0	2.1814816372912986	22.439
395.5	2.345641920959503	113.451
396.0	2.0473322674595207	81.12
396.5	1.5743586579996167	19.479
397.0	2.0708914573443216	50.543
397.5	2.034290742190615	141.034
398.0	1.8578096314468437	42.929
398.5	2.174360231774465	18.461
399.0	2.148401794927504	68.643
399.5	1.6698629074368465	151.047
400.0	2.097281138901012	17.533
400.5	1.7512597145505868	10.02
401.0	1.545840688339954	80.717
401.5	1.8632837670832114	60.452
402.0	2.092763135048166	30.387
402.5	2.0711443397436664	120.649
403.0	2.060081298621874	70.482
403.5	1.9764768823216763	40.267
404.0	1.9105114495192363	110.765
404.5	2.0356180222451474	94.695
405.0	1.9482224850747114	32.98
405.5	2.310906474618266	70.626
406.0	2.321797827413551	20.032
406.5	1.4446256939574407	100.754
407.0	2.1810361547317454	72.713
407.5	2.1890826829245706	70.263
408.0	1.6184647589663301	61.834
408.5	2.392150310522102	50.257
409.0	2.133313140383706	18.49
409.5	2.4011863889873664	80.22
410.0	2.0290561754895777	13.902
410.5	1.9176093359928645	40.841
411.0	1.9301609022748216	40.6
411.5	1.7682602648041879	94.215
412.0	1.6807145353332393	80.392
412.5	2.345262636432155	110.702
413.0	1.707124697476226	31.366
413.5	2.6777035719251003	50.232
414.0	1.9554152990007894	20.156
414.5	2.0033992758423294	26.638
415.0	1.9392608711817052	60.42
415.5	2.1677403636585284	110.622
416.0	2.0866932441819612	106.209
416.5	1.874663008194427	40.161
417.0	1.627531484601624	90.483
417.5	1.7883413511197637	70.942
418.0	1.9454511144774516	106.493
418.5	1.825774605459244	118.517
419.0	2.1308908201334003	110.667
419.5	1.623624427365797	70.558
420.0	2.001632107603799	40.43
420.5	1.7329837604537197	70.485
421.0	2.8006076172236574	50.604
421.5	2.049333347675185	135.476
422.0	1.654675418881828	60.293
422.5	2.174306531324209	92.143
423.0	1.9554900859689468	226.798
423.5	1.5541242762495102	90.649
424.0	2.046068485385224	66.548
424.5	1.8499620014316	75.901
425.0	1.5501174601860628	20.171
425.5	2.0472635629763665	40.223
426.0	1.5844707931394617	90.622
426.5	2.28909739984984	41.658
427.0	1.9884381236143467	96.659
427.5	1.7842515443729494	91.033
428.0	1.8306739160537033	30.25
428.5	2.0964262249204753	60.482
429.0	1.920463620645071	40.352
429.5	1.5028621923459475	22.598
430.0	2.3283717878223675	70.52
430.5	1.9422857410338172	80.605
431.0	1.597121230154049	130.963
431.5	1.65463505055068	30.239
432.0	2.176611567587285	106.254
432.5	1.5243037658628544	70.232
433.0	2.0534419359710623	80.683
433.5	2.1888360510174723	26.711
434.0	2.1094194610108925	30.239
434.5	1.6240008739369698	19.047
435.0	1.913315244139309	80.345
435.5	2.2846915510467967	40.305
436.0	1.6711033217357176	110.823
436.5	2.3894744657249727	97.345
437.0	2.2690210497264913	11.896
437.5	1.6191796559071776	39.775
438.0	2.4063892005944187	20.2
438.5	2.145061682941704	80.64
439.0	1.8403592348814846	100.621
439.5	1.942238439779247	110.668
440.0	2.151764599397119	53.588
440.5	1.6126712055106236	121.106
441.0	2.186792130514951	47.757
441.5	1.722493873312699	110.773
442.0	2.245313213285238	72.445
442.5	2.2968934033106296	60.912
443.0	2.2714248318471646	70.27
443.5	2.237035404022516	12.434
444.0	1.8824964861450513	47.259
444.5	2.234996715550854	16.184
445.0	1.6143226169771643	80.429
445.5	2.2499880149171516	70.409
446.0	2.111850379226484	9.138
446.5	2.0318367823650405	100.599
447.0	2.0823243158349016	110.659
447.5	2.077393365171541	19.937
448.0	2.1386416334996095	30.185
448.5	2.1816522447727107	23.312
449.0	1.9677052985172212	90.599
449.5	1.5884363824970187	20.015
450.0	2.2673590101191503	96.21
450.5	2.402193323766642	70.575
451.0	2.1002367111347513	110.79
451.5	2.45910685240132	38.973
452.0	1.5366889468434373	130.595
452.5	1.6551656736741458	22.792
453.0	1.9351026616401734	110.52
453.5	0.14444867148107374	17.503
454.0	1.9500880377158951	30.192
454.5	13.783086782901668	70.594
455.0	1.7226215536075413	78.967
455.5	1.7375378523585767	30.27
456.0	2.0076677218901597	49.797
456.5	1.5502599425032564	120.977
457.0	2.404562312455256	105.88
457.5	2.1478082011889277	120.843
458.0	2.433433187827649	20.148
458.5	1.2569338648461441	50.47
459.0	2.2230310229939367	40.237
459.5	1.9573482319648672	90.446
460.0	2.280247209622211	82.115
460.5	2.3796724670457325	80.939
461.0	1.7463128635939893	13.947
461.5	2.782188927085	50.479
462.0	1.73461470155114	51.419
462.5	1.5677241637291617	39.697
463.0	2.2559690065011524	130.767
463.5	2.2519906895497037	20.141
464.0	1.934862378280294	80.553
464.5	2.1464864507297445	87.74
465.0	2.436515041840101	50.38
465.5	2.5148414312112743	80.511
466.0	1.8111266800591448	16.728
466.5	2.1093014697352808	31.175
467.0	2.3387225590921887	111.097
467.5	1.722615620007465	30.228
468.0	1.742928300891484	125.744
468.5	1.530873659423307	80.586
469.0	2.1609445350132903	60.321
469.5	1.8790919547990328	122.238
470.0	1.8126609755295817	110.919
470.5	1.908342838820775	136.189
471.0	2.209891618220868	9.059
471.5	2.203243564227993	90.68
472.0	1.9790067502138589	50.448
472.5	2.5948660823066367	20.073
473.0	1.797121339639279	20.147
473.5	2.099715506791647	100.693
474.0	1.6253412288820317	80.413
474.5	2.067803284388367	40.132
475.0	2.1925807772254213	30.347
475.5	0.1519402280599616	20.876
476.0	4.571114089863695	13.303
476.5	2.051372557060084	50.44
477.0	2.0219107442582613	70.492
477.5	2.1152228189586895	20.045
478.0	2.0925358211331977	34.358
478.5	1.9300563587873736	82.162
479.0	1.884616192525995	62.028
479.5	2.1688210136511152	122.656
480.0	1.8686768299398975	70.536
480.5	1.838954024794342	50.213
481.0	1.8037113534946818	20.247
481.5	1.3717473647564318	20.17
482.0	2.177011855415874	40.374
482.5	2.002731034190311	70.597
483.0	1.614357623802323	34.56
483.5	1.8890249805579766	75.614
484.0	2.008682896529389	90.614
484.5	2.1153232884926982	80.408
485.0	1.9209643110761017	70.605
485.5	1.3365936877205442	50.365
486.0	0.8878287096972446	13.63
486.5	1.9726525387208855	12.14
487.0	1.985629910643813	11.172
487.5	0.5908570365228828	40.398
488.0	2.1724312529436567	20.183
488.5	0.13116023335291194	16.84
489.0	1.5243098556368455	59.85
489.5	1.7207360979169848	50.414
490.0	1.8046986144665715	50.689
490.5	2.4997098367258177	20.25
491.0	1.4736969476308546	60.453
491.5	2.4032604528560686	19.976
492.0	1.8095139733980228	30.233
492.5	1.4159708710917347	110.905
493.0	1.3820598520510508	80.503
493.5	2.40933597922454	30.32
494.0	2.1708902097070135	113.284
494.5	1.5628709955159152	70.455
495.0	1.4076233453182385	94.793
495.5	1.8414979308724393	9.926
496.0	2.1215626176717084	90.627
496.5	2.0633283919425325	62.748
497.0	1.7104057616261295	11.69
497.5	1.511115364063403	10.937
498.0	1.713382628171985	30.209
498.5	0.6603049476401126	100.795
499.0	1.9692832712639834	12.879
499.5	1.6017999621123478	30.248
500.0	1.8796062727189788	100.646
500.5	1.7427746953259522	110.703
501.0	2.1086320966169563	10.112
501.5	1.990120242426875	39.109
502.0	1.658515037939239	76.482
502.5	1.9242249513549325	75.23
503.0	1.6784226239063404	40.377
503.5	1.2827414446485794	30.234
504.0	2.179413405078027	50.374
504.5	1.5812880878910789	71.99
505.0	1.868416633979739	90.754
505.5	1.646333318887823	121.061
506.0	2.0499470352646516	30.212
506.5	1.9285650341965612	9.512
507.0	2.3940497390280053	80.487
507.5	1.547560160291835	40.293
508.0	1.7690651861691271	11.827
508.5	1.8094887591851214	130.854
509.0	2.0956634867585726	70.52
509.5	1.174178363800534	41.826
510.0	1.8946047827114678	90.427
510.5	2.229179333133905	41.908
511.0	1.6712576483521477	59.915
511.5	1.3826319914173604	9.738
512.0	1.9162312114546265	80.618
512.5	2.3382802664853792	9.849
513.0	2.0976482403267074	20.116
513.5	1.379625636732154	120.839
514.0	1.5812087404892765	9.464
514.5	1.5968307772157855	100.57
515.0	1.7304938000976207	33.275
515.5	1.6904323282315945	39.561
516.0	1.7557886006767585	90.903
516.5	2.7689498688550653	30.554
517.0	1.4095821065947265	13.667
517.5	1.904906364244192	60.389
518.0	1.9495118286737707	80.456
518.5	1.5275714562038334	40.034
519.0	1.8788443190512711	60.48
519.5	1.907743324519314	18.384
520.0	2.319745628183889	52.41
520.5	1.547418920814879	40.646
521.0	1.4165238056606275	41.488
521.5	2.2023024729154677	90.515
522.0	2.2894453292518735	101.153
522.5	1.9079836744920802	110.784
523.0	1.7946920166817764	90.469
523.5	1.878017100404026	41.3
524.0	2.01041633991171	12.307
524.5	1.3945160262736491	63.436
525.0	1.868107156055728	100.682
525.5	2.8651386331503277	80.591
526.0	1.8983849421768269	120.682
526.5	2.1851409834768694	110.772
527.0	1.9028978094116276	62.503
527.5	1.9134120082090869	50.231
528.0	1.870057270293719	14.835
528.5	1.8057330572862773	125.727
529.0	1.6685825272412167	100.659
529.5	1.9668791797916467	80.526
530.0	1.7042642529275625	39.994
530.5	1.3995125971365645	59.06
531.0	1.7469308556622138	81.557
531.5	1.3511626307514957	78.291
532.0	2.1505164371742826	112.327
532.5	1.4122497894358044	100.653
533.0	2.0940411759222224	70.194
533.5	2.1730998035542686	30.184
534.0	1.681525292359494	70.571
534.5	1.5781569327676828	30.104
535.0	2.007998455375768	60.361
535.5	1.6750951519154347	90.547
536.0	1.6946653807914498	50.393
536.5	1.8031972170334025	100.638
537.0	1.852154457350238	70.062
537.5	2.1393958454026953	47.816
538.0	1.7922171798929516	41.455
538.5	1.6581058367065102	62.172
539.0	2.098944002753906	90.535
539.5	2.6237194810890627	30.223
540.0	1.9362363824801494	11.765
540.5	1.764813679989622	50.276
541.0	1.9022277444046696	130.878
541.5	1.9519645435417736	7.743
542.0	2.235833314790019	60.317
542.5	1.7616116261316577	40.19
543.0	1.7406338142301758	20.208
543.5	2.2125431362956784	30.062
544.0	1.9101127158942572	10.474
544.5	1.6950931066170292	110.509
545.0	2.2082836109489485	19.548
545.5	1.3554498447378949	61.606
546.0	1.6489954227463302	70.469
546.5	1.3620360742789555	70.669
547.0	1.965530109827737	90.462
547.5	2.4440339759747407	51.948
548.0	1.6680600508219843	90.587
548.5	1.6336103889519566	70.106
549.0	1.7570643633746097	90.558
549.5	1.7550090359549748	110.758
550.0	2.18399464203293	60.39
550.5	1.8659566511049996	40.21
551.0	1.7312104183942802	60.506
551.5	2.086489745441153	71.413
552.0	1.5623181246241873	110.747
552.5	1.900212295923333	39.963
553.0	1.938954163594483	70.473
553.5	1.5484444686772512	90.64
554.0	1.6790672701006437	9.615
554.5	2.220475673868855	20.066
555.0	1.6158249976047907	100.56
555.5	2.327926794722191	50.477
556.0	1.5997528705332016	40.759
556.5	1.8620821117356525	40.023
557.0	1.9975507458656034	121.025
557.5	1.857383638821232	30.18
558.0	1.6348331385952632	30.208
558.5	1.585298357234933	49.707
559.0	1.8610114068840367	40.225
559.5	2.4342017211496634	30.282
560.0	1.4130695928533905	34.775
560.5	1.8342190405569219	53.06
561.0	2.406954307263754	29.939
561.5	1.5727499443563524	90.681
562.0	2.025879891165575	80.464
562.5	1.8860127188860716	71.997
563.0	2.2707917329213916	100.646
563.5	1.9880919506287058	40.057
564.0	1.5929975124714622	73.628
564.5	2.016202439524581	90.606
565.0	1.827340662512109	91.755
565.5	2.372787776228174	67.002
566.0	1.2697574100097577	30.198
566.5	2.160074695618632	11.57
567.0	1.970850533622491	71.682
567.5	1.9101821278309001	120.836
568.0	1.9075095261946866	20.099
568.5	2.1507175427622096	120.981
569.0	1.6740082899821631	134.455
569.5	1.7064847665403737	31.52
570.0	1.6448032392497525	40.122
570.5	1.8250926857248486	76.624
571.0	2.7598169157317463	101.448
571.5	1.7859434083508354	110.963
572.0	1.5890406351152568	30.225
572.5	1.4149912362834003	84.358
573.0	1.791962587548844	90.589
573.5	1.9861504523074636	10.181
574.0	1.8095956972924179	60.422
574.5	1.903444655754125	90.658
575.0	1.8916846707251214	32.629
575.5	1.651296040235238	74.548
576.0	2.0809536172373284	12.877
576.5	2.2929831106834495	25.799
577.0	1.7629346476024312	41.666
577.5	1.8495325071155326	30.209
578.0	1.468684445635767	20.098
578.5	1.8951957848833292	30.214
579.0	2.3360832891096783	50.513
579.5	1.6843686375708833	20.146
580.0	1.6143123301127467	19.903
580.5	1.231033854686582	60.891
581.0	1.9648720733111098	40.888
581.5	1.571290866359708	20.291
582.0	1.7038492596576298	30.17
582.5	2.5715275547798173	30.173
583.0	1.9490902426063927	70.513
583.5	1.6463553545528604	80.427
584.0	1.9520126809925376	80.603
584.5	1.912614866723017	11.207
585.0	1.9406569350087473	40.322
585.5	1.237701348465093	100.816
586.0	1.9670736795140717	79.865
586.5	2.396308933837605	50.302
587.0	1.5815515205322335	10.443
587.5	1.5680717250621523	62.086
588.0	2.219230307987416	19.834
588.5	1.9931871634673106	80.39
589.0	1.895005648441949	30.208
589.5	1.7700710155552322	80.762
590.0	2.146030088964493	80.262
590.5	1.8703413443373225	90.893
591.0	1.5957860454316064	130.769
591.5	1.9781197230327876	80.441
592.0	2.075030812624496	50.166
592.5	1.822681058477717	50.209
593.0	2.1545075890979954	30.342
593.5	1.4910844722957597	65.734
594.0	1.8493407119107703	8.401
594.5	2.4494775480352162	30.24
595.0	1.6527184196017275	80.679
595.5	1.5176579332917988	50.403
596.0	1.4655608127115505	70.578
596.5	2.100413259097738	80.587
597.0	2.0971582521143475	20.09
597.5	1.4796121347988673	100.732
598.0	1.7926599147037028	10.967
598.5	1.8396605933020764	20.045
599.0	1.5370582955988468	113.966
599.5	2.2336480781731938	80.409
600.0	2.3973564675710923	100.478
600.5	1.7936435931521986	86.829
601.0	1.5028232259988215	50.256
601.5	1.5118580525187513	30.088
602.0	1.8032006602876776	42.999
602.5	1.6848019047983278	30.345
603.0	1.5566100876811986	42.809
603.5	1.573115258364979	50.356
604.0	1.6853129235094402	50.205
604.5	1.4579660567038932	120.779
605.0	2.0560590907803538	8.942
605.5	2.3043864749071186	30.224
606.0	1.55640511436535	120.719
606.5	2.013275070229786	70.089
607.0	2.245758905314834	60.428
607.5	1.5141660384914692	100.777
608.0	1.8072280703060855	71.841
608.5	2.722911453342014	10.855
609.0	1.6199764552371556	72.834
609.5	1.798629040141067	70.525
610.0	1.7557632008036443	91.311
610.5	2.3601816733931487	41.305
611.0	2.2292124629753647	80.552
611.5	1.733653365691609	9.464
612.0	1.7945628530016682	90.53
612.5	1.6928345119973944	90.582
613.0	1.4504288744402396	60.377
613.5	1.3923861061033695	120.806
614.0	2.103917892495032	9.804
614.5	2.201267855957583	30.324
615.0	1.5943825788876393	20.262
615.5	1.7602714565683342	20.247
616.0	1.814945179674004	9.33
616.5	1.3974588989466654	101.674
617.0	1.2161596923198457	110.702
617.5	2.3503500349729562	41.324
618.0	1.6062292218637801	63.947
618.5	1.5502562940438287	90.74
619.0	1.3013085393099293	11.557
619.5	2.0776234241409766	100.73
620.0	2.119722697473264	64.838
620.5	1.686219808664077	81.216
621.0	1.9510231261955835	30.002
621.5	1.3375930272635062	40.739
622.0	2.062716729602775	61.936
622.5	1.538016392890479	131.003
623.0	1.2608433237728365	100.722
623.5	1.6836199699039602	110.406
624.0	2.603712393017834	60.165
624.5	1.4574988880460298	40.342
625.0	1.6525591087161429	136.857
625.5	1.9249986384731925	120.786
626.0	1.8360973452580598	30.115
626.5	1.4830256605284577	13.752
627.0	1.587478650838099	22.653
627.5	2.1403660319725857	20.135
628.0	2.071651956002425	39.73
628.5	1.6105029322126319	30.339
629.0	1.9591573078638531	30.225
629.5	2.001170171769604	9.118
630.0	1.9142831878708957	30.187
630.5	1.4623041409518065	30.224
631.0	1.7282895410927794	60.499
631.5	1.4615142388468914	93.766
632.0	2.1176623897461924	10.315
632.5	1.6572550462810585	10.319
633.0	2.053420080969258	87.95
633.5	2.029987540955062	60.386
634.0	1.7549456477657057	90.751
634.5	1.5420473624598006	103.579
635.0	2.0547313300511947	8.935
635.5	2.1427939607233837	110.791
636.0	1.9141156605418335	40.325
636.5	1.4952324306082574	30.539
637.0	1.5342390123564384	60.367
637.5	2.202958661320835	30.16
638.0	1.4404175813632012	59.971
638.5	1.308509220530106	101.091
639.0	2.278996907661708	31.533
639.5	2.1116701497762005	18.085
640.0	1.6176985529339545	22.182
640.5	1.5271640352039642	40.27
641.0	1.9802697934374776	90.452
641.5	1.8287074612222223	80.199
642.0	1.299552489616069	60.72
642.5	1.855286920970526	11.433
643.0	2.3324003920444363	119.595
643.5	1.3504451427168518	40.242
644.0	2.0296629073101684	50.4
644.5	1.8859931693918381	100.497
645.0	1.4132660611789425	39.964
645.5	1.952916177153612	41.788
646.0	1.3994738097384523	82.57
646.5	1.8878290421642585	49.879
647.0	2.085589845002526	39.075
647.5	2.056101004244682	90.11
648.0	1.4290913136813705	80.615
648.5	2.1363582438624245	70.437
649.0	1.8120760199522248	60.504
649.5	1.809936288321634	91.259
650.0	1.164359005760795	9.759
650.5	2.162021753131662	20.881
651.0	1.8570703401530226	33.798
651.5	2.1367698495954217	40.269
652.0	1.2753953536083191	30.281
652.5	1.5334976568469374	30.348
653.0	2.0200430644662433	30.189
653.5	1.7608502658824157	70.409
654.0	0.9961508026566945	124.708
654.5	2.1656277788038616	80.468
655.0	1.524148018810684	90.631
655.5	1.8152628616309627	90.1
656.0	1.2066409422940843	80.573
656.5	2.942385327554521	112.146
657.0	1.5520685171831021	30.183
657.5	2.033225603322247	23.163
658.0	1.2041047008599424	80.641
658.5	1.6687610545778606	30.207
659.0	2.3451604403519153	70.474
659.5	1.9054394242439943	50.122
660.0	1.1888144074559472	111.155
660.5	1.851295169604381	59.921
661.0	2.440417691333001	70.58
661.5	1.413339701209197	70.538
662.0	1.5818094575538295	20.496
662.5	2.036283050355925	20.206
663.0	1.9741766899985995	90.641
663.5	1.6810389071555614	40.269
664.0	1.8954675565598682	10.535
664.5	1.808647595486862	110.872
665.0	2.0272197212554097	30.191
665.5	1.5852142343789413	90.523
666.0	1.5636416213830864	110.751
666.5	1.810131968624892	71.774
667.0	1.993101226576612	72.235
667.5	1.600530023333625	70.241
668.0	2.144297211293666	130.718
668.5	1.9361543223558437	20.26
669.0	2.942497735590164	20.147
669.5	1.4324662971509183	17.636
670.0	2.024029985175744	12.922
670.5	1.85844632892774	20.258
671.0	2.2386817364074325	60.385
671.5	1.7693567457103476	90.53
672.0	1.9490704341154703	10.172
672.5	1.4498974822345592	60.456
673.0	2.1018765527721897	71.661
673.5	1.4232352117966391	110.59
674.0	2.253925878717705	60.496
674.5	1.373219868900279	120.931
675.0	2.1420181403012406	90.796
675.5	1.640896402519438	80.538
676.0	1.7721982416572197	69.003
676.5	1.4334874654753957	120.855
677.0	1.8678617497910979	53.853
677.5	1.6789292965266287	80.473
678.0	1.6787244828036463	50.358
678.5	1.8155589885980064	74.336
679.0	2.2979968328764357	51.34
679.5	1.35905418650032	71.0
680.0	1.6814297877539173	30.061
680.5	2.0524813482888	80.441
681.0	1.572189621141612	90.556
681.5	1.8213446076314985	59.527
682.0	2.3662128217678315	50.294
682.5	1.837499066959937	80.532
683.0	2.0096149034797492	62.058
683.5	1.8011144507795578	39.839
684.0	1.9782263490954848	9.947
684.5	2.26318370909198	11.756
685.0	2.0588895154032762	110.604
685.5	1.8699606413492473	60.13
686.0	2.074970751084212	71.088
686.5	1.6386874825692044	9.923
687.0	1.8800978655105614	63.979
687.5	1.5875717873238195	30.212
688.0	2.23118197913219	30.156
688.5	2.2461210741500572	72.219
689.0	1.1631581178929737	80.508
689.5	1.7936790370314888	80.561
690.0	1.8175918059267258	30.207
690.5	1.8053100393947665	97.834
691.0	1.5127961411037287	30.343
691.5	1.7247625354275107	60.341
692.0	1.4044373192379451	30.195
692.5	1.9350417128148536	91.877
693.0	1.324005012172505	110.081
693.5	1.815914357687447	60.522
694.0	1.6811189148197077	92.436
694.5	1.7837502706860684	25.379
695.0	1.526524879323078	30.754
695.5	1.7943140119868954	90.612
696.0	2.071052533545053	31.354
696.5	1.375116739238297	110.89
697.0	1.4762786896673978	30.267
697.5	2.448175264482849	40.172
698.0	1.9959208383948452	9.571
698.5	1.8535452281693525	40.026
699.0	1.128681829546843	100.727
699.5	2.086972328991454	110.755
700.0	2.169663353006128	60.476
700.5	1.6435190068925476	80.596
701.0	2.124437905531406	60.293
701.5	1.9142984533147913	52.562
702.0	1.9621842681015498	30.168
702.5	2.0019673272050214	80.596
703.0	1.431514759313734	23.797
703.5	1.965434715083683	60.619
704.0	1.9655632044837388	63.855
704.5	1.8462305710164728	30.168
705.0	1.4708248853831694	46.184
705.5	2.1864853856601347	30.198
706.0	2.1922006993372753	10.198
706.5	1.2761798052950462	100.735
707.0	1.9914054959139176	110.432
707.5	2.054851436631537	9.634
708.0	1.5450915129935077	120.789
708.5	2.027597997127332	60.268
709.0	1.8743298521806757	90.652
709.5	2.0322186184332445	110.839
710.0	1.7076661157920316	20.212
710.5	1.5519602525920613	110.854
711.0	1.7079173776039314	50.321
711.5	2.2741725757287723	80.466
712.0	2.127644262511256	105.482
712.5	1.4847703445716183	10.052
713.0	1.726165766668705	20.059
713.5	1.67991632834055	60.381
714.0	1.7257839645191029	30.211
714.5	2.169542770451997	95.352
715.0	1.8567268745512877	80.492
715.5	1.9115503109218608	10.074
716.0	1.3978366814152194	49.664
716.5	1.6156371328261003	110.773
717.0	2.4189527493783065	20.246
717.5	1.5092473332088723	10.005
718.0	1.7915443819265935	11.002
718.5	1.4108074620876996	80.478
719.0	1.8269436860702686	60.495
719.5	1.608320206746232	80.506
720.0	1.7480854832172512	30.208
720.5	1.2706393508148648	9.443
721.0	1.8995451246058213	80.445
721.5	1.875568564031127	90.59
722.0	1.9401935764645921	9.925
722.5	1.4129054406216182	20.187
723.0	1.5343887616005825	40.687
723.5	2.6977924159395643	30.07
724.0	1.8637512356459127	70.504
724.5	1.661329638020629	50.343
725.0	2.123935330801793	10.464
725.5	2.066049923205113	18.286
726.0	1.8636612631352916	30.266
726.5	1.4916350197653119	60.42
727.0	2.026725100567654	72.482
727.5	2.045723938997424	80.49
728.0	1.6637846608754971	90.938
728.5	1.850912928341447	41.464
729.0	1.3956287753326941	60.633
729.5	2.067366886701735	90.553
730.0	2.1146187817117275	10.588
730.5	1.6100053242724888	70.309
731.0	1.7877570786228372	80.536
731.5	1.8956136128840322	47.02
732.0	2.1117179577768495	20.106
732.5	1.2374160562089818	59.936
733.0	2.1075374362804187	70.331
733.5	2.0314450816246743	39.841
734.0	1.6373275467895878	90.598
734.5	1.4543122817769534	100.523
735.0	2.4958683932585717	20.209
735.5	2.02638831436016	90.561
736.0	1.7502927305653608	80.429
736.5	1.648901893068331	99.803
737.0	1.3446150774862546	131.044
737.5	2.2169250565182654	90.542
738.0	1.5365284902193725	90.532
738.5	1.5262834184143488	80.45
739.0	2.396993710177999	60.233
739.5	2.034374806920413	100.729
740.0	2.1104964278162264	20.087
740.5	1.7458105623352078	39.8
741.0	2.0974687057189505	20.261
741.5	1.7762474097413028	20.043
742.0	1.23518372788049	60.345
742.5	1.9689315734089243	30.298
743.0	1.699350640612816	20.322
743.5	1.5172079545119501	90.574
744.0	1.8221985858358363	20.207
744.5	1.9468630661254576	73.952
745.0	1.453155716480029	90.518
745.5	1.9082344828840352	10.005
746.0	1.6241240082819455	10.711
746.5	1.9067137244565735	50.76
747.0	2.1550434173189594	80.862
747.5	1.8693060330614721	10.869
748.0	1.3334362174037337	50.663
748.5	1.726481754295095	130.733
749.0	1.914407452428866	50.459
749.5	1.8027299930850924	81.649
750.0	1.7109692974677466	39.858
750.5	1.998255128690211	60.394
751.0	1.8254827363615704	90.794
751.5	1.4802392580942858	40.516
752.0	1.9279690892387722	100.45
752.5	2.111638210227653	30.214
753.0	1.805987335981147	29.606
753.5	1.7762342987468238	80.792
754.0	1.5533611892480956	30.253
754.5	2.5482407212153526	20.223
755.0	1.725219565098899	20.122
755.5	1.7950146407864402	93.431
756.0	1.2388546460708103	72.155
756.5	2.0908887734072903	17.896
757.0	2.343212017541654	30.178
757.5	1.2438960025190335	80.569
758.0	1.9623623890985833	30.209
758.5	1.7828618272110692	16.587
759.0	1.6356662033537817	90.653
759.5	1.2775936622644097	103.479
760.0	1.6628438065345628	9.605
760.5	2.4678127773636214	35.924
761.0	1.6675533861971552	100.522
761.5	1.5411743856606914	100.719
762.0	1.9242262720276662	110.664
762.5	1.8703584031329143	50.49
763.0	1.8939430433647735	70.524
763.5	1.3749463232011339	62.264
764.0	2.2890813721352847	70.408
764.5	1.7621839342309509	60.475
765.0	1.9446618747633744	120.919
765.5	1.544462505378902	40.216
766.0	1.639546859557587	107.346
766.5	2.336135149549495	76.094
767.0	1.9603021077156502	14.963
767.5	1.5003734486453384	79.593
768.0	1.8276496014976322	41.542
768.5	2.28474373697679	67.588
769.0	1.889789720905756	13.132
769.5	1.688305168466285	30.248
770.0	1.7310510405681687	70.465
770.5	1.8179325123637304	30.708
771.0	1.7134692171005839	80.609
771.5	1.2651036222000658	40.741
772.0	1.5975825642964785	70.526
772.5	2.5355941109333218	50.331
773.0	1.5066103960937736	96.678
773.5	1.482155865200103	121.126
774.0	2.0859868611996526	20.098
774.5	2.063386934806714	103.646
775.0	1.752414633614345	39.337
775.5	1.6063518218243074	110.802
776.0	2.183037351622569	70.772
776.5	2.251304549641111	90.546
777.0	1.646863571730189	100.873
777.5	1.4818880511799917	32.088
778.0	2.433192807554507	20.173
778.5	1.818352255434194	79.473
779.0	1.315690403504756	70.512
779.5	1.381965009087861	98.468
780.0	1.8366405397254422	22.299
780.5	1.7994193765401303	70.257
781.0	1.5300797426964408	81.05
781.5	1.406555575508135	30.277
782.0	2.0014262616898026	8.766
782.5	1.8590108900638498	77.054
783.0	1.8162124367465442	11.798
783.5	1.8060010245246008	30.207
784.0	1.7777328819496554	30.219
784.5	1.5991358265703002	50.338
785.0	1.8694018956750147	41.906
785.5	2.037862817049989	80.381
786.0	2.4387490265467857	8.409
786.5	1.5167321518410821	100.224
787.0	2.0073560682777147	90.54
787.5	1.9550733073953241	130.847
788.0	1.4035791407524734	100.67
788.5	1.6207256219654045	17.893
789.0	1.7403716492892227	61.725
789.5	2.352001775720441	30.217
790.0	1.2346804345546385	100.58
790.5	1.2887431627127977	10.147
791.0	1.7191498115443018	17.756
791.5	2.212241748578402	12.649
792.0	1.6577906218938216	60.402
792.5	1.639830154821001	50.361
793.0	1.6828426905188674	30.153
793.5	2.1719770199887978	39.442
794.0	2.099862174857754	60.276
794.5	1.6300733991175234	30.142
795.0	1.608485826668259	80.612
795.5	2.457461493694555	30.212
796.0	2.030629609867151	91.994
796.5	1.167053100746732	10.06
797.0	2.1621123259533066	97.463
797.5	1.6473973612459867	100.76
798.0	1.825205765869578	50.449
798.5	1.8507243737270311	33.128
799.0	1.8806648305984897	30.202
799.5	1.26447837207775	70.594
800.0	1.8755450904492625	120.84
800.5	0.9702957731118194	30.266
801.0	2.0815771262537344	110.688
801.5	1.5026264752352576	70.803
802.0	1.7842014109369684	130.309
802.5	1.6296651862828209	60.376
803.0	1.455726317888363	12.783
803.5	1.309728196256686	120.884
804.0	1.4103522310839232	120.883
804.5	2.058029008570943	106.256
805.0	1.3860494524158333	54.736
805.5	1.695118617995251	86.762
806.0	1.5400000223400734	31.898
806.5	2.728939768349702	30.245
807.0	2.051258893229066	70.606
807.5	1.7448647380335611	70.661
808.0	1.675291728297169	30.112
808.5	1.5976604467482156	46.055
809.0	1.5991206681461556	90.528
809.5	2.57539033234665	60.15
810.0	1.5387936620753087	131.049
810.5	1.8113141140470335	80.483
811.0	1.4009618510279072	100.741
811.5	1.8306910717635871	70.27
812.0	1.762801099919038	30.381
812.5	1.2546934866019375	60.318
813.0	1.7060964255646167	12.364
813.5	1.3855426063832756	110.796
814.0	1.5119929800386258	60.222
814.5	2.013054985705193	90.464
815.0	1.5780255430981558	60.408
815.5	1.6364155601293	41.121
816.0	1.4309295219027796	71.799
816.5	1.711584830379612	80.464
817.0	2.544264147938971	104.754
817.5	1.4849233316226063	120.846
818.0	1.5024518801197406	80.605
818.5	1.7487313312021402	100.539
819.0	1.7828656174456525	80.532
819.5	2.2742557258257023	52.979
820.0	1.7246093140537726	100.44
820.5	1.3176192029387528	125.537
821.0	1.5656994744132382	105.131
821.5	1.5133450119216003	10.229
822.0	1.2649871120303176	51.655
822.5	1.5725577573490277	61.474
823.0	1.3497566398897813	43.661
823.5	1.992881924775168	100.732
824.0	1.5752481421460895	13.531
824.5	1.6172818754608487	30.187
825.0	1.65483160371147	10.35
825.5	1.1671209932610096	110.755
826.0	1.4140204098637084	73.954
826.5	1.8152554106195888	109.963
827.0	1.8765052055034663	30.121
827.5	1.6517859278848477	40.949
828.0	1.8567535376833688	43.128
828.5	1.5777324111538977	30.229
829.0	1.5930941292794316	60.352
829.5	1.2705712258836566	11.837
830.0	1.4598772187811497	60.45
830.5	1.8522113481610374	48.934
831.0	1.9700291027970223	80.593
831.5	1.2620353189265536	20.14
832.0	1.8721427784070075	18.596
832.5	1.7537901956863435	120.586
833.0	1.1343459855279348	10.41
833.5	1.2608077127977046	20.102
834.0	1.9550009721116746	10.021
834.5	2.034863882808385	22.013
835.0	1.4532541898865206	71.887
835.5	1.4381276837459351	106.397
836.0	1.9320587543396914	10.098
836.5	1.6044016112682378	83.344
837.0	1.817306611003868	90.652
837.5	1.7420279727370158	30.232
838.0	2.2581282261029094	30.351
838.5	1.916129587345613	90.575
839.0	1.4871793642345725	11.705
839.5	1.4679408713560735	30.231
840.0	1.2357812293175396	102.194
840.5	2.7386787919402504	10.243
841.0	1.0381942142286187	35.917
841.5	2.258207048432731	80.175
842.0	2.1739683310860594	61.078
842.5	2.462348208869978	20.227
843.0	1.325206449250782	61.157
843.5	2.113993164111068	88.498
844.0	1.7727545620606726	110.818
844.5	1.7368319992340764	9.603
845.0	1.704986497879524	80.392
845.5	1.7365896087494288	20.052
846.0	1.652657412249716	10.076
846.5	1.9547582523887086	20.094
847.0	1.0683559029335987	9.492
847.5	1.3002982644287218	130.939
848.0	1.8179473361580796	31.02
848.5	1.9047301571922741	30.166
849.0	1.5568504327552948	120.811
849.5	1.4835522935114267	130.934
850.0	2.067102432656368	30.083
850.5	1.5580668285296018	61.157
851.0	2.2248080118566658	71.436
851.5	1.759927933857924	120.775
852.0	1.6892950419081216	80.476
852.5	2.0662845391312517	90.682
853.0	1.5968814751095275	30.215
853.5	2.4382100029267164	20.342
854.0	1.8006507874304725	122.706
854.5	1.7191288620534837	100.682
855.0	1.6177512106949397	130.708
855.5	1.8627044691789587	9.72
856.0	2.393565824196546	20.044
856.5	1.9640916440125307	30.262
857.0	2.3093760605791886	20.244
857.5	1.925556387312588	50.029
858.0	1.6618466730243293	70.623
858.5	1.6425519609884813	100.427
859.0	2.063283914349918	10.142
859.5	1.8784552704810187	20.192
860.0	1.5646872139954953	40.344
860.5	1.5822425816217738	10.372
861.0	1.5930430381442062	110.703
861.5	2.5978130603785	30.088
862.0	1.627178166062052	110.855
862.5	1.7798115570508732	50.57
863.0	1.800697215674256	8.294
863.5	1.4405108387501602	110.58
864.0	1.9663706644024164	80.837
864.5	1.9363822807798519	9.695
865.0	1.834797205613946	39.452
865.5	1.8781146354847482	88.691
866.0	2.1168243535668236	80.346
866.5	2.2135172599258444	9.783
867.0	1.34353912823482	90.68
867.5	1.822478149643854	39.885
868.0	2.533035871907843	20.926
868.5	1.6879257287242893	62.639
869.0	1.9342406779393748	40.237
869.5	2.173464568408093	30.179
870.0	1.6402753174371005	30.175
870.5	1.5916668224802353	10.152
871.0	2.1184171233258455	30.188
871.5	1.850271644471486	135.03
872.0	1.638673170594134	90.575
872.5	2.2887531952473052	20.207
873.0	1.8653083828896835	13.379
873.5	2.0487365977152217	100.641
874.0	1.7225264142062677	50.384
874.5	1.5523312469550499	60.439
875.0	1.9148107409576756	40.268
875.5	2.28381142732677	50.213
876.0	1.4539694094761133	80.569
876.5	1.5955006313069722	110.509
877.0	2.0293097643379485	30.227
877.5	1.8495597057937925	80.566
878.0	1.7494735109605408	80.463
878.5	1.7676360747009956	20.202
879.0	1.362863396209885	120.744
879.5	1.963922479584752	28.979
880.0	2.099658522372311	20.986
880.5	1.502127055637126	30.271
881.0	2.0320589040428816	30.209
881.5	1.4180495186625952	40.267
882.0	1.5776066322440092	70.494
882.5	1.4866608069770086	70.371
883.0	2.11597129017901	30.214
883.5	2.140826800699415	53.883
884.0	2.2300539182611643	50.379
884.5	1.8589058672404701	80.913
885.0	1.8185255683414616	30.913
885.5	2.2143309990503313	70.331
886.0	1.8491603234004779	80.564
886.5	1.6680150349082794	62.875
887.0	1.9689904289054936	63.144
887.5	2.359943542686121	60.402
888.0	2.0908175923328036	40.308
888.5	2.2532510165591564	61.916
889.0	1.5294540661883869	60.388
889.5	2.240398383642452	70.301
890.0	1.5218623950048065	110.551
890.5	1.932847630025819	41.895
891.0	2.078081973952273	90.584
891.5	2.3881101173441657	41.804
892.0	1.5022039827319162	80.523
892.5	2.302502571191521	20.217
893.0	1.876011461008637	49.926
893.5	2.2058103812593153	120.626
894.0	1.732771165009933	19.445
894.5	2.1788729142627354	20.14
895.0	1.7399065238684364	70.468
895.5	2.0556736032013854	50.457
896.0	1.5631332191395686	30.214
896.5	1.3904891322622994	50.307
897.0	1.5990933381694181	100.702
897.5	1.9548937759690557	30.19
898.0	1.09715025185372	110.624
898.5	1.7040483719976327	41.293
899.0	2.0497097242331366	9.199
899.5	1.9205475721594625	90.639
900.0	0.9527953109688895	30.165
900.5	1.9381865514735337	30.206
901.0	1.5614478195173855	60.461
901.5	1.4049322942903173	61.559
902.0	2.3942027455027497	19.722
902.5	1.5336203069912744	90.557
903.0	2.2447686903132285	80.264
903.5	1.9664315864019832	11.763
904.0	1.518077440520025	110.667
904.5	2.684115468186107	20.254
905.0	1.39487044281546	110.847
905.5	1.6673773082455807	112.054
906.0	1.4908828983329927	130.873
906.5	1.574778140195117	61.675
907.0	2.4797485600322955	20.166
907.5	1.2833949802425313	96.014
908.0	1.5382440492462928	80.461
908.5	2.087250932991157	10.296
909.0	1.7284539836608208	80.371
909.5	2.0184447210953405	60.218
910.0	1.3353117816440894	130.996
910.5	2.005743409834793	54.612
911.0	2.2090851824107207	9.298
911.5	1.2868881404059667	10.078
912.0	1.5222763420417587	64.733
912.5	1.6359244420420953	52.699
913.0	2.2538259827022693	60.112
913.5	1.7241359207710358	98.026
914.0	1.8756781301213787	60.48
914.5	2.000391604562536	54.55
915.0	1.8718171784587607	50.026
915.5	1.279532827532034	33.144
916.0	1.6872286319151473	10.346
916.5	1.432872640375607	31.029
917.0	2.565708318113355	30.121
917.5	1.586704276790207	70.53
918.0	1.738154947036776	10.252
918.5	2.4268658663311813	80.404
919.0	1.5313085054784872	120.949
919.5	1.5426133516024179	30.195
920.0	2.027712615497779	50.389
920.5	1.9066503759200395	50.166
921.0	1.3721848242819488	129.708
921.5	1.0570151203934133	20.197
922.0	1.4011728864373254	90.696
922.5	1.6511620146902686	71.784
923.0	2.582679378822516	79.653
923.5	1.925617132653616	40.216
924.0	1.3935558008323106	30.194
924.5	1.86591446449673	70.453
925.0	1.6347384091278787	110.735
925.5	1.3884645740802464	30.192
926.0	1.752871327247534	9.718
926.5	1.5334500923219614	70.575
927.0	2.3190199119543693	70.853
927.5	1.5908467672104143	110.375
928.0	2.086307392831337	90.666
928.5	2.453102409806695	52.583
929.0	1.8123501334216696	66.357
929.5	1.6059133983035072	93.895
930.0	2.632893749020802	60.474
930.5	1.7486293051849913	30.313
931.0	1.3684929939478743	70.506
931.5	1.894695703218288	60.459
932.0	1.9158374843751558	20.155
932.5	2.0389412256712203	71.195
933.0	1.3309102475923147	70.384
933.5	1.611469818313534	9.079
934.0	1.5333727263358092	120.939
934.5	1.6274839671548547	30.159
935.0	1.7438347545493633	10.181
935.5	1.3425610870538887	50.382
936.0	2.2599896176998153	120.638
936.5	1.747190430269107	130.312
937.0	1.4161704178813315	71.438
937.5	1.9058553189685161	60.397
938.0	1.6289752074479635	90.615
938.5	1.7959820784099103	100.507
939.0	1.1691012400910417	85.84
939.5	1.797077842501649	72.159
940.0	1.6902696977379972	90.534
940.5	2.0329354640490176	9.203
941.0	1.4966711753847257	30.275
941.5	1.8658661369288496	110.716
942.0	2.3605391172046297	110.234
942.5	1.8162376315240807	40.123
943.0	1.5548454477976277	110.619
943.5	1.7369461984152352	90.573
944.0	2.0389126779874274	9.142
944.5	1.8400778179995643	20.056
945.0	1.1058661463254553	100.495
945.5	2.3090187687057377	90.591
946.0	1.9570686191267153	80.44
946.5	1.8348195961143214	40.256
947.0	1.2556248656079596	8.564
947.5	2.394192235768449	60.695
948.0	1.5314570255162792	30.203
948.5	2.1245923089260286	30.314
949.0	1.4564160132386763	59.801
949.5	1.8573393133639033	80.501
950.0	2.11414105955677	10.486
950.5	2.212742942924423	9.521
951.0	1.479215750486055	70.55
951.5	2.216137750308541	70.435
952.0	2.286232589721965	100.591
952.5	2.1248179470336095	60.431
953.0	1.7466658201299776	10.451
953.5	2.3887971758762716	70.497
954.0	1.5735825625620374	100.829
954.5	2.174047583733738	90.471
955.0	1.545661212863126	114.187
955.5	1.8422191788926345	120.865
956.0	2.199179781311834	90.567
956.5	1.2543167000879076	110.934
957.0	1.4312882279889314	40.474
957.5	1.6180049710149405	90.636
958.0	1.9869325964510685	110.596
958.5	1.5275255202056857	17.608
959.0	2.017931925120333	31.766
959.5	1.867815034250545	12.659
960.0	1.4108798178244135	23.97
960.5	1.4433586229196191	60.404
961.0	1.6784139638053046	70.52
961.5	1.6588521511144416	10.761
962.0	2.3886530649432953	9.968
962.5	1.3591545341044526	60.561
963.0	2.2883658137824585	50.398
963.5	2.424670138941813	20.27
964.0	1.4185795298172643	109.614
964.5	1.6542091283283409	80.18
965.0	2.130712102111629	66.99
965.5	1.9166397447047432	30.18
966.0	1.5246216276357285	120.804
966.5	1.5206094159777075	20.202
967.0	1.3632056700666235	71.618
967.5	2.2107071927126367	40.242
968.0	2.1384066045536945	84.407
968.5	2.065593111393169	110.399
969.0	2.058207110703753	11.447
969.5	1.5160402565356486	110.865
970.0	2.0212368969313497	40.021
970.5	2.028624861180758	30.271
971.0	1.7354643182917575	84.582
971.5	1.880156672925243	30.206
972.0	2.1146309809840207	20.135
972.5	1.8487343524223054	50.373
973.0	1.7213079384371568	150.843
973.5	2.243557350179004	110.823
974.0	1.9575782152304444	101.698
974.5	1.5250888220344252	20.311
975.0	2.0423747173772866	90.493
975.5	2.2320591800680223	10.961
976.0	1.2391353027674576	60.491
976.5	1.9381084133060047	60.359
977.0	1.994563404778275	100.507
977.5	1.5115676732627357	71.008
978.0	2.10792719491904	59.467
978.5	1.628993862113373	60.481
979.0	1.981087793211934	9.152
979.5	2.087038646626695	80.364
980.0	1.7131153844297233	48.165
980.5	2.115963872443196	90.682
981.0	1.371166568455535	74.231
981.5	2.038164299053215	67.051
982.0	1.5625721253603204	100.606
982.5	1.5248730445174077	30.262
983.0	2.3459002041471795	80.309
983.5	2.070726011615179	39.937
984.0	1.8710320343597373	70.41
984.5	2.2020330254040092	26.045
985.0	1.916367566523618	20.031
985.5	1.7515463821132295	100.721
986.0	1.8748028841632007	50.24
986.5	1.7022513253206213	100.016
987.0	2.353071749800267	29.963
987.5	1.6336121021451155	30.186
988.0	2.3269736672726307	70.409
988.5	1.5187151241690646	80.446
989.0	2.0883512560466757	9.56
989.5	1.5729737858630288	100.716
990.0	1.7739000235250801	80.484
990.5	2.358245716052888	80.542
991.0	1.480336359532353	9.469
991.5	1.7028791050494234	30.217
992.0	2.428675935935279	10.12
992.5	0.16918263101849307	9.928
993.0	2.0936049286917195	108.514
993.5	10.872112706425355	60.633
994.0	1.5892962925908327	42.497
994.5	1.8637910710820573	9.14
995.0	1.7392661696073177	40.257
995.5	1.877069330843996	70.602
996.0	1.6355391358606337	90.527
996.5	2.1334859613361217	80.597
997.0	2.330807435094061	90.674
997.5	1.859727321189607	80.579
998.0	1.9076514002283007	42.395
998.5	1.9956599483431958	110.656
999.0	1.896345448731085	71.091
999.5	1.4833087283680577	10.232
1000.0	1.7347056988666356	20.19
