0.5	1.6750209337064021	369.919
1.0	1.7939643320376486	31.466
1.5	1.7379729524511016	13.648
2.0	1.8705940826475718	60.356
2.5	1.3802195739714511	156.564
3.0	1.6968607410520247	87.221
3.5	2.154097433129783	120.62
4.0	2.313528408448308	50.178
4.5	1.4559966369939559	110.767
5.0	2.0536895378493383	8.016
5.5	1.7014043591184669	110.579
6.0	1.9076628795966917	50.368
6.5	1.324446489877897	29.427
7.0	2.3675949133660392	22.876
7.5	2.08130284646419	171.69
8.0	1.7283639693604091	50.457
8.5	1.6298949968310843	62.081
9.0	2.0867791426400077	95.144
9.5	1.7416936758995096	274.77
10.0	2.0839163868582333	7.765
10.5	2.062838140502421	100.712
11.0	2.1185638224203913	94.833
11.5	1.5206214338352624	80.612
12.0	1.6631452492247178	30.12
12.5	1.5133311136508016	80.52
13.0	2.2409664543740107	79.415
13.5	1.658325865031126	110.599
14.0	1.8921759132116913	70.567
14.5	2.176200121429843	50.319
15.0	2.168674366653659	30.44
15.5	1.921204983685383	100.589
16.0	1.5952818959566077	70.38
16.5	1.272803914419748	120.78
17.0	2.2032502100955638	7.35
17.5	1.4205642255021702	30.263
18.0	1.723212164873524	109.264
18.5	1.9951954804427225	30.266
19.0	2.1359614279901735	50.36
19.5	1.775489091099181	90.598
20.0	2.174355732699402	11.424
20.5	2.1375247459082747	100.546
21.0	1.9518185714342429	50.351
21.5	2.0478110502630296	60.316
22.0	1.5822142835503925	87.595
22.5	1.73414823512376	80.406
23.0	1.6865780032829012	100.713
23.5	1.9781616721298925	70.526
24.0	1.8066277084601159	110.967
24.5	1.9092141350947807	90.802
25.0	2.341973445243429	95.282
25.5	2.133009701219876	72.607
26.0	2.048347234668845	12.76
26.5	0.15331979325036157	25.138
27.0	1.3206675314007303	18.172
27.5	0.9270459011329237	40.436
28.0	0.6072360117608246	49.675
28.5	0.7027861674908756	120.853
29.0	0.40084493023919104	106.631
29.5	0.42197790392399614	130.95
30.0	0.8610871165069967	125.086
30.5	0.5844672089347748	140.916
31.0	0.47272389355111505	90.621
31.5	0.1276688293868525	10.07
32.0	1.5066829422627928	40.773
32.5	1.345104646513592	117.609
33.0	0.3746821513174597	12.991
33.5	0.4123251186590955	8.893
34.0	0.3036922350717679	138.973
34.5	0.31333785832726774	59.015
35.0	0.5699032770729532	44.384
35.5	0.7095148727940256	30.349
36.0	0.48597249232556866	34.114
36.5	0.5025833578832583	29.625
37.0	0.3096571674473931	116.886
37.5	0.39446949978207335	30.251
38.0	1.1340463944351937	94.393
38.5	0.8371933339912347	89.708
39.0	0.7570158981733429	41.201
39.5	0.5730749865236895	39.422
40.0	0.556799788821463	120.81
40.5	0.5367230342794616	120.915
41.0	0.7493604887640093	28.434
41.5	0.7064450310701151	114.906
42.0	0.4596846336343747	39.114
42.5	0.5244083967727398	42.412
43.0	0.17566047525229883	11.186
43.5	0.15775210628564335	75.201
44.0	5.274640071614454	100.706
44.5	2.258810990686485	105.27
45.0	0.12238793561948176	63.552
45.5	10.16416510646338	75.888
46.0	2.5704365066950077	186.287
46.5	2.45443848156267	106.857
47.0	2.129145250640155	90.655
47.5	2.118023737748704	115.676
48.0	2.176657837212132	131.214
48.5	1.9841487062880183	81.134
49.0	1.814670709254025	100.659
49.5	1.621498441179687	101.767
50.0	3.2961150728775137	100.867
50.5	2.2796519539887483	120.943
51.0	2.1336790214757997	141.484
51.5	2.198215267218397	71.367
52.0	1.5744493639542334	79.446
52.5	1.9095528723199504	140.09
53.0	1.8992159003601476	70.604
53.5	2.1734843758728966	90.64
54.0	2.3320795380831214	115.254
54.5	1.77286477500342	90.902
55.0	2.3100421372821427	157.502
55.5	2.28177741067206	63.909
56.0	1.7927547586120738	110.967
56.5	2.2616186857364724	70.711
57.0	8.791674096219896	19.377
57.5	1.222044661369536	283.363
58.0	1.0773692089324698	70.546
58.5	1.0353318527563768	30.159
59.0	1.2836448331778185	46.455
59.5	1.1494373865268084	110.834
60.0	0.9443041353447659	80.631
60.5	1.0554365282770664	143.711
61.0	1.39280118522376	27.62
61.5	1.100116404305396	130.856
62.0	1.167167350921817	50.461
62.5	1.0170456478117682	139.314
63.0	1.371078536930177	100.743
63.5	1.2160440816191491	71.945
64.0	1.4984224897319358	174.314
64.5	0.17639149215931005	16.685
65.0	3.5157325537909285	131.014
65.5	0.12067976295993849	54.757
66.0	1.6726101168075906	120.872
66.5	0.6052458899876549	107.076
67.0	0.5825746048886947	61.387
67.5	0.16939580063868542	34.975
68.0	0.1707797830544402	75.744
68.5	0.7557986563400771	30.52
69.0	3.69966429778586	30.088
69.5	3.8631107404734175	32.396
70.0	2.244618862398149	60.323
70.5	3.0919290100427865	43.603
71.0	0.16507714538246804	10.817
71.5	5.547391982882379	50.652
72.0	1.5743367162924524	50.621
72.5	1.4026305100711136	138.181
73.0	1.8581745937422482	92.53
73.5	1.6875920721072903	110.878
74.0	2.0407565793488356	127.277
74.5	1.4422812846321373	50.578
75.0	1.7683685400177795	70.385
75.5	2.2534121458372316	20.102
76.0	1.3351386383183241	11.182
76.5	0.17681091020092365	10.337
77.0	5.735148075818714	10.415
77.5	0.121559791054664	33.875
78.0	2.978991871741915	100.367
78.5	0.8718067679750373	134.428
79.0	0.16791203468452628	43.629
79.5	2.9907870198147344	100.407
80.0	0.16313380902865962	12.078
80.5	5.32188413761839	100.726
81.0	0.12815545869353595	14.673
81.5	7.61659900789118	100.996
82.0	1.591164410088422	13.186
82.5	2.1856343244244467	40.142
83.0	2.1493782388414253	40.328
83.5	2.1331201428508297	70.092
84.0	1.7894818276879496	131.452
84.5	1.9830308755018187	141.236
85.0	3.14100065729769	81.945
85.5	3.5232211667758424	120.979
86.0	1.2011953423897739	60.403
86.5	1.5068313837792648	60.517
87.0	2.0537316504411356	80.426
87.5	1.789313752221545	30.151
88.0	1.2719560459206205	40.268
88.5	1.90003834826895	53.952
89.0	1.6375626809572905	103.237
89.5	0.1385185152261772	45.603
90.0	8.141110720296536	150.793
90.5	2.1164226435265223	150.906
91.0	1.8073117577612647	50.429
91.5	1.5508055424887048	80.629
92.0	1.7756851612905695	92.699
92.5	1.8000270337730013	50.345
93.0	1.4761577098918066	30.264
93.5	1.9213929744936353	70.398
94.0	2.259759890319037	42.175
94.5	1.5860302765894134	90.611
95.0	2.313282876763567	60.352
95.5	1.5033859864626555	130.9
96.0	2.4466214071078887	70.607
96.5	2.0316885609439077	60.508
97.0	1.8761342390106746	43.205
97.5	1.9088537977807944	70.535
98.0	2.0895756888483374	93.197
98.5	1.878910707910209	35.015
99.0	1.6416081920367886	80.714
99.5	1.983406468956639	85.485
100.0	1.6651606048388365	50.464
100.5	1.694162461500942	70.27
101.0	0.16470667840759226	14.894
101.5	2.724886469068002	50.896
102.0	0.9594499645866849	90.774
102.5	0.15355256681924911	9.428
103.0	1.3643792502796046	50.508
103.5	0.1739817036315379	17.281
104.0	6.150974188925189	23.91
104.5	2.4551727395795537	50.313
105.0	2.0330567093162184	20.141
105.5	0.17275629584113417	17.65
106.0	9.341993680657332	20.121
106.5	1.3802582184929275	60.327
107.0	2.353010934497683	70.307
107.5	1.9927430983833572	20.178
108.0	1.3637591050241324	20.172
108.5	1.9277512496693303	63.823
109.0	1.804294720309596	38.155
109.5	2.0047976286750036	50.235
110.0	1.638688835076589	110.782
110.5	2.1142793866726066	89.191
111.0	2.077946857738852	60.466
111.5	2.348101218894796	91.94
112.0	1.6446085512494526	30.54
112.5	2.3560845840517555	101.705
113.0	1.6353308264096438	80.718
113.5	1.8639875396622845	39.978
114.0	1.9777734556662545	80.496
114.5	1.8190981038939265	26.555
115.0	1.859135736446921	70.299
115.5	1.640593324302706	50.236
116.0	2.215769212438658	90.59
116.5	2.341461465474138	25.559
117.0	1.6802752253572075	100.769
117.5	1.662679229237621	60.184
118.0	2.149254065472715	30.222
118.5	1.6358682497127914	50.4
119.0	2.020322892526618	70.446
119.5	2.259267781388942	20.185
120.0	1.7989742460799671	71.513
120.5	1.5917859228062097	110.809
121.0	2.261548976048661	90.646
121.5	2.4569406644607694	50.411
122.0	1.6096805622268187	70.332
122.5	1.6578854529287521	40.333
123.0	1.8603292113993857	40.207
123.5	1.592165065456098	90.635
124.0	2.0060880464156967	79.559
124.5	1.8973591986841485	121.142
125.0	2.10930372251818	69.432
125.5	1.499813777088793	90.571
126.0	1.8561362939207586	37.418
126.5	1.996199820885642	40.242
127.0	2.0836755397779867	30.193
127.5	1.795154014636551	67.293
128.0	2.015432205821185	60.46
128.5	1.8316343961290904	90.462
129.0	2.408318531955878	88.501
129.5	2.1888999372923506	69.468
130.0	1.3133116363967927	20.228
130.5	1.9502186549464218	38.654
131.0	1.6862565367469216	90.646
131.5	1.6978899995484023	73.664
132.0	2.17706725684723	17.48
132.5	1.4122200324163652	70.555
133.0	1.7869718239692038	20.241
133.5	1.5025602086561727	17.771
134.0	1.930041829044818	80.64
134.5	2.334268990519946	25.68
135.0	2.162854195932286	30.925
135.5	2.074085012072993	50.305
136.0	1.56528311052385	80.448
136.5	1.6029592027261264	69.009
137.0	1.8497455912752785	70.546
137.5	1.74541310337719	37.177
138.0	2.2605972253784827	50.451
138.5	1.6624352616591427	38.766
139.0	1.9945497432799772	100.667
139.5	2.2828388346229485	47.748
140.0	1.6121785146697716	100.83
140.5	2.479071949447582	17.774
141.0	1.6138021796678332	40.33
141.5	2.619103602241102	40.222
142.0	1.5504869330535016	100.619
142.5	2.5411805015740097	17.856
143.0	1.8458822000469273	38.939
143.5	1.6438950058681283	28.559
144.0	2.3236683921522547	51.755
144.5	2.106621732241086	48.184
145.0	1.6170883513286585	80.39
145.5	2.1725529984609797	85.486
146.0	1.7989716317821658	100.729
146.5	1.4931408157879422	47.39
147.0	2.3060934278744973	83.454
147.5	1.751046353735008	17.121
148.0	2.2819200444689436	20.275
148.5	1.7875235971171755	70.736
149.0	2.121847819322362	40.146
149.5	1.6264944137047297	60.438
150.0	2.3260830009810647	17.677
150.5	2.710251897509182	60.335
151.0	1.8751757843208376	69.315
151.5	1.7941507315014125	25.496
152.0	2.2651237940156435	60.271
152.5	1.842198859949597	60.528
153.0	1.7747437600045572	100.84
153.5	1.6921502377260438	17.852
154.0	1.3913132197770774	120.939
154.5	1.3724345005111651	17.042
155.0	2.585149694407981	20.114
155.5	1.4400500200410296	110.609
156.0	1.8104066467388968	30.213
156.5	1.9887837760020763	20.217
157.0	1.7564694721400895	80.527
157.5	1.332978778931133	63.182
158.0	2.6093313465033745	20.326
158.5	1.3706145363465407	90.614
159.0	1.6551435137230681	100.664
159.5	1.7188316448081853	60.329
160.0	1.7098326693025605	120.616
160.5	1.7599330835679137	80.491
161.0	2.399811001552777	70.408
161.5	1.8965812534788047	100.734
162.0	1.9317386434565285	17.579
162.5	2.0467712249888304	90.446
163.0	2.4596374608306237	20.966
163.5	1.858704640456285	110.911
164.0	1.9722847729899577	38.739
164.5	1.9444348687628632	100.963
165.0	1.8712373378495633	80.331
165.5	2.2755979651866434	80.482
166.0	1.890384423593102	70.501
166.5	1.7286070102283286	90.518
167.0	1.6904977287199479	20.969
167.5	1.744234692576444	110.296
168.0	1.991786486126166	30.28
168.5	1.534246005066997	62.575
169.0	1.828184327766203	41.373
169.5	2.291846748524548	51.294
170.0	1.6447204463239966	120.39
170.5	1.872516184393921	80.493
171.0	1.5893326334398643	91.087
171.5	2.196387873725641	80.654
172.0	2.171250701721506	69.148
172.5	2.418464840566071	40.273
173.0	1.853226318727308	38.737
173.5	2.2602242877235184	50.317
174.0	1.9382873440196624	79.237
174.5	1.4539825691974406	20.22
175.0	2.256312046444387	40.089
175.5	2.107210387031491	70.543
176.0	2.0943221272924144	71.441
176.5	2.4176821302639873	52.272
177.0	1.6808112523311594	80.61
177.5	1.9948861834255314	87.73
178.0	1.3717040193914976	120.661
178.5	1.984364524186761	172.345
179.0	3.225179727612243	20.138
179.5	1.2763224298753408	50.269
180.0	2.3261714328599123	20.222
180.5	1.5645189433518423	65.154
181.0	1.9622359146407362	110.865
181.5	2.465119400029201	70.178
182.0	1.5507297262505924	90.647
182.5	1.6779103690801256	17.314
183.0	2.4318199206709585	50.216
183.5	1.787629260842944	43.993
184.0	1.9330296169943089	60.395
184.5	1.9545551186173666	30.224
185.0	2.0322919614955586	90.653
185.5	1.9438841256173054	40.438
186.0	2.1572356688375782	81.715
186.5	2.0713918697717215	70.44
187.0	2.048772199600365	77.918
187.5	1.7246867321143562	67.69
188.0	1.6896963400260934	57.656
188.5	2.2172442809312685	50.197
189.0	1.9230315316874675	120.696
189.5	2.237456339023823	110.495
190.0	2.02924644286593	17.626
190.5	1.902953698464666	48.753
191.0	1.8699010293250677	50.229
191.5	1.5937266647859738	90.739
192.0	1.9226500720996544	58.702
192.5	1.5009764386632718	28.28
193.0	2.3322305444216656	39.093
193.5	1.8404231746794684	47.156
194.0	2.24612441170633	40.088
194.5	2.444611134893817	48.812
195.0	1.8122868705350705	17.067
195.5	1.799235314572946	37.746
196.0	2.274984814352544	70.514
196.5	1.8591659851368676	20.238
197.0	2.2252418760648656	40.384
197.5	1.5187481747183047	70.437
198.0	2.5143008653317027	17.119
198.5	2.092991174576275	90.434
199.0	2.3418615018825486	17.35
199.5	2.080194773424175	30.237
200.0	1.69806433169791	110.638
200.5	1.8772971955613842	80.533
201.0	1.8700885815595383	60.688
201.5	1.4250659597608857	30.25
202.0	2.164497003876642	70.465
202.5	1.6307775195509175	90.569
203.0	1.915253428913074	97.61
203.5	1.520411803091257	18.146
204.0	2.064014187587563	48.439
204.5	2.4790464606755807	60.32
205.0	2.0739413758579466	80.587
205.5	1.4367367647130729	90.502
206.0	2.158238957917454	40.121
206.5	2.1094303261373595	100.797
207.0	1.755761835588765	70.42
207.5	2.0751693560571187	49.291
208.0	1.1641646577663953	212.626
208.5	2.320966922692567	100.415
209.0	1.4970887566251136	100.766
209.5	1.52958531549691	100.474
210.0	2.2941252369104124	60.379
210.5	2.1159675629911336	80.646
211.0	2.0416354714527576	110.63
211.5	2.1292305621836856	74.721
212.0	1.8630084259458846	69.476
212.5	1.8393234288497304	100.591
213.0	1.8061654880576277	100.692
213.5	2.177035065537355	70.53
214.0	2.0181652433542596	22.927
214.5	1.7207934185589475	120.882
215.0	1.7039293790660004	40.264
215.5	2.5656237472476993	30.199
216.0	1.913196129182102	70.404
216.5	2.563185255581896	70.525
217.0	2.2672873369800897	50.252
217.5	1.510289502939758	80.91
218.0	2.392505251960808	82.669
218.5	1.9032175272037772	90.703
219.0	1.8689883376024805	39.028
219.5	1.6437503880393503	20.175
220.0	1.7017380453495274	100.734
220.5	2.5718045103142178	100.68
221.0	1.713275449355015	434.644
221.5	2.559229058920968	101.185
222.0	2.085013626809759	50.365
222.5	2.356167725034206	80.427
223.0	1.9543538314443474	20.336
223.5	1.928263569384149	59.629
224.0	2.3145940365579794	38.026
224.5	1.664085089540356	90.722
225.0	1.8408029547582687	130.914
225.5	1.8342044673868028	68.618
226.0	2.38344766637218	50.583
226.5	1.6035214396257937	60.499
227.0	1.8590083906297779	22.853
227.5	1.4239383194754354	81.064
228.0	1.6759949005134496	60.502
228.5	1.8754506681713372	35.287
229.0	2.4319832210047347	20.12
229.5	1.1072818474978132	110.73
230.0	2.2505342678850755	16.952
230.5	1.2320635062766587	100.557
231.0	1.5926000854336435	20.181
231.5	1.7532554076982558	18.068
232.0	2.0671733709136757	109.702
232.5	1.8555412709975962	90.422
233.0	2.589969136201508	80.586
233.5	1.6664795780796104	103.59
234.0	1.9988214408137799	18.103
234.5	2.563118452097287	20.243
235.0	2.3444186397757667	60.432
235.5	1.6423538874343446	80.436
236.0	2.0778532470818543	19.726
236.5	2.1550662954413338	20.152
237.0	1.615557240916076	30.281
237.5	1.3201018385093228	90.421
238.0	1.965250839281365	40.186
238.5	1.629495652021554	120.591
239.0	1.5219447623060272	114.16
239.5	1.9260830767753587	99.212
240.0	2.1662010852197966	100.576
240.5	2.38447859608158	20.328
241.0	1.1434912744690389	110.756
241.5	1.5595194050964598	60.554
242.0	1.8218037185834772	18.061
242.5	2.2211116434262967	30.251
243.0	1.8338769411840852	110.708
243.5	1.829478847444379	17.918
244.0	2.035429554005367	50.267
244.5	1.881333796213641	70.509
245.0	1.7737798940565548	120.505
245.5	1.8136669662766423	20.205
246.0	2.2274512983284183	42.867
246.5	2.118168108362314	90.466
247.0	2.2900954964794975	17.997
247.5	1.569660986846586	20.683
248.0	1.6941780466838625	18.003
248.5	1.991668591971827	90.769
249.0	1.7504977632324095	90.477
249.5	1.964060333711989	59.29
250.0	1.7848708384987029	19.601
250.5	1.6735048147007463	25.615
251.0	1.9802448717226604	75.832
251.5	1.5431177730242942	30.243
252.0	2.776397709167105	20.3
252.5	1.8276450281991248	60.257
253.0	1.5051373514032664	106.182
253.5	1.4315407781215403	80.616
254.0	2.021535682495372	70.148
254.5	1.8785596107578357	50.363
255.0	1.474180324092636	17.832
255.5	2.2750930976607786	70.386
256.0	2.10554240756512	40.523
256.5	2.0589362522894135	80.437
257.0	1.9896299819358594	70.333
257.5	2.1911428611597312	50.205
258.0	1.7824376797566894	69.258
258.5	1.86171689093847	46.975
259.0	1.442483565846646	20.627
259.5	2.4424147756095733	30.422
260.0	1.7928174657602431	250.59
260.5	1.4691492276424996	20.726
261.0	0.46867491236375186	78.929
261.5	2.861489612386421	57.46
262.0	2.0244950047961865	99.544
262.5	1.7096589177191435	75.07
263.0	1.5698697015682594	120.981
263.5	0.1747081801522936	16.512
264.0	6.071804421398751	100.787
264.5	2.016557452088157	30.468
265.0	2.0872797252571123	50.401
265.5	0.12498401506890322	21.969
266.0	7.280509198859182	17.53
266.5	1.8874082414601312	40.196
267.0	1.5091246414361101	50.52
267.5	1.5501170331632812	70.248
268.0	1.9100134344416588	50.64
268.5	1.4994522233666234	20.145
269.0	2.3929508968699524	70.479
269.5	1.8562551156286802	56.005
270.0	2.273059115301363	16.841
270.5	2.1820484156135285	80.331
271.0	1.2097671549207616	70.418
271.5	2.6601828687116504	18.264
272.0	1.5272204860315333	38.95
272.5	1.4799996080373898	98.684
273.0	1.9960320698139813	47.551
273.5	1.949557023742351	110.665
274.0	2.1592444906939705	120.779
274.5	1.538684554310923	33.365
275.0	2.415369080484607	18.184
275.5	2.1141950221877	17.522
276.0	2.0966644411724547	90.669
276.5	1.6781875531328854	222.57
277.0	1.4635512881684352	100.71
277.5	2.190587091208893	28.207
278.0	1.0246135463206922	54.649
278.5	2.05839616929257	40.287
279.0	1.81170628095269	22.531
279.5	1.8122651308243125	52.374
280.0	1.9102526465459433	21.205
280.5	1.9273809052058728	67.638
281.0	2.242356090276565	30.187
281.5	1.9256529861068798	94.59
282.0	2.2723848939669655	48.409
282.5	2.0808509453862754	50.384
283.0	1.4111156101293698	90.681
283.5	2.325347167512751	80.301
284.0	1.8894837504860549	17.298
284.5	2.000981415035045	50.426
285.0	1.9995057907980995	80.508
285.5	2.3156961064972825	70.212
286.0	1.9771144058072583	63.852
286.5	1.823798339034678	76.294
287.0	1.8763494771656968	100.495
287.5	2.0885018696872866	125.833
288.0	1.5818304831016767	96.339
288.5	1.7163917566533593	70.643
289.0	1.9503666159953983	30.127
289.5	1.9331436973532927	40.43
290.0	1.938398518656889	40.371
290.5	2.3642396879641328	100.724
291.0	2.6623700115565923	50.245
291.5	1.5981291466317684	20.315
292.0	1.8791932919413923	42.641
292.5	2.1049755114362676	90.629
293.0	2.600277871727089	40.292
293.5	2.317749506733409	30.089
294.0	1.6603277765839297	17.336
294.5	1.9778770181679328	18.524
295.0	1.7953335292101125	80.629
295.5	1.592669432561974	80.559
296.0	2.655338527219493	70.43
296.5	2.0883919155302006	20.246
297.0	2.3783046849598413	50.347
297.5	1.805628236961772	110.79
298.0	1.492958573269913	60.468
298.5	2.0670623829638477	107.432
299.0	1.9851708325837096	58.069
299.5	2.256865343361081	60.442
300.0	2.2053244323836076	40.187
300.5	1.5090752351001901	70.54
301.0	1.7486521453827777	50.278
301.5	2.1587517513354237	70.265
302.0	1.7782963372426177	60.581
302.5	2.2734428638652657	20.154
303.0	2.189187249735834	49.54
303.5	1.404109922623558	90.707
304.0	1.9276691486888937	42.494
304.5	1.8602341908612554	17.864
305.0	1.8408203154966523	102.065
305.5	2.467823378331855	18.359
306.0	1.9568977899840827	40.385
306.5	2.3790661950640746	90.61
307.0	1.6577102691377943	90.674
307.5	1.3992622758789959	110.706
308.0	1.8181053678388122	20.054
308.5	1.6493513243678768	120.8
309.0	2.1045808537649857	90.625
309.5	1.9731363489272435	20.425
310.0	1.699294921255415	120.753
310.5	2.4092622327019373	90.65
311.0	2.3438944734255123	29.673
311.5	1.784100778755191	110.609
312.0	1.702703866284613	110.709
312.5	2.0076366507450083	50.345
313.0	2.3474443208639726	18.258
313.5	1.983703270934567	40.271
314.0	1.8547606443923708	40.303
314.5	1.8850416139594577	30.161
315.0	1.9319263866295444	70.443
315.5	2.4268522963332777	80.505
316.0	2.0147567696982294	47.047
316.5	1.8835351169792833	70.482
317.0	1.811113236320972	80.403
317.5	1.4811388600904118	17.516
318.0	2.019453425481897	22.121
318.5	2.405789316920021	20.074
319.0	1.3676068119518412	19.487
319.5	2.5091370606972836	100.735
320.0	1.1386740116615377	122.02
320.5	2.152986130845682	42.225
321.0	2.019092317710525	106.684
321.5	1.9222259184410897	38.428
322.0	1.77105494728676	48.001
322.5	2.1388582374282343	60.458
323.0	1.811508910102644	20.182
323.5	1.46343414235534	80.54
324.0	1.7310350009151128	17.701
324.5	2.1178029807081247	109.138
325.0	2.162909646358044	90.678
325.5	1.6799818728254399	80.505
326.0	2.2083638214277967	50.288
326.5	1.6828925856372656	50.427
327.0	1.7015521188161316	415.246
327.5	2.7502181508138652	60.501
328.0	2.087074200188812	70.554
328.5	1.8468853073262583	90.716
329.0	1.6271563970211589	105.193
329.5	2.186516208401251	70.399
330.0	1.4779549817629924	70.372
330.5	2.270465628193385	83.452
331.0	1.9582738907598651	161.852
331.5	3.653132244435287	60.507
332.0	1.6331361069830854	17.19
332.5	1.9933683415315406	88.711
333.0	1.7515945763632725	47.961
333.5	1.9778198529702766	51.716
334.0	2.1903293897485923	30.176
334.5	1.5657822626644553	40.245
335.0	1.696694784681147	60.397
335.5	2.16940894002901	58.401
336.0	1.094558075275198	104.754
336.5	2.0219649244771607	40.319
337.0	1.437798469976645	119.775
337.5	1.7692651940773276	50.331
338.0	1.8210324531328372	110.542
338.5	2.2306061468810308	120.428
339.0	1.9791936095261644	70.451
339.5	2.507054578576562	40.163
340.0	1.519690707960399	90.66
340.5	2.094070522560269	41.333
341.0	1.850503174641794	111.023
341.5	1.608735988186284	90.652
342.0	2.286360668840305	18.001
342.5	2.1389636595108215	80.565
343.0	2.323857798733487	30.063
343.5	1.985399216533074	20.187
344.0	1.968034200010083	80.59
344.5	1.9261581853195384	73.202
345.0	2.180597747301848	50.389
345.5	1.920076838975508	17.983
346.0	1.9380940806126103	100.615
346.5	2.0865871873040063	110.804
347.0	1.8368638206330772	47.641
347.5	1.7929311750341244	47.452
348.0	2.148799496447008	90.787
348.5	1.705149071466648	59.019
349.0	1.5502356690337824	110.819
349.5	1.6973276743851053	30.844
350.0	1.620743526549888	70.207
350.5	1.9901472853274345	84.494
351.0	2.1321531535870006	49.391
351.5	1.988854900855852	80.55
352.0	1.694576556275613	90.565
352.5	2.2582253822436003	20.191
353.0	1.9664262580617538	70.579
353.5	1.3915633812707542	97.581
354.0	1.5723164571253478	37.901
354.5	1.684266246994908	53.684
355.0	2.172733037155567	80.564
355.5	1.8219929284725411	90.547
356.0	2.4196366975972907	21.994
356.5	1.7300120154732417	69.016
357.0	2.0565231119003777	68.56
357.5	1.863987040737135	70.452
358.0	2.0493371095732855	70.46
358.5	1.970283526555199	91.767
359.0	2.2673960441661114	90.387
359.5	1.6634858072278909	90.511
360.0	1.6488590992671954	50.435
360.5	2.110384893184147	40.457
361.0	1.7397783795914474	90.739
361.5	1.5974145980755468	30.124
362.0	1.9315966083008074	79.671
362.5	1.7593548738103455	17.953
363.0	2.3434237012736796	100.922
363.5	2.0457144695113896	40.289
364.0	2.3218926704502656	30.249
364.5	2.213718834456103	67.299
365.0	2.0237405213876043	60.494
365.5	1.5684562500287842	40.806
366.0	1.7932166316294855	80.518
366.5	2.3288333832125083	70.467
367.0	2.041686837312909	80.638
367.5	1.710657804637649	50.329
368.0	1.90595436789021	40.184
368.5	1.842109387571961	17.595
369.0	2.0661019801228337	112.379
369.5	1.9347000741752218	110.819
370.0	2.2590682031626974	20.171
370.5	1.8159226154906025	43.979
371.0	1.6636980485233706	52.946
371.5	1.5668917229657289	40.028
372.0	2.1145852454647964	39.738
372.5	1.5706955292970342	47.543
373.0	1.661438118397579	17.843
373.5	2.503144283075896	121.672
374.0	2.127367268598125	60.533
374.5	1.9042492785154697	20.52
375.0	1.4442046527595829	130.858
375.5	1.7833972654360961	39.507
376.0	2.634016767324308	71.59
376.5	1.660437620489678	49.023
377.0	1.1939443194865071	68.175
377.5	1.516571698295663	18.068
378.0	1.9009410539483451	37.853
378.5	1.904958468744167	104.097
379.0	1.9967753998612399	95.383
379.5	1.4810150428853248	50.417
380.0	1.5827159119517564	40.379
380.5	1.9532577603024361	90.666
381.0	1.9110253501856935	60.199
381.5	1.9572215717363106	17.501
382.0	1.9454399277806067	60.565
382.5	1.8146712351872394	40.648
383.0	1.437192771323064	30.265
383.5	2.2085382889865337	25.437
384.0	1.9028454165937316	40.306
384.5	2.0072819434009386	58.047
385.0	2.0379961556557573	40.603
385.5	2.4319091714896497	39.173
386.0	2.0679001165823188	48.627
386.5	1.7955326171899184	18.387
387.0	1.827985455192364	73.461
387.5	1.7430031510707655	113.075
388.0	2.125911113707606	90.592
388.5	2.2434536898979225	48.1
389.0	1.7926808445088196	80.527
389.5	1.9067843992099527	17.046
390.0	1.7361110516153357	100.723
390.5	1.681656251744103	60.309
391.0	1.6342445077553605	38.763
391.5	1.747167441208645	18.129
392.0	2.225232549230477	20.136
392.5	1.9110642551303791	68.433
393.0	1.5479079131435893	39.845
393.5	2.3757872982998145	100.751
394.0	2.0314750697302837	50.979
394.5	2.036149008981978	18.063
395.0	1.3824306021345498	110.673
395.5	1.5422185532403552	70.554
396.0	1.676051829328645	30.273
396.5	2.023483469606467	80.578
397.0	2.451680495394629	50.407
397.5	1.9435580152751897	100.855
398.0	2.115407905310204	80.475
398.5	1.9632416516289293	20.614
399.0	2.656432834274933	60.384
399.5	1.6718795555421384	58.368
400.0	2.1631985835331715	90.537
400.5	1.6733869760725828	110.856
401.0	1.8115405539973157	80.633
401.5	2.284030351514611	120.905
402.0	1.8984920398745881	26.94
402.5	2.122403527076106	50.433
403.0	1.6362074229777934	90.789
403.5	1.833802481927072	70.49
404.0	2.348187605248831	50.507
404.5	1.8937285359079397	58.849
405.0	1.2826085083374001	20.221
405.5	1.9588660660185897	70.388
406.0	1.3848547290375404	21.741
406.5	2.106089460389988	24.461
407.0	1.8959607152171722	40.626
407.5	1.8439553809166722	82.625
408.0	2.0198074151576035	80.489
408.5	1.8950424526255103	71.915
409.0	2.2166935691777905	81.304
409.5	2.3764936304629822	82.459
410.0	1.478961553588491	130.828
410.5	1.9220216228739857	17.543
411.0	1.6320935508112095	80.418
411.5	1.592678685346843	73.792
412.0	2.5046349181552707	29.608
412.5	1.4382663851122086	90.447
413.0	1.636783902652824	23.244
413.5	1.2299773843152484	49.538
414.0	1.978098238215017	40.29
414.5	1.110844258397892	18.076
415.0	2.3979848974709794	30.19
415.5	1.5661362299238015	90.553
416.0	1.6789824172779384	42.334
416.5	2.0322900937580775	17.584
417.0	1.6393076300075298	120.868
417.5	1.6900418880327592	111.007
418.0	1.6363886168471962	92.165
418.5	1.8184681576817656	30.265
419.0	1.6774837714370376	50.274
419.5	1.862919421568079	30.479
420.0	1.6498690623503125	105.525
420.5	1.4977620285075306	88.498
421.0	1.5249020807686624	74.506
421.5	1.195696450403436	20.138
422.0	1.3660711776961647	80.623
422.5	2.1367682831479926	90.611
423.0	2.2527305382236147	17.704
423.5	2.260249751132235	20.43
424.0	1.411679588428056	105.384
424.5	1.796528783734921	60.378
425.0	1.7720493999253828	78.65
425.5	1.8706266723128648	21.549
426.0	1.7310917869850149	50.37
426.5	2.6423465786234055	50.513
427.0	1.8711949131224934	60.431
427.5	1.9445404694914399	60.395
428.0	2.048677539049696	30.2
428.5	2.16566251810772	79.529
429.0	1.84234361318607	73.156
429.5	2.2031077299407458	60.331
430.0	1.6420897652132231	110.815
430.5	1.7187987686615127	70.763
431.0	1.8609592641736328	131.706
431.5	2.112701183530932	111.152
432.0	1.998035967976622	17.54
432.5	2.1854540200363095	60.517
433.0	1.7396393007362076	70.399
433.5	2.195817661798196	70.669
434.0	1.4817557074536574	17.734
434.5	2.140029322346475	50.313
435.0	2.041965691135886	75.171
435.5	1.9744743772805295	72.027
436.0	1.6694004380807723	80.414
436.5	1.7125921311557386	92.603
437.0	1.806764561711721	70.35
437.5	2.2866243255253105	105.042
438.0	1.5337588691545867	52.282
438.5	2.0361541277048882	20.666
439.0	2.3675855419391323	60.872
439.5	1.8312497976134892	58.019
440.0	2.1279282554072996	90.64
440.5	2.2895586651574855	91.011
441.0	1.9599562141903044	40.232
441.5	1.7781988962213966	50.414
442.0	2.0087163170089375	80.599
442.5	1.6198234396824314	90.536
443.0	2.108333053243081	70.398
443.5	1.7461991136821517	40.436
444.0	2.115818983956161	71.002
444.5	2.020923808370121	70.524
445.0	1.6954868625176978	110.98
445.5	1.429676705823971	40.285
446.0	1.9050745467098504	70.484
446.5	1.5958257075435986	48.244
447.0	1.8082507397284684	90.577
447.5	2.020260997057022	50.312
448.0	1.530208476638468	90.646
448.5	2.5406667688885722	91.22
449.0	1.7446310892769434	18.012
449.5	1.8769997653657815	40.3
450.0	1.9825372970715331	18.142
450.5	2.5481186787135064	70.133
451.0	1.641792485648378	110.742
451.5	1.6577788283870871	70.818
452.0	1.9768266594811816	90.62
452.5	1.9485559949217566	90.622
453.0	2.3777371970562755	202.292
453.5	1.4556323526417718	28.023
454.0	1.9444867345981969	80.37
454.5	1.9973733140608756	50.419
455.0	1.9548690198225263	192.47
455.5	2.0834680067188485	79.313
456.0	2.2084120302833443	60.876
456.5	2.286725004834044	40.737
457.0	2.003994722135148	19.026
457.5	2.0581559024866123	98.449
458.0	2.0526858000594546	60.403
458.5	2.2953621103707884	49.924
459.0	1.8559166671812035	48.144
459.5	1.6861171997813076	60.341
460.0	1.8327526923384956	17.18
460.5	2.496128026319733	111.057
461.0	1.4377393017781284	70.494
461.5	2.293480101930454	110.552
462.0	2.1412705493972974	70.537
462.5	2.307904609421426	47.618
463.0	1.8142884006503546	70.738
463.5	1.6609802867614745	50.231
464.0	2.0464682267574235	70.337
464.5	2.1789924778705347	17.704
465.0	1.7952409940988154	43.39
465.5	1.5530981317939014	17.525
466.0	2.3361658514582935	50.2
466.5	1.7017712446247144	90.354
467.0	1.8625482949761563	68.763
467.5	2.2696363904563137	18.59
468.0	1.8073769872428347	111.181
468.5	1.6799756462473585	69.763
469.0	2.271574726912195	211.893
469.5	3.000948898358845	60.387
470.0	1.5372273590349594	80.435
470.5	2.0093778835645235	30.56
471.0	1.5314425680596293	120.934
471.5	2.1088945838661304	43.3
472.0	1.9920382154231722	38.292
472.5	2.1503900489851406	60.438
473.0	1.8066553157795282	60.478
473.5	1.6967078292006577	110.757
474.0	1.661536227356498	60.393
474.5	1.877513264560525	110.82
475.0	1.5658385459256017	30.238
475.5	1.830320590734872	20.59
476.0	2.178687018132165	31.023
476.5	1.6136310966534362	42.08
477.0	1.6335477857435605	120.886
477.5	1.9900383487497455	100.558
478.0	1.70345998819448	60.401
478.5	2.400223348708423	80.563
479.0	1.356279865595204	16.88
479.5	1.7994202889254165	60.379
480.0	2.2183201703162188	78.464
480.5	2.193199674558413	20.197
481.0	1.6684645480535507	131.391
481.5	1.6427229164484614	76.217
482.0	2.0363517713007333	50.354
482.5	2.109509088628641	70.539
483.0	2.2412333285543675	70.042
483.5	1.9841579108976795	30.052
484.0	1.7934735418604946	17.967
484.5	1.6907698749392	70.385
485.0	1.7738085447484524	110.624
485.5	2.325679126182484	120.87
486.0	1.6313650406245583	40.349
486.5	1.9693884722916082	45.168
487.0	2.5307814766616645	80.266
487.5	1.5327646660988394	94.166
488.0	1.7962691645737232	50.327
488.5	1.6012230121948665	120.795
489.0	2.180681359323233	90.627
489.5	2.2379631000008944	90.548
490.0	2.0844811733405444	74.986
490.5	1.6398625648576284	80.379
491.0	1.8017459394366417	80.53
491.5	1.6647284896070187	50.2
492.0	1.6836936408281706	90.739
492.5	1.6380348749000417	70.439
493.0	1.7443333956300062	62.977
493.5	1.858617255739003	90.497
494.0	2.0966603843405283	70.898
494.5	1.423464414795282	110.934
495.0	1.6624418572603834	40.138
495.5	2.49407086214102	50.394
496.0	1.8439277403261798	21.918
496.5	2.1878481181428486	30.223
497.0	2.415540527162574	40.192
497.5	2.034707012314152	60.655
498.0	2.1615226604611837	50.942
498.5	1.1085572707468432	19.451
499.0	2.3626420449560586	100.608
499.5	2.190950412552239	116.127
500.0	1.6425386530852353	90.637
500.5	2.0827467541841345	100.674
501.0	1.9550560282397609	41.439
501.5	2.2147538107694706	70.858
502.0	1.6179810943434483	70.682
502.5	2.19896902662102	40.355
503.0	1.80633223228424	100.652
503.5	2.461202717470726	29.946
504.0	1.7407859441941462	30.022
504.5	1.4741252919217067	105.405
505.0	2.200618708912158	69.918
505.5	2.248856945139513	46.031
506.0	2.0037954568139074	24.794
506.5	1.9288655879366894	17.587
507.0	2.168246797703935	41.778
507.5	1.4792582416018403	27.259
508.0	1.6215413632747864	60.449
508.5	2.461473992394538	60.268
509.0	2.2417508597547386	90.789
509.5	2.0284228382262426	70.46
510.0	1.5807124622698179	110.816
510.5	2.157916306752542	27.912
511.0	1.8977235582547805	17.683
511.5	1.7583424893195576	22.584
512.0	2.0491410658052653	18.185
512.5	1.6103240570228639	19.418
513.0	2.353148837924394	102.219
513.5	2.1228982000487573	20.255
514.0	1.8543961565443945	110.683
514.5	1.7230391847599449	70.466
515.0	1.4277170930822336	20.342
515.5	1.7652748664100906	18.054
516.0	1.9332486803967144	90.696
516.5	2.364136567260958	60.413
517.0	2.1826424526136043	49.73
517.5	1.8589827411808848	18.901
518.0	1.622496369826142	80.475
518.5	2.556072002168358	50.391
519.0	1.5919683331555783	19.916
519.5	1.4414497009702454	20.629
520.0	2.4190786995708145	73.993
520.5	1.4940107138725187	50.321
521.0	2.517410288501866	60.379
521.5	2.4541331491104827	100.883
522.0	1.6958625566540577	50.3
522.5	1.931409562710071	39.158
523.0	1.5401357840261858	60.445
523.5	1.8329786646661603	20.324
524.0	2.1434828264675327	75.249
524.5	1.7612678800196555	71.28
525.0	1.9961639873953525	65.975
525.5	1.5077868058261115	100.702
526.0	1.2959905658415567	110.509
526.5	1.6303630383147414	108.206
527.0	1.8846115987231593	18.393
527.5	1.4071032433347226	65.392
528.0	1.6697817146517928	57.049
528.5	1.771126504475412	41.907
529.0	2.184429912277277	80.572
529.5	1.2106402780897367	105.329
530.0	2.161294368730842	60.286
530.5	2.103970145566539	110.725
531.0	2.4644868586774122	39.663
531.5	1.5237520269578553	99.093
532.0	2.2534921708237197	19.806
532.5	1.802280746492705	90.515
533.0	2.3315206004720874	30.154
533.5	1.678941337972445	60.563
534.0	1.5356527393404953	50.387
534.5	1.463584244184896	30.137
535.0	1.5968231389691074	90.687
535.5	1.430137892409381	80.613
536.0	1.9694070341400969	86.139
536.5	1.5009146272976546	68.219
537.0	2.434440789773491	21.458
537.5	1.753631475216698	17.875
538.0	1.490933396281945	98.915
538.5	2.034052357749954	40.261
539.0	2.2707636117221113	21.922
539.5	1.5805881664041777	124.815
540.0	1.7554291800133834	30.201
540.5	1.7600324638051403	33.617
541.0	1.5400479037966606	20.042
541.5	2.2437129354681984	43.381
542.0	2.5104973015640457	105.568
542.5	2.3462855083086094	17.205
543.0	1.750386062441529	48.768
543.5	1.8327942984807082	20.11
544.0	2.3609319867319924	100.821
544.5	1.8706311363333321	110.626
545.0	2.164537733675355	30.224
545.5	2.233964592638579	100.625
546.0	2.1201587207248815	110.573
546.5	1.6574372311469896	17.268
547.0	1.2739935928238775	17.658
547.5	1.720457823958349	50.285
548.0	1.3924040460175373	40.586
548.5	2.0984530946071933	90.632
549.0	1.4982018198408653	29.455
549.5	1.8539211734754688	90.76
550.0	1.3119868988621273	19.384
550.5	1.9415348694342922	28.819
551.0	1.8175650116970345	50.502
551.5	1.779127570376169	60.381
552.0	1.590633912419355	60.167
552.5	1.9093702568379674	121.357
553.0	1.8563070936274544	37.474
553.5	1.2545752348569155	34.97
554.0	1.4715033712467709	91.213
554.5	3.194782978563269	40.558
555.0	1.5063346246028004	120.658
555.5	1.1990243991706326	80.439
556.0	2.5469093868442236	40.295
556.5	2.330436568104184	110.73
557.0	2.593683401080962	60.223
557.5	2.0127135414908044	122.711
558.0	1.4758690922234157	40.117
558.5	2.3549440835349604	38.526
559.0	1.6003312698798242	120.663
559.5	2.0671694721617264	40.283
560.0	1.5220864390815472	47.867
560.5	1.4911566247005021	21.522
561.0	2.02040785171932	46.557
561.5	1.3801344401490547	70.518
562.0	2.087419213341732	70.525
562.5	1.5183436910121726	192.184
563.0	2.052325034794856	21.692
563.5	2.7849168872728813	70.405
564.0	2.168389418651301	40.239
564.5	1.2527482620453039	80.414
565.0	2.045142556921148	60.451
565.5	1.6317974771487898	43.287
566.0	1.9594330542754603	90.535
566.5	1.8274959236472617	60.382
567.0	1.9840973590334228	60.428
567.5	1.735542714188216	120.663
568.0	1.5704534191262245	110.504
568.5	2.019867823175023	41.912
569.0	2.4394449220504346	60.362
569.5	2.2769717749801064	59.487
570.0	1.6460354612170165	30.184
570.5	1.8738703480783685	20.203
571.0	1.9023471472740314	50.378
571.5	1.9474755762959328	105.418
572.0	1.3189266451362462	30.228
572.5	1.880941811042545	44.028
573.0	2.5616097909994893	27.442
573.5	2.270409022781228	40.324
574.0	2.067413842864376	49.319
574.5	1.6143442226581042	90.443
575.0	1.3204272353191118	80.465
575.5	2.210200507309236	106.53
576.0	2.238355559427651	37.835
576.5	1.1410766993293113	100.735
577.0	1.7787252508129296	60.187
577.5	1.9618443445200147	39.393
578.0	1.415042819474603	110.595
578.5	1.8709178064854852	60.486
579.0	2.1467625320161483	70.4
579.5	2.3642840094013056	20.292
580.0	2.4529008035827222	90.467
580.5	1.5245845600678616	21.377
581.0	2.076055832751757	39.727
581.5	2.3030224036120224	21.92
582.0	2.0858665520263586	38.642
582.5	2.060433903978482	71.354
583.0	1.722699425843662	21.253
583.5	2.250790113401044	50.271
584.0	1.710804181810419	50.408
584.5	1.845249125848813	38.921
585.0	0.9697644368249732	421.639
585.5	4.352272281220188	82.459
586.0	2.371668523945612	60.471
586.5	1.4756786372042585	24.473
587.0	1.6127748138516254	114.634
587.5	1.5575196029114253	50.395
588.0	2.3194579381269746	60.406
588.5	1.0173849616726824	58.676
589.0	1.5636178203269435	182.053
589.5	2.712904448271716	90.703
590.0	2.363102006513065	60.48
590.5	1.9491862241143523	60.48
591.0	2.3224060423020645	50.306
591.5	2.1452613585136815	100.666
592.0	1.798216229240574	60.167
592.5	1.6732371831194854	43.484
593.0	2.7028073975883102	80.415
593.5	2.0621222469411844	100.594
594.0	0.8045831449107563	22.911
594.5	2.251490129650645	93.812
595.0	1.3571435141463637	42.273
595.5	2.831835722034274	41.621
596.0	2.19702524993399	80.444
596.5	1.586532991315426	56.554
597.0	2.214851142397991	50.203
597.5	1.40775220413974	60.187
598.0	1.096947398443896	20.711
598.5	2.0146541638053317	20.076
599.0	1.5304380999915854	50.269
599.5	3.258580440914172	50.477
600.0	2.2548312142246134	100.355
600.5	0.9857082589893081	80.293
601.0	1.799572267499052	100.562
601.5	0.8429729027962691	45.48
602.0	1.37967467676207	70.323
602.5	1.5370186452554353	33.404
603.0	1.388635184075331	90.526
603.5	2.0522753438863437	20.142
604.0	0.15482251988475396	44.841
604.5	2.7715203702827145	80.883
605.0	2.31043823295206	70.454
605.5	2.4993047069587297	40.182
606.0	1.3703820728227245	103.047
606.5	2.315531748428047	117.271
607.0	0.13617256544762998	19.226
607.5	2.2891109460227272	100.719
608.0	2.245251744549415	50.495
608.5	1.7762953994920039	100.801
609.0	2.0619500039702547	120.879
609.5	1.7558112347380797	17.207
610.0	2.3021704663777034	81.814
610.5	1.8151541928468138	50.408
611.0	1.5315554177181365	50.439
611.5	1.5627143825366474	67.829
612.0	2.0442149247094825	41.447
612.5	1.7844274230381754	18.02
613.0	1.8123577554185883	16.883
613.5	1.8739288182230973	40.5
614.0	2.4098292698263597	40.332
614.5	1.6591183044586908	50.325
615.0	2.1642301022009227	80.713
615.5	1.7864324800105682	98.576
616.0	1.3929681130526566	47.762
616.5	2.2302943167345917	20.226
617.0	1.9802009473263888	130.8
617.5	1.9582085874355875	70.525
618.0	2.042099986595184	110.739
618.5	1.629950007323934	87.309
619.0	2.3265093389207623	18.076
619.5	1.3612401264031722	100.802
620.0	2.4168571209574283	40.354
620.5	1.5751091907869288	20.208
621.0	1.9358406323161996	82.556
621.5	2.451987431648854	19.5
622.0	2.09750672777793	60.211
622.5	2.0057882960571383	16.961
623.0	1.6047455316375085	90.677
623.5	1.5253298760097398	100.756
624.0	1.7966803994985179	68.845
624.5	2.2085816422407856	158.427
625.0	2.52027000983657	283.162
625.5	2.8513236329372336	91.007
626.0	2.7444591312087696	313.239
626.5	2.5199224690897397	70.472
627.0	2.4553008991097554	50.361
627.5	1.5113607939967508	38.192
628.0	2.100564713056504	90.507
628.5	-985350.9651330926	139691517436.528
629.0	0.13918155415694414	17.918
629.5	1.5861749650718637	50.526
630.0	0.1632354245605725	87.904
630.5	1.8373950018501009	69.54
631.0	2.0880449747367607	119.731
631.5	1.4612687211643438	28.431
632.0	2.0041906436823895	107.725
632.5	2.0914129622690276	76.491
633.0	2.272042230288678	50.218
633.5	2.7297272256297918	96.161
634.0	1.7140691370948993	80.661
634.5	1.7227429808443646	90.64
635.0	1.7683561469206939	18.994
635.5	2.576230316409717	69.0
636.0	1.8758284171621944	50.456
636.5	1.757893277259593	20.833
637.0	2.141138635992719	20.268
637.5	1.935026000718994	78.485
638.0	0.8307427154709064	70.694
638.5	1.458081548409541	17.955
639.0	2.399765570471952	80.407
639.5	2.6001642128079903	58.575
640.0	1.9564127373566635	98.749
640.5	1.6985573743905644	100.692
641.0	2.682568991223755	93.323
641.5	2.3733622960608747	73.358
642.0	1.9312356639229478	18.163
642.5	1.807754620137649	20.393
643.0	1.7928732343950622	150.893
643.5	2.627080521884707	100.508
644.0	1.3235050742440009	20.142
644.5	1.9104261135194327	70.491
645.0	1.8258209258742966	110.772
645.5	2.369635333257156	80.508
646.0	2.0480425428210647	99.177
646.5	1.5190702346987839	120.722
647.0	1.9847411754896465	80.536
647.5	2.0232957145309918	40.154
648.0	1.2626678927421309	24.877
648.5	2.3324659887303962	93.882
649.0	2.0987794770098853	121.043
649.5	1.4428696171192723	26.978
650.0	1.1922203086632899	80.638
650.5	2.7253036072232284	70.428
651.0	2.129634745471116	60.837
651.5	1.7885850473820286	100.667
652.0	1.6259755062076435	80.648
652.5	2.1017353832430303	110.818
653.0	2.167127024151113	45.818
653.5	2.0425199885291647	92.786
654.0	1.8176519333403394	29.176
654.5	1.8663273777432774	30.233
655.0	1.9256323373042261	50.286
655.5	1.7762758339900375	83.843
656.0	1.7427694332516384	60.332
656.5	2.378549444688675	41.958
657.0	2.116975887853111	30.13
657.5	1.873439003250126	79.31
658.0	2.0512352969157086	70.442
658.5	2.3249897257660854	40.234
659.0	1.9844726589976582	71.174
659.5	1.5650371362453743	18.483
660.0	1.6298317020521829	50.342
660.5	2.4424757451555568	60.542
661.0	1.572485349855645	30.884
661.5	1.750401326793182	30.204
662.0	1.9323956336886472	60.446
662.5	1.9418395394862726	50.397
663.0	2.870014502797811	30.271
663.5	1.2097700266853297	93.472
664.0	1.766593023476186	78.108
664.5	1.9597514535771707	70.296
665.0	1.6601283038076111	100.678
665.5	1.787192067497722	39.465
666.0	1.8427886946693415	60.512
666.5	1.9304076406461415	70.478
667.0	2.397513411965053	90.646
667.5	1.5206345606759069	70.599
668.0	1.9173574059383611	60.388
668.5	2.245686304862013	100.985
669.0	1.9746607602863353	80.521
669.5	1.5318811535317427	70.494
670.0	2.386242823211387	40.202
670.5	1.4970186712163025	70.616
671.0	1.8860341030456953	80.457
671.5	2.1610448708805077	20.156
672.0	2.049103148049606	100.704
672.5	2.3771173692261045	40.381
673.0	2.083942962393572	59.525
673.5	1.4595252710718245	23.363
674.0	2.554464434200949	22.332
674.5	2.2817514490178055	60.527
675.0	1.9884293742857164	50.474
675.5	2.012714850581086	30.437
676.0	2.0192497402917264	130.897
676.5	1.6654290641284932	100.956
677.0	2.4450426542680823	20.13
677.5	1.8748271967149852	110.997
678.0	2.2509893275244495	49.898
678.5	1.4583461807779756	60.446
679.0	1.9241829272938924	70.519
679.5	1.6515988362382354	100.623
680.0	2.13596463427881	100.679
680.5	2.3466902759492263	68.718
681.0	1.9947262037614357	46.912
681.5	1.9760490049578248	60.46
682.0	1.9115569904455314	70.479
682.5	2.5481929621249284	40.265
683.0	1.402055297236801	40.399
683.5	1.9012224790926096	29.107
684.0	1.9522914754145215	128.151
684.5	1.6109326650024602	38.049
685.0	1.7030667077565285	50.25
685.5	2.3487897562824687	40.359
686.0	1.6795692455247695	17.921
686.5	1.8257444751329135	70.552
687.0	1.5898442265086277	80.48
687.5	2.2893724868762555	21.69
688.0	2.042437280263302	100.492
688.5	1.8612318216350139	21.103
689.0	1.487896451484763	60.487
689.5	1.5030685851619858	52.875
690.0	2.665429596761379	67.401
690.5	2.0553785897960886	100.447
691.0	1.7840902819348274	100.51
691.5	2.482615585757683	17.205
692.0	1.7836249790775087	100.78
692.5	1.796572257514315	30.482
693.0	1.5965077044701235	86.011
693.5	2.3147092678292034	80.519
694.0	2.3282151375220073	40.225
694.5	2.1067283114082325	120.76
695.0	1.1463605553179874	90.57
695.5	2.5492791709252125	30.371
696.0	1.840499103271963	90.64
696.5	1.8889154084530728	70.206
697.0	1.83706737571963	22.973
697.5	1.5735154158527629	71.01
698.0	2.4766776526577936	25.61
698.5	1.8358602318855932	50.347
699.0	1.5201610622952233	50.449
699.5	1.7961632415533273	40.275
700.0	1.7966014301881894	70.598
700.5	1.6539750418277783	70.464
701.0	1.9192109037207727	70.479
701.5	2.235600751486178	125.096
702.0	2.048878386233473	90.418
702.5	2.043773602956514	50.268
703.0	1.7576101699813966	100.72
703.5	2.1615592027519055	71.05
704.0	2.5413915040932364	50.283
704.5	1.4267908207736466	80.618
705.0	1.78127631297221	82.75
705.5	2.025337788031759	17.771
706.0	0.15466783047505636	12.581
706.5	1.2547469553332848	30.152
707.0	0.9792958798444888	70.674
707.5	0.15621755738220058	947.965
708.0	0.13814555008508209	2014.939
708.5	0.13216842899736003	2206.22
709.0	0.23262054596505016	2507.687
709.5	0.19962577345187682	3050.584
710.0	0.8677600842275155	3575.243
710.5	0.0717879412633261	4652.089
711.0	0.13192897440660964	2921.888
711.5	0.27746953653182777	2699.898
712.0	0.14954781711322238	2699.898
712.5	0.3544572417211882	1875.847
713.0	0.17650298514491247	2357.561
713.5	0.1579137907317255	2583.551
714.0	0.07114359788035787	8238.132
714.5	0.15888591632547674	8238.132
715.0	1.5477969081650722	90.703
715.5	1.5991071773782748	80.581
716.0	1.723250799224157	35.165
716.5	1.7122446854135829	12.176
717.0	1.328605152896164	40.354
717.5	1.3305965826200121	50.328
718.0	1.828321116252635	73.834
718.5	1.4342686026003644	35.052
719.0	1.71255908405414	90.534
719.5	1.9622132490984303	50.365
720.0	1.848812973024828	80.693
720.5	1.9397260733408566	70.624
721.0	1.5373612336280507	80.353
721.5	1.7731643757372937	52.374
722.0	2.1614685664614246	25.999
722.5	1.9680191969203673	30.188
723.0	1.7144811337991177	25.088
723.5	2.0785561645764443	50.45
724.0	1.595177303902237	50.297
724.5	1.8062559461020171	84.657
725.0	1.7129220367174365	70.516
725.5	1.84127955906209	107.561
726.0	1.9496337440872422	20.135
726.5	2.1217101523884216	11.206
727.0	1.5122338070311696	20.11
727.5	2.160946022064829	50.313
728.0	2.2619144810428296	101.089
728.5	1.3344884687152254	80.572
729.0	2.145840357779582	50.477
729.5	1.7200894347562747	70.387
730.0	1.765851530383573	50.417
730.5	1.3999769239607074	61.711
731.0	1.5404870502983965	70.316
731.5	2.500401758436509	60.342
732.0	1.9600742293025453	30.298
732.5	1.6460846612623474	80.631
733.0	1.4024952696924549	74.428
733.5	1.7913523843554011	60.372
734.0	2.528687527924208	70.422
734.5	1.6830451115279295	120.788
735.0	2.1278771498724054	60.424
735.5	2.018563628860037	50.342
736.0	1.8531054700187979	14.036
736.5	2.3050792646203226	34.002
737.0	2.1788438676730855	101.219
737.5	1.69714116832371	70.625
738.0	2.5714752514491477	63.943
738.5	1.2383938917953916	90.589
739.0	2.0737078849716664	20.104
739.5	1.8487249408487958	50.524
740.0	2.0470103454729256	90.58
740.5	1.6642925635014676	60.419
741.0	2.05432348733324	13.325
741.5	2.2806544448770874	20.154
742.0	1.9279222980392274	20.157
742.5	1.7055010592274398	70.351
743.0	1.612587009379497	60.49
743.5	1.8230669664866554	70.39
744.0	2.1016750076057296	65.986
744.5	1.5168539518744097	80.527
745.0	1.5052060108994667	91.843
745.5	2.1166976552222008	131.011
746.0	1.5646973733620393	80.446
746.5	1.9068413724251694	16.79
747.0	1.8889816333541931	80.335
747.5	2.2000130968020613	79.307
748.0	1.6965366672876658	60.455
748.5	1.836947071625025	26.644
749.0	2.1558210859316462	11.317
749.5	1.842888667997897	33.138
750.0	1.5253196682729062	40.344
750.5	2.308463563081337	61.526
751.0	1.9835872194517465	11.861
751.5	1.8084195354758166	70.424
752.0	1.8148047267693617	33.474
752.5	1.4813023516940713	80.445
753.0	2.4531013013184744	90.57
753.5	2.088254410261073	70.414
754.0	1.8024973626369054	80.507
754.5	1.4748547907639755	60.479
755.0	1.934762550558262	100.485
755.5	2.354916858556882	40.394
756.0	1.5257222850518293	120.829
756.5	1.5329156730530507	70.519
757.0	2.1160603576373753	87.754
757.5	1.9269888682734306	38.635
758.0	1.5210485335201636	20.146
758.5	0.12459413682028526	110.779
759.0	5.702015714582119	16.209
759.5	2.1644351474422288	17.646
760.0	2.341253571263355	29.362
760.5	1.3631443968913732	95.383
761.0	2.215890926354009	100.752
761.5	1.9096320725706886	64.335
762.0	2.785263702248698	80.312
762.5	1.876262792704261	16.215
763.0	1.6103871559739105	100.801
763.5	2.5881251315426606	20.159
764.0	2.3247043860691847	80.349
764.5	1.8441964033093066	132.985
765.0	2.122512067988893	50.416
765.5	2.402488672385227	20.175
766.0	2.0149150784844703	40.331
766.5	2.2814596427844864	22.489
767.0	2.2092396840437005	17.326
767.5	3.0714538402457294	40.308
768.0	1.9461071264880159	80.718
768.5	1.407882877579864	118.378
769.0	2.033888710242545	29.686
769.5	1.9013499054189358	15.447
770.0	2.481971816230566	113.049
770.5	1.1990029568314715	30.217
771.0	1.470631959935274	67.488
771.5	1.4894978345275574	44.303
772.0	1.0728101116122524	24.897
772.5	2.4779145897146178	40.384
773.0	1.145198304775561	136.482
773.5	1.717176013017025	90.552
774.0	2.1750556582348994	20.441
774.5	1.9604752123110054	28.447
775.0	1.4355762297464432	185.91
775.5	2.863300681194154	16.177
776.0	1.5060307577552354	68.038
776.5	1.8887167363849422	12.805
777.0	1.5566459029474455	120.887
777.5	1.2806606439576076	70.454
778.0	2.255485943152292	60.245
778.5	1.738708882967545	64.536
779.0	2.085633083966864	40.296
779.5	1.7320552706213797	80.826
780.0	1.6695333963777785	100.754
780.5	2.7401965984916337	110.517
781.0	1.9162201368437928	50.15
781.5	2.1552679564969868	102.285
782.0	1.5787462300659592	121.155
782.5	1.3543312379009806	80.585
783.0	1.4497213216376277	66.071
783.5	1.2216201695344682	55.976
784.0	1.5754757113786408	57.905
784.5	1.8674336386207049	19.816
785.0	1.2383670995912248	95.114
785.5	1.6905260661889245	20.109
786.0	1.7215342392158028	13.444
786.5	0.9704390532503306	40.657
787.0	1.4494529765345385	56.425
787.5	1.9800108104441365	130.926
788.0	1.8131565746045155	20.148
788.5	2.4208786724357	110.562
789.0	1.8624407876922127	14.346
789.5	1.9373023172810853	77.591
790.0	1.6699511386131687	17.745
790.5	2.2139945755743993	111.1
791.0	0.5736588722136464	15.303
791.5	1.9502400380703093	60.39
792.0	1.8871588650359943	13.147
792.5	2.3504255498922917	110.748
793.0	1.6034415493637766	100.814
793.5	1.8091895978837613	13.578
794.0	1.604037922988835	44.956
794.5	1.763886933409552	70.619
795.0	1.8371942567323019	37.855
795.5	1.8835462473550526	50.397
796.0	2.4218859740156247	60.544
796.5	1.9114944419773647	50.462
797.0	1.3850236604801862	13.327
797.5	2.101561178970694	30.175
798.0	1.7983818127533138	71.247
798.5	2.085077631266967	30.189
799.0	1.4857161271512782	30.221
799.5	2.3367960278429	76.454
800.0	1.7338259225965946	70.38
800.5	1.9032462502620533	87.733
801.0	1.5005545510552871	80.652
801.5	1.6200179060688311	25.268
802.0	1.305858270521497	110.756
802.5	1.3513690178187996	93.601
803.0	1.8390199996298897	30.188
803.5	1.7161120839199442	29.745
804.0	1.528715771732003	28.226
804.5	2.1179006358159858	60.557
805.0	1.9457944206712128	141.022
805.5	1.850802881547748	80.586
806.0	3.3677006295407295	22.95
806.5	0.8125672616896845	120.866
807.0	2.111122564067853	64.518
807.5	1.9567774133190508	40.31
808.0	2.6112767460906627	58.013
808.5	1.540585156762754	35.267
809.0	2.3156560992174855	95.427
809.5	1.475632550011339	30.14
810.0	2.2235980273439573	70.595
810.5	1.6347749309321498	107.729
811.0	1.8917048626436717	65.812
811.5	2.0311815589141755	96.715
812.0	1.9211144992285871	20.127
812.5	1.1811873865420974	100.478
813.0	2.0151343310302323	130.492
813.5	1.7605408268601783	90.714
814.0	2.4895158030341635	74.832
814.5	1.2244233234286428	80.593
815.0	2.0246567504436346	30.18
815.5	1.8932905938965645	30.203
816.0	1.9020320653578615	90.66
816.5	1.4535715583368412	110.596
817.0	1.6794245252856517	15.083
817.5	1.2868514928224188	59.202
818.0	1.2551952788364864	130.819
818.5	1.8526479935521474	130.852
819.0	2.3121968181596517	40.338
819.5	1.0051581485652534	331.124
820.0	3.16641028184474	102.947
820.5	1.6486166719650297	20.36
821.0	1.5445756803784396	80.444
821.5	2.906018277740672	100.728
822.0	1.4703450063186554	43.766
822.5	1.7234532608671247	100.528
823.0	1.5633887955478214	232.584
823.5	0.19829256486761	393.876
824.0	4.092671334421314	116.788
824.5	2.356643567036151	80.612
825.0	1.921692566159088	13.98
825.5	2.532233531772673	90.977
826.0	2.0213591711917993	131.808
826.5	1.479773314492514	50.124
827.0	2.0637994039721566	36.086
827.5	1.7868962113161186	21.368
828.0	1.2898886509004437	33.35
828.5	2.589619119320472	60.386
829.0	1.7040431885495302	43.984
829.5	1.541489198496876	30.162
830.0	1.6095011063979292	56.557
830.5	2.4341659136993634	38.869
831.0	1.588199608147802	13.923
831.5	1.480814443514505	53.741
832.0	1.8288905046072161	40.373
832.5	1.8654419462619793	30.228
833.0	2.5479292147529535	45.249
833.5	1.3266822466902861	80.673
834.0	2.12368839935738	14.805
834.5	1.679075668696029	61.864
835.0	1.9540070852224585	20.163
835.5	1.2021189778541117	85.405
836.0	2.226141337140467	13.809
836.5	2.544927535938032	37.319
837.0	1.6717801645921393	140.994
837.5	1.9525094444784696	81.646
838.0	2.4127077693427945	101.123
838.5	1.558535515044798	90.638
839.0	2.162943998444984	60.745
839.5	1.8743394321425195	100.662
840.0	1.6994780214011116	84.143
840.5	2.1274954412885343	100.559
841.0	2.1260041090618977	80.488
841.5	1.1173333671804073	105.287
842.0	1.7999406367880804	65.911
842.5	1.6368010636258914	15.327
843.0	2.0579517775246012	70.572
843.5	1.665999383276776	17.974
844.0	2.7570554809449743	40.453
844.5	1.68827919169575	50.7
845.0	1.6028361295808449	60.458
845.5	1.3852877580293412	80.557
846.0	1.9180811966998206	90.708
846.5	2.456942147835654	27.432
847.0	1.5567595745421252	43.683
847.5	2.1341002376802845	97.989
848.0	2.0766136661072845	100.877
848.5	1.7215350890906702	90.597
849.0	1.552090564198824	70.386
849.5	1.951555489422134	120.946
850.0	2.0096810974134063	110.972
850.5	2.408444236838911	20.04
851.0	1.6579686190665894	110.747
851.5	1.627514168541566	120.866
852.0	2.0815789959183384	94.791
852.5	1.610250000349598	18.568
853.0	1.716334858619418	121.103
853.5	1.7230916107856373	20.637
854.0	1.732066732471148	13.054
854.5	2.5573069107134856	35.929
855.0	2.165410554783483	111.132
855.5	1.9081654116686568	80.404
856.0	1.7276663825980645	20.068
856.5	1.849767702283905	66.25
857.0	1.5884240202598403	64.175
857.5	1.2108578025613321	47.885
858.0	1.942808959928518	40.233
858.5	1.893603139498051	100.778
859.0	1.7299893617945001	60.24
859.5	2.2444449540359965	80.588
860.0	2.2938639011998725	20.303
860.5	2.0724054763763844	100.612
861.0	1.4715745545334669	80.54
861.5	1.8213754316254238	100.745
862.0	1.5484678526705282	80.526
862.5	2.904351463235754	20.988
863.0	0.9115404042088252	90.547
863.5	1.9128651408003159	49.713
864.0	2.4942247587932123	80.502
864.5	2.36352151548867	24.905
865.0	0.7410462170109556	111.254
865.5	1.6577692389480418	80.218
866.0	2.4488491900585556	80.636
866.5	2.126681711217083	80.577
867.0	0.9841954092500055	50.202
867.5	2.350654333901152	20.205
868.0	1.9017746240561288	18.191
868.5	2.4647563388491904	60.535
869.0	1.3151185321259926	80.762
869.5	2.0084545066309967	120.827
870.0	1.9685326937312209	90.596
870.5	1.7807810811675804	34.469
871.0	1.7271194406520551	120.811
871.5	1.8749420480243628	100.544
872.0	2.034042344420502	114.851
872.5	2.082482496891502	48.751
873.0	1.6966055604592836	50.434
873.5	2.0465196280318465	80.513
874.0	2.0746919243870723	70.152
874.5	1.5135580725492992	68.988
875.0	1.9709298193837943	20.156
875.5	1.6763770187918243	120.654
876.0	2.6420593686442495	14.776
876.5	1.1900394553666942	14.679
877.0	1.698348764746682	130.875
877.5	1.597926115995375	50.381
878.0	2.1371466847321354	20.076
878.5	1.1406977065123916	110.626
879.0	1.8500309616525359	110.623
879.5	1.4569374665384798	15.576
880.0	2.688739675647059	30.312
880.5	0.9189125235118056	130.88
881.0	1.8587687576643228	120.79
881.5	2.1050116023475094	127.747
882.0	1.8402355830889747	142.806
882.5	1.602702040876059	40.249
883.0	2.1838489974371673	20.073
883.5	1.8664816102723296	80.756
884.0	2.358331154582628	80.596
884.5	1.4483890219873008	52.969
885.0	1.9159590326827658	57.346
885.5	2.0939624616910897	80.645
886.0	1.5917224987114436	66.12
886.5	1.8106487255277959	20.17
887.0	1.9399681519709202	30.161
887.5	1.5557584087085774	17.178
888.0	1.8921755507603844	55.426
888.5	2.2321216435934366	69.979
889.0	1.3064832576885397	70.527
889.5	1.8888646310891226	60.214
890.0	2.1433629496538096	86.164
890.5	1.6379223348992173	80.604
891.0	2.0315448628451427	90.6
891.5	2.379745917255063	105.324
892.0	1.4247814973829298	70.48
892.5	2.0001561612274004	80.669
893.0	2.161651142786252	56.454
893.5	1.583528484595949	102.008
894.0	1.3223647860715106	424.857
894.5	3.7433335896060496	13.353
895.0	1.7268617444565373	40.284
895.5	2.462741203214537	34.896
896.0	1.600192126999752	50.311
896.5	2.2673090581830193	34.661
897.0	2.0430016213500948	78.34
897.5	2.9818196080808104	64.086
898.0	1.350646581561478	110.857
898.5	1.8735941746435592	30.932
899.0	1.7709787742757208	78.643
899.5	2.355028413406156	36.962
900.0	1.4825124803039926	108.235
900.5	1.4603809060746085	46.458
901.0	2.370966255062739	30.191
901.5	1.889546488568963	21.062
902.0	1.9483978480786803	40.55
902.5	1.7288997069674168	46.326
903.0	1.7975589308319557	57.094
903.5	2.117730930555936	40.301
904.0	1.4045795751756396	70.363
904.5	2.37098590421178	36.549
905.0	1.893695825705658	13.75
905.5	1.6937216586254202	33.525
906.0	1.7791134475264683	60.333
906.5	2.43150878390337	70.427
907.0	1.7940878958792421	100.374
907.5	2.1941161037032324	80.629
908.0	1.6847823230976395	74.894
908.5	1.9928873789051649	30.29
909.0	1.808019378755858	116.463
909.5	1.7698357479733509	80.533
910.0	2.124321867181657	110.602
910.5	1.8782323815477386	30.112
911.0	1.7215756077595934	120.501
911.5	1.9084723178229375	79.841
912.0	1.9255967516932413	67.107
912.5	1.642554890880367	63.896
913.0	2.0485540581831625	60.029
913.5	0.5464928853033867	116.242
914.0	1.672083701123392	97.155
914.5	1.480058585122382	70.433
915.0	2.1378035889560474	50.349
915.5	0.889768406126573	61.579
916.0	1.8502827517895826	40.273
916.5	2.119533810704563	76.81
917.0	2.1014550120756295	133.958
917.5	1.3865919807125398	19.926
918.0	1.1935427875942681	130.869
918.5	1.9817015540121796	60.612
919.0	1.8314279975288494	50.433
919.5	1.1820171843942828	60.23
920.0	1.7085263400317572	70.374
920.5	1.2883156289968756	60.221
921.0	1.6377406482806822	93.531
921.5	1.1180076374116128	90.558
922.0	1.3040146853640284	55.844
922.5	1.906786595384183	30.133
923.0	2.0315604502372295	34.143
923.5	1.7179740878162235	130.629
924.0	1.4989923220190917	125.952
924.5	1.4968592976252877	101.28
925.0	1.8391170318623598	122.094
925.5	1.8906445201298305	35.981
926.0	1.5380948169506945	15.904
926.5	2.3051153829982773	50.427
927.0	1.041387538869013	80.316
927.5	1.636240558812729	54.917
928.0	2.6166833020385054	44.262
928.5	2.1743448589528	83.69
929.0	1.5444620196196177	95.586
929.5	2.0575815756975784	14.032
930.0	1.8216971958370773	80.607
930.5	1.329321801554179	66.081
931.0	1.2142497932817742	43.506
931.5	2.015121825410053	50.452
932.0	1.6871249381881284	132.249
932.5	2.0247427115581353	16.44
933.0	1.8523783207868598	97.349
933.5	1.6358735496686694	15.759
934.0	3.1833951820907265	13.923
934.5	0.851284193844158	16.64
935.0	1.9897145189884515	30.352
935.5	1.9594079087535559	90.433
936.0	3.251792324100706	27.439
936.5	0.7728378104073508	67.672
937.0	1.8932138608400901	100.493
937.5	1.8093970615872041	13.951
938.0	2.4329460181586438	116.074
938.5	1.156748212937397	13.642
939.0	2.0038179286312565	95.049
939.5	1.9619683169135236	80.934
940.0	2.0371040052478704	80.816
940.5	1.1675815316694849	119.702
941.0	1.4868814288178565	100.576
941.5	2.2124041356180513	70.573
942.0	2.971275393902976	80.597
942.5	1.023264620334432	70.345
943.0	2.642038854400287	86.639
943.5	1.419864825418629	70.524
944.0	2.312560876103381	36.34
944.5	1.301586411914683	40.289
945.0	1.7921958939252096	38.426
945.5	1.7817740215401625	110.769
946.0	2.2071451809991434	14.485
946.5	2.094774367347957	120.725
947.0	2.1228409078923045	40.312
947.5	1.7799685062151827	48.692
948.0	2.089297772165746	70.547
948.5	1.6186426785432846	110.715
949.0	2.353251295214251	13.964
949.5	2.4727372915549126	91.77
950.0	1.889878472398	45.738
950.5	2.1389542654659217	110.963
951.0	2.0017469393719103	100.461
951.5	1.6469635849389632	80.432
952.0	1.4229066502227832	70.473
952.5	1.465395599493982	120.88
953.0	2.291916477110023	80.638
953.5	2.069854173521246	95.917
954.0	1.8134659973382026	90.578
954.5	1.7264713031391195	90.486
955.0	1.5056681522457003	80.586
955.5	2.2139996943696967	32.863
956.0	1.458795586833427	120.855
956.5	1.5195880213685686	140.866
957.0	2.3393932746891637	110.573
957.5	1.866227273431731	69.892
958.0	0.9441804067434689	15.143
958.5	1.8052926597887844	22.922
959.0	1.6428495009976043	16.29
959.5	2.391835669376496	40.578
960.0	1.266145180541777	60.447
960.5	1.640921250898918	50.337
961.0	2.2643405112536774	70.496
961.5	1.9171252216617416	90.598
962.0	1.3841606704940272	43.47
962.5	1.778619470198206	84.352
963.0	1.659957940263642	90.467
963.5	1.671261532525459	100.656
964.0	1.6764575532041281	66.035
964.5	2.20719035338649	13.539
965.0	2.308744140920341	40.224
965.5	2.2202156272876206	16.976
966.0	1.3788436519703589	30.142
966.5	2.3673037225478035	86.264
967.0	1.533080690567515	13.145
967.5	1.7821592346829458	60.522
968.0	1.2694186467896533	172.056
968.5	1.552968292103851	219.322
969.0	3.9976343954872173	60.375
969.5	1.505146601594498	90.561
970.0	1.9812215270306175	90.635
970.5	1.7568238672633747	100.585
971.0	2.7255607323135185	107.096
971.5	1.3440591194130702	67.858
972.0	1.562212613860568	100.62
972.5	2.253308898183832	119.858
973.0	1.6520576439817802	121.357
973.5	1.8178467654251265	50.472
974.0	1.633185332222095	40.299
974.5	1.86799188213107	50.489
975.0	3.1153265617330486	23.057
975.5	0.9626380623915427	50.48
976.0	2.306207183981903	30.201
976.5	2.104525551694467	131.521
977.0	2.492507405021684	101.285
977.5	1.9138280842820992	33.89
978.0	2.0718595460247053	80.717
978.5	2.159862795966466	50.378
979.0	2.0746067840209954	80.569
979.5	1.9742973265284394	111.016
980.0	1.9122964026413036	80.395
980.5	1.744918176266635	50.26
981.0	2.341892419416188	80.54
981.5	1.476713090845491	22.34
982.0	2.3449011085674165	100.643
982.5	1.8973173306222308	55.894
983.0	0.14097850948388727	22.168
983.5	9.986468651502298	13.201
984.0	1.5160311349353124	44.283
984.5	1.7901557242211308	65.552
985.0	2.371694595466884	30.19
985.5	1.915065102584243	111.09
986.0	1.8031459466196877	40.597
986.5	1.408412664237676	50.318
987.0	1.6952823055370825	45.765
987.5	1.8571291587048802	50.311
988.0	2.194887397729154	50.589
988.5	1.560283566946912	60.305
989.0	1.4306951471741387	34.632
989.5	1.9643218248224525	90.514
990.0	1.5694559487980524	33.515
990.5	2.2355288293937075	130.976
991.0	1.9868132656799777	20.348
991.5	1.5944019116861698	110.691
992.0	2.3890891402042644	14.004
992.5	1.7462356856010117	80.552
993.0	1.8663284835467349	56.236
993.5	1.6900946821179483	130.727
994.0	1.8022753654951185	60.528
994.5	1.555379168419563	90.717
995.0	2.4304202992799184	20.211
995.5	1.5986120566124669	90.526
996.0	1.806337594488837	104.633
996.5	1.5922476193886363	47.685
997.0	2.368874025107585	17.596
997.5	2.322882781786379	30.202
998.0	1.3446198589428107	30.244
998.5	2.589363412412884	19.941
999.0	1.6898288716240233	34.792
999.5	1.787712026028049	140.64
1000.0	1.6566387949042256	109.49
