0.5	0.1652653348383372	9.357
1.0	3.67917533803001	11.603
1.5	0.16412559083013	139700397474.416
2.0	0.14994871410308966	15.793
2.5	9.069565025551384	12.901
3.0	2.1114404763166585	66.873
3.5	1.3460745784383827	37.685
4.0	1.6794385508293899	70.79
4.5	1.9304646976323685	51.282
5.0	1.414063171149152	80.373
5.5	1.9549060336186002	50.322
6.0	2.1714185717292582	70.893
6.5	1.7196971826998424	62.728
7.0	2.0359181918075437	100.569
7.5	1.9938312274640646	90.626
8.0	1.8712066661796187	53.359
8.5	1.6612520370016561	110.617
9.0	1.960199428055686	120.909
9.5	1.913157918240334	120.441
10.0	1.8166994317548542	62.092
10.5	2.5096149650856048	40.433
11.0	1.3528484027744716	110.158
11.5	1.7112211204039967	30.073
12.0	2.2186284963250973	90.749
12.5	1.7624844127368444	88.425
13.0	1.9201865992065499	35.574
13.5	1.3324165507782415	20.163
14.0	2.107880106263823	22.833
14.5	2.0815446816060073	45.634
15.0	1.6937536799346706	30.151
15.5	2.0700315039260433	20.165
16.0	1.6869231297485217	60.507
16.5	1.5092598916978572	64.045
17.0	1.9454656332168436	30.165
17.5	1.6592436180413	45.698
18.0	2.123479345400258	29.899
18.5	1.6380529113231288	11.735
19.0	1.8100684663728521	40.332
19.5	1.6576100471282953	60.465
20.0	1.6102461489527078	65.747
20.5	1.5440076170863402	90.724
21.0	1.600257601867576	95.889
21.5	2.195347914424678	67.992
22.0	1.817884607095085	14.585
22.5	2.368904093395463	80.668
23.0	1.1870227405941547	41.855
23.5	1.6484880351763511	50.289
24.0	2.1787002507775903	70.508
24.5	1.899373327753799	46.094
25.0	1.5601653786443497	14.073
25.5	1.4533831047667565	50.469
26.0	2.2141164787330516	20.15
26.5	1.4353047201143194	80.702
27.0	1.8465237689244434	20.218
27.5	2.0186702939962373	80.426
28.0	2.4532280690676194	30.015
28.5	1.8251303995764956	10.197
29.0	1.3471902964070313	120.864
29.5	1.382894119898422	70.522
30.0	1.7637254100443034	90.498
30.5	2.297909668204172	38.72
31.0	1.2194552211494414	11.719
31.5	1.8179499359161453	90.729
32.0	2.2799639115205608	70.355
32.5	2.16285118687717	34.617
33.0	1.6156133989418207	63.685
33.5	2.1064487659664715	30.177
34.0	1.4675519912291533	100.887
34.5	1.540740262760835	30.226
35.0	1.4585457487822608	20.115
35.5	2.2422427987134417	60.402
36.0	2.052717565443325	29.314
36.5	1.6319312217864492	30.229
37.0	1.5575434510230035	80.691
37.5	1.5742983978675995	90.555
38.0	2.4382978944066043	20.143
38.5	1.3919433996302368	131.06
39.0	1.836594427204185	11.307
39.5	1.7057415018450834	20.167
40.0	1.5683464811600214	10.955
40.5	1.8627256327188837	50.311
41.0	1.7665996833972093	15.461
41.5	1.576137322187914	70.338
42.0	2.41712339185867	72.785
42.5	1.6133819171353403	80.518
43.0	2.4715114549741357	13.48
43.5	1.9239682952587476	121.077
44.0	1.5697033076008082	80.463
44.5	1.820741585779304	20.084
45.0	1.6724835977470496	17.751
45.5	1.5636866225571442	70.488
46.0	2.201353155671661	22.467
46.5	1.3622996037657051	80.485
47.0	1.9352833537098477	120.893
47.5	1.8447151139198044	31.954
48.0	2.561501381321091	20.246
48.5	1.639724346783385	80.655
49.0	2.2046890404330868	42.637
49.5	2.319355261068503	60.461
50.0	1.9828540807570403	61.257
50.5	1.6804128940187268	110.922
51.0	2.0433263838829743	60.257
51.5	1.553759988507308	50.437
52.0	1.9094376605682961	90.462
52.5	1.043841088534863	110.761
53.0	2.038154652101191	84.022
53.5	1.9023670976427314	108.712
54.0	1.7375752600929653	80.412
54.5	1.5714188422484248	13.306
55.0	2.229516089330615	107.62
55.5	1.8465023713018789	15.837
56.0	1.7747782821814326	20.14
56.5	1.0884645474786059	64.789
57.0	2.020037491391852	94.759
57.5	1.8316376011991522	41.01
58.0	1.5398738170602928	19.708
58.5	2.1199788943152917	54.46
59.0	1.7090495800115126	41.508
59.5	2.172224001837079	9.685
60.0	1.5288196829399103	30.208
60.5	1.9722193667727272	50.375
61.0	2.2450852206264647	60.325
61.5	2.1964221404938113	85.481
62.0	1.4148982344964345	30.23
62.5	2.1725155518826065	100.659
63.0	2.1647463930391426	9.393
63.5	2.583201395781219	69.867
64.0	1.5576932717954968	90.454
64.5	1.6389280409218272	77.659
65.0	1.5705155858664566	41.378
65.5	0.15104408783904977	9.15
66.0	11.919945729935638	100.578
66.5	0.17954019632612994	404.102
67.0	8.262163434593074	82.99
67.5	1.2384410614517603	132.459
68.0	1.893390562805031	212.702
68.5	2.0071489226424077	100.71
69.0	2.082075970854467	100.493
69.5	1.9749276293108886	30.47
70.0	1.3473797178600433	34.735
70.5	2.029063932212319	70.527
71.0	2.2866836784251303	193.035
71.5	1.4830184452511	76.13
72.0	1.8651703431704922	60.259
72.5	2.6453415542981573	98.391
73.0	1.628908768540001	47.092
73.5	0.1549782640061655	20.498
74.0	0.7375623259393614	531.098
74.5	0.15507639839028847	6152.712
75.0	0.8443728200706494	683.011
75.5	0.2000069007424216	3642.361
76.0	0.817564574964477	3733.433
76.5	6.694748107251449	85.991
77.0	1.4969237614534014	123.081
77.5	1.9807470862334442	43.522
78.0	1.7379507303437034	81.444
78.5	1.9639879583506836	116.097
79.0	1.134080693830026	90.682
79.5	2.1548590827049257	47.339
80.0	2.3862072803695105	171.796
80.5	2.15953743555358	20.141
81.0	1.747496084418342	141.77
81.5	0.06708620665110605	657.571
82.0	0.16563533992593774	1292.395
82.5	0.14769523347122324	1798.328
83.0	0.038037214063976095	4076.818
83.5	0.8995095541771839	115.151
84.0	0.12338792201752152	933.518
84.5	0.13297051917014752	933.46
85.0	0.4083782901593165	1019.427
85.5	0.2078935798696376	1019.427
86.0	0.1560379344753683	1019.427
86.5	0.17446209897010492	11.142
87.0	1.2631561433162173	180.879
87.5	0.12967295129825793	32.723
88.0	1.725432614337486	50.239
88.5	0.1547038564522858	10.398
89.0	1.5199248603173467	100.751
89.5	1.4212360443715284	134.403
90.0	0.5479842963158726	60.461
90.5	0.3939915015573612	80.559
91.0	0.5934749850053677	60.529
91.5	0.2989181180251937	22.853
92.0	0.2600683645085185	181.406
92.5	0.45480321077420954	42.144
93.0	0.5169318334838783	110.51
93.5	0.6146907268636191	13.003
94.0	1.0607478397618166	115.272
94.5	0.1340968836260514	52.994
95.0	1.5447490767437548	45.432
95.5	0.6302885611263813	51.365
96.0	0.29501691804601193	40.808
96.5	0.1700532057321191	22.102
97.0	9.303152334482569	191.34
97.5	1.7045165401108973	15.353
98.0	2.0653192864385455	80.345
98.5	2.0323271133248246	404.592
99.0	2.0043024772853784	131.014
99.5	1.9737112106292356	136.771
100.0	2.387273151227582	26.874
100.5	1.6757862581343477	40.253
101.0	1.7333664639734734	141.009
101.5	1.9240807969905955	50.58
102.0	2.1632130764154103	14.905
102.5	1.6661157844171692	131.079
103.0	1.6525880551570395	50.369
103.5	1.8381530230239287	69.622
104.0	2.7494545405287325	156.416
104.5	1.9915974502350313	139.358
105.0	1.705624436622426	80.654
105.5	1.802877407056282	25.045
106.0	2.6074896976661095	151.047
106.5	1.7093285965495695	115.382
107.0	2.5424825284748733	40.47
107.5	1.3704321530257335	40.481
108.0	2.7140849429490874	35.491
108.5	1.1340332233583728	118.038
109.0	2.6771652270596538	101.456
109.5	0.6657565036115113	141.073
110.0	0.6317666651333668	65.239
110.5	2.161190632443655	40.913
111.0	0.15619640119909647	14.659
111.5	7.556244794189318	111.313
112.0	1.8520403512010912	20.065
112.5	2.002502673840144	74.675
113.0	1.6634379927196132	20.158
113.5	2.5459637227493856	20.115
114.0	1.3114835543921135	60.367
114.5	1.8292081003803902	13.96
115.0	1.8398990819750551	70.482
115.5	1.7925184461254413	13.259
116.0	2.423438630983906	30.116
116.5	0.1406204724482548	17.373
117.0	2.015299977814797	100.8
117.5	1.0308139058906496	14.667
118.0	0.9928524450085653	31.372
118.5	0.5922899081674676	373.584
119.0	0.8065221269072722	615.266
119.5	1.276129394880129	333.424
120.0	0.7507333749365017	36.059
120.5	0.6154477486647063	15.983
121.0	1.0008944316317934	120.853
121.5	0.6563901639892652	21.989
122.0	0.7642531973260839	70.35
122.5	0.5647009937371282	15.05
123.0	0.5038232608210869	19.476
123.5	0.5545081994236041	17.241
124.0	1.1369771586148143	70.409
124.5	0.5547446758355773	17.279
125.0	0.6872420348256563	20.867
125.5	0.7251872265225323	19.063
126.0	0.5971012070222473	16.601
126.5	0.6300122761528334	38.068
127.0	0.9969003186307003	120.701
127.5	0.367498596987198	127.339
128.0	0.6218004219663628	27.055
128.5	0.5084439655432309	127.874
129.0	0.29795489042596446	18.833
129.5	0.3664595934895604	123.801
130.0	1.8802592438087231	164.978
130.5	3.4013670380904624	77.461
131.0	1.1685418295342231	374.27
131.5	1.3481197307936028	279.696
132.0	1.262620923008934	151.016
132.5	0.5573107145262427	197.614
133.0	0.8282045728720238	141.107
133.5	0.9960660710256307	383.973
134.0	0.3388576389095323	1888.464
134.5	0.7072262341815267	2184.228
135.0	0.6466226526102175	726.576
135.5	0.8105713919508667	670.723
136.0	0.5635028931758864	730.741
136.5	1.224545515025236	280.284
137.0	2.5083411770532607	202.192
137.5	2.7344670842678465	227.757
138.0	1.2528997396792352	394.171
138.5	1.120692458157381	83.876
139.0	1.056138959916175	16.571
139.5	0.488961420129371	21.928
140.0	0.4679265191365054	17.576
140.5	0.5914804261446142	120.689
141.0	0.6962476949955705	23.456
141.5	0.1584696950562993	26.064
142.0	0.6486247435239103	50.332
142.5	0.2876431830179045	78.84
143.0	0.1563922184550844	216.486
143.5	0.24026219052966985	241.43
144.0	0.6584942695211501	55.227
144.5	2.6019883148516953	781.703
145.0	8.590687336036595	91.579
145.5	0.5203207827124677	21.927
146.0	0.5584202462618998	22.095
146.5	0.8302482354846971	120.822
147.0	0.8395300296751312	19.193
147.5	0.5944984946103529	108.162
148.0	0.43930191737537316	34.745
148.5	0.11301791920421582	45.83
149.0	0.5019655698949897	120.875
149.5	0.21892094994359237	24.105
150.0	0.7683427579511198	110.51
150.5	0.41508072126436363	16.689
151.0	0.6324516452785499	26.168
151.5	0.6601724236920842	22.561
152.0	0.39664693351024427	16.604
152.5	0.6134359580624585	24.485
153.0	0.36922715798663064	19.835
153.5	0.6313103432170815	525.095
154.0	0.3849209537644177	625.719
154.5	0.5378925864312312	1142.435
155.0	0.9829838880869174	1809.152
155.5	0.1601063184760939	201.203
156.0	0.6114063516544727	140.909
156.5	0.3524934162472668	140.991
157.0	0.3601914391807613	181.422
157.5	0.8785830459072346	302.06
158.0	0.45738743254334263	262.273
158.5	0.5141243238591486	857.016
159.0	0.6531254925536728	887.323
159.5	0.46014810894350466	1335.812
160.0	0.5661840676098496	1945.645
160.5	0.25324588152755284	826.422
161.0	0.5189867351225356	1169.445
161.5	0.5075972375536785	1774.342
162.0	0.2711877310473891	892.607
162.5	0.5593745383685995	1561.14
163.0	1.1277843577190823	637.917
163.5	0.6884894159088648	859.968
164.0	2.350357058794253	102.711
164.5	5.961230235577608	55.873
165.0	1.4232484570092483	51.245
165.5	0.6843626504497708	60.698
166.0	0.6879371806675554	48.81
166.5	0.5685707100340414	131.085
167.0	1.204797010999104	100.786
167.5	0.6544059728295261	60.761
168.0	0.5340015014562175	141.417
168.5	0.7467987520598248	362.981
169.0	0.2891992944810262	135.857
169.5	0.9776248963464007	292.843
170.0	0.6337110980708174	49.648
170.5	0.4523772431502066	100.637
171.0	0.6358548848191571	191.227
171.5	0.9292687398850449	146.958
172.0	0.5496368694875013	171.066
172.5	0.47766418060145127	91.289
173.0	0.4773357770729982	28.39
173.5	0.9689113458697953	231.641
174.0	0.7716080144289188	1060.721
174.5	0.6336835839882856	1733.475
175.0	0.9694838284741568	2508.653
175.5	0.8647874895950557	893.668
176.0	0.9480416748085395	1179.963
176.5	0.93920292735804	641.125
177.0	0.8281343267751305	685.512
177.5	0.45281260206593926	1131.37
178.0	0.7332511449906732	783.817
178.5	0.2639836026417067	1302.914
179.0	0.3414093895987154	1250.353
179.5	0.24186254642341157	1941.078
180.0	0.1363489537443066	2230.289
180.5	0.34393626663132115	3255.018
181.0	0.7722939592671466	101.962
181.5	0.9743991815970833	647.268
182.0	0.48902345913616435	786.821
182.5	1.516875716673927	1231.416
183.0	2.0009763372594556	445.925
183.5	0.7642922056060082	32.178
184.0	0.4883692810686755	110.934
184.5	0.7726710897236434	23.628
185.0	0.7211453737255596	15.953
185.5	0.8121927984192722	36.93
186.0	0.8923484191153616	131.037
186.5	0.8063104366022126	34.005
187.0	0.8140268775745775	93.258
187.5	0.8981580768084623	21.954
188.0	0.7954859791947052	47.569
188.5	0.5660124420386986	23.608
189.0	0.851595836525671	171.23
189.5	0.9422089509527387	352.918
190.0	0.21445388144456062	6096.98
190.5	0.11251878794910576	7191.909
191.0	0.38278549444702575	3888.998
191.5	0.11482080359540067	2206.37
192.0	0.07059968097620477	2734.844
192.5	0.142011533056363	2801.787
193.0	0.28554410786299195	4180.553
193.5	0.02331128467678056	6101.658
194.0	0.4551376946381799	2958.481
194.5	0.5265089321861879	3605.987
195.0	0.49542572489869624	4507.708
195.5	0.5709298752060815	1566.979
196.0	0.30665975904633225	1164.36
196.5	0.6624518682676883	1773.197
197.0	0.11000283007845242	2526.142
197.5	0.45635813730950914	3326.136
198.0	0.1565544748123368	183.248
198.5	1.8806069755055046	271.907
199.0	1.6808224157221137	591.702
199.5	1.0461457815775514	794.46
200.0	0.46856803293388144	399.215
200.5	0.5819074021570052	130.813
201.0	0.36505192614191834	57.986
201.5	0.4003277821599047	111.045
202.0	0.2511600051192956	50.52
202.5	0.6628270127062431	63.29
203.0	0.42497451356477056	228.991
203.5	2.022245803907055	264.25
204.0	1.0032103230203369	482.694
204.5	1.4462423456994022	80.877
205.0	0.9243938097823198	628.609
205.5	1.0137337846301484	100.67
206.0	0.6595874332995949	38.371
206.5	0.7126151361790338	20.326
207.0	1.2317889039394951	28.348
207.5	0.5207146903109258	146.51
208.0	0.6789908721052451	27.249
208.5	0.7059264834936241	120.791
209.0	0.7464589448704264	21.986
209.5	0.7116214504516719	140.958
210.0	0.6147203207782672	22.943
210.5	0.6847498588424473	30.579
211.0	0.8546391492734794	110.76
211.5	0.7070954675430517	130.79
212.0	0.6558263826383228	23.669
212.5	0.7143473905052892	21.225
213.0	0.8046110238039805	70.844
213.5	0.6378555791451536	21.897
214.0	0.8238469293009417	23.749
214.5	1.6543392800031702	22.671
215.0	0.4852206603726944	20.8
215.5	0.6712855892647809	22.839
216.0	0.5521053736607983	22.736
216.5	0.7710637175174944	21.557
217.0	0.8974216828431612	20.355
217.5	0.6746143200875279	17.481
218.0	0.6409456785276177	130.792
218.5	4.897189155792753	2967.1
219.0	2.1301470604438317	54.552
219.5	0.7871921019131776	18.205
220.0	0.6638759775685407	50.41
220.5	0.4778628466520315	17.45
221.0	1.6751932130023837	140.931
221.5	0.5933276712904929	22.985
222.0	0.08374865857485801	14.835
222.5	0.6338925737268649	52.117
223.0	0.8936635535232568	27.285
223.5	0.09978695181959993	16.059
224.0	0.8240321319328829	100.718
224.5	0.3429512709517281	24.751
225.0	0.6049137859130082	278.211
225.5	0.7138660368549128	596.681
226.0	1.7271809795676285	110.932
226.5	0.5457539237778128	42.381
227.0	0.6540624924153727	140.947
227.5	1.1102456970295054	21.305
228.0	0.6025368160236559	19.449
228.5	0.7750870346875125	110.807
229.0	0.8639615178922918	120.804
229.5	1.5761291716138797	100.747
230.0	0.9283003411089715	120.952
230.5	0.4951324677864823	120.799
231.0	0.497383335987898	26.587
231.5	0.6317815688359737	80.695
232.0	0.9333885043779491	120.948
232.5	0.6031556559166826	100.715
233.0	0.44213746447787955	27.113
233.5	0.8027926730963786	140.533
234.0	1.0353224831604442	141.081
234.5	0.44696770271043645	22.139
235.0	0.13679468428716388	15.583
235.5	2.825787977802811	50.552
236.0	0.16340334308158766	13.737
236.5	0.1644986133286384	5.002
237.0	8.495418232082397	58.545
237.5	1.7034159116353491	70.487
238.0	1.506104261587279	44.704
238.5	2.372112801390134	7.021
239.0	1.0149754225528353	13.889
239.5	1.8905995163527998	222.429
240.0	2.1202256595728604	131.144
240.5	2.0254049690689437	151.508
241.0	0.16861349597891395	139688343241.328
241.5	0.1670212270255317	13.554
242.0	3.477689730509093	100.781
242.5	0.17732798380634984	109.806
243.0	2.036778156773276	70.927
243.5	0.8035825179356593	65.881
244.0	0.16484052683659428	17.984
244.5	0.13539353800768716	13.024
245.0	1.2347077860316316	360.001
245.5	4.621437200506162	55.232
246.0	3.866992664162902	101.0
246.5	1.3332426469512875	40.341
247.0	1.125663953724337	88.353
247.5	2.2645381550023456	129.908
248.0	2.14827754018248	130.868
248.5	2.659007291144883	14.32
249.0	2.0951586137218685	100.647
249.5	2.26137086692374	60.863
250.0	2.768161345029326	185.527
250.5	2.3443676687516777	34.906
251.0	1.5333657412528254	160.875
251.5	0.4101730598160312	133.124
252.0	3.3141962953346207	36.393
252.5	1.4942654015186494	131.174
253.0	0.14997662305392678	9.667
253.5	1.8472591906030378	82.214
254.0	2.286941516362738	55.881
254.5	6.9675061989516776	10.485
255.0	1.6726443719376431	50.227
255.5	1.819903093138345	46.164
256.0	1.9804432845512536	40.035
256.5	2.4590128281086936	90.708
257.0	1.990609343416935	120.674
257.5	2.3559476802451798	84.293
258.0	1.5353711746161318	201.957
258.5	1.9990194753871249	20.176
259.0	1.3199673774820986	181.952
259.5	2.3164078827524306	70.626
260.0	2.4884996052518567	30.016
260.5	2.428412387665414	50.516
261.0	2.364683810277399	35.53
261.5	1.8752472583433863	20.081
262.0	1.6759316124072707	50.666
262.5	2.0449227506910512	35.681
263.0	2.619660419917009	35.289
263.5	2.308613583570568	40.423
264.0	1.6443055880960242	111.074
264.5	1.390916533359854	20.178
265.0	1.2409920710391973	60.574
265.5	2.2896374841166347	141.326
266.0	1.2237449674472203	34.036
266.5	1.5989562530850598	55.766
267.0	0.8284763245772457	474.355
267.5	4.261729584160703	80.469
268.0	3.032305208441217	80.693
268.5	0.14376494693393518	474.355
269.0	2.3075397864406426	15.96
269.5	1.6965209434314974	20.29
270.0	0.5794974185978687	1263.684
270.5	1.9558708822075215	50.499
271.0	1.9784921092894938	70.772
271.5	3.245380138835054	100.876
272.0	2.9561664972382413	171.681
272.5	0.5727516169757443	151.042
273.0	0.7726218058282641	137.811
273.5	3.1441887717527006	40.286
274.0	2.883774371532797	20.379
274.5	1.7911588156252538	54.936
275.0	1.8669482226388556	40.039
275.5	2.365380988278812	12.608
276.0	1.9640148825015094	15.769
276.5	2.126115637689783	20.233
277.0	2.335866794825515	133.169
277.5	1.330035600140276	40.281
278.0	0.9976857668833743	40.253
278.5	1.6614073761411596	40.384
279.0	2.0835198192693984	40.445
279.5	1.7783011140004887	33.01
280.0	2.2923216250656253	57.369
280.5	1.7451599064880328	155.001
281.0	1.5577595026615592	50.799
281.5	1.8800476513273605	20.244
282.0	1.9810718632220135	38.865
282.5	1.909116968040852	20.043
283.0	1.6979317866829358	20.103
283.5	2.291362829388528	13.082
284.0	2.0781659855074914	65.665
284.5	0.5873823550372299	117.729
285.0	0.6571168627589189	106.939
285.5	1.6261861770194292	60.475
286.0	1.4333495272324968	60.411
286.5	1.9635092387811823	60.353
287.0	1.8313318495418214	115.672
287.5	2.1267481143647253	50.555
288.0	2.0600454657823377	55.099
288.5	0.7042018737195289	20.186
289.0	0.5595881646273192	30.511
289.5	1.594275626999548	60.315
290.0	1.469477973550479	60.225
290.5	1.5227537448268398	60.467
291.0	1.6421742775009103	16.035
291.5	1.2528792728103015	115.103
292.0	1.2530117185211656	116.065
292.5	1.478154729025876	14.084
293.0	1.2308965089575725	10.629
293.5	2.172849975613923	50.49
294.0	1.9012491167809729	37.253
294.5	2.2441445238883597	10.057
295.0	1.9530878352051508	100.724
295.5	0.2869097612372421	132.376
296.0	0.34231704168418714	56.162
296.5	1.8725579687757423	40.036
297.0	1.83696498501601	12.711
297.5	1.635408840163619	20.028
298.0	1.6878293547002676	20.042
298.5	4.3740509998499695	40.37
299.0	4.985169038422437	40.388
299.5	1.5008287391844033	50.276
300.0	1.7360369630424775	50.285
300.5	3.0109498595840725	50.377
301.0	2.968767020972063	50.423
301.5	1.4857075908489057	20.066
302.0	1.5934093615820517	20.16
302.5	1.8123517165563847	86.651
303.0	1.9350705658827925	50.334
303.5	2.090034042138332	60.467
304.0	1.7695626860213372	60.452
304.5	2.1935944967675787	54.461
305.0	1.6453712684130846	54.304
305.5	2.0297083032268732	50.484
306.0	2.1222817756826355	62.42
306.5	1.4478368208508512	12.611
307.0	1.7503982946538352	50.409
307.5	2.2528217832607167	50.415
308.0	1.8041937651263051	70.596
308.5	2.329853854849409	70.533
309.0	2.64550093303334	151.065
309.5	2.558027862140379	50.508
310.0	2.9161616662324072	20.296
310.5	1.822666702359571	30.451
311.0	1.8343972567530527	30.428
311.5	1.5926682354293988	50.264
312.0	1.755856919277013	50.422
312.5	1.1949098265727944	20.301
313.0	1.675693828358713	20.282
313.5	2.169032270023622	50.307
314.0	2.4047628111853094	50.357
314.5	2.7054423540071095	13.907
315.0	2.8490162151435303	100.991
315.5	2.506846237450672	64.984
316.0	2.824418670631751	60.753
316.5	1.9796788183416678	110.881
317.0	1.8854237301584285	110.952
317.5	1.3767883585492022	54.139
318.0	1.8257051796074455	38.106
318.5	2.0464866211794326	101.215
319.0	2.0717118309692313	20.004
319.5	2.574444435047731	40.238
320.0	2.5557856124765648	31.687
320.5	1.2406007055262487	25.212
321.0	1.7153447085902571	28.147
321.5	0.9931305536773665	77.683
322.0	1.0554404866580107	74.96
322.5	1.7134369805817184	50.482
323.0	2.134146763774134	40.268
323.5	2.287203590035041	20.231
324.0	2.6432278680317367	40.347
324.5	0.9917467930838545	43.944
325.0	1.1957048902368526	124.479
325.5	1.3778025950520059	20.296
326.0	1.156822842486178	40.344
326.5	1.6314181748002958	80.589
327.0	1.4559722725403805	93.249
327.5	2.2385512775552345	50.572
328.0	2.4106938635402844	34.211
328.5	1.2670100808797153	161.426
329.0	1.2052792055539532	60.433
329.5	1.3019670380303932	20.113
330.0	1.547197230570405	20.106
330.5	2.8100080043566074	20.353
331.0	2.295276294238827	10.92
331.5	1.3472181104851013	136.079
332.0	1.118294448139834	11.94
332.5	1.5793296805193222	70.516
333.0	1.8665945917423148	70.565
333.5	1.7962807397970517	80.614
334.0	1.798086798577346	80.662
334.5	4.15457606302185	11.55
335.0	4.198602070567305	16.684
335.5	1.746241215758348	70.421
336.0	1.4493715009027752	63.298
336.5	1.667727491678458	121.022
337.0	2.1971855943746443	35.562
337.5	1.7163032049440041	107.853
338.0	2.2388282000458584	40.262
338.5	2.4761053150485473	92.061
339.0	2.6282682869169607	50.725
339.5	2.0887364806683535	50.328
340.0	2.2279725006959588	55.249
340.5	1.8929480989226501	70.559
341.0	1.919105055322942	14.41
341.5	1.8519309759850977	50.358
342.0	2.071388093217797	50.343
342.5	1.4295328747615332	114.576
343.0	1.0806364166787084	116.513
343.5	1.7092121637818252	13.466
344.0	1.7383280431242538	20.285
344.5	2.2035675443378313	31.439
345.0	1.865917858523527	35.042
345.5	2.065580357372885	50.317
346.0	1.9590692336692732	50.489
346.5	1.9063061579982645	121.155
347.0	2.208385852263489	54.566
347.5	1.0349949905127211	33.04
348.0	1.0098564345148595	171.449
348.5	1.8501175102380694	40.3
349.0	1.8950300240797135	97.601
349.5	2.4763647182777038	12.683
350.0	2.179486185252975	45.928
350.5	0.9128029278154051	30.266
351.0	0.907935999575846	33.064
351.5	1.2588851727356123	100.773
352.0	1.3328581420085392	19.281
352.5	0.9479971080821681	110.173
353.0	1.087770577325234	124.879
353.5	1.0307827940874232	82.188
354.0	1.2863466442964806	13.172
354.5	2.397432854729493	86.336
355.0	1.8952086763208673	100.793
355.5	1.076163090130742	110.808
356.0	0.9429110727207761	110.805
356.5	1.4551298931197032	120.69
357.0	1.4008664052968447	100.737
357.5	1.000336879579197	77.953
358.0	1.0309277426401924	133.68
358.5	1.9427039511579247	90.738
359.0	1.8092956509158944	50.413
359.5	1.34451902145372	29.467
360.0	1.7460477558319007	70.393
360.5	1.153508237611712	40.34
361.0	1.1017892590255567	40.435
361.5	0.7315903705790381	97.826
362.0	0.759046760943962	101.175
362.5	1.0663180657216897	116.202
363.0	1.377736112195569	245.71
363.5	0.731447539105312	28.346
364.0	1.2667750559084452	171.142
364.5	2.603172680819909	160.673
365.0	2.1987715473178735	50.425
365.5	2.2310914946901326	31.725
366.0	2.055075962104856	107.921
366.5	3.290952677611674	70.733
367.0	2.317346974104794	20.004
367.5	0.9956239050556351	107.608
368.0	4.126885093264763	18.171
368.5	2.274710895416777	60.575
369.0	2.5369879222345735	131.51
369.5	2.2988130168905285	11.067
370.0	0.38079965064946936	113.639
370.5	3.4177953607774687	13.367
371.0	2.046517846840413	60.45
371.5	1.920488312263313	80.223
372.0	1.494795677984636	80.636
372.5	1.9497656219838035	64.053
373.0	1.5683812926442704	19.989
373.5	1.3675126733146494	204.166
374.0	1.3546932028370444	80.466
374.5	1.773707000186737	20.273
375.0	1.4909738703707287	50.423
375.5	2.1968393909604838	60.527
376.0	1.9926145589405737	50.5
376.5	1.7599303689972157	20.169
377.0	2.029178162401116	70.55
377.5	2.0274655419342156	60.52
378.0	1.9119759560228933	151.348
378.5	2.3528871186789417	90.674
379.0	2.017756371085562	40.419
379.5	1.5476451550406356	23.054
380.0	1.7967752300807074	80.541
380.5	2.1808945958458357	33.6
381.0	2.8971784056455467	30.32
381.5	2.1256167032519997	40.393
382.0	1.4772626907611919	47.547
382.5	2.5694328910759086	225.426
383.0	2.2374563474888	60.495
383.5	1.8579288353607806	40.429
384.0	1.4692572145967682	31.597
384.5	2.3041082531078962	11.366
385.0	1.9566064880263687	30.444
385.5	1.9595411688540652	93.027
386.0	1.5897412908994808	110.917
386.5	2.1211693627392125	60.47
387.0	3.1269611852014685	101.059
387.5	2.0689461042062045	131.2
388.0	2.6047355097179854	19.938
388.5	2.2828985795765377	77.58
389.0	2.393781748316845	20.051
389.5	1.5860518865086586	70.53
390.0	1.7669254206992615	20.258
390.5	2.378558207416637	40.209
391.0	2.884168765792854	43.204
391.5	2.0478573328848526	100.491
392.0	1.7910539220744977	142.373
392.5	1.420061598602194	181.158
393.0	1.5544542235503003	57.671
393.5	1.66276425802839	80.713
394.0	0.8562654157255634	45.206
394.5	4.394362371087423	19.905
395.0	1.6845137033641535	60.493
395.5	2.404600497403914	80.375
396.0	1.446821089848662	95.411
396.5	2.3188255376139173	100.944
397.0	1.5743682020152439	70.632
397.5	1.8898352075180114	60.7
398.0	1.4964870102096155	22.958
398.5	2.679271786217156	9.177
399.0	1.6216017191813217	13.726
399.5	1.5702357107562128	60.568
400.0	2.4117485393114255	20.24
400.5	1.8533232606395011	30.262
401.0	2.943326864703214	50.487
401.5	2.2536132676531877	33.634
402.0	2.552488179197709	80.705
402.5	1.4958110965831608	90.731
403.0	2.0981923163926135	90.622
403.5	2.5935562711539295	60.471
404.0	1.8216719705384037	15.185
404.5	1.6869596647640568	44.579
405.0	2.4646381847012164	20.265
405.5	2.0456096973815194	22.05
406.0	1.375628100899111	91.192
406.5	1.8863335792339428	150.366
407.0	2.3339199788830443	33.132
407.5	1.7972091077178851	20.134
408.0	2.4475651953419746	60.473
408.5	2.147006957432026	70.579
409.0	2.0885688018570328	32.829
409.5	1.294708873909816	32.787
410.0	2.167313378501624	60.504
410.5	2.43566183339926	40.316
411.0	2.638892589362715	263.358
411.5	1.5889979736316038	143.54
412.0	2.779490417961391	50.373
412.5	1.8730895001181644	110.898
413.0	2.091835646767799	12.039
413.5	2.433545279950131	52.493
414.0	1.7283139226506468	70.531
414.5	1.9878510875933495	50.351
415.0	1.112074429222395	29.811
415.5	1.8403027229714666	148.943
416.0	1.547444937316205	131.079
416.5	1.7361799974168273	32.963
417.0	2.3678775073978215	70.516
417.5	2.0072421579876365	96.33
418.0	2.0253427724665887	23.958
418.5	2.1243695194060987	70.633
419.0	1.5397425737705948	9.809
419.5	1.6947050246001434	30.254
420.0	1.284841435050764	80.575
420.5	1.3276930200551833	72.709
421.0	1.3542288783119796	141.355
421.5	1.7067536740895621	32.699
422.0	1.8585672612584627	20.14
422.5	1.5527221233097883	40.438
423.0	1.9773390451619026	39.469
423.5	1.9213946109569795	30.873
424.0	2.1295409224245603	32.865
424.5	2.017092220980883	20.193
425.0	2.42791879362668	50.238
425.5	1.4232797285520986	137.722
426.0	1.562278433018804	121.249
426.5	1.9317135173694673	50.337
427.0	2.202722770860646	60.048
427.5	2.2313182904585327	12.346
428.0	1.7554724129170363	50.741
428.5	1.8148290447206799	80.554
429.0	2.4874696558637917	81.333
429.5	1.4696857829254653	90.697
430.0	1.93710057922719	60.533
430.5	1.6705332797735173	70.676
431.0	2.4019469407903764	20.228
431.5	1.8835199720886326	20.064
432.0	1.809487909150956	40.129
432.5	1.1137021531099907	89.604
433.0	3.3745149623694863	80.48
433.5	1.9136742282028958	20.264
434.0	2.5238549698367967	45.8
434.5	2.193891817652888	120.876
435.0	1.6321591050590047	80.941
435.5	2.0629380767414536	20.048
436.0	1.9587621543064133	100.547
436.5	2.1427425089987984	20.189
437.0	1.8751661101835124	76.317
437.5	2.4082548842800824	61.932
438.0	1.5428316043833645	30.476
438.5	2.1429717425666586	59.67
439.0	1.8960943439212836	110.696
439.5	2.726365636553643	63.977
440.0	2.1965136294149907	131.21
440.5	2.5658069544024595	80.66
441.0	1.6689412917060444	30.326
441.5	1.4290991137808373	20.015
442.0	1.7058694560098375	30.27
442.5	0.8762437424334598	13.776
443.0	1.9946400413198477	22.257
443.5	2.326729134247163	22.616
444.0	1.5551166380543249	10.598
444.5	2.296187540434396	50.589
445.0	1.6225518256216067	81.22
445.5	2.4440355831663205	50.835
446.0	1.6815758933185379	50.291
446.5	1.8622733670189888	67.535
447.0	1.5607294731282373	51.68
447.5	1.5494358189447297	40.339
448.0	2.627487033717346	37.891
448.5	1.7905766386249713	40.424
449.0	1.8648372696830882	111.161
449.5	1.9328023536478034	181.37
450.0	2.099860279448045	15.103
450.5	1.7276770665057797	71.842
451.0	2.0546474847228677	80.52
451.5	2.3342297981999387	37.523
452.0	1.7469128007480401	62.489
452.5	2.4506929663729786	16.46
453.0	1.114024986803321	40.444
453.5	1.4105531486327254	11.114
454.0	1.8567307423819646	161.139
454.5	2.3751675474175613	194.749
455.0	2.7006437806085417	19.984
455.5	1.7976977885389331	101.951
456.0	2.172785194999274	19.729
456.5	1.3593379361734046	32.0
457.0	1.6525455548218495	20.152
457.5	1.9384625808500253	24.202
458.0	3.105304240534836	13.288
458.5	1.131842186166316	41.555
459.0	1.4515802259739758	236.004
459.5	2.115528661773399	227.642
460.0	2.8897511385465204	76.15
460.5	1.4515932411446333	32.671
461.0	1.5225440525481773	30.019
461.5	2.32064626277334	70.443
462.0	1.6710068508414557	30.032
462.5	1.597202227370485	100.521
463.0	2.0238128324937255	65.39
463.5	2.4646582648757085	120.708
464.0	2.521190214075008	151.507
464.5	2.2765143643996617	120.694
465.0	2.5492029521082156	50.417
465.5	1.9820158526204417	12.377
466.0	2.5473678369393764	50.389
466.5	1.745217300083801	20.372
467.0	2.2745638959542216	57.535
467.5	2.5821907855545394	60.33
468.0	2.4344655488370557	71.558
468.5	1.973073902503797	144.663
469.0	2.580858807521014	40.342
469.5	2.3064114067513772	20.111
470.0	1.8980745895202245	50.497
470.5	2.0135182940554306	20.393
471.0	2.087268252019524	98.402
471.5	1.8698144774622085	33.818
472.0	1.5482523263856764	93.499
472.5	1.8163414924062014	120.956
473.0	1.738317286020113	121.073
473.5	1.1593061535743077	261.806
474.0	1.553147650397097	13.119
474.5	1.6631508758958566	70.593
475.0	1.7402053018273203	12.986
475.5	2.042072608205548	68.868
476.0	1.3947573956138943	71.402
476.5	1.483703780962131	32.039
477.0	1.8383020630193867	12.016
477.5	2.063229380445751	80.763
478.0	0.9711227776707377	171.306
478.5	1.5887640777110157	52.189
479.0	2.1948523536361937	50.805
479.5	1.9063780145912925	51.31
480.0	1.3442214387616793	70.563
480.5	2.1671818035821766	100.677
481.0	1.9218182681092109	50.538
481.5	2.737993851872426	59.89
482.0	2.205194132056842	9.589
482.5	2.411406183483502	90.706
483.0	1.442116346651702	131.264
483.5	1.6270692715880477	122.554
484.0	1.3695935278808185	58.204
484.5	2.0769777974417956	70.524
485.0	1.7859130131534597	125.022
485.5	2.160732472308228	52.352
486.0	1.0944291280215712	40.434
486.5	2.288066976340295	50.362
487.0	1.530631547008244	24.058
487.5	2.7753117576434123	162.004
488.0	1.8269488435102126	72.316
488.5	2.274214800642034	120.913
489.0	2.249868637672054	118.435
489.5	1.4084267720418808	80.472
490.0	2.974462030275084	12.548
490.5	2.5988538668962655	83.572
491.0	2.2620207240553243	19.965
491.5	1.4443717964157696	34.225
492.0	2.051639483176454	70.566
492.5	2.5216108761854623	98.623
493.0	1.463614591428634	101.512
493.5	2.1198086994058984	30.262
494.0	2.2833911287239617	49.594
494.5	3.0714540113096653	10.244
495.0	2.122195764499503	90.65
495.5	1.957771356189085	40.17
496.0	1.7033965394729693	10.13
496.5	2.1318549144004297	60.473
497.0	1.6415695750985908	151.142
497.5	2.7414603816599574	161.722
498.0	2.458283433927974	20.751
498.5	2.1934058635143856	100.72
499.0	1.81001256041406	100.531
499.5	2.163046279752838	80.947
500.0	1.682014063248527	30.438
500.5	2.037762562511437	60.199
501.0	2.144798776078202	30.209
501.5	1.6883143365990134	20.036
502.0	2.618266449344335	90.825
502.5	1.5312761768767027	212.268
503.0	2.4518570325382365	28.904
503.5	1.4037706385706745	63.644
504.0	1.5069522259621262	70.619
504.5	2.541147935395563	9.673
505.0	1.2780923738102974	36.287
505.5	1.866788180348398	90.704
506.0	1.744488996815391	90.679
506.5	2.1197708126996546	52.206
507.0	1.7381202267897908	133.285
507.5	0.5406513473376044	183.382
508.0	3.900802021215513	90.647
508.5	1.0396548624281927	31.118
509.0	1.8332610050545053	70.493
509.5	1.458976472426891	50.405
510.0	2.883741453010239	30.747
510.5	2.19606308866115	11.983
511.0	0.14336899427730354	9.722
511.5	1.7129601335004583	20.093
512.0	8.029420358464096	28.072
512.5	1.5623360647255764	100.904
513.0	8.15602488974959	15.168
513.5	3.1715403487512486	171.739
514.0	3.1373774829003716	182.061
514.5	2.659558368009937	80.579
515.0	5.378311361326809	20.247
515.5	2.593569460188918	50.424
516.0	3.9791036520206933	15.225
516.5	2.483563864736409	90.641
517.0	3.1974110552347983	15.208
517.5	2.8169071172656954	31.725
518.0	4.0663409777353285	37.194
518.5	1.8971694300708448	46.447
519.0	3.624485206497107	30.534
519.5	2.3394943289688013	40.345
520.0	4.187124933364038	57.259
520.5	2.258514199016159	23.987
521.0	3.5704425072553723	15.167
521.5	1.606249771757158	137.824
522.0	3.1511865513851727	15.112
522.5	1.189672188398414	141.465
523.0	2.7217876822185754	30.169
523.5	2.1160929118165126	90.543
524.0	4.297584286418731	30.42
524.5	2.247526174918149	78.803
525.0	2.9411266266644183	15.154
525.5	2.1052496220161965	52.883
526.0	3.649981636275231	41.964
526.5	2.1175576042756887	70.521
527.0	3.8569637976517614	15.106
527.5	1.47223983068149	116.159
528.0	3.5063069890827196	61.475
528.5	2.1818309212826414	19.98
529.0	2.924847294695943	60.314
529.5	2.2015677958855053	62.143
530.0	3.35056036669277	60.777
530.5	1.92121703127197	30.055
531.0	2.691816915474908	25.186
531.5	2.5831697116226904	50.478
532.0	4.3268587345404494	42.273
532.5	1.8508115130615155	70.732
533.0	3.5360006456193998	45.518
533.5	2.279533856730046	60.528
534.0	3.825823273180909	25.414
534.5	1.7800237440153504	92.06
535.0	2.873432840332925	45.289
535.5	2.1154668736431	20.205
536.0	3.55331731320293	30.306
536.5	1.1368509471077715	125.053
537.0	2.5852464819257217	15.113
537.5	2.542600748509455	40.213
538.0	3.3048066763676354	54.667
538.5	1.7295180387046698	19.921
539.0	4.205189733616558	30.202
539.5	2.300492351079083	33.017
540.0	4.090286633254627	61.166
540.5	2.84213205467138	141.955
541.0	4.0212622305488885	42.992
541.5	1.8436047447322679	111.32
542.0	2.6914351101310525	38.609
542.5	1.9204760603235989	60.441
543.0	3.3828785983554477	15.134
543.5	1.7864251896103818	69.761
544.0	2.757544747708336	25.155
544.5	1.8142474100395012	30.25
545.0	3.0555063277551895	15.161
545.5	1.4759791090614363	96.376
546.0	2.7255275619066697	16.049
546.5	1.6450843159703867	14.23
547.0	3.27222610592519	16.255
547.5	2.3843042022562093	80.49
548.0	3.907880095010977	51.053
548.5	1.9647601692324694	31.419
549.0	3.83547599039581	28.063
549.5	1.6692437790098424	100.677
550.0	2.7388446181404946	60.697
550.5	2.7536663701679913	121.572
551.0	3.9262400908827786	15.329
551.5	2.3871665433093456	50.482
552.0	2.515115255355762	32.279
552.5	2.6279598862788003	60.352
553.0	2.766164119923928	45.239
553.5	2.68911470258177	38.019
554.0	3.362079363621782	45.263
554.5	2.072988197022954	42.441
555.0	2.5297223847021595	60.599
555.5	1.755914320547742	10.28
556.0	2.1659503328515113	7.751
556.5	1.709492218460695	30.558
557.0	3.060048299371988	30.47
557.5	1.5538456638112745	14.666
558.0	2.5432270225617097	30.324
558.5	1.483941706516838	104.328
559.0	2.437412204762499	56.372
559.5	1.8210627659164	70.576
560.0	2.4879254374993685	56.073
560.5	1.8693172257093942	51.382
561.0	2.255910982474981	75.472
561.5	1.5671767284496858	57.21
562.0	2.0869391014419705	60.436
562.5	2.494382940463337	15.177
563.0	1.8227266784254572	60.548
563.5	1.3421943839457167	80.75
564.0	1.6346492727343562	30.164
564.5	1.7569982019488242	30.406
565.0	2.691037809357619	30.381
565.5	1.8299805627674055	101.912
566.0	3.0488623346220485	45.484
566.5	2.101473508609187	30.3
567.0	1.4343602432482856	121.021
567.5	3.0805966544918166	15.717
568.0	1.8776380157348311	27.96
568.5	2.175313308264421	90.658
569.0	2.0363100847059816	26.744
569.5	2.8110817963025556	30.257
570.0	1.6704347636518404	28.78
570.5	2.372279962546489	18.486
571.0	2.1700667938984552	309.72
571.5	2.484210623119632	101.221
572.0	2.791416285252235	63.688
572.5	2.5238636802507597	80.333
573.0	2.052445942358474	80.627
573.5	2.9588530068928867	25.089
574.0	2.2164518391883092	70.547
574.5	3.3012302458296174	91.4
575.0	2.406327781364018	70.928
575.5	3.475043971332879	30.19
576.0	1.9675708347448673	20.174
576.5	3.4814600428168476	60.62
577.0	2.7374621983295664	40.396
577.5	2.5490409272175434	164.872
578.0	2.5290907672970158	40.479
578.5	4.612697219035648	75.966
579.0	1.9332685256754965	90.588
579.5	3.148499293925636	30.248
580.0	1.6658122492391145	141.517
580.5	2.8183043297241945	60.67
581.0	2.2955832371039553	88.464
581.5	3.3016932328917012	45.371
582.0	2.0231306178037016	33.506
582.5	3.205881040575918	30.407
583.0	2.1204665206981663	19.17
583.5	2.0156120914622626	26.01
584.0	1.6223776791795228	60.558
584.5	2.5761430074800535	45.246
585.0	1.5436633455311521	29.26
585.5	2.656490390800155	49.32
586.0	2.180868437450737	40.37
586.5	2.2433312451896885	15.164
587.0	1.8559992540850387	40.221
587.5	3.0615419421822803	45.524
588.0	2.0336579620156585	50.589
588.5	3.3807718105314932	17.06
589.0	1.7441046292858222	172.078
589.5	2.417929144928583	90.542
590.0	1.7175700109798322	205.697
590.5	2.34259341801775	60.302
591.0	2.210531363900477	60.418
591.5	2.5564511973118416	15.43
592.0	2.23650210867606	40.289
592.5	2.9339537381711294	168.025
593.0	2.3313349514650246	13.221
593.5	3.0705747626683113	30.242
594.0	2.713802552183292	70.552
594.5	4.044203892309138	30.867
595.0	1.8567778118111953	80.606
595.5	2.252581020427986	47.679
596.0	2.022526170705244	60.66
596.5	2.8860870205856277	60.546
597.0	2.1402204223111387	13.836
597.5	2.004805038414105	71.378
598.0	1.8387909304597159	101.21
598.5	3.999614911282311	45.277
599.0	2.214145930631142	127.252
599.5	2.1923711395459353	75.551
600.0	2.0164862082312944	90.547
600.5	2.5221931703289253	60.632
601.0	2.3667894288812596	60.351
601.5	3.7349627429047	15.151
602.0	1.9506190048810692	70.587
602.5	0.1791444768828434	43.301
603.0	2.5212579326697724	13.584
603.5	2.2024372028177166	40.466
604.0	10.1764661305102	60.526
604.5	2.2937136072265623	31.485
605.0	1.5829075624242153	70.718
605.5	1.9877852305911354	40.351
606.0	2.5341358861360455	60.345
606.5	1.7496904109712756	9.09
607.0	1.8128138446995428	80.575
607.5	3.1202725537110005	30.253
608.0	1.4711119889047584	120.542
608.5	1.5780396108333936	39.918
609.0	2.847692376654426	15.166
609.5	2.2914267770124073	33.624
610.0	2.3647084710788184	110.691
610.5	1.4847788177846952	30.248
611.0	1.3246733156915964	50.375
611.5	1.5815218329271818	40.447
612.0	2.230609471782646	60.557
612.5	2.515348032297969	87.156
613.0	1.6221103879458427	44.7
613.5	2.6219163255583964	9.063
614.0	2.169128679220365	100.785
614.5	2.6001365019221643	40.41
615.0	2.9094284322750035	60.401
615.5	1.2358497567026494	100.809
616.0	1.4175447731962167	25.021
616.5	2.123682034602225	15.148
617.0	1.7984671520088098	40.271
617.5	2.205028197330652	31.554
618.0	2.3288126073683175	39.721
618.5	2.6266748643471676	58.623
619.0	1.8696395548235591	70.528
619.5	2.888815594798916	45.342
620.0	2.072577004549296	20.235
620.5	2.5270354354399926	40.581
621.0	3.2673317248461515	15.473
621.5	1.931380785057018	90.761
622.0	1.8053708186259598	90.578
622.5	2.5479644787417826	60.438
623.0	2.3964785509675814	70.448
623.5	1.6908788266819175	36.771
624.0	2.556167510601913	30.228
624.5	2.0370041451056866	141.315
625.0	2.211489239901482	100.551
625.5	2.470286287762908	53.517
626.0	1.7740640010880278	60.585
626.5	1.8318894059452517	40.448
627.0	2.8694395912628914	29.796
627.5	1.29573224589558	107.118
628.0	1.5716556670264672	36.148
628.5	1.6095296255840683	24.399
629.0	1.713496712194415	60.505
629.5	1.8608542358719808	58.229
630.0	2.5256703507821188	60.492
630.5	2.349106874340703	70.448
631.0	2.0571570552426404	28.108
631.5	2.5386650569420794	42.602
632.0	1.3167075578033345	32.309
632.5	1.6426332897069016	40.473
633.0	2.322448770912107	45.581
633.5	1.252456902814162	108.441
634.0	1.6513395837942384	81.337
634.5	2.126907596312045	60.414
635.0	2.1294289978874454	96.714
635.5	2.474264683257452	87.618
636.0	2.7324600274162454	15.186
636.5	1.7439698492895377	31.528
637.0	2.10880758642469	47.09
637.5	2.7860609895243105	15.132
638.0	2.4915264886228834	39.775
638.5	2.2489287707498176	60.658
639.0	1.7893530104189335	81.808
639.5	2.190253735884342	60.399
640.0	1.3365811259621982	104.74
640.5	1.6834754575774147	163.311
641.0	2.4529385455611887	30.254
641.5	1.859991197642614	75.291
642.0	2.638829544411353	131.444
642.5	3.1988542315519126	30.293
643.0	1.8424593366290278	100.655
643.5	2.5162309276179937	70.487
644.0	2.6259985617654795	65.776
644.5	2.413421014298685	32.493
645.0	2.602649894263397	13.868
645.5	3.545015002633628	45.276
646.0	2.469443584481154	70.633
646.5	2.3266936341810625	70.556
647.0	2.2264590349885385	97.586
647.5	2.0784327509350486	40.3
648.0	2.0180322299669453	10.956
648.5	3.484758519477609	60.305
649.0	2.16973268710922	40.425
649.5	2.18354599172236	40.367
650.0	2.235120540059954	9.637
650.5	1.276975334403064	19.234
651.0	1.6795531067719456	50.382
651.5	2.904202464461776	80.283
652.0	2.759993117081326	40.453
652.5	2.512065022340223	40.444
653.0	2.3882996909368206	279.242
653.5	2.1521415579796126	40.511
654.0	2.255506910090397	25.399
654.5	2.307976534109854	195.932
655.0	3.2958397754307858	15.121
655.5	1.552587988654454	221.448
656.0	3.1110979752553862	31.499
656.5	2.967358300726059	20.142
657.0	3.8146500760383977	23.332
657.5	1.8836178185024361	32.649
658.0	2.0790334927024583	23.123
658.5	2.0264032766046345	10.064
659.0	2.243917138877559	15.184
659.5	1.2849275172371444	40.371
660.0	2.069740763511569	75.667
660.5	1.9167237323760922	40.279
661.0	2.9737683464479945	8.222
661.5	1.899095585554399	50.333
662.0	2.1710779926952317	54.873
662.5	1.980583318199217	70.518
663.0	3.432740744833863	30.162
663.5	2.283707788699316	110.837
664.0	2.4604867576514207	30.3
664.5	1.8028867193269857	80.83
665.0	2.357384519133355	30.184
665.5	1.987000824379537	50.358
666.0	3.294620435663626	30.126
666.5	2.1240632567173328	91.157
667.0	2.2722369215134677	22.974
667.5	2.5323257622781616	50.401
668.0	3.5464664984513754	10.65
668.5	2.225106624509974	100.64
669.0	2.1172474269075643	48.849
669.5	2.8712704213438616	14.152
670.0	3.169974947486656	9.263
670.5	1.6257739853527133	70.396
671.0	2.1395938747858163	30.305
671.5	2.306713364806405	43.84
672.0	3.304840016417325	30.321
672.5	1.9455951990328282	100.637
673.0	3.320288935429536	30.453
673.5	2.6156824548611444	115.722
674.0	2.8846585434741714	34.192
674.5	1.4128170487365974	65.18
675.0	1.552482421930687	30.354
675.5	2.4353906932770486	40.288
676.0	3.6341010113389984	9.754
676.5	1.4083013131073778	63.358
677.0	2.6037603242732197	30.26
677.5	2.4643669915952455	60.544
678.0	2.0003244423380973	50.516
678.5	1.780849129704074	20.283
679.0	2.4150954533973423	45.507
679.5	1.7171493807489089	50.456
680.0	2.3346758867477497	76.353
680.5	2.404172815673299	50.365
681.0	3.156383034807703	20.97
681.5	2.066782205427732	70.527
682.0	1.8811222125521936	45.338
682.5	1.979344511747044	143.895
683.0	2.8730841318097817	122.918
683.5	2.2112985531584033	20.533
684.0	3.000076270832471	71.982
684.5	2.5144215755422072	30.224
685.0	2.2392986886823265	137.002
685.5	1.9937848260715365	98.62
686.0	3.2427690096667976	67.295
686.5	2.2862816495653946	30.135
687.0	3.476106236888898	30.322
687.5	1.7525417669315686	124.988
688.0	2.4189922272634385	60.385
688.5	1.6468133128277176	60.268
689.0	2.696919630035948	12.737
689.5	2.6655444796268717	15.207
690.0	1.882635510522208	50.353
690.5	2.2507817394473535	23.808
691.0	2.2090903684213132	40.14
691.5	2.44379946963638	50.304
692.0	3.333175719672685	60.397
692.5	1.7447677795755079	131.131
693.0	2.6460559777540595	45.238
693.5	2.789586993029953	45.721
694.0	1.7755199294033637	39.207
694.5	1.5845282135620369	70.514
695.0	2.8586230332605473	141.199
695.5	2.517314106223059	30.112
696.0	3.6383761862053707	76.192
696.5	2.457707754000611	60.544
697.0	2.3419584242914064	35.222
697.5	2.138517589155757	70.495
698.0	2.309186479188309	45.372
698.5	2.5357586841436692	40.206
699.0	3.540043350207828	15.1
699.5	1.5662488990876897	50.287
700.0	2.774581472836002	45.376
700.5	1.5280308682366412	60.438
701.0	2.672695060162652	39.522
701.5	1.797056893954797	176.282
702.0	2.586770400611854	9.71
702.5	2.3161159356490106	131.391
703.0	2.9925766985170017	30.255
703.5	2.3099739401998596	50.3
704.0	2.4281728187057716	75.59
704.5	2.1903913625797085	50.13
705.0	2.8661568238814126	45.244
705.5	2.075399323957217	60.398
706.0	2.6644227429824765	30.202
706.5	1.3288401851911311	20.45
707.0	1.8809218671387213	30.196
707.5	1.6686561931488064	40.402
708.0	2.1794309545037325	45.212
708.5	1.7754578702294768	40.53
709.0	2.3899060166756265	7.937
709.5	1.940030208635754	60.479
710.0	2.6854765411286987	22.733
710.5	2.760782111714613	30.184
711.0	2.6066092585703324	11.049
711.5	2.839963293882015	30.168
712.0	1.8092868720949031	219.901
712.5	3.673366205245031	15.545
713.0	3.2302968342629335	30.601
713.5	2.3361727484825696	15.203
714.0	1.4746003605455857	32.657
714.5	1.787471732236884	55.325
715.0	2.6505970708152478	45.313
715.5	1.7901930853194348	71.52
716.0	2.5738135682275964	45.476
716.5	0.8656626622667726	93.389
717.0	1.7622389105241634	40.957
717.5	3.2706871738217473	60.281
718.0	3.926756955348952	45.259
718.5	1.0292738324845092	135.276
719.0	1.4627038243402088	27.505
719.5	3.3663932494599047	15.111
720.0	2.476184284242083	38.547
720.5	2.1172379780225823	80.564
721.0	2.99245617969179	61.009
721.5	2.8547384446676496	84.199
722.0	1.7395670619417758	41.35
722.5	2.4858382747111336	15.314
723.0	1.7979754351121253	30.057
723.5	2.712874403450407	45.383
724.0	2.2219404208276186	110.626
724.5	3.0768156584205917	60.382
725.0	2.485106623119722	20.431
725.5	2.4910957097110034	45.303
726.0	1.8480181315196882	26.054
726.5	2.9162735394293158	30.326
727.0	1.793818617917384	50.577
727.5	2.8035429076536693	36.391
728.0	1.6994745467496082	70.545
728.5	2.3680123382725564	15.207
729.0	1.8579373287141188	101.437
729.5	2.6846890298727843	15.092
730.0	1.9988942491464379	77.552
730.5	2.7501280969235045	54.513
731.0	1.6777198048986715	40.471
731.5	2.530809808842683	15.264
732.0	2.152737437982154	11.997
732.5	2.1789845324162394	60.561
733.0	1.0516574758188413	20.138
733.5	2.0722264798001624	60.48
734.0	1.5554247567515656	20.061
734.5	2.426221154383548	75.598
735.0	1.5841866769974975	80.589
735.5	2.543847950291807	60.505
736.0	1.5605601412929109	90.706
736.5	3.3302563333774753	30.195
737.0	1.6320855706432262	39.919
737.5	1.8277262797254266	75.7
738.0	1.9895724587891568	49.958
738.5	2.4967210881528223	39.638
739.0	2.282135009387989	51.847
739.5	1.591080279952274	48.178
740.0	0.8528521810813144	96.653
740.5	3.3413226652909653	76.003
741.0	1.989512340454724	110.983
741.5	2.75708138980551	27.408
742.0	1.3852165096179139	107.675
742.5	1.9876859633318484	7.801
743.0	2.0039960925911613	20.177
743.5	2.4988632271671447	45.244
744.0	1.7430710133802747	35.583
744.5	2.405026945242334	13.685
745.0	1.9577382912690022	86.306
745.5	2.767569573577911	40.207
746.0	1.7977002831733893	50.46
746.5	2.7997788773632144	28.78
747.0	1.6269754709978608	25.357
747.5	2.2380065151040642	60.243
748.0	2.242854941182956	81.313
748.5	1.7023505655779043	78.309
749.0	1.4366398789768426	40.285
749.5	2.589298118086683	36.223
750.0	1.8147795225267345	80.618
750.5	2.2196698110841746	60.359
751.0	2.3071652953589625	52.941
751.5	2.516240146145642	45.393
752.0	1.5401457586544567	20.127
752.5	2.0304607765519576	30.202
753.0	2.005479885179711	19.924
753.5	2.0527616584774635	30.315
754.0	1.1593995637807688	129.598
754.5	2.1879827063627966	30.278
755.0	2.735913925761662	30.403
755.5	2.4255880558462177	30.15
756.0	1.0149816339088245	130.326
756.5	1.9238037001652881	45.236
757.0	1.1752002360686027	89.687
757.5	2.146049668612469	26.041
758.0	2.4857006118124616	40.211
758.5	4.001747268700094	27.654
759.0	1.9763405832666299	131.184
759.5	2.813816355065707	27.176
760.0	1.7896636122737866	207.893
760.5	2.406539765499229	15.105
761.0	1.4816140219441005	41.523
761.5	2.516769530634874	75.597
762.0	1.4476479026696956	18.068
762.5	2.0798571217355546	90.559
763.0	1.927018985099881	120.744
763.5	2.711797125498665	15.121
764.0	2.056720462284261	8.025
764.5	2.672952704055508	50.577
765.0	2.1850347628082556	40.168
765.5	3.1973161136759045	55.148
766.0	1.4718356250843303	100.557
766.5	1.826141875960009	107.889
767.0	2.01817781104609	50.381
767.5	2.3513745607505343	38.601
768.0	1.7517886656023596	70.549
768.5	2.6602718946319444	30.209
769.0	1.7242286892822558	131.221
769.5	2.4931671891562286	30.484
770.0	2.0476897006298183	20.126
770.5	2.7259078071995626	75.362
771.0	1.021424368870837	19.02
771.5	1.851794225990525	15.191
772.0	1.8599889515981507	33.942
772.5	2.0984358115296127	15.2
773.0	1.9818978195023806	12.088
773.5	2.8113003631271734	30.175
774.0	2.146222006891403	20.379
774.5	3.4290715439642643	45.479
775.0	1.5221068087760967	20.159
775.5	1.994146612254249	30.247
776.0	1.3040405819602063	64.707
776.5	2.450955493624612	60.257
777.0	1.9005831206520385	50.3
777.5	3.081515325323147	45.497
778.0	1.87370425244455	133.73
778.5	3.188407175031533	26.393
779.0	1.3311252529744282	48.808
779.5	1.956315743471228	152.074
780.0	1.7383690205691664	60.497
780.5	3.1614798821820944	93.759
781.0	2.0020769587280194	60.7
781.5	2.1994009370936514	15.167
782.0	1.4751742094414753	90.777
782.5	2.608869318005681	9.075
783.0	2.324412165318359	40.185
783.5	2.158942471169313	30.388
784.0	1.3906164531308745	90.646
784.5	2.6243951308409477	27.294
785.0	1.7984218108470427	124.468
785.5	1.95036348834703	15.548
786.0	2.492552972405408	51.987
786.5	3.286335961009266	56.693
787.0	2.21104920510689	120.952
787.5	2.834255754598453	30.254
788.0	2.275871675979992	141.779
788.5	3.1812170514920632	45.399
789.0	2.3715870861007566	161.892
789.5	2.7154682994927586	55.505
790.0	3.256054542839628	60.417
790.5	3.0119045610331234	16.749
791.0	2.058962613197453	20.117
791.5	3.460820566744429	30.446
792.0	2.068776123746159	40.306
792.5	2.9567362518737896	30.362
793.0	2.0913471408763256	30.456
793.5	2.5103450717598697	30.322
794.0	1.8972958359949008	30.352
794.5	2.905844800134821	30.227
795.0	2.4584916273601887	31.143
795.5	2.5899722538787073	30.337
796.0	1.5937831815102304	30.252
796.5	2.1233542856937646	30.235
797.0	2.5136820536177757	20.375
797.5	3.801415132790257	20.972
798.0	1.107268264817675	352.89
798.5	1.9761926413678719	15.132
799.0	2.716780051519678	71.377
799.5	3.5342242368953465	30.162
800.0	2.4361055136274365	40.319
800.5	3.1772935211870497	45.455
801.0	1.9060562088499233	58.741
801.5	3.3647607060553404	30.252
802.0	2.119590776799486	70.63
802.5	2.7713918393392016	45.302
803.0	1.7407770662983013	117.276
803.5	1.8436072540942603	60.337
804.0	3.7430275208668555	26.068
804.5	2.619981842855793	60.297
805.0	3.9009537687257905	45.673
805.5	2.355179006111623	50.373
806.0	2.6499796337958736	25.52
806.5	2.2272451066388417	60.511
807.0	1.5212392719120518	90.644
807.5	2.0857957492196384	30.225
808.0	2.376810511586954	15.128
808.5	1.8327374351984869	111.333
809.0	2.4960016711058857	12.577
809.5	1.6881791308650456	50.345
810.0	3.2774184012388026	30.219
810.5	2.629966650209432	51.484
811.0	2.8147338951385343	25.508
811.5	2.272988070678156	80.616
812.0	2.4493881273820968	21.436
812.5	2.7662280785681466	53.321
813.0	2.5165291617517096	15.165
813.5	1.4300632786926313	33.065
814.0	2.8757284759952992	38.212
814.5	1.8846179324638226	51.412
815.0	2.631964949820821	15.202
815.5	2.6028596050532697	58.989
816.0	2.932444934121041	15.248
816.5	1.8485545189858412	192.292
817.0	3.3345935382420966	30.325
817.5	1.96651043224149	141.695
818.0	2.2184659115955756	75.84
818.5	1.75448334188581	50.524
819.0	2.9382301097541856	60.847
819.5	1.5913975814666081	30.648
820.0	2.611231989720246	30.255
820.5	2.249444530091715	70.611
821.0	2.6624100168223435	9.152
821.5	1.3650005572430703	80.583
822.0	3.0026969915285746	121.71
822.5	2.000379739344903	116.089
823.0	0.13944027461747027	10.936
823.5	2.242442827071434	153.486
824.0	1.6278992734486042	12.832
824.5	5.508113285934844	81.187
825.0	3.0947449693435787	15.144
825.5	2.079820000069012	20.341
826.0	2.4394004441543045	50.429
826.5	2.4697600549356133	24.757
827.0	1.946034250602862	51.564
827.5	3.5419213798189504	45.325
828.0	2.723407335018733	91.192
828.5	2.9547786584691127	23.89
829.0	2.302008485671377	20.135
829.5	2.896089290176461	45.38
830.0	2.3527481300929574	75.511
830.5	2.6395288861445123	39.501
831.0	1.5518378482309778	22.04
831.5	2.0412731319984054	16.38
832.0	2.347557852569317	60.421
832.5	2.997450914090054	29.768
833.0	2.6824700787918694	50.367
833.5	3.240219583952148	15.258
834.0	1.8582128707162118	65.021
834.5	1.7536561204792092	45.396
835.0	1.3874693036437968	24.602
835.5	1.771854109998861	54.846
836.0	1.3005428449329675	15.267
836.5	2.6003871093828494	15.183
837.0	2.061645058327643	161.66
837.5	2.1424128281040535	54.243
838.0	1.7416057238018074	70.623
838.5	3.1874449895128474	45.378
839.0	1.9094237462473456	40.251
839.5	2.7298854263433796	15.255
840.0	2.123601077896125	30.493
840.5	2.7548108818890595	45.373
841.0	1.881533159333593	70.566
841.5	3.222119289535486	60.265
842.0	2.3121091215346676	110.941
842.5	1.605438136663517	45.298
843.0	1.6603294283776113	70.601
843.5	2.6592754064818185	29.489
844.0	1.6157067777528245	28.819
844.5	2.737002160822185	30.225
845.0	2.1585022095623407	30.787
845.5	3.313459861852825	90.233
846.0	1.3363355446873073	110.213
846.5	1.0171225396915735	87.94
847.0	2.5435875406761035	159.315
847.5	4.116454341582562	30.233
848.0	2.3365676606562875	49.593
848.5	2.232338248678011	54.067
849.0	2.194701278904201	49.917
849.5	3.4973160753623533	48.082
850.0	1.6474607163203157	41.781
850.5	2.0519482661763244	74.725
851.0	1.6713845935839264	70.613
851.5	2.5994589542757893	45.339
852.0	2.2501691739090512	70.589
852.5	3.08692172105924	22.159
853.0	3.0873749748181574	21.362
853.5	3.70041125194149	30.382
854.0	2.1925728367540445	30.446
854.5	3.278283323689666	30.254
855.0	1.9496997157069658	20.186
855.5	3.7037041088748572	9.429
856.0	1.903121372816285	80.91
856.5	2.5035571417762226	55.415
857.0	2.3774192296594943	49.957
857.5	2.9483327011848726	13.453
858.0	2.188629679006838	45.266
858.5	2.207239639600794	50.417
859.0	1.9530708860063075	40.129
859.5	3.4875952027800574	65.203
860.0	2.423188111267886	23.088
860.5	2.7572269717877997	30.288
861.0	1.8504463994931062	23.107
861.5	3.4287291263831516	30.333
862.0	2.2751331656086378	62.76
862.5	2.5028935998830155	30.316
863.0	2.3426188729173116	40.388
863.5	3.0301317830571333	90.677
864.0	2.0500952016729483	90.717
864.5	3.4648439909603805	45.39
865.0	2.8301057354318786	60.503
865.5	1.685363200667202	30.628
866.0	1.9942879288341122	110.86
866.5	3.0396053422826044	75.771
867.0	2.350749845535059	287.485
867.5	2.680566127356111	100.984
868.0	1.920871610512653	30.202
868.5	1.3068805683301103	121.481
869.0	2.7633335783426634	32.918
869.5	1.858485234715021	103.853
870.0	2.5204331564117117	8.306
870.5	2.3397245706353322	80.589
871.0	3.6081523993061335	90.556
871.5	1.9420942650443531	90.651
872.0	1.7098739072344062	15.172
872.5	1.1987812670375202	33.316
873.0	2.639491922821186	15.145
873.5	1.7400267441144552	12.316
874.0	2.169719526277988	60.47
874.5	1.5922888809023512	51.216
875.0	3.1953081950444453	45.3
875.5	2.7755889759720715	27.958
876.0	3.1888922281194243	45.277
876.5	2.6101380731177333	90.532
877.0	0.15580164607553632	15.573
877.5	3.443551135318942	15.386
878.0	1.4597055893286999	60.483
878.5	11.931088105471552	60.35
879.0	2.783861302084117	30.386
879.5	2.450950849149261	90.595
880.0	3.0558328969452826	60.512
880.5	2.8792855237616677	15.073
881.0	2.3263163365960007	20.088
881.5	3.637912550214676	30.439
882.0	2.5697509766715694	15.124
882.5	2.4302451482013474	110.141
883.0	3.168781803113795	71.405
883.5	1.0135606248095783	126.138
884.0	1.9446064697310912	105.841
884.5	1.442173810248601	108.184
885.0	4.255503694422386	60.367
885.5	2.892393990074503	64.423
886.0	2.890753207244853	44.125
886.5	1.8463653356493162	30.197
887.0	1.8282036156389216	22.538
887.5	3.2439268197832054	30.243
888.0	2.671606845450333	30.307
888.5	2.3847725978408376	40.138
889.0	2.5019321959164462	45.317
889.5	2.5082191212465386	30.189
890.0	2.52332687689781	20.183
890.5	2.5619907225230483	42.141
891.0	3.7324811733242926	30.563
891.5	2.1235477763016966	191.723
892.0	2.592364617419959	30.455
892.5	3.086071010650095	37.521
893.0	2.0513981128789966	30.059
893.5	2.861794914520288	30.295
894.0	1.9033651839357322	41.145
894.5	1.6879000201801355	50.504
895.0	2.324601103017987	45.402
895.5	2.740369987070855	23.995
896.0	2.01889793489787	76.275
896.5	2.3114679780100755	45.474
897.0	2.7023391800989014	15.087
897.5	2.1952950723133906	60.483
898.0	2.6508151287563457	43.341
898.5	0.46278547764880074	101.22
899.0	1.1478730831241555	45.298
899.5	1.5015718540809038	45.395
900.0	4.991293802246434	80.68
900.5	5.905188690423692	60.482
901.0	4.778450783294552	53.668
901.5	1.9968773021533464	80.584
902.0	3.147765226293454	45.583
902.5	3.0519915027062745	30.155
903.0	0.834315860901536	152.389
903.5	1.4996030555588429	47.224
904.0	1.593388021012492	37.905
904.5	3.028423451715342	141.88
905.0	3.4249206572919073	114.476
905.5	3.332771591920466	127.993
906.0	3.354025576166392	20.34
906.5	4.177302575306536	15.137
907.0	4.4470682753517785	30.21
907.5	3.219383892663268	9.468
908.0	1.982658353471203	20.244
908.5	3.4399015764564425	32.763
909.0	1.2658140211823514	84.381
909.5	2.546253998860533	23.363
910.0	1.9586251870711116	40.497
910.5	1.4624102947186848	87.502
911.0	2.0665421248824005	45.325
911.5	2.317218189123169	60.457
912.0	1.4809362664780796	40.353
912.5	2.300991855052639	15.48
913.0	2.795562228144193	30.302
913.5	2.8346512392361722	40.231
914.0	3.13632848418572	45.352
914.5	3.943447049095709	45.415
915.0	1.9711233503773957	65.854
915.5	3.230942787193674	30.245
916.0	2.4322609123029464	28.313
916.5	1.74151849823856	20.246
917.0	2.931873465524512	24.233
917.5	2.4405419907945816	30.246
918.0	1.2685583665476183	123.232
918.5	2.653764759601621	75.882
919.0	2.4948110132624652	28.251
919.5	2.2456153660849503	60.562
920.0	2.7214045331873287	76.52
920.5	2.931752297007965	45.235
921.0	2.5572707961955126	45.18
921.5	1.8391023445970907	15.957
922.0	2.6696274446496666	52.118
922.5	2.148209176669647	10.768
923.0	2.4769215066079133	19.725
923.5	2.8264103239191325	23.26
924.0	3.474607776210518	91.11
924.5	2.3070114338278147	41.229
925.0	2.804968328595696	16.858
925.5	2.252942825892964	72.186
926.0	1.7032400756023331	40.302
926.5	2.670164408997476	30.712
927.0	3.0547218148669555	45.32
927.5	2.014433441654348	50.502
928.0	2.8253331318933843	60.367
928.5	3.181338752552646	15.129
929.0	1.7432560939050719	10.412
929.5	3.3440981496144255	45.613
930.0	2.5989934200513827	38.893
930.5	1.589693117120165	100.853
931.0	2.0775832143205712	90.512
931.5	2.5296706553654134	72.744
932.0	1.5101391222418445	141.719
932.5	2.293916725293912	30.208
933.0	2.850344682960115	25.874
933.5	2.3128061248611154	52.519
934.0	2.983144723882575	80.135
934.5	2.7770532241385073	25.049
935.0	2.155926869153568	100.735
935.5	2.4468875635004226	50.569
936.0	2.556253715140126	15.19
936.5	2.125029761626527	79.717
937.0	2.344565533520199	75.574
937.5	2.3385351911375083	8.621
938.0	2.677269565777316	33.103
938.5	1.8241681274220103	121.04
939.0	2.436565014187105	45.302
939.5	2.58231524639374	45.36
940.0	1.6395930315892842	43.795
940.5	2.139434313369142	10.808
941.0	2.4927579126723356	18.487
941.5	1.8737330709353188	70.549
942.0	3.400872372399043	38.944
942.5	2.5275243528486553	45.299
943.0	2.089701809598547	45.163
943.5	2.9540600737023595	30.276
944.0	3.2911584865531998	15.315
944.5	2.6024190844891657	100.882
945.0	2.3704285540603696	30.333
945.5	2.3645668626858343	38.342
946.0	1.6046396483459981	212.164
946.5	1.603025241280674	45.43
947.0	2.1379327899725182	60.369
947.5	1.5026782591580217	20.083
948.0	2.8526316543228436	45.075
948.5	2.6812737013237236	75.531
949.0	1.8975336258863928	32.162
949.5	1.8408413757082245	136.183
950.0	2.385557471757857	34.86
950.5	1.7146882640458763	60.726
951.0	2.858974320166452	8.775
951.5	2.4014613134745346	18.134
952.0	1.2557970139166397	56.54
952.5	2.1030971959025053	15.143
953.0	1.7349945169147056	15.217
953.5	1.39778972221901	12.358
954.0	3.341917544732628	47.271
954.5	2.7911771539608154	30.295
955.0	1.6029892965137398	70.497
955.5	3.017294965237482	45.464
956.0	2.5946103820892024	11.041
956.5	1.8888597966943512	50.822
957.0	2.6642935138473613	45.493
957.5	2.4987498798175403	45.364
958.0	2.048290783928413	60.596
958.5	3.1485027992092913	45.555
959.0	2.6864450759820504	15.169
959.5	1.6767885849369137	80.628
960.0	2.157210239202772	49.147
960.5	2.748166657020676	39.413
961.0	1.798186601084484	161.97
961.5	2.5606697795398174	12.538
962.0	3.0402008772786906	30.36
962.5	1.520437892499766	50.245
963.0	1.8911808659124762	75.832
963.5	2.015793588553818	45.305
964.0	1.589784049367823	13.723
964.5	1.640687541224157	46.648
965.0	0.7865350611146896	99.279
965.5	1.851527703156002	60.671
966.0	2.6923053944132707	31.712
966.5	2.739763758370699	40.176
967.0	2.3499737050595724	20.159
967.5	2.501550571425753	30.372
968.0	2.741422104072014	23.089
968.5	2.2229017379948863	20.165
969.0	2.483471434910691	60.557
969.5	3.10995703800671	23.674
970.0	2.152154402706256	40.284
970.5	2.310127307827413	60.818
971.0	3.05878117072843	60.514
971.5	1.5964841531034477	50.416
972.0	2.8024159162171847	60.318
972.5	3.226452254408716	15.19
973.0	2.5896773630073793	80.585
973.5	2.50320746971179	51.636
974.0	2.368896838587038	9.245
974.5	1.939517963125214	212.175
975.0	2.388424468289422	45.815
975.5	2.3449540283644357	45.419
976.0	4.176789591055065	90.585
976.5	3.7869089780588454	90.065
977.0	2.8105329962538956	30.158
977.5	2.5046498222421945	90.572
978.0	2.3989667604674483	45.494
978.5	3.637523458145374	30.226
979.0	2.726187894709517	60.54
979.5	3.368502821488793	42.381
980.0	3.528823127846428	15.092
980.5	1.9718419236331346	31.292
981.0	2.422396553963008	28.161
981.5	1.9098973831122485	23.667
982.0	2.0734401142925525	70.609
982.5	3.5456335395441463	31.102
983.0	3.006158406857266	40.258
983.5	2.5790665779432884	70.092
984.0	2.9719705039266815	30.57
984.5	2.975885436512577	23.892
985.0	2.610926632062359	33.719
985.5	2.7903549397810306	31.713
986.0	2.710799886599275	60.736
986.5	1.5482525427584906	95.35
987.0	3.0555309743043293	120.901
987.5	2.448585877536361	89.933
988.0	2.311176745044555	161.442
988.5	3.703190491963686	60.369
989.0	2.7640613377716012	60.455
989.5	2.5283253863225053	40.338
990.0	2.784139790094353	41.857
990.5	3.229284557782499	58.646
991.0	1.846416904269625	192.472
991.5	2.4413698746227297	41.926
992.0	2.5274237053955693	45.533
992.5	2.5456959886488217	20.214
993.0	3.134042833665495	76.044
993.5	3.0386556518330297	106.35
994.0	1.5917207625069303	75.404
994.5	2.3609045994694076	18.969
995.0	2.888777039509992	136.131
995.5	1.9538533799191042	17.557
996.0	2.1798330221418243	45.377
996.5	2.721364879860946	75.756
997.0	1.7211316661313416	11.978
997.5	2.6391146572342383	15.24
998.0	2.378980776920294	39.848
998.5	1.057327205790717	10.934
999.0	2.1574171778852	15.212
999.5	1.928832971096413	15.122
1000.0	1.4808103521667402	80.571
