0.5	0.17380319109662673	145.959
1.0	4.635857465098218	100.736
1.5	0.981501509508501	171.005
2.0	0.17875586025355159	34.329
2.5	4.659521196698242	100.582
3.0	0.6843376476672504	150.64
3.5	0.136606132524979	33.319
4.0	11.403219855004231	41.384
4.5	2.4461432653413837	130.871
5.0	2.236836626506029	62.084
5.5	2.872786905017706	60.203
6.0	1.5670591466802455	30.335
6.5	2.4802714298554087	91.267
7.0	0.17114976300858348	36.494
7.5	12.136124058773397	39.829
8.0	9.998640656232018	39.064
8.5	3.87301109990888	33.31
9.0	0.1398662501657987	16.731
9.5	8.345154625741573	36.803
10.0	2.0925339471618414	12.46
10.5	2.822332105653009	97.693
11.0	2.592333616057426	90.658
11.5	2.4450724927586394	20.084
12.0	1.9821068892822928	40.338
12.5	0.14501713631981722	8.518
13.0	3.356024563728687	63.679
13.5	0.16382867866691866	13.837
14.0	0.16994123563931496	12.943
14.5	0.12782840220857122	72.765
15.0	3.027110425899331	100.452
15.5	0.12518062164916471	62.839
16.0	2.084460524416	14.333
16.5	0.8019425693570869	77.918
17.0	0.9300532650027661	30.074
17.5	0.9383857119848337	35.141
18.0	0.863146826934474	70.491
18.5	0.976047888433938	16.71
19.0	0.8298628456355901	90.644
19.5	0.9213474042776383	15.675
20.0	0.7957440425102673	80.452
20.5	0.8393317980985704	76.233
21.0	0.917142819482676	17.317
21.5	1.0599478344350033	90.67
22.0	1.035078922717123	70.521
22.5	0.7783796977530103	130.793
23.0	0.7728914674895643	60.366
23.5	0.15055228077336832	35.404
24.0	2.2000161239587404	70.61
24.5	0.9660679475380431	120.887
25.0	0.7719257982956202	130.931
25.5	0.9460823358294632	131.168
26.0	0.6669704632823187	37.351
26.5	0.8725909633316438	80.607
27.0	0.7654152376968388	77.684
27.5	0.9068841942544689	103.044
28.0	0.9268447411211511	57.698
28.5	1.0506905899406842	43.143
29.0	1.2120227446831762	67.054
29.5	0.6856068376348784	73.096
30.0	1.2632105899388464	22.275
30.5	0.6212091484692562	120.903
31.0	0.891096723659971	83.39
31.5	0.17318077484365815	175.639
32.0	3.878467642752567	91.557
32.5	1.8334411291981758	80.599
33.0	1.9308016207760546	50.38
33.5	2.020273176941922	40.225
34.0	1.5638986043964103	120.926
34.5	1.7626854239255503	174.368
35.0	1.9354971808058092	130.842
35.5	2.320967074252653	33.541
36.0	2.975998391548226	21.979
36.5	1.3812058538351086	100.666
37.0	1.9336708686478168	60.418
37.5	1.5256344290514694	110.775
38.0	1.3281032517127713	20.142
38.5	2.1374759695597376	70.453
39.0	1.9659875119535288	83.048
39.5	2.96278754865587	12.555
40.0	1.6267926240475037	129.018
40.5	1.8440224025637066	62.818
41.0	2.5526892017804985	20.253
41.5	1.8060412093383336	50.371
42.0	1.3725550721450375	50.635
42.5	1.3434503951099943	13.086
43.0	1.5590356048239573	34.97
43.5	1.2652746650428321	23.303
44.0	2.1967148617740246	43.055
44.5	1.510562209462804	100.653
45.0	1.6883027313315069	110.846
45.5	2.182658905936363	12.902
46.0	1.2920981975299415	100.876
46.5	2.000927741685337	54.907
47.0	2.0224308776279387	20.263
47.5	1.5355582053993553	100.789
48.0	1.9794106010298196	80.567
48.5	0.9847459170190357	14.921
49.0	2.181126782615289	130.73
49.5	2.302903234691203	60.504
50.0	2.0938190649180064	120.987
50.5	2.401389980522317	50.076
51.0	1.741818203855249	70.449
51.5	2.329948283198879	20.215
52.0	1.4715698451452701	60.395
52.5	1.5718829965573105	111.657
53.0	3.956471905856865	50.213
53.5	1.649706827472102	50.331
54.0	2.1478596606501488	80.558
54.5	1.9823559914917281	104.481
55.0	1.8780739466760505	63.105
55.5	1.7568461133169944	30.249
56.0	2.08344215202861	84.838
56.5	1.730906143716895	34.112
57.0	2.404392482719831	40.286
57.5	1.8376908080616323	19.856
58.0	1.6356303799584584	12.318
58.5	1.2961350676805954	20.085
59.0	1.6969567951872675	50.341
59.5	1.9957084919363002	50.242
60.0	1.8104741633944146	80.633
60.5	1.2742090796614935	68.549
61.0	1.7458760567139504	50.394
61.5	1.632122449793713	63.844
62.0	1.5782144111570238	42.403
62.5	1.877200468922957	68.197
63.0	1.445165611639366	13.31
63.5	1.9786337579518596	61.277
64.0	1.8471818201658783	63.314
64.5	2.6129640326641606	111.619
65.0	2.1953430288299374	60.47
65.5	2.846164117794878	50.463
66.0	0.908919512252538	130.896
66.5	2.14660527746421	90.624
67.0	1.5811663804532965	50.48
67.5	2.26158861968645	50.476
68.0	1.0822080187070113	50.397
68.5	1.6004780876803564	80.49
69.0	2.4839824479741397	50.182
69.5	2.2311111355221063	34.618
70.0	1.0792762704564904	30.643
70.5	1.9578525314117938	47.739
71.0	1.6743894118571827	19.431
71.5	2.2469332570981906	35.175
72.0	1.4250220494647299	80.529
72.5	2.211416375970728	30.169
73.0	2.105522884283252	74.527
73.5	1.928699034014665	80.596
74.0	1.6463411528907452	110.635
74.5	1.5773607975446542	12.041
75.0	2.7202190550856464	19.976
75.5	1.4706435354830265	70.412
76.0	1.8490579573850106	40.336
76.5	1.4060576841441514	121.007
77.0	2.070984980128303	70.336
77.5	1.6169162403329211	12.771
78.0	1.82154993663248	80.604
78.5	2.7315593133769513	20.194
79.0	2.0805399492059977	60.432
79.5	1.3471739933063442	70.404
80.0	1.9673023986212073	80.455
80.5	2.0693972722775618	70.519
81.0	1.9104574730144546	12.217
81.5	1.8930533168174726	94.435
82.0	1.501624123026083	100.813
82.5	1.767128968227484	50.254
83.0	2.1348468213828036	30.262
83.5	1.8229129839632559	105.682
84.0	2.484882784803912	40.292
84.5	2.0925672842350087	20.146
85.0	1.9392053192770748	42.56
85.5	1.285644237871582	21.318
86.0	2.1570894159749954	44.187
86.5	1.4357868789964272	39.18
87.0	1.9273023705246735	80.575
87.5	1.2264128563281693	70.544
88.0	1.6163607696373945	33.538
88.5	1.7833917000198178	60.447
89.0	1.9809148689259808	54.259
89.5	1.4512384385158668	17.932
90.0	1.5379830956044207	80.43
90.5	1.6463544912078831	60.272
91.0	2.688624833298569	80.58
91.5	1.827160935458703	90.701
92.0	1.864348849555969	80.556
92.5	2.226403135647096	20.004
93.0	1.7608179944719817	80.669
93.5	1.595654261390357	60.505
94.0	2.0364341191710347	32.336
94.5	1.8240666006104922	13.603
95.0	2.280520354922325	40.316
95.5	1.716060972451106	72.614
96.0	2.063049084812482	50.38
96.5	1.718089306009582	114.127
97.0	1.7019564455403733	46.379
97.5	1.5624629191219361	60.385
98.0	1.6459184109963225	80.437
98.5	1.9912991480091873	110.871
99.0	2.1169248408126644	32.754
99.5	1.4133240033065455	34.261
100.0	1.8872782468324423	130.808
100.5	1.315632089642174	54.142
101.0	2.163115839140305	100.713
101.5	1.1044474589126416	70.505
102.0	1.9471772203591415	40.242
102.5	1.7187734379336137	131.054
103.0	1.7340244736225294	30.197
103.5	1.5092368290743776	131.059
104.0	1.7317397642118788	50.186
104.5	2.5394174939477847	12.837
105.0	1.155743009699225	120.924
105.5	1.6060577728602474	23.888
106.0	1.8093001154737842	20.099
106.5	1.2060056367500918	39.454
107.0	2.1680084773029744	30.372
107.5	1.6088974250176298	82.676
108.0	2.02530885386781	48.301
108.5	1.3650207408815955	20.475
109.0	1.9705280920193586	33.855
109.5	1.9367998366334005	70.563
110.0	2.2884473594542776	13.341
110.5	3.1658068082936697	20.394
111.0	0.6869644070434233	80.568
111.5	2.2791232829227295	60.469
112.0	1.916281535234882	53.311
112.5	2.1137199237175177	32.082
113.0	1.159735303969116	66.318
113.5	1.4665791807415034	120.87
114.0	1.805791490419262	70.588
114.5	2.13896728035031	94.541
115.0	1.1855214484077075	57.47
115.5	2.044662543427166	30.172
116.0	1.321869230961614	22.953
116.5	1.9895136286444892	105.878
117.0	1.5142577811817923	40.233
117.5	1.541955606705467	141.14
118.0	1.8680993537163872	66.283
118.5	2.4457355399979748	80.615
119.0	1.3454571096606514	120.841
119.5	1.8349007736234368	36.449
120.0	1.8439959021373402	15.104
120.5	1.7450585364299942	83.275
121.0	1.885669136319927	40.277
121.5	1.2138027805321179	108.705
122.0	2.3980495595800053	55.861
122.5	1.9182356559889822	33.105
123.0	1.669931552727089	49.742
123.5	1.723204212090113	20.165
124.0	2.0314995764782955	30.327
124.5	1.370400539916582	80.62
125.0	1.6651176114360091	20.155
125.5	2.1643130966737325	60.755
126.0	2.015767563028435	40.656
126.5	1.7603855437085003	45.381
127.0	2.011578447260688	80.438
127.5	2.2775294194550733	72.574
128.0	1.6580996511044601	80.582
128.5	1.5831680756746453	13.54
129.0	1.901078144108821	20.259
129.5	1.794429753798687	32.954
130.0	1.8213468244405855	13.961
130.5	1.6064551651454602	90.67
131.0	1.9309015198186852	13.286
131.5	1.703903384914755	70.446
132.0	2.5150407978151748	29.836
132.5	0.6860946756694026	130.974
133.0	1.5367967980079624	80.398
133.5	1.872262584951232	100.548
134.0	1.8271732943432308	116.114
134.5	1.0019313036047357	38.278
135.0	2.047502793654091	13.673
135.5	1.9854755782857538	50.326
136.0	1.7034789417540581	100.915
136.5	1.4203165429646942	20.128
137.0	1.8816179332866916	20.181
137.5	2.1857173928843663	40.363
138.0	1.6388362677553177	110.761
138.5	0.3602905920102037	13.092
139.0	1.503031194398016	40.263
139.5	1.0110076144900264	60.457
140.0	0.8100355338267138	90.61
140.5	0.8925027639272509	130.849
141.0	0.9524484050681677	32.495
141.5	0.7908246957786513	112.093
142.0	0.8073343865747972	130.898
142.5	0.5962152528406419	120.875
143.0	1.0433849174368364	126.193
143.5	0.8604828999312736	85.317
144.0	1.0470723437401521	50.353
144.5	0.8509363955898368	70.509
145.0	0.8259036119540366	70.448
145.5	0.6082812249560252	130.942
146.0	0.15660709216249497	14.124
146.5	0.17283803536701575	22.296
147.0	0.17500666171797774	54.416
147.5	0.13518964332163833	114.563
148.0	0.17002673960071135	15.602
148.5	1.732865366117291	30.18
149.0	1.5627736606623743	52.326
149.5	1.4918424772020253	30.246
150.0	2.0948234098248673	53.028
150.5	1.643113202455997	80.366
151.0	1.094660931253662	70.715
151.5	1.03696862732674	120.844
152.0	0.8273630963567585	30.221
152.5	1.0041504602900237	60.418
153.0	1.2046116980668606	80.835
153.5	0.8100095702321464	90.472
154.0	0.9928549028464099	90.579
154.5	0.6936574255893703	90.539
155.0	0.7896528793013078	90.51
155.5	0.7422181764570654	90.57
156.0	0.876851059066414	60.248
156.5	1.091287968907762	60.382
157.0	0.7980410631944596	60.277
157.5	1.1117165922798629	80.651
158.0	0.9406176713916278	90.691
158.5	0.8836155536463849	102.187
159.0	1.0299550814254839	93.035
159.5	0.7113250978854407	140.93
160.0	0.9705990625240124	108.011
160.5	0.7181018447095003	52.679
161.0	0.8088880889386298	100.675
161.5	0.8001204036183687	100.669
162.0	0.6404412041959103	40.271
162.5	0.7492254977885879	100.651
163.0	0.6724431135575226	100.725
163.5	0.46379255409118963	100.861
164.0	0.5812536727220106	107.882
164.5	0.5050555133190113	142.191
165.0	0.471715884844846	112.614
165.5	0.5688481053344295	95.768
166.0	0.6025121919688825	30.21
166.5	0.5616347076836192	30.165
167.0	0.7597169037467332	29.938
167.5	0.717707879480616	53.151
168.0	0.6865433288396094	30.279
168.5	0.9072915369891599	107.618
169.0	0.8016449591583509	107.993
169.5	0.932255020039844	50.441
170.0	0.925004479845891	98.192
170.5	0.9677833391637551	138.311
171.0	0.6728049829155751	76.132
171.5	0.9427214400937126	83.478
172.0	0.8242350846659721	72.273
172.5	0.8992551388127513	121.023
173.0	0.9198312876507199	74.753
173.5	0.949803951826593	26.339
174.0	0.9207671731028643	43.164
174.5	0.6834189261316093	58.343
175.0	0.716748168181	131.054
175.5	0.8315599306903423	12.808
176.0	0.7691698995044407	90.582
176.5	0.6755159421229806	90.642
177.0	0.9286758106864828	90.613
177.5	0.7265948736017475	90.568
178.0	0.744684071594115	40.192
178.5	0.5407053317942131	138.383
179.0	0.7172808572131054	104.141
179.5	0.7113003062664408	134.494
180.0	0.6363297215985612	124.059
180.5	0.5290253193459684	141.627
181.0	0.5020339496108237	43.425
181.5	0.375996968617464	47.762
182.0	0.12457268414168934	139688286704.24
182.5	0.15138789982005385	139700398531.184
183.0	0.17651838900842934	28.197
183.5	2.8717643518754477	50.483
184.0	0.9976940249734244	171.859
184.5	0.17482904267811467	16.438
185.0	1.7981519281358693	81.416
185.5	1.1853311982662307	100.806
186.0	1.1387296921579317	40.498
186.5	0.6123780996379216	60.4
187.0	0.6564119582188205	252.007
187.5	0.946404691363795	575.379
188.0	0.12351497929173386	15.265
188.5	2.6848762057589823	100.646
189.0	1.7165074305053476	19.81
189.5	2.1768581508519995	12.848
190.0	0.13557609492093803	10.591
190.5	5.837812186232258	100.588
191.0	2.2384789955644133	32.929
191.5	1.4802487856044957	80.674
192.0	2.0912886845986285	94.927
192.5	1.2732567419793543	20.386
193.0	1.459832814659858	80.577
193.5	1.8919335431991184	60.555
194.0	1.76900994347383	50.344
194.5	1.5669594875134583	110.818
195.0	1.711470169736282	92.517
195.5	1.544557849034389	16.944
196.0	2.4343706712800786	37.495
196.5	2.1504537064002998	43.833
197.0	2.642004527032485	70.469
197.5	1.2580542738412563	13.769
198.0	1.6909881086837415	100.7
198.5	1.6296165821549828	75.39
199.0	1.3204945944986264	100.757
199.5	1.9294659537460188	90.702
200.0	1.8428387605383054	20.155
200.5	1.7674841725477395	44.862
201.0	1.586885439999784	64.963
201.5	2.527005460746296	76.212
202.0	1.6162321282062058	43.457
202.5	1.5302572134456773	69.692
203.0	1.7609604966696495	131.046
203.5	1.4544494653545146	70.409
204.0	1.411997695202586	100.816
204.5	1.6116159200044429	13.707
205.0	2.0352992199127664	65.119
205.5	2.6255838476010993	70.982
206.0	1.685879763213497	20.402
206.5	1.6351904044775012	34.051
207.0	1.5758546781555474	50.637
207.5	1.7995941094333905	20.024
208.0	2.475343505179259	50.379
208.5	1.4191463619572557	30.026
209.0	2.2829069791174796	100.852
209.5	1.6606741150849456	70.325
210.0	2.1360090765906623	63.222
210.5	1.0342766488740263	22.47
211.0	2.202390744986083	40.241
211.5	1.681954294834274	60.27
212.0	1.7275526440634397	80.564
212.5	2.125582035999869	63.088
213.0	2.2498711850725686	40.167
213.5	1.1049505326773605	30.289
214.0	1.4912948938276949	30.127
214.5	1.5243729886242057	151.155
215.0	2.1799155635515586	40.266
215.5	1.9981618487981465	82.673
216.0	1.5380915936686825	110.671
216.5	1.842006623474716	82.959
217.0	1.3912100004172823	35.486
217.5	1.2581780351229328	19.154
218.0	1.440195575424248	80.624
218.5	2.774635178990637	77.077
219.0	1.5717884668809328	131.318
219.5	2.0845962654404038	23.684
220.0	2.117320854073202	90.694
220.5	1.633510418881558	86.387
221.0	1.6968670761509936	66.234
221.5	1.9002153864086888	20.21
222.0	1.613032346612609	30.242
222.5	2.0385864456919722	60.384
223.0	1.783975116467088	110.769
223.5	2.0642273890031353	100.779
224.0	1.470315364843845	78.321
224.5	1.485302786117818	60.482
225.0	2.0559195463011686	14.241
225.5	1.687380326659563	70.593
226.0	1.7053334589252525	120.917
226.5	2.0994271345590927	20.023
227.0	1.4443013692383313	35.797
227.5	1.9135656656545768	13.74
228.0	1.1762476820433265	110.761
228.5	1.9310823729679514	99.897
229.0	1.9637422889714111	69.782
229.5	2.0581285024870213	60.525
230.0	1.6700621225797732	141.22
230.5	1.315930077918401	59.477
231.0	2.1634165562314682	40.302
231.5	2.4253740010396654	40.339
232.0	2.179422050581269	90.562
232.5	2.188613563040016	10.863
233.0	1.6879920179948402	20.195
233.5	1.9497622487929056	12.496
234.0	1.6059102716720304	30.135
234.5	2.1740246748299086	100.596
235.0	1.8083116743266017	94.515
235.5	2.0086308887471094	11.985
236.0	1.5587837097855863	90.71
236.5	1.7202502126191321	100.709
237.0	2.315732601392008	42.862
237.5	1.4093738240446725	40.259
238.0	1.6213794700029893	30.505
238.5	1.800003994923353	11.122
239.0	1.8018329817262437	100.737
239.5	1.9833997111526847	45.635
240.0	1.6204113137549516	43.385
240.5	1.5697110147963362	77.515
241.0	2.02284584456345	30.276
241.5	1.885595914892759	102.334
242.0	1.9166855307628479	40.29
242.5	2.189021688981903	34.071
243.0	1.7257271444889648	130.848
243.5	2.0362711127469235	13.173
244.0	1.8002134735656647	16.076
244.5	2.1259315018895504	11.6
245.0	1.7435011300840788	60.642
245.5	2.093718444076938	60.412
246.0	1.8543582423292386	42.485
246.5	1.5810001816803996	20.217
247.0	1.9354405265289534	95.961
247.5	1.7875465629488163	80.593
248.0	1.2404238205120144	120.813
248.5	1.984169856847278	110.493
249.0	1.922165862319425	137.698
249.5	1.4870610386441572	50.365
250.0	2.111196498250486	30.298
250.5	1.8874435303379313	60.361
251.0	1.8994641362229754	95.427
251.5	1.4728781638560107	117.558
252.0	2.02963229228246	20.229
252.5	2.00049368822809	30.195
253.0	1.441010093873145	100.864
253.5	2.1954363725419848	131.398
254.0	1.2765959146513814	98.865
254.5	2.0664332227724445	90.611
255.0	1.7178295196592754	12.528
255.5	1.5208509563915384	60.424
256.0	1.6172226065961723	48.043
256.5	1.8646173364340923	30.192
257.0	2.3512812344676286	13.829
257.5	1.4733343927423095	40.423
258.0	1.4935993249418185	50.391
258.5	1.7418639106264617	20.015
259.0	1.9315354125161484	131.052
259.5	1.754525848501708	54.712
260.0	1.8477764521082192	72.556
260.5	1.6493066372321266	110.726
261.0	2.299309464412093	88.133
261.5	1.0702413186705964	70.528
262.0	2.066683771138622	60.691
262.5	1.8960151232295388	50.257
263.0	1.4404514234414043	20.315
263.5	1.9743069855606594	80.5
264.0	1.4921296719487571	131.155
264.5	2.312536724273465	80.556
265.0	2.0027924018970675	20.109
265.5	1.4492791209120452	90.43
266.0	1.6076059723790528	70.351
266.5	2.057214500944581	50.331
267.0	1.781772095581436	40.287
267.5	1.4786253531592846	80.518
268.0	1.4080990296671076	125.352
268.5	1.848899132468007	113.936
269.0	1.9361853074909752	23.93
269.5	0.927279702708873	30.225
270.0	2.0644887813558115	77.598
270.5	1.5496855301482664	131.025
271.0	2.0105530995441687	43.644
271.5	2.0384314073432654	62.529
272.0	1.7372208511893932	50.375
272.5	1.8809974521148696	20.01
273.0	1.5447241201233854	115.602
273.5	2.263754577807057	83.086
274.0	2.4038136213158334	80.637
274.5	2.3959865675862164	30.35
275.0	2.101228135614885	40.298
275.5	1.6328129887500162	42.155
276.0	2.065242579377991	40.116
276.5	1.9343519257254438	13.476
277.0	1.1123609133054166	20.118
277.5	2.5110782835760013	121.605
278.0	1.553005070573338	115.87
278.5	1.922621190903097	12.487
279.0	1.985825996009648	25.326
279.5	1.4015822532886113	100.645
280.0	2.442155321569262	80.61
280.5	1.7093118335153201	47.189
281.0	1.8084299408283513	65.268
281.5	1.7541875696725948	11.685
282.0	1.8936033779070147	80.553
282.5	1.9762274092234937	55.922
283.0	1.563724004420316	36.657
283.5	2.161057283978238	37.359
284.0	1.9126991017409982	60.572
284.5	2.340192274014149	80.47
285.0	2.2810554959226708	30.253
285.5	1.9600076292969013	50.318
286.0	1.9086941822354546	40.201
286.5	2.0004691427142016	80.646
287.0	1.8721195733058817	11.938
287.5	1.995786733897511	20.262
288.0	1.3590208472228482	11.098
288.5	1.9910288821211335	60.483
289.0	1.3233649136926895	50.385
289.5	2.2620316886123333	20.127
290.0	1.7403751448104001	85.718
290.5	1.862581458617553	76.22
291.0	1.4249048970747957	60.422
291.5	1.8453903788866142	20.109
292.0	1.350144864390942	50.36
292.5	2.204229480102089	110.753
293.0	2.3595511923258763	30.251
293.5	1.756403120189205	130.947
294.0	2.447296590614694	70.483
294.5	1.998061726301366	34.554
295.0	1.5424376866740046	120.72
295.5	1.6177443729952306	13.58
296.0	1.7050163722906901	20.178
296.5	1.7427137760055424	18.835
297.0	1.4922284025845272	33.691
297.5	2.4755125547129375	50.557
298.0	1.318307199017987	70.659
298.5	1.7141690853573506	60.476
299.0	1.7058040679759876	20.148
299.5	1.7951376256387765	103.842
300.0	2.322578327584536	20.136
300.5	1.5720612878926519	70.596
301.0	1.6084710492460974	40.275
301.5	1.5735827541650078	120.721
302.0	1.8269388785875496	20.188
302.5	1.7317070386631945	35.249
303.0	2.3075664033286367	50.284
303.5	2.058408415073735	90.61
304.0	2.033934565055546	82.72
304.5	1.761245151547563	90.676
305.0	1.7564485776007566	20.154
305.5	1.1984296636573728	13.388
306.0	1.605430703867944	60.446
306.5	1.9239766471106827	14.298
307.0	1.7651595103793747	20.167
307.5	1.3600295349654055	110.948
308.0	1.7739000631147759	55.423
308.5	1.913313694362255	20.319
309.0	1.7639517273059422	123.954
309.5	1.526418708779558	71.072
310.0	1.732493585322726	117.891
310.5	1.691895851169642	16.887
311.0	1.5946493248017262	70.496
311.5	1.6891576063548486	60.475
312.0	1.449291189082052	30.245
312.5	1.7782124007161255	55.307
313.0	1.7793913495789861	73.081
313.5	1.5860784869594906	95.94
314.0	1.6231778122360598	80.656
314.5	1.675957473637569	70.52
315.0	1.3234528902328428	97.378
315.5	1.7810459295537893	20.198
316.0	1.4617230052586505	65.36
316.5	1.6850543743272768	100.659
317.0	1.6396616094476868	30.316
317.5	1.9639925483651168	50.303
318.0	1.5720580770693222	151.066
318.5	0.14470793354205178	71.05
319.0	0.15515276904896932	106.956
319.5	4.376177585949175	151.244
320.0	4.763884450401058	36.809
320.5	1.2635916717557298	316.849
321.0	3.519484754257875	35.21
321.5	2.141984728480236	131.114
322.0	1.4550907936993498	20.265
322.5	2.2703955472970154	110.817
323.0	1.6356634262353706	110.799
323.5	2.182999873106102	30.309
324.0	1.7702688752052989	129.023
324.5	2.0907428820894505	80.547
325.0	0.7954082134701131	121.21
325.5	1.6025419323130412	11.144
326.0	1.5327922388536368	40.326
326.5	2.2075731386772373	41.95
327.0	2.7449963677512104	80.892
327.5	2.3980547156902556	60.78
328.0	1.6223605899474882	80.629
328.5	1.4152658622669005	42.576
329.0	3.381299728676536	100.576
329.5	1.2827324236635915	60.584
330.0	1.8280701414551657	51.203
330.5	0.6867497548546051	115.32
331.0	1.2113749939091538	12.734
331.5	1.147923094887108	86.558
332.0	0.8132078183977488	50.568
332.5	0.1750741613634501	19.429
333.0	2.5504797955579535	169.036
333.5	1.8292605513530462	80.568
334.0	1.3147279313273228	100.828
334.5	0.9612376031146426	56.705
335.0	1.6094406039441993	114.591
335.5	1.056131488440833	60.463
336.0	1.1781589989387782	27.298
336.5	0.9153926654257365	19.544
337.0	1.367056971071672	60.428
337.5	1.3904949368266901	60.194
338.0	1.236745697912063	44.296
338.5	1.3622833536282892	51.39
339.0	1.020676377217589	17.137
339.5	0.8791908152822414	58.354
340.0	1.265824624898177	40.776
340.5	1.240866230037063	51.113
341.0	1.2396147783464642	80.752
341.5	0.997548381245701	110.805
342.0	1.3296639451965835	44.902
342.5	1.1494469929253903	80.678
343.0	1.4610558754015837	35.542
343.5	1.332009832315385	90.632
344.0	0.8375177850143345	45.217
344.5	1.730696320553897	30.232
345.0	1.4897124861842246	48.565
345.5	0.6441660943655552	12.682
346.0	2.821432092443153	9.462
346.5	2.0885156193767327	80.5
347.0	2.623868280499028	62.529
347.5	1.9808281289613432	100.718
348.0	1.913042949191407	40.325
348.5	1.5890651400625515	50.378
349.0	1.188645496093152	30.535
349.5	1.4212393437307804	121.035
350.0	1.8050668762149085	151.94
350.5	1.8402599589765982	40.252
351.0	1.7859838801823105	90.702
351.5	1.9853221164321362	10.084
352.0	1.4271306647823532	119.773
352.5	1.8206280761084612	60.252
353.0	2.64071565510065	50.107
353.5	1.364129633728584	10.266
354.0	1.826536989189354	182.716
354.5	2.3435090028732564	50.28
355.0	1.8162005501397618	23.018
355.5	1.6418101849145228	80.658
356.0	2.1207253552885694	9.854
356.5	2.531661990137424	122.581
357.0	1.4009726863992749	60.399
357.5	2.084593469362373	50.428
358.0	1.8569145376598866	50.501
358.5	1.8437134115162004	10.052
359.0	2.6174031837608327	20.095
359.5	1.90168584022539	100.741
360.0	0.12464672449466524	16.012
360.5	2.101152104371391	60.427
361.0	0.9045339424694123	20.246
361.5	0.877855420662064	57.728
362.0	1.0085400264915685	100.642
362.5	0.5698650866285815	121.032
363.0	0.16226875207365254	35.58
363.5	2.990028907167612	34.371
364.0	2.6947912578583537	20.18
364.5	1.603442462828424	49.718
365.0	1.2212282549272626	100.509
365.5	2.1758395705727502	13.918
366.0	0.14941826460926147	18.922
366.5	3.653610610842871	96.175
367.0	2.174603826886639	70.61
367.5	0.16842449464729944	18.138
368.0	2.936662429088643	90.662
368.5	2.070048255963197	40.219
369.0	11.440227235155165	20.121
369.5	1.7402716563124003	141.071
370.0	2.012677430079363	54.782
370.5	2.250869064343913	80.543
371.0	2.5552211557838893	80.553
371.5	2.4879810224540604	100.513
372.0	2.574976462774566	74.843
372.5	1.0018452190473262	121.252
373.0	1.2483124275788835	101.083
373.5	1.124976906204479	17.683
374.0	1.479656251356846	14.749
374.5	2.9005519656831096	50.481
375.0	2.349215817317133	50.435
375.5	1.8085590885123073	100.783
376.0	1.671766458599313	100.816
376.5	2.761603382261754	20.275
377.0	2.266649617523685	76.31
377.5	2.4768779470093594	70.603
378.0	2.0367764938527433	70.638
378.5	2.151787464736053	40.27
379.0	1.7070443866153127	70.509
379.5	0.9811612071115426	110.679
380.0	0.8192117904204629	60.387
380.5	2.2229618780676907	30.18
381.0	1.5452012728495743	30.087
381.5	2.9068916887096794	110.912
382.0	2.798834399631743	120.976
382.5	2.636572426351404	30.204
383.0	3.080009643308783	74.926
383.5	1.8057987197267664	68.398
384.0	1.4626930487520535	64.616
384.5	2.281286329452004	80.628
385.0	1.583998782367788	17.804
385.5	1.8239387666629117	100.847
386.0	2.1592941885116255	15.943
386.5	1.998108143168831	15.191
387.0	1.9527126981960399	53.206
387.5	2.50877566431131	119.667
388.0	1.6384551324049215	25.285
388.5	2.0811617548784946	90.782
389.0	2.684097977918095	13.802
389.5	2.064426546041893	100.695
390.0	1.992010431550842	37.041
390.5	0.37539483418970404	64.839
391.0	1.5293582268892647	79.95
391.5	2.0010193243928516	70.51
392.0	1.7065456173639275	30.231
392.5	1.5329017944719514	14.343
393.0	2.0367814890962177	15.12
393.5	1.7171727382704978	57.241
394.0	1.3691459471113567	50.452
394.5	1.7543224869300535	45.781
395.0	1.395687378299768	13.614
395.5	0.9719979437435697	40.477
396.0	2.1241464402317525	40.359
396.5	1.4211662131658007	66.848
397.0	1.3683144491808488	56.167
397.5	1.6321243298388572	14.188
398.0	1.9347656486772415	12.966
398.5	1.5498983383104683	24.414
399.0	1.0093983339315593	110.923
399.5	0.9071911533852639	131.028
400.0	1.4569052884700848	98.659
400.5	1.7962740748851298	80.841
401.0	1.6864332546263163	19.696
401.5	1.7601948109926122	131.807
402.0	2.2978352876483625	117.542
402.5	1.9174041429996942	148.329
403.0	0.9897538395341671	80.643
403.5	1.633184782057954	90.658
404.0	1.7844544345282594	120.929
404.5	2.357840986187088	75.462
405.0	2.130043485234084	90.731
405.5	1.7575877815567027	72.301
406.0	2.233506541849358	110.856
406.5	2.283979007732445	55.292
407.0	0.16596269998007324	10.256
407.5	3.7369370631713656	110.908
408.0	0.12694987202466654	20.402
408.5	2.8921283471275188	100.616
409.0	0.9104864694884063	69.788
409.5	0.16966623928683125	11.491
410.0	0.15200418692345222	18.637
410.5	0.1334983841400516	36.307
411.0	0.1344953523099169	69.646
411.5	0.1602195227869705	98.922
412.0	1.9730059184202338	16.979
412.5	2.469887036817677	78.718
413.0	2.114220301072663	64.239
413.5	0.8002820061851734	11.972
414.0	0.7851623085390574	49.278
414.5	1.0694803644086763	60.1
415.0	0.7020831471837755	20.204
415.5	0.975946880233729	80.68
416.0	0.810401888456409	20.207
416.5	0.7415045006523028	100.754
417.0	1.0614624353022186	80.699
417.5	1.063323077379081	14.99
418.0	0.7092978388823078	30.193
418.5	0.9902163332195557	70.465
419.0	0.7259117734704563	70.445
419.5	1.0642140012736763	212.123
420.0	0.8317973459366861	70.714
420.5	0.9552611746572124	40.48
421.0	1.0235918963613613	154.595
421.5	0.7631426811602156	114.103
422.0	0.6064450222063521	13.857
422.5	0.46863526862550325	100.651
423.0	0.5285234359755616	30.206
423.5	0.3837955960184617	100.72
424.0	0.9741185739502706	100.777
424.5	0.770090144001707	100.825
425.0	1.0190572418258375	100.78
425.5	0.8463970222641432	49.758
426.0	0.9403800980563318	103.026
426.5	1.0846877683667968	90.801
427.0	1.034674780276488	30.207
427.5	0.9282706675676493	30.175
428.0	1.3052481107763683	49.403
428.5	0.9795852197075761	110.808
429.0	0.7979376995142208	110.823
429.5	0.835916520422577	110.806
430.0	0.888659635846607	73.538
430.5	0.9610460971633316	79.456
431.0	0.9777734971532186	71.401
431.5	0.5434991985308105	120.734
432.0	0.6011599959341822	120.778
432.5	0.4440651234446677	120.681
433.0	0.9481510691493137	80.518
433.5	0.13371827648528295	139700438692.464
434.0	0.15389609507053426	47.597
434.5	0.12464710784358109	78.082
435.0	2.081826973714851	20.213
435.5	2.852055825516004	18.372
436.0	1.624951957802351	90.739
436.5	2.107964977540326	19.094
437.0	2.517264506201742	61.019
437.5	1.774867629798401	12.918
438.0	1.8276882922222228	31.872
438.5	2.0686449870708596	80.391
439.0	1.42620586057987	80.528
439.5	1.1703452617845505	90.529
440.0	2.0497242178099295	111.023
440.5	0.1644211141088248	12815.758
441.0	0.16110738846000613	10.535
441.5	0.16568873897005731	11.389
442.0	4.330755571561337	54.161
442.5	1.275333956552112	90.701
443.0	0.9160981921159174	100.65
443.5	0.7347874782308917	100.66
444.0	1.0952721178806986	100.752
444.5	0.16080445601129073	6.947
445.0	5.822970510475293	61.019
445.5	1.4860585220314166	60.536
446.0	1.2615411283500768	120.964
446.5	1.599474071734485	70.604
447.0	1.92922338312621	20.242
447.5	1.5988948296788383	60.436
448.0	1.4391170961672568	20.141
448.5	1.6909535017784814	20.004
449.0	0.14547426120053725	30.284
449.5	1.7845184082222159	50.441
450.0	0.1256287084176073	17.514
450.5	7.06529137221886	100.999
451.0	1.5122791269154439	120.925
451.5	2.3045349254618888	98.725
452.0	2.619805237313997	40.362
452.5	2.011396599619744	132.169
453.0	1.8727896137773397	80.487
453.5	1.4677012343458957	85.395
454.0	1.5214702613604336	70.638
454.5	1.6448442203714413	100.741
455.0	2.1342850612288315	90.764
455.5	1.8063594091913975	100.626
456.0	2.239302241713698	30.214
456.5	2.035094083798243	131.076
457.0	1.9195419833670107	90.66
457.5	1.8153311607774463	40.282
458.0	2.0494408937494475	20.115
458.5	1.6317181172519326	38.492
459.0	1.8314183215083388	27.83
459.5	1.7220914092413604	80.537
460.0	1.8585737301843985	18.505
460.5	1.3372442742114916	60.422
461.0	1.9597209922145695	17.74
461.5	1.7071341269450817	110.831
462.0	1.835337378327255	20.151
462.5	1.75034955714886	72.77
463.0	2.1352015656297585	17.607
463.5	1.4287175095878877	70.493
464.0	2.0761992194500283	18.253
464.5	1.8763263986270202	60.549
465.0	1.7604975767241096	120.942
465.5	1.9192893701787013	117.172
466.0	1.6436995828130465	39.221
466.5	2.229553305256175	120.981
467.0	2.182286953896132	70.425
467.5	2.249884704799086	17.314
468.0	2.507576301140295	110.864
468.5	1.5884126366837859	100.922
469.0	1.218854021736954	60.374
469.5	2.3499862026096507	17.241
470.0	1.998595241446216	37.858
470.5	1.9775573764652203	17.378
471.0	2.446072933255516	71.737
471.5	1.4625734264612602	130.706
472.0	2.4008866225687022	52.184
472.5	2.4938354535041856	41.383
473.0	2.324976959663457	50.266
473.5	1.4542978351197633	79.871
474.0	1.5690204389977347	130.989
474.5	2.01558586004061	70.23
475.0	2.2758699367195576	50.372
475.5	2.4833045249920556	57.755
476.0	1.544262837121673	21.571
476.5	1.7886750183161912	100.74
477.0	1.7552954795873126	90.502
477.5	2.1064463126832313	30.239
478.0	1.7453510437348327	49.158
478.5	1.436038891420011	70.518
479.0	1.4818968530865395	49.433
479.5	1.592603887037876	91.051
480.0	1.9652927807623974	36.879
480.5	2.351823970247007	80.628
481.0	2.1113165651057986	90.651
481.5	2.5382187160229095	92.892
482.0	0.7476188340789123	48.473
482.5	1.9747731479957042	29.624
483.0	1.7425767025167298	40.286
483.5	1.140694771563293	50.169
484.0	1.8319439901562153	40.304
484.5	1.818003920849133	17.049
485.0	1.7250985248326087	70.522
485.5	1.758160370640698	60.44
486.0	1.6897250878822154	80.649
486.5	2.3816762509448375	79.429
487.0	1.6380487455725883	57.913
487.5	1.2447145327920073	18.619
488.0	1.8471723652323224	17.361
488.5	2.12072584573029	34.793
489.0	1.5938761485014792	35.449
489.5	2.3529793507108745	57.671
490.0	1.7852576840774692	60.448
490.5	1.7409945805959586	37.483
491.0	2.2226811819977597	30.203
491.5	1.9665122275725573	40.247
492.0	1.6348402065321295	40.682
492.5	2.1046498095561947	70.789
493.0	1.3813330624911675	37.527
493.5	1.501680507156114	16.957
494.0	1.60015322810044	131.283
494.5	1.6912267400430647	78.183
495.0	1.7798380687662458	50.367
495.5	1.751019835159018	48.017
496.0	1.410973432821353	60.509
496.5	1.931681705780854	49.995
497.0	1.8144921687591518	69.599
497.5	1.5708328366292765	100.773
498.0	2.0585577074347645	114.913
498.5	1.8494386287157532	57.909
499.0	1.612106167596918	68.371
499.5	2.014965714044753	16.901
500.0	1.7435527893930691	17.967
500.5	2.312326649270079	78.744
501.0	1.196431455646908	122.07
501.5	2.096046472943887	48.452
502.0	1.5595764644631274	57.896
502.5	2.1517083175030125	60.526
503.0	1.3833325702888941	93.056
503.5	1.7817460093401367	71.573
504.0	1.9784727075969921	30.182
504.5	1.8363222603089078	50.34
505.0	2.7044627700109163	90.588
505.5	0.8479644471541977	90.595
506.0	1.954315593495215	50.362
506.5	2.329816290992502	120.945
507.0	1.9927076000313952	100.782
507.5	1.2079308424826642	60.597
508.0	2.064008313735662	121.01
508.5	2.390299775950803	55.908
509.0	2.0488715497387853	131.776
509.5	1.3139406508718394	83.286
510.0	1.7915525236765144	90.731
510.5	1.9736701939999413	100.933
511.0	2.1528430799163147	40.364
511.5	1.8392064704897377	80.716
512.0	2.1671079979170638	100.562
512.5	2.198070748700401	80.544
513.0	2.0532902875284953	110.997
513.5	1.576950125369818	40.268
514.0	2.1392665999756417	70.444
514.5	1.9427882127031801	68.279
515.0	1.9761874788308254	80.643
515.5	2.2338784786645163	121.024
516.0	2.0927551726381526	39.694
516.5	2.3211827232055295	69.398
517.0	1.8405220802149713	119.528
517.5	1.8934531238785888	30.277
518.0	1.8376511228617782	88.164
518.5	1.5280085914641723	27.741
519.0	2.0807169429372934	47.652
519.5	1.9014548747337283	60.396
520.0	2.1181414169715356	60.471
520.5	1.990606036851993	109.786
521.0	2.2419586321444025	48.287
521.5	2.034924886668193	59.139
522.0	1.5820698947000114	19.536
522.5	2.0302884320421866	76.294
523.0	1.417214870698986	60.443
523.5	2.1258097530925557	50.293
524.0	2.126289821763023	79.587
524.5	2.0251390336371413	20.254
525.0	1.9288694063076626	129.731
525.5	1.5764939440989907	38.79
526.0	1.9585186047901815	30.231
526.5	1.8550434812456127	20.309
527.0	1.3718521163447006	38.279
527.5	2.285217743691415	60.538
528.0	1.674977185768531	125.49
528.5	2.1250733093791916	49.14
529.0	1.7103671987253892	50.415
529.5	1.8066872986398261	101.041
530.0	1.942045840129271	40.368
530.5	1.569240996262221	95.435
531.0	1.7397203224608664	20.079
531.5	1.7234619155010458	48.313
532.0	1.9266991710879386	20.251
532.5	1.8645667825070575	91.145
533.0	1.6031705358559754	52.195
533.5	1.7903645499304524	70.401
534.0	1.6600948208137902	70.497
534.5	2.4403406791675524	19.984
535.0	0.7479997232888795	90.832
535.5	2.1915641889583752	40.386
536.0	1.8274365381376116	121.101
536.5	1.591353114917048	60.649
537.0	2.203719291829154	30.205
537.5	2.2476684971472567	110.844
538.0	1.653596836642518	38.087
538.5	1.6330253396479304	27.422
539.0	1.9281867371707473	110.86
539.5	2.292646355239224	90.589
540.0	2.058630187978017	90.759
540.5	1.895326973035808	110.878
541.0	1.5441531843605096	111.052
541.5	1.6352928359674235	60.506
542.0	1.5184776302891914	100.88
542.5	2.4900980624163105	80.741
543.0	1.9226591462931524	20.288
543.5	1.5827660998193325	60.492
544.0	2.424261741101349	92.865
544.5	2.0061831636987817	90.519
545.0	1.898225633533373	100.726
545.5	1.7249954109118326	60.594
546.0	1.6886530949070315	17.81
546.5	1.2460702099426395	37.822
547.0	2.5025747623307852	70.579
547.5	1.761337951513784	117.734
548.0	2.0215791253489717	73.662
548.5	1.7893543659255022	20.158
549.0	1.8337960246511258	110.803
549.5	2.356624756493085	66.09
550.0	2.191979186940547	90.664
550.5	1.2317350559949325	30.235
551.0	1.2298603791651974	100.715
551.5	1.558716405343609	22.106
552.0	1.9262402792372204	30.361
552.5	1.232491440067109	90.633
553.0	2.211363971374141	47.195
553.5	2.3085912277616143	118.823
554.0	2.4299265250961892	111.049
554.5	1.9691231436446481	21.9
555.0	1.8383342168307162	49.843
555.5	2.0592059734581256	80.895
556.0	1.6725656096626738	25.298
556.5	2.515380096494414	70.548
557.0	2.2323227060890454	62.129
557.5	1.4135358132058553	80.655
558.0	1.3297684007302004	79.305
558.5	1.9467045269810674	90.494
559.0	1.8544794109066756	80.544
559.5	1.8030895486008804	37.977
560.0	1.4487395193403059	80.565
560.5	1.464959553752015	70.592
561.0	2.1686590482170653	84.465
561.5	2.1845010879519577	70.647
562.0	1.9323939798195737	70.533
562.5	1.9701996662486818	47.343
563.0	1.8343956018298981	40.246
563.5	1.3667990706827142	29.211
564.0	1.4755235876016963	42.143
564.5	2.402107280156107	27.943
565.0	1.6813950829293933	16.836
565.5	1.7575543161860214	90.474
566.0	1.0705492038842221	100.773
566.5	2.5217055171617364	90.428
567.0	1.7078100912645118	67.826
567.5	1.8911698853851722	19.699
568.0	2.128671353822609	89.892
568.5	1.5194943497629108	121.012
569.0	2.2436256594353554	50.435
569.5	2.3508872740738114	37.538
570.0	1.4272998864356479	118.614
570.5	1.5665352077782546	20.175
571.0	1.5810973434511912	70.479
571.5	2.58676160836735	97.764
572.0	1.5774698451631362	73.929
572.5	2.3916355353738754	103.939
573.0	1.7613628741722414	86.338
573.5	1.5071723479808503	30.431
574.0	1.5420163646618188	37.204
574.5	1.7530103557957533	50.336
575.0	1.4964993880221935	58.854
575.5	1.504719029444412	90.995
576.0	2.1709895770008343	20.15
576.5	2.156015873664208	110.9
577.0	1.5112950688632232	37.783
577.5	1.6532642992550146	17.688
578.0	1.5469570801362886	70.606
578.5	1.7869910182524782	16.84
579.0	1.8296509102705456	48.108
579.5	1.7978357654842012	59.876
580.0	1.8701999934956606	40.789
580.5	2.3471089725936674	57.92
581.0	1.8071207892335757	40.618
581.5	1.8134926434822474	17.136
582.0	1.9425777901520647	60.796
582.5	1.8380472394497485	80.553
583.0	1.4681079705002307	18.819
583.5	2.5451744809460157	17.641
584.0	2.248522108754223	50.316
584.5	1.4830205886611914	100.712
585.0	1.2711707870733147	35.463
585.5	1.980442817630933	17.078
586.0	2.04774483699812	77.834
586.5	1.7515370449187293	110.759
587.0	2.319755656191339	60.588
587.5	1.7352850742923112	67.975
588.0	1.633667132584254	47.605
588.5	1.472573118352797	20.109
589.0	1.7537257510023958	100.968
589.5	1.1627014935141897	57.913
590.0	1.6283748485471548	30.188
590.5	1.8495921444376084	67.818
591.0	1.6987413664684639	81.044
591.5	1.3873760872341576	112.047
592.0	1.5308387087033224	49.766
592.5	1.8582914464599483	30.233
593.0	2.089285489020092	17.423
593.5	1.5853270893705405	30.196
594.0	2.903019967312303	71.678
594.5	1.4641983727050842	70.448
595.0	2.3317896326781637	90.733
595.5	1.6661415253236178	70.592
596.0	1.5667335554844193	70.607
596.5	1.7089307509046838	110.984
597.0	1.7792127831415265	60.419
597.5	2.295404493067985	17.459
598.0	1.811259003237193	80.608
598.5	1.8181664509964788	77.924
599.0	2.70881548925478	40.31
599.5	1.478860248729986	120.862
600.0	2.1046863155123745	70.578
600.5	1.315950961895144	120.592
601.0	1.5758634604118125	90.535
601.5	1.8089112567833794	60.486
602.0	1.6689163793704336	30.248
602.5	1.4955068813663426	48.079
603.0	1.9098676261738865	50.348
603.5	1.924643494476325	90.606
604.0	2.193774480659661	48.71
604.5	1.1535637718292309	28.697
605.0	2.2926823712179543	18.452
605.5	2.1444308906010496	70.504
606.0	1.990971402914199	90.736
606.5	2.1144156565216248	88.727
607.0	1.421441643285114	49.111
607.5	1.894406875200306	30.195
608.0	1.6905209028668646	90.866
608.5	2.1370857589211907	50.392
609.0	1.1893644910445234	59.199
609.5	2.1528386078463972	90.599
610.0	2.7752022210759475	20.237
610.5	1.4245825296614412	70.619
611.0	2.1310847219309683	60.407
611.5	2.0486537971033116	69.572
612.0	1.765561975683686	67.853
612.5	1.764852303766838	80.659
613.0	1.46963739244443	108.101
613.5	1.9998537773834806	40.361
614.0	1.9133143885566009	60.38
614.5	1.7720434232021394	70.771
615.0	1.8261139878958663	60.498
615.5	2.065559170861849	80.664
616.0	2.186122603116585	70.415
616.5	1.7735733107679712	70.71
617.0	1.6959499312574815	71.09
617.5	2.264847061848559	18.481
618.0	2.280884650485096	69.345
618.5	1.7880422894884018	48.269
619.0	1.827800299414235	40.278
619.5	1.4134575451815552	57.423
620.0	1.5089998949272432	17.601
620.5	2.109708421232553	17.13
621.0	1.517116101550178	58.003
621.5	2.550785123514524	107.831
622.0	2.005465554641794	70.052
622.5	2.139051226969421	72.156
623.0	1.721416244643363	17.49
623.5	1.9415374100714538	72.617
624.0	1.319036274731512	17.415
624.5	2.317098134045049	100.656
625.0	1.9712055560738295	90.865
625.5	1.6583492219444464	90.522
626.0	2.8156870713077793	80.328
626.5	1.411041473786026	90.727
627.0	1.6384594269234876	60.365
627.5	2.683071678069679	93.906
628.0	2.127788838447096	100.725
628.5	1.1031816817024547	80.547
629.0	1.9224816903291928	17.388
629.5	1.5363910534388996	30.352
630.0	1.92282460737755	30.549
630.5	1.7677216342611668	121.017
631.0	2.1597879936495237	69.189
631.5	2.100660913309287	20.328
632.0	2.3804419087669664	103.845
632.5	1.1445903377380586	132.431
633.0	1.740844979690483	100.816
633.5	1.7800770870887461	100.795
634.0	1.0679515956374923	29.197
634.5	2.916276033905389	90.772
635.0	1.76032918056056	90.461
635.5	2.2016267154287505	92.062
636.0	1.7213977721101428	39.212
636.5	1.4922163522378074	59.878
637.0	1.971007858600789	70.623
637.5	1.5814357732108326	60.566
638.0	1.758543428876502	90.647
638.5	1.7396462215423238	54.607
639.0	1.7693885518063008	67.767
639.5	1.7433412845518552	60.483
640.0	1.914831323868721	40.328
640.5	1.4278060888348179	60.448
641.0	1.7265634341906788	115.019
641.5	1.3181640817224072	141.232
642.0	2.1487630659204275	100.915
642.5	1.546173945504102	20.19
643.0	1.7324332524549362	100.703
643.5	2.352581331298505	109.616
644.0	1.6194031042681891	40.247
644.5	2.138832145687325	17.524
645.0	1.5570103014975742	30.157
645.5	2.2611036330073953	70.597
646.0	1.6262994927756684	70.506
646.5	1.5812334056409718	47.841
647.0	2.409547692008427	40.215
647.5	1.7016110559423223	27.895
648.0	1.6640630195303938	31.92
648.5	1.9722108543081514	20.398
649.0	1.8842176356723854	94.05
649.5	1.8293761290399246	50.393
650.0	2.1110302301847303	20.257
650.5	1.494041102881414	37.906
651.0	1.980221282843152	69.614
651.5	1.7530152509156054	30.223
652.0	1.7172976115568606	110.653
652.5	2.2205939871051235	60.398
653.0	1.7873974202748981	110.851
653.5	1.6679974140223532	30.178
654.0	2.229312452545573	100.715
654.5	2.0803379062876726	17.726
655.0	2.109950717652389	70.387
655.5	1.4700883935270617	60.536
656.0	1.978161040350652	17.594
656.5	2.17796128016095	80.45
657.0	1.814246995026343	60.38
657.5	2.1515727346711415	17.758
658.0	1.7066318847419384	16.998
658.5	2.04912164342545	70.459
659.0	1.9849249760681726	48.075
659.5	1.7405312437025202	17.467
660.0	2.2539309651251016	88.348
660.5	1.752435149272933	38.142
661.0	2.2491167421850036	70.368
661.5	1.5708866208411334	84.875
662.0	2.0600539876164747	100.838
662.5	2.1767475934601106	90.759
663.0	1.8969490562039129	110.879
663.5	2.2717037998038783	110.735
664.0	2.050228737862812	59.041
664.5	2.365340978017168	60.339
665.0	1.4294697077841252	56.553
665.5	1.8563745729517782	54.677
666.0	2.231238271082827	88.045
666.5	1.5138655751900065	17.204
667.0	2.519995039406823	20.66
667.5	1.2844266219724685	60.268
668.0	2.430935206135344	60.492
668.5	1.967738712832289	20.092
669.0	2.365264838767695	27.777
669.5	0.8854375209991668	40.217
670.0	2.3155878931007967	50.321
670.5	2.465390580389774	80.532
671.0	2.5449993449781814	30.371
671.5	1.7376264805164807	20.027
672.0	1.7671822439703317	58.335
672.5	2.2266779674844246	60.467
673.0	1.8805756604900123	40.369
673.5	1.4412707353853167	100.962
674.0	2.1103086610957242	30.214
674.5	2.1440051043960655	100.704
675.0	2.1113526320457714	50.106
675.5	1.5046702766852118	59.125
676.0	2.0953595594799466	57.397
676.5	1.9778751650942337	80.628
677.0	2.07212447422876	17.34
677.5	1.4714649580898733	30.271
678.0	1.838773073941218	40.554
678.5	1.735237999296452	80.466
679.0	1.7337092247070425	27.953
679.5	1.3257280813692702	60.397
680.0	2.415692128922894	99.058
680.5	2.09835862838946	90.775
681.0	1.7277022201017989	90.849
681.5	1.5781366519938262	25.51
682.0	2.072166549045169	37.271
682.5	1.376668739476095	90.972
683.0	2.0623123237636247	40.205
683.5	1.7111146966859172	70.477
684.0	1.7010479858834906	42.581
684.5	2.7633655650210427	97.542
685.0	1.6342710140130192	131.104
685.5	2.3142275579571305	90.525
686.0	1.386521633147344	120.013
686.5	1.864874187652596	40.42
687.0	1.6731577925718364	79.012
687.5	2.005378762230249	80.819
688.0	1.485892662489855	27.411
688.5	1.3808821759143974	18.601
689.0	2.3014967010741763	60.395
689.5	2.214587566777001	70.369
690.0	1.6002069954399356	50.412
690.5	2.344411013169757	20.224
691.0	1.400736865831489	18.704
691.5	1.95190735003687	60.436
692.0	2.03880691159678	90.499
692.5	2.0616775317687615	90.776
693.0	1.8148291765511921	17.986
693.5	1.7991294488930598	90.7
694.0	1.7286185158586957	30.185
694.5	1.6844658729900732	80.763
695.0	1.5035374359322047	90.607
695.5	1.6340478591962708	40.396
696.0	2.0759424731413714	60.487
696.5	1.8292596925629745	110.901
697.0	1.6904780301571	38.762
697.5	1.5402541897887883	63.3
698.0	1.9530317482552721	50.368
698.5	1.3695029527203486	110.843
699.0	1.8875673162119637	20.148
699.5	1.723444700355909	90.616
700.0	2.137419962044213	52.507
700.5	1.317035291806397	70.584
701.0	2.3921275676766496	90.524
701.5	1.834440009342828	80.379
702.0	2.370350119823293	70.759
702.5	1.8376987814621457	60.42
703.0	1.7030152801868392	70.403
703.5	1.8005953631744394	50.449
704.0	1.466949870161104	88.943
704.5	1.4404026414978874	130.935
705.0	2.1379319891826305	110.854
705.5	2.084094420261974	30.503
706.0	1.8849056633666017	110.783
706.5	1.5072803888438646	84.275
707.0	2.1660952565443288	30.619
707.5	1.885653717092283	79.673
708.0	1.950485880051528	33.015
708.5	2.0306795659883865	48.698
709.0	2.0148588034585844	90.633
709.5	1.5977864575407748	111.09
710.0	1.8053829950803226	121.061
710.5	2.022817845487543	48.453
711.0	2.1656451825811134	139.068
711.5	1.9475666769093432	90.85
712.0	1.8824281107176162	101.035
712.5	2.067818914154972	90.726
713.0	2.1999341192401847	17.767
713.5	2.660152412052678	50.364
714.0	1.2102170421612901	30.202
714.5	1.6408012853322098	80.735
715.0	2.0770743588055094	17.973
715.5	1.9149897218429923	40.358
716.0	1.3298498998890047	90.736
716.5	2.00084201004527	70.543
717.0	1.7285416962737208	17.475
717.5	2.1597477821277806	79.251
718.0	1.8409150637404388	60.4
718.5	1.4519634388610074	80.606
719.0	2.016954564150357	30.256
719.5	1.996288384781546	130.256
720.0	1.9101276855558589	53.371
720.5	2.2572430575363103	20.067
721.0	1.4805420878346358	30.218
721.5	2.091626894387104	30.235
722.0	1.7615696813502175	40.365
722.5	1.6478000847759242	27.005
723.0	1.6253752076195782	40.178
723.5	1.8166208865990607	70.596
724.0	1.4714088155434568	89.775
724.5	1.794220549996912	90.531
725.0	1.9019860070889876	90.703
725.5	2.309841869934265	38.485
726.0	1.0289054354475662	60.389
726.5	1.3802372070911115	120.998
727.0	1.6366261849847494	20.165
727.5	2.3227990473279654	52.096
728.0	1.1893057290277225	100.653
728.5	1.8874270805205355	120.879
729.0	1.7656742555934049	63.388
729.5	1.4431302124042462	60.572
730.0	1.7973933264557695	70.587
730.5	2.294765390429296	60.806
731.0	2.347005864121364	50.551
731.5	1.2862014438255602	18.813
732.0	1.9262397766480934	40.357
732.5	1.434363647064233	120.895
733.0	2.4339007139560294	40.344
733.5	1.5758172243056305	40.25
734.0	2.1005954392039836	16.617
734.5	1.5541791641674485	37.696
735.0	2.281287986557943	60.629
735.5	1.6200229114681137	60.702
736.0	1.9764208234299416	90.725
736.5	2.2565106097975005	60.315
737.0	1.8100462877610228	17.723
737.5	1.1010375565773034	60.428
738.0	1.6183028374666049	100.784
738.5	1.6257099211779782	70.551
739.0	1.5888194111830583	120.847
739.5	1.6917883233063657	40.268
740.0	1.9887797333904413	58.219
740.5	1.9245041073122913	17.712
741.0	1.5446153925986277	48.097
741.5	1.5490504511590966	93.888
742.0	1.7921336783863298	50.309
742.5	1.7184488775223636	69.63
743.0	2.0445474331866538	30.179
743.5	2.0567236807814173	20.28
744.0	2.1842926010039583	90.796
744.5	2.2410822046791607	69.263
745.0	1.3408005656128184	80.553
745.5	2.730728662482957	20.212
746.0	1.7907952352450507	80.434
746.5	3.0897264427102624	50.464
747.0	1.5300957430552793	17.01
747.5	1.831958453583024	38.991
748.0	1.3617210662816324	90.557
748.5	1.1053839140320416	61.51
749.0	2.15430103800672	70.48
749.5	2.030177292162243	80.432
750.0	2.2327627009988813	131.261
750.5	2.01609817852235	39.603
751.0	1.3077418121482818	18.493
751.5	1.794962670844675	70.652
752.0	2.0988634531725663	16.959
752.5	1.8517209521798628	100.863
753.0	2.101027675891317	50.358
753.5	1.7402940766800548	69.467
754.0	1.698210985916246	90.581
754.5	2.354617733279642	57.504
755.0	1.6796524847442735	30.303
755.5	1.8665926474774155	91.144
756.0	1.488231554883327	58.193
756.5	1.774477077173233	60.718
757.0	1.1619031508456845	91.029
757.5	2.0597218684940257	90.634
758.0	1.610893058955056	80.538
758.5	2.016022505949214	17.334
759.0	1.9057790495724176	77.038
759.5	1.6864850182878512	29.968
760.0	1.7934843441233814	20.159
760.5	2.68171127247754	80.663
761.0	1.234924874084584	110.727
761.5	1.5458824642056643	70.497
762.0	1.7805347781831222	90.615
762.5	1.8566095992194214	131.353
763.0	1.372083412371809	100.597
763.5	2.544508815469261	39.236
764.0	1.922734228645632	112.908
764.5	2.0332154026780924	38.927
765.0	1.618860383829112	90.556
765.5	1.8295711705223754	104.993
766.0	2.495405032431346	90.567
766.5	1.7225622863192362	17.383
767.0	2.2113616165747216	100.861
767.5	1.8661087791333557	67.887
768.0	2.5109607755212218	70.502
768.5	1.4751382240509394	141.258
769.0	1.306938102700518	60.575
769.5	1.733376473332622	30.209
770.0	1.8789466297982687	129.773
770.5	1.1456919692381744	50.339
771.0	2.6319141517217894	80.854
771.5	1.97840182925244	57.841
772.0	1.769242881503582	90.859
772.5	1.4141502092066127	70.594
773.0	1.814738708872773	40.302
773.5	1.636252709651341	101.325
774.0	1.6520780111701292	30.23
774.5	1.6566237736651566	17.722
775.0	1.3407345389750238	20.26
775.5	1.9655228983185027	30.134
776.0	1.9770664676027803	60.545
776.5	1.3088803191832419	30.275
777.0	1.8436626128752795	100.711
777.5	1.2964642744207922	90.702
778.0	2.080436073512109	111.008
778.5	1.4979598111202221	20.161
779.0	1.412639693030537	120.936
779.5	1.8377104377163496	100.645
780.0	1.6528728481202641	30.275
780.5	2.000378203950986	17.22
781.0	1.939721456714627	80.798
781.5	1.576037466869621	100.893
782.0	2.0938569165111427	101.086
782.5	1.9168570469372124	70.561
783.0	1.883058150723312	30.241
783.5	1.3502917361906916	18.272
784.0	2.1650920850918736	121.032
784.5	1.6305866276825782	40.247
785.0	1.8158244536794423	97.755
785.5	1.6606919689320925	68.556
786.0	1.930879014096534	18.138
786.5	1.991503427680616	18.225
787.0	1.6549582451930396	48.172
787.5	1.9966809740474618	100.758
788.0	1.598212988422545	110.949
788.5	2.0539763683629326	24.131
789.0	2.2026381190910165	100.795
789.5	1.5523011636946793	118.466
790.0	1.9757626560999277	17.463
790.5	1.7787664943718497	90.608
791.0	1.664088737655066	90.56
791.5	1.6964273698933041	70.619
792.0	1.5764445325617973	135.561
792.5	1.8543820633213617	30.276
793.0	1.9938435253086457	60.358
793.5	1.9309457033715738	92.018
794.0	1.6798726844634762	90.513
794.5	2.3196968845909143	38.155
795.0	1.6811956254341218	119.559
795.5	1.8376656737659989	121.067
796.0	1.8457865154791229	50.374
796.5	1.7962975801274919	50.34
797.0	1.694456969249595	79.501
797.5	1.73593484682495	17.36
798.0	1.8593811803055003	90.631
798.5	2.1839655534052373	57.578
799.0	1.6269411488078898	60.289
799.5	1.9198636872155643	19.329
800.0	1.517063226440713	30.211
800.5	2.3251856700268045	30.176
801.0	1.9764559558878603	68.819
801.5	1.4354115121484285	99.295
802.0	1.7055064552328685	119.766
802.5	1.3941731782059636	100.904
803.0	1.3882734420137326	77.693
803.5	2.042156813826556	80.882
804.0	1.965112954784335	38.619
804.5	1.7971522049189461	58.798
805.0	1.6586161133720083	18.615
805.5	2.073421651431447	70.548
806.0	1.6513498133984834	110.903
806.5	1.539892740487294	47.792
807.0	1.6672989113546008	110.982
807.5	1.8514632993757292	40.301
808.0	2.6065699479455504	17.366
808.5	1.665904534348156	74.127
809.0	1.8681901718527198	110.952
809.5	1.1032624728367144	141.063
810.0	2.5632121105940566	17.283
810.5	1.762133799806104	78.92
811.0	2.1273787704806773	48.452
811.5	1.3178455325437832	121.38
812.0	1.8185237350143968	92.157
812.5	2.4101408730458056	40.16
813.0	1.6675699298810411	90.77
813.5	1.5826728774193402	20.258
814.0	1.398976902114056	17.403
814.5	1.7994741698424968	100.764
815.0	1.8917579876028598	50.438
815.5	2.0845146298444055	40.098
816.0	2.204978268180004	90.516
816.5	1.6336752315219663	110.745
817.0	1.9616464441607742	60.519
817.5	2.014875494435615	100.625
818.0	2.3577444686716285	68.125
818.5	2.2359763519829023	30.224
819.0	1.7434204163117109	82.138
819.5	1.711074905019654	90.656
820.0	1.877644317797988	70.591
820.5	2.270273017104511	17.989
821.0	1.1501097692505733	59.64
821.5	2.0839151369896607	120.919
822.0	1.6741737691101704	80.619
822.5	3.0021973116063303	118.419
823.0	1.249548722483603	16.956
823.5	1.592207651725356	47.386
824.0	2.243649841121244	37.51
824.5	1.9222776367813326	70.77
825.0	1.5514436712823023	17.079
825.5	2.0128591045274877	40.339
826.0	1.9701093228953528	70.645
826.5	1.7882330017153707	60.58
827.0	1.0993638367167993	110.89
827.5	1.7624283201744209	57.919
828.0	1.9774317101899646	120.822
828.5	1.503660126193999	49.629
829.0	2.250078478407556	48.21
829.5	1.8502385801886285	87.72
830.0	1.9085395546112889	80.847
830.5	1.515138332763856	17.701
831.0	1.8242632962670178	90.749
831.5	1.5567414138836402	17.513
832.0	1.248414548169655	80.822
832.5	1.6540802415048799	59.561
833.0	1.5621715601985822	77.376
833.5	1.9379470276258688	79.459
834.0	1.9119989675468188	29.939
834.5	1.921574542359885	70.474
835.0	1.89765866408823	120.815
835.5	1.654209549645627	112.786
836.0	2.3075435527540447	17.846
836.5	2.775275632653314	30.384
837.0	1.6448329543359759	70.743
837.5	1.477515264092597	18.135
838.0	2.127237837122146	45.891
838.5	2.264465564329004	90.709
839.0	2.240458798120643	100.566
839.5	2.8074834575637984	90.191
840.0	0.8420560019554646	59.826
840.5	1.1517109270390733	110.881
841.0	2.182605013435545	100.693
841.5	2.6796231371432118	80.533
842.0	1.3605776799522284	60.427
842.5	1.7225975419662551	40.342
843.0	2.341746582025486	20.041
843.5	1.7866980917699729	70.168
844.0	1.2681868098696194	40.209
844.5	1.6476529958204291	82.826
845.0	2.118384225173884	90.648
845.5	2.7230184768200774	52.453
846.0	0.7509587532470648	70.551
846.5	2.144330030639891	70.526
847.0	1.8187951299889842	17.081
847.5	2.623105044497202	132.055
848.0	1.3066453927401278	70.464
848.5	1.765122750009617	16.969
849.0	1.840224147470724	80.572
849.5	1.941544229475021	80.471
850.0	0.9903982054023026	90.56
850.5	2.614254036434769	40.452
851.0	1.5691661712783551	42.656
851.5	1.7073238204582202	21.053
852.0	1.5442207637704901	44.35
852.5	1.54523587122613	40.304
853.0	2.4764376583857013	70.476
853.5	2.242050470024955	17.736
854.0	2.1782283640839273	80.618
854.5	1.633211577317053	17.404
855.0	1.9770355097399206	87.194
855.5	1.8773777273964547	90.722
856.0	2.338039912197037	130.826
856.5	1.6893599243020996	79.794
857.0	1.8912635621822924	80.538
857.5	2.035711275044766	108.065
858.0	2.111067066026822	60.535
858.5	1.863399998251569	67.892
859.0	1.8317867559193168	40.287
859.5	1.991165591065617	87.908
860.0	1.4943267648312248	37.694
860.5	2.37035383064401	60.466
861.0	2.157283413855084	43.458
861.5	1.6994368924886523	40.237
862.0	2.218456005180426	40.36
862.5	1.4082173464033112	90.618
863.0	2.1484961605284254	67.956
863.5	1.9863528848989918	105.427
864.0	2.508036538110011	60.361
864.5	1.9313017818437437	80.475
865.0	1.6205786042183887	17.456
865.5	1.0511141531222763	62.625
866.0	2.5278957503171715	59.107
866.5	2.052333571414118	40.28
867.0	1.6027404342903855	30.189
867.5	1.4803747599068378	69.376
868.0	2.520728114870507	16.899
868.5	1.3648901269458327	75.471
869.0	1.866305253161977	120.905
869.5	2.019157453644737	20.145
870.0	2.097074006496799	60.475
870.5	1.9777834330151005	121.059
871.0	1.50910588184012	70.585
871.5	2.30129775388086	20.192
872.0	1.6228348009984526	17.331
872.5	2.2523457011061625	108.075
873.0	1.8231555156773425	120.811
873.5	1.965631553373671	90.699
874.0	2.0118286127004352	27.879
874.5	2.491041465536668	20.326
875.0	1.5767594196805168	16.911
875.5	1.9546926972865954	40.245
876.0	1.998946012032186	18.048
876.5	2.569061335379212	70.637
877.0	1.2819057508355456	141.067
877.5	1.59680008830184	79.116
878.0	1.640950649491997	80.445
878.5	2.546588198110866	60.624
879.0	1.5678088307686626	30.333
879.5	1.8920262545932427	20.219
880.0	2.2318703110205256	48.801
880.5	1.832905753270142	58.517
881.0	1.5271351870697398	60.514
881.5	1.5419568189330013	50.321
882.0	1.8821283957438244	42.317
882.5	2.2082127984615374	80.809
883.0	1.4248557869521459	70.466
883.5	2.0232158439180714	70.436
884.0	2.2215136616283506	39.274
884.5	1.692273247804369	80.768
885.0	1.6556156136370255	80.272
885.5	2.060934558972113	60.572
886.0	2.382582027852228	40.607
886.5	1.3785353088157584	90.575
887.0	2.165715185107475	70.349
887.5	2.093716176748329	108.042
888.0	2.150639773746427	90.675
888.5	2.0564767639202666	90.747
889.0	1.8366071355461475	80.532
889.5	1.5625390940710957	47.506
890.0	1.9869781406241345	17.593
890.5	1.5690158503683875	40.27
891.0	2.0870386455711567	92.815
891.5	2.130804239871799	100.733
892.0	1.6711731857313648	20.189
892.5	1.0913168723097633	110.973
893.0	1.9939272102583852	98.57
893.5	2.353718961003758	30.177
894.0	2.903342351615322	20.135
894.5	1.3934613187431562	60.265
895.0	2.5249003252817435	19.206
895.5	1.7824520508748525	80.695
896.0	3.035805599033845	34.313
896.5	1.134879798614092	80.768
897.0	2.3075353981082767	120.886
897.5	2.4160345971440687	38.247
898.0	2.008931808443808	90.395
898.5	1.6183721058402325	89.241
899.0	2.312490143575553	100.576
899.5	1.6720763303987436	40.442
900.0	2.2835214865245974	50.361
900.5	1.3054851217231733	109.872
901.0	2.136670907958994	20.064
901.5	1.9714242707915723	60.283
902.0	2.286823360581338	30.242
902.5	2.000594298718084	90.684
903.0	2.100777826654035	90.414
903.5	1.6758203428923897	50.295
904.0	1.9729298468007086	100.653
904.5	1.487803071512644	70.853
905.0	1.4162737884918006	90.698
905.5	1.851050032743665	90.63
906.0	1.742261451245914	60.457
906.5	1.870517414675489	30.197
907.0	2.001806214439089	37.301
907.5	1.618192270094984	48.571
908.0	1.906061222228049	80.508
908.5	1.906111086871574	129.831
909.0	2.3940144516385558	16.732
909.5	1.890735909889213	56.533
910.0	1.5379578305923685	64.297
910.5	1.9351583241571773	110.774
911.0	2.0078356329807017	30.249
911.5	2.4371257574440275	30.234
912.0	2.0385614867168957	30.361
912.5	1.7791390194006989	65.043
913.0	1.9542189184551793	40.286
913.5	1.8383181508492696	90.721
914.0	1.8741865877721702	70.206
914.5	1.5495529352261406	60.473
915.0	2.0236980884430253	100.862
915.5	1.9303999400537897	59.416
916.0	1.4573282710496778	120.894
916.5	1.774865177335123	90.799
917.0	1.3103956720411694	134.239
917.5	1.7491877559562135	69.829
918.0	1.4347040456736524	46.529
918.5	1.9577093000544512	68.241
919.0	2.294881028744027	30.144
919.5	2.152965680746365	120.651
920.0	2.4895538801390416	20.188
920.5	1.7842404459451213	90.511
921.0	1.8788215410297504	50.371
921.5	1.7562706428541048	20.029
922.0	1.6995330454476523	100.909
922.5	2.024803000875384	37.643
923.0	1.7088040044440294	121.01
923.5	1.801619019208869	79.065
924.0	2.6180234391589594	40.317
924.5	1.6127389959279947	17.484
925.0	2.2052255996769303	114.026
925.5	1.3657541316248307	60.368
926.0	2.094346955489646	80.709
926.5	1.806773921930249	90.812
927.0	1.9956657087530942	80.554
927.5	1.7125392090060894	98.12
928.0	2.0514424802745714	20.129
928.5	1.5188714752397536	37.429
929.0	2.2053533796959752	50.644
929.5	1.4545489132236753	17.529
930.0	2.2747312694228485	17.14
930.5	1.8000884429361417	70.6
931.0	1.8609986619501326	40.514
931.5	1.3740899560499433	20.252
932.0	1.9426706510802374	110.706
932.5	2.6286795751079275	60.44
933.0	2.3864696157123686	59.672
933.5	1.5217197178556057	70.526
934.0	1.6706835324767089	111.087
934.5	2.412804771423057	28.695
935.0	2.1918720012675035	69.469
935.5	1.8636407507063473	90.723
936.0	1.8686357306639867	69.792
936.5	1.9092533814439712	17.144
937.0	2.1305348534714463	100.778
937.5	1.7110988752356935	77.992
938.0	1.4947520113402872	40.217
938.5	1.7782088631256967	60.928
939.0	1.451601053906896	88.616
939.5	2.5185081511008867	57.712
940.0	1.6380619307987612	70.623
940.5	1.9946833253282215	118.122
941.0	1.6712982299863832	87.87
941.5	2.0145903367259455	38.087
942.0	2.0023169561516636	70.552
942.5	2.5062971106279703	40.499
943.0	1.5807289414885235	107.158
943.5	1.572277270956457	80.442
944.0	1.9658426378914156	40.328
944.5	2.3277976858491156	100.722
945.0	2.1421427812346714	120.93
945.5	2.21080169008384	19.144
946.0	2.0321090602960368	47.246
946.5	1.0361450381838324	108.382
947.0	2.1412302641380627	120.027
947.5	2.3816508957529603	40.666
948.0	1.8667863375188425	30.134
948.5	1.6880322770123346	87.592
949.0	1.6732440396520567	62.425
949.5	1.78306914392868	38.012
950.0	2.0701685936710277	40.373
950.5	1.8563304164773728	77.624
951.0	0.9592211938770668	63.124
951.5	2.3336375436573515	28.664
952.0	1.6167871942014866	19.639
952.5	3.0446309291303493	18.497
953.0	1.2584372796811862	90.726
953.5	1.558933122263296	97.752
954.0	1.755519238747832	59.658
954.5	3.1512834084228514	46.815
955.0	1.2759772996491452	60.348
955.5	2.3848338517129304	40.601
956.0	1.8815809240499628	80.533
956.5	2.5994601101958077	52.647
957.0	1.0493595396476172	100.559
957.5	1.5152246764536923	130.827
958.0	2.3008037768122533	50.312
958.5	1.8682404944945115	60.457
959.0	1.9144929035456875	17.823
959.5	1.4854920836159038	17.281
960.0	1.7896973620826906	50.448
960.5	0.8305877554425138	55.346
961.0	1.4380549049192133	50.496
961.5	2.1445215767041135	70.538
962.0	2.541212948812054	109.915
962.5	1.3961519785972278	134.182
963.0	2.4629702642846834	38.507
963.5	1.9646026154526726	70.537
964.0	2.269099419593059	37.144
964.5	2.1266903550245297	17.194
965.0	1.8409096358885861	110.904
965.5	1.9429848895484396	78.103
966.0	1.7412756518628747	100.825
966.5	2.0278950592678426	17.143
967.0	1.5574547276948203	70.684
967.5	2.470123118701377	18.702
968.0	2.000163546535045	121.093
968.5	1.4167700192607093	131.336
969.0	1.9102606051192992	60.387
969.5	1.7711302388137777	74.042
970.0	2.1856369274011733	40.355
970.5	1.4919634117185483	90.728
971.0	1.9967629941274163	40.538
971.5	1.9820942883562742	120.802
972.0	2.3263475860587244	47.955
972.5	2.081318823749114	17.523
973.0	1.6863113871556588	91.017
973.5	1.9312742363770117	50.386
974.0	1.9536527910234818	30.201
974.5	1.5667324555145614	80.845
975.0	2.1814710882063646	50.459
975.5	1.706081337293733	17.144
976.0	1.846024109763376	88.985
976.5	1.5609653108988777	110.765
977.0	2.328863874967142	40.421
977.5	1.9493613650010857	90.851
978.0	2.2282960842656543	40.274
978.5	1.7903405686212595	58.878
979.0	1.6488049810706642	23.786
979.5	2.200363809450601	68.95
980.0	2.2029844497733913	30.27
980.5	1.4053576128168153	58.083
981.0	1.8041170574052607	20.111
981.5	1.837834158110541	107.285
982.0	2.6075201663624004	70.618
982.5	1.6310676656456127	39.905
983.0	1.6398270710765577	70.374
983.5	1.59314561721907	70.644
984.0	2.0157872306941305	67.994
984.5	1.864298658682255	23.603
985.0	1.6447007760839778	50.616
985.5	1.9649277312237183	120.859
986.0	1.640806625043824	59.18
986.5	2.34150311082081	111.005
987.0	2.0963784594373007	110.831
987.5	2.054138327006033	88.752
988.0	1.7457693807834047	110.793
988.5	1.6960297575228664	111.009
989.0	1.5675120389562551	50.355
989.5	1.5583460164370109	64.892
990.0	2.1713326882470643	70.62
990.5	1.58243671252703	59.011
991.0	2.280983025371679	50.499
991.5	1.8339952036129337	110.874
992.0	1.894844242968609	40.459
992.5	1.7012364944139886	109.713
993.0	2.1231848145702763	17.862
993.5	3.032263696472628	100.153
994.0	1.6878239596741174	100.761
994.5	2.1271447372751497	59.523
995.0	1.602468587875774	70.627
995.5	2.1656363421494618	70.682
996.0	1.7072960905565373	110.962
996.5	2.1460633374328864	40.34
997.0	2.040246923714677	70.531
997.5	2.0070405118197474	78.488
998.0	1.5508265418663119	80.636
998.5	2.0504332514875125	29.906
999.0	1.5172213974869617	110.876
999.5	1.9417178090089173	50.325
1000.0	1.6345059774673911	80.578
