0.5	0.13362812307356708	14.806
1.0	3.340434864554447	50.733
1.5	1.879892783593104	16.964
2.0	1.9024314756395406	18.671
2.5	1.6534032356165762	161.248
3.0	1.8332095109604205	50.3
3.5	1.9039806529272165	50.271
4.0	2.190074932262369	60.499
4.5	1.3660220385042696	80.402
5.0	2.178751492557922	90.55
5.5	1.7541256517210466	80.683
6.0	1.8608005931887917	40.319
6.5	1.4094361604691068	65.395
7.0	1.4229233430405266	100.615
7.5	2.435555829269346	46.775
8.0	2.125543957149062	151.1
8.5	1.1470938428022415	26.712
9.0	2.4102047697790616	50.361
9.5	1.4460591574393344	70.364
10.0	1.598019964492727	60.435
10.5	0.6507301999503906	14.64
11.0	1.4922019720890476	16.421
11.5	1.9308375021837505	50.652
12.0	1.4372831116982085	60.468
12.5	1.7979607515180616	34.482
13.0	2.1270852635690565	97.954
13.5	2.2156396103178286	20.069
14.0	1.7674428366621504	57.04
14.5	1.9686920809909234	70.467
15.0	1.6058410736138902	36.618
15.5	1.7708901116166431	15.938
16.0	1.8974507589735579	27.51
16.5	2.1120507998391047	17.032
17.0	1.7405932608517043	36.003
17.5	1.6273743379430199	80.443
18.0	1.437794521555329	26.689
18.5	2.358079248229406	92.789
19.0	1.5406901789064626	120.88
19.5	1.76165931745443	70.479
20.0	1.7257252516061243	74.578
20.5	1.3584792587940526	99.081
21.0	2.3841550962412743	60.385
21.5	1.555856788534832	34.917
22.0	1.9359355540115393	50.26
22.5	1.967046480227084	100.681
23.0	1.9694348298188087	30.207
23.5	1.495207936783121	120.799
24.0	2.2835030621483097	156.047
24.5	1.6789750583907375	90.827
25.0	2.1306788002324692	90.552
25.5	1.6542997183372297	130.83
26.0	2.182086363154646	17.094
26.5	1.4079318335522786	40.306
27.0	1.7021454265086282	30.305
27.5	1.8296412345646487	39.663
28.0	2.040130477068518	70.62
28.5	1.8099921361365112	80.503
29.0	2.6868090313000708	34.928
29.5	1.056081897228283	402.535
30.0	3.042360673224313	75.735
30.5	1.5983400113937976	76.839
31.0	2.464191795791202	50.299
31.5	1.3602881896742147	54.836
32.0	1.8775727291691395	80.426
32.5	1.7383149358107965	120.796
33.0	1.661542549291025	130.754
33.5	1.7706379833355246	91.093
34.0	1.7637342518348442	82.866
34.5	2.046812639860975	100.573
35.0	1.7569351403141376	212.026
35.5	1.292103456790278	33.784
36.0	1.7454006421049237	70.341
36.5	1.6175571180313404	134.094
37.0	1.577966720487891	153.024
37.5	1.535172883516282	121.142
38.0	1.8652492264391227	201.813
38.5	1.8050335725886866	30.291
39.0	2.00583718546865	90.441
39.5	1.8311438562751365	15.253
40.0	1.881824059154192	120.99
40.5	1.9222693667072899	74.922
41.0	2.102599227733213	40.322
41.5	1.6522354707091005	80.665
42.0	2.414865887274956	80.668
42.5	2.410009749320129	20.026
43.0	1.7068933940778344	50.524
43.5	2.078563658726003	211.893
44.0	1.9963555472815409	90.697
44.5	1.877642656516204	80.594
45.0	1.8600691286318451	30.198
45.5	1.965151702084099	17.197
46.0	1.351804116625237	89.453
46.5	1.7197234624209565	80.675
47.0	2.1279440020661844	30.176
47.5	1.6185725351418443	100.636
48.0	2.253897013558898	100.585
48.5	1.6291773255823068	70.434
49.0	0.709207682533658	117.246
49.5	3.4738570329308884	80.673
50.0	1.6335959173931707	70.477
50.5	2.236320294306055	22.936
51.0	2.256022757370191	117.007
51.5	1.9676926967089323	70.534
52.0	1.9512839306211394	20.272
52.5	1.3156930518462011	15.013
53.0	1.8918903168244914	15.091
53.5	1.6464348336750476	75.133
54.0	1.8895940238905595	70.393
54.5	2.0998746353858837	127.437
55.0	1.3855225862855594	60.56
55.5	1.6490445596567649	20.241
56.0	1.381658442126308	40.279
56.5	2.3667535497740952	60.516
57.0	1.7307769704813476	130.83
57.5	1.915342936485184	50.258
58.0	1.7453104463879958	50.249
58.5	2.0308073831086175	75.694
59.0	1.6946125973051906	95.875
59.5	2.635674655975747	16.781
60.0	1.6254026887969493	53.344
60.5	1.5710078414596071	15.609
61.0	1.7911588290929819	88.928
61.5	1.6228057652044126	20.138
62.0	2.0264146545933115	70.421
62.5	1.447394462404268	80.434
63.0	2.1182983442668566	16.055
63.5	1.8508660447714638	76.226
64.0	1.4031575663583111	152.837
64.5	2.2822202826738636	60.504
65.0	1.5847684316827482	90.57
65.5	2.039284797274066	70.71
66.0	1.3839467196493194	40.407
66.5	2.002848278649128	80.625
67.0	1.7823243314880348	60.462
67.5	1.7487294364448147	30.224
68.0	1.9733845652125759	20.09
68.5	1.9432586370333662	60.525
69.0	2.209793471181755	110.857
69.5	2.104132004375118	67.928
70.0	1.6182131752487807	60.324
70.5	1.7605210519928345	50.379
71.0	1.9816995058677978	130.894
71.5	1.8524190172588666	100.75
72.0	1.59358132856539	14.74
72.5	1.5156318573153473	70.532
73.0	1.9989679781332828	14.916
73.5	1.567872781732998	153.1
74.0	1.34778378997947	75.089
74.5	2.094772966420986	30.16
75.0	2.5373680011124375	67.35
75.5	1.878338838380445	14.367
76.0	1.999858847085888	60.363
76.5	2.06540038736563	70.38
77.0	1.840383972025172	130.877
77.5	1.8222101280466185	100.725
78.0	1.9333882729956557	70.399
78.5	1.7207460236455148	90.722
79.0	2.0532436033864787	93.236
79.5	1.8174857898819476	20.212
80.0	1.7242030463616342	27.924
80.5	2.3829706717705763	20.241
81.0	1.4614919475051715	30.281
81.5	1.3796542082529992	17.411
82.0	1.9047626786734062	50.34
82.5	1.474055704350984	15.21
83.0	1.7127853103400268	102.289
83.5	1.9599630642766674	99.463
84.0	1.7539314872640692	37.47
84.5	1.9585572424350823	140.558
85.0	1.8643786329165686	20.247
85.5	1.2709009660419182	70.643
86.0	1.7054234111016853	36.115
86.5	1.9792700826310055	35.566
87.0	1.8746057934391132	20.162
87.5	1.3506214439352366	14.833
88.0	2.0182648806083905	107.603
88.5	1.6751767837089178	80.345
89.0	1.874579171495729	50.329
89.5	1.8901987564418046	147.196
90.0	1.6377899812049224	20.13
90.5	2.222061507241819	161.574
91.0	1.7550010920227328	14.782
91.5	1.9833207048508037	40.311
92.0	1.578482841501891	40.31
92.5	1.7373284471207715	60.473
93.0	1.8339915727649485	15.445
93.5	1.4727544328184237	15.12
94.0	1.8233431219557994	65.764
94.5	1.8734180871425723	70.568
95.0	2.044573248949902	60.431
95.5	2.0254884587584367	90.597
96.0	2.300556912814196	97.862
96.5	1.549691465929605	60.493
97.0	1.635596196996562	90.488
97.5	1.5646672637907983	50.278
98.0	1.7200378402957532	70.821
98.5	1.5520667024194887	30.117
99.0	1.9054299217602113	87.392
99.5	1.4049363058194666	60.385
100.0	2.2104497081427645	96.246
100.5	2.123712037919896	60.488
101.0	1.3601442018419025	40.302
101.5	1.8239073914662745	60.409
102.0	1.5445445808174436	130.752
102.5	2.186572702947985	110.786
103.0	1.47849783039138	27.219
103.5	2.214740118466567	40.281
104.0	1.9444829212313852	120.846
104.5	1.9170705432531208	14.571
105.0	1.9470992411212695	20.144
105.5	1.6784671332489105	114.97
106.0	1.9239165175051043	15.391
106.5	2.142197006516503	40.275
107.0	1.7507275681156753	98.201
107.5	1.769928107363596	25.311
108.0	2.0997994055363502	80.508
108.5	1.9484384117811833	60.586
109.0	1.7764558322999306	130.791
109.5	1.995635710509933	70.494
110.0	1.9029427023109697	60.637
110.5	1.4848291512361182	120.948
111.0	1.528414835624574	151.568
111.5	1.8303537420819684	65.881
112.0	1.6453173366489908	40.381
112.5	1.8397124201591075	100.707
113.0	1.8153896020595235	120.76
113.5	1.4800848672539377	80.53
114.0	2.1584997353631787	60.313
114.5	1.7765533783194385	15.898
115.0	2.16508717696198	38.325
115.5	2.4402766581644193	20.355
116.0	2.2333641081157736	20.105
116.5	1.443199630404094	60.444
117.0	1.5663523077000212	90.541
117.5	2.055360185897461	80.452
118.0	1.657666395212811	130.738
118.5	1.9440683581885343	95.777
119.0	1.8264891966878358	147.179
119.5	1.7606207256272326	110.804
120.0	1.4166744915750473	35.697
120.5	2.1055806782525717	87.348
121.0	2.0146457561251943	35.061
121.5	1.5928779905494639	17.535
122.0	2.184593574466479	77.142
122.5	1.8279639276539625	50.438
123.0	1.404332080091932	60.443
123.5	2.3639497256887294	40.308
124.0	1.4577768385779517	65.468
124.5	1.3783122199337776	100.777
125.0	2.152293196308638	50.4
125.5	2.0108120277075714	80.592
126.0	1.691621362602304	35.923
126.5	1.5446913943491465	70.533
127.0	1.7389516282043354	60.294
127.5	1.7564164973018894	16.866
128.0	1.9211669824884627	130.814
128.5	2.0490851872577394	97.154
129.0	2.0140492284990867	40.338
129.5	2.0004589641730255	70.55
130.0	2.004454942961484	50.513
130.5	1.9694004351102037	86.719
131.0	1.7048093021132695	90.571
131.5	1.8637325329245542	100.6
132.0	1.8214965126873834	131.008
132.5	1.830625285712678	80.5
133.0	1.9817525999428844	70.482
133.5	2.2383988292563863	80.496
134.0	1.7137300932645578	40.379
134.5	2.0483569882688952	80.378
135.0	1.6826346158433014	14.35
135.5	2.0327585322350457	50.312
136.0	1.397876016260506	70.528
136.5	2.1819041413980678	80.525
137.0	1.8466332156198384	64.23
137.5	1.8855691757060284	36.441
138.0	1.6730163480625548	17.072
138.5	1.6556535684007958	50.499
139.0	1.9848693216118698	37.228
139.5	1.878898130845698	14.824
140.0	1.6196102771843763	96.807
140.5	1.8553783409269893	50.367
141.0	2.075253914919626	60.429
141.5	2.476181374431204	30.141
142.0	1.5709738500544033	119.895
142.5	1.7359035784724257	20.142
143.0	2.0239873745677666	130.888
143.5	2.366261922915872	55.926
144.0	1.7329149656341443	125.964
144.5	2.3999001662380244	100.642
145.0	1.588138777550282	80.619
145.5	1.465130755296919	70.387
146.0	1.8834653843583615	70.386
146.5	1.7512708606057934	110.785
147.0	2.04426187947163	87.662
147.5	1.9051699781687	66.427
148.0	1.4497023168619563	40.448
148.5	2.2316227239456	50.43
149.0	2.2524402776179597	80.573
149.5	1.6715707200592433	109.791
150.0	2.038855164988841	90.739
150.5	1.7487237618772575	60.437
151.0	2.0575716859223427	60.418
151.5	1.7214654223439148	71.322
152.0	2.39907700911759	40.381
152.5	1.320022508155159	60.279
153.0	1.9929788717051935	106.641
153.5	1.8043752707088647	19.994
154.0	2.023343590759047	17.457
154.5	1.8132037109632082	95.876
155.0	1.543938103267303	40.435
155.5	2.112734662455058	80.459
156.0	1.6438228481491024	121.013
156.5	1.5773788605494905	20.177
157.0	2.6446933735350724	50.457
157.5	1.3907756499854298	15.526
158.0	2.0926626257275673	60.338
158.5	1.692335911194183	100.566
159.0	1.6668001003486974	34.607
159.5	1.7940246196405407	110.633
160.0	2.6070176994394325	20.286
160.5	1.3922585826756617	120.757
161.0	1.9488059776668782	80.818
161.5	1.5396361333240554	60.315
162.0	1.4599016963877927	45.517
162.5	2.140096558936612	47.166
163.0	2.0932648822475035	86.797
163.5	1.3770748350976387	20.16
164.0	2.4785571185376454	96.109
164.5	1.7985071667948898	42.255
165.0	2.240169728268366	53.906
165.5	1.1448584402243618	56.731
166.0	1.9160965364946922	40.234
166.5	2.097620979715795	88.467
167.0	1.5475327877901541	62.968
167.5	1.6048247766850925	20.277
168.0	1.8971462566958721	80.575
168.5	1.8727438621869255	14.829
169.0	2.4411807031337234	20.159
169.5	1.5489775645908157	76.988
170.0	1.6364087837209027	80.625
170.5	1.897484673819649	35.03
171.0	2.0269658616546153	20.174
171.5	2.240481926287737	30.222
172.0	1.8870468195861008	40.387
172.5	1.5900027944178066	60.321
173.0	1.6165261540072762	60.504
173.5	1.976611159695924	90.585
174.0	1.9433976995169508	102.955
174.5	1.8426850387798461	142.344
175.0	2.089747213301316	21.543
175.5	1.584642747552759	120.941
176.0	2.200909855769492	70.428
176.5	2.0817159648848116	90.421
177.0	1.7345663057993244	66.36
177.5	1.3947633791512193	36.002
178.0	1.8724055265202644	70.49
178.5	2.3846698044076673	80.532
179.0	1.4045280680475336	60.543
179.5	1.8728896050912047	80.574
180.0	2.474337212058446	151.625
180.5	1.6864867255588025	90.777
181.0	1.7238451878446412	50.22
181.5	1.277418186361322	110.84
182.0	1.7447179850764456	130.844
182.5	1.6595881050859969	70.529
183.0	2.1142972015561985	60.404
183.5	1.9371435444907086	15.372
184.0	1.8821136010862192	60.307
184.5	2.2019569234696874	40.323
185.0	1.3614415552757184	41.855
185.5	1.9699012301301662	37.858
186.0	0.17975233331406723	13.937
186.5	6.05531883727341	20.194
187.0	1.959300588267881	60.446
187.5	1.6387125215652851	60.467
188.0	1.8708214331614608	20.206
188.5	2.324818618614801	56.131
189.0	1.9779532102109216	60.363
189.5	1.8075410766023885	14.831
190.0	1.5758201200306479	151.259
190.5	1.925233487613568	20.207
191.0	1.3876603758217576	139.062
191.5	2.5954202568948026	70.838
192.0	1.7742179822802961	70.576
192.5	2.1159089715669253	15.09
193.0	1.2401558034510145	25.472
193.5	2.2168945984334205	120.727
194.0	1.697573356101357	27.654
194.5	1.3671126566334588	99.249
195.0	2.1378956102643767	117.881
195.5	1.7356782370667567	80.5
196.0	2.2831498664662155	60.426
196.5	1.637045097325111	50.399
197.0	2.063270838138345	20.167
197.5	2.150040362745532	145.645
198.0	2.092749453577338	107.486
198.5	1.9611425177096666	17.076
199.0	1.568329249858882	35.9
199.5	1.6082067571273126	35.689
200.0	1.6910980351884881	110.906
200.5	1.8575697334169858	30.183
201.0	1.3218461980349407	138.686
201.5	2.1753671078116654	14.554
202.0	1.6303298094343872	60.47
202.5	1.5566942198543323	37.775
203.0	1.944795281896985	20.3
203.5	1.8960356033401695	20.259
204.0	1.9250331775377696	90.83
204.5	1.6933752491098553	70.556
205.0	1.6531610685865517	80.53
205.5	1.9239031393174602	60.325
206.0	2.2709273185683427	16.73
206.5	1.8094663332846106	40.291
207.0	1.5065861394342612	120.891
207.5	1.6036007552323557	60.266
208.0	1.7331815861531519	40.281
208.5	2.325227130039866	130.862
209.0	1.599378227701625	60.406
209.5	2.0646349892680376	50.365
210.0	2.1133459741266547	35.607
210.5	1.8534188697483038	81.251
211.0	1.733009389049846	60.592
211.5	2.2305017378801693	60.405
212.0	1.5497627418257631	120.797
212.5	2.1757178484499438	34.594
213.0	1.6107659867020063	80.462
213.5	1.6123527419883348	15.513
214.0	2.9305773701642908	21.295
214.5	1.443585905858326	120.8
215.0	1.9841268136016186	80.536
215.5	1.7531756984098268	70.373
216.0	1.8917321998133412	35.104
216.5	1.3556739301215008	151.107
217.0	1.6210083044220789	60.414
217.5	1.9377565810787154	40.306
218.0	1.8682581281308932	70.377
218.5	2.44598425156866	79.603
219.0	1.6257964030048246	80.41
219.5	2.224847019087185	81.304
220.0	1.9188349458014415	140.817
220.5	1.9798279799977259	60.435
221.0	1.681494706387091	111.202
221.5	1.294994947940423	100.614
222.0	2.0526766113430472	145.787
222.5	1.4627052940083318	140.868
223.0	1.6578056636377123	50.276
223.5	2.156178807271016	67.703
224.0	1.951321236899781	80.496
224.5	1.965702158691197	110.71
225.0	2.099063340019462	130.837
225.5	2.034845310450342	14.55
226.0	1.8641010660037662	131.628
226.5	1.7970154318404263	168.388
227.0	1.8607779140807958	161.226
227.5	2.5819950721758747	143.563
228.0	1.6880622135364134	120.833
228.5	1.686092740397545	80.615
229.0	1.7965126096227435	75.111
229.5	1.8214108010220915	80.578
230.0	2.0450752323888586	70.414
230.5	1.589805890733433	81.512
231.0	1.0746773918297108	89.834
231.5	1.7406641763526207	92.14
232.0	1.8852236054454155	110.665
232.5	1.5744904190784799	50.521
233.0	1.306758327895171	16.82
233.5	0.30660250582583737	110.86
234.0	0.5743025592109846	80.68
234.5	0.496154986093136	18.904
235.0	0.37053949973991884	73.871
235.5	0.47848979194418395	44.7
236.0	0.5593297611204484	41.942
236.5	0.4928259125192716	35.309
237.0	0.39933568867043934	57.161
237.5	2.813599156349938	280.089
238.0	5.568511321270343	90.315
238.5	3.3395286469226195	59.564
239.0	3.0225111134169196	160.997
239.5	0.689595407678078	148.207
240.0	0.7096457601271315	80.534
240.5	0.542218487264288	50.374
241.0	0.4615635694612105	120.808
241.5	0.7067762922243662	60.567
242.0	0.876708739461922	20.206
242.5	0.6369047292688658	22.19
243.0	0.7617531059470944	26.92
243.5	0.5558987363370913	232.153
244.0	0.2157724985069898	806.99
244.5	0.1624769616293983	1351.749
245.0	0.1719255345876951	1947.015
245.5	0.12425882727458458	2451.634
246.0	0.14266782348458532	2976.451
246.5	0.17470293773495454	3491.047
247.0	0.17418506134457973	4045.84
247.5	0.1727717499101447	4550.58
248.0	0.398355216679211	837.688
248.5	0.1554172440808	2361.773
249.0	0.1613557626141102	2905.669
249.5	0.12825274594542846	18.659
250.0	3.0267530908884828	50.527
250.5	2.6977368033736595	50.234
251.0	1.80807980635033	100.82
251.5	1.6042421016744606	60.493
252.0	1.5805892808047286	169.477
252.5	2.1271280608466805	107.011
253.0	1.580797260704605	98.955
253.5	1.8887457415418054	103.467
254.0	1.665423750155566	54.228
254.5	2.524684845070989	60.329
255.0	1.7115403510468632	22.121
255.5	1.5724187812189279	20.141
256.0	1.5284057316722202	44.995
256.5	2.216664050883415	176.56
257.0	2.530685090134894	70.515
257.5	1.312478438439278	70.522
258.0	1.6763005733450298	120.769
258.5	2.416110969399358	16.693
259.0	1.7985168286422473	120.898
259.5	1.5804421139111555	120.907
260.0	1.5207203340948316	110.847
260.5	1.7736681722952607	68.644
261.0	1.88817073380026	75.534
261.5	1.4154245701513253	80.64
262.0	1.0972032506112455	16.436
262.5	1.6172503048113056	17.031
263.0	1.9782800237701703	145.198
263.5	1.2488423297394686	53.136
264.0	1.9189935050028917	40.352
264.5	1.7374234666102728	40.208
265.0	1.408298200716298	141.099
265.5	1.937344522831951	120.781
266.0	1.550734018364296	105.241
266.5	2.2876571163111223	162.037
267.0	1.3479567142155322	125.741
267.5	1.6644258725926617	14.584
268.0	1.7703317602413409	181.493
268.5	1.1994222948806101	100.626
269.0	1.0911091380915676	14.812
269.5	1.7516346132879521	15.153
270.0	1.8613174650019426	18.527
270.5	1.8216337710592811	136.376
271.0	1.688356313600922	110.79
271.5	1.4701583453436189	120.684
272.0	2.0475849059132467	100.568
272.5	2.4165132310658857	20.244
273.0	1.4835649346351638	70.501
273.5	1.7383172813304228	20.283
274.0	1.5968919666759431	40.409
274.5	2.1227829610857474	30.175
275.0	1.8516678874175798	79.906
275.5	2.099576925577552	35.917
276.0	2.500698443995149	142.132
276.5	1.9350053188583307	142.43
277.0	1.5215070702750255	14.752
277.5	1.8104032604198956	30.206
278.0	1.655048627216657	14.873
278.5	1.6039487809086463	80.447
279.0	2.2075749331902736	100.694
279.5	1.4326833456679582	110.812
280.0	1.5415539630413007	45.789
280.5	1.9558933978805841	75.768
281.0	1.41649017368074	167.684
281.5	2.0413044533311795	30.402
282.0	2.114493541947011	161.344
282.5	2.046729313513109	100.604
283.0	1.308380247304723	50.386
283.5	1.8601507258983094	100.558
284.0	2.2313588992608184	20.193
284.5	1.2030262602106743	111.768
285.0	1.514459015613924	17.356
285.5	1.783108719390481	20.123
286.0	1.4263710653845585	64.706
286.5	1.5439001205043352	30.198
287.0	1.6864695256864732	30.116
287.5	2.1025734874070467	60.296
288.0	1.963547981659892	169.811
288.5	1.6546033401044855	15.483
289.0	1.2523963750186264	120.782
289.5	1.6284148580688145	80.432
290.0	1.8684069019896028	81.589
290.5	1.5465971548477953	130.795
291.0	1.664652978432734	56.707
291.5	1.8073214370782091	116.587
292.0	1.5148900505257512	22.449
292.5	2.0394212211484537	141.979
293.0	1.5193485197398793	19.578
293.5	1.7392813932710205	132.754
294.0	2.499930707203094	19.887
294.5	1.4426970251327746	120.865
295.0	1.9912531490265712	75.897
295.5	2.1426112390237124	16.716
296.0	2.3249095302657765	16.726
296.5	1.1473447459146708	36.11
297.0	2.187135897217749	80.68
297.5	1.2229098188852683	37.127
298.0	1.4383758565585139	30.11
298.5	1.8922303551818378	60.377
299.0	1.1431485581376184	191.436
299.5	2.570858487189639	30.133
300.0	2.2451013345828317	85.239
300.5	1.5148444700366548	110.622
301.0	1.7024243514440813	60.504
301.5	1.5806648454970154	70.573
302.0	1.760762649705256	50.459
302.5	1.512681484120052	80.61
303.0	1.437983325719737	30.201
303.5	2.5670022604091227	40.023
304.0	1.9774683209562431	30.214
304.5	1.6530218182162415	60.357
305.0	1.6590570675506713	133.774
305.5	2.041482044023071	100.636
306.0	2.5941651713314373	60.363
306.5	1.6400495227139207	16.79
307.0	1.745276650080878	19.647
307.5	1.9502138692660838	60.612
308.0	1.6976251944240108	120.854
308.5	1.4456037224474758	37.595
309.0	1.636973257046934	40.095
309.5	1.8000558563839233	70.621
310.0	1.7999185758448146	141.653
310.5	1.4417349717613417	124.384
311.0	1.9170615070833856	90.435
311.5	2.077545622454069	13.906
312.0	1.4284224955906852	70.344
312.5	2.378689593774947	20.095
313.0	1.827066129931505	46.142
313.5	2.1770662561424907	14.701
314.0	1.7829281509572792	40.225
314.5	1.3219112696708073	120.735
315.0	1.7659228268115865	70.34
315.5	1.5148541813897456	80.532
316.0	1.9919354388489745	20.262
316.5	1.5236641871967291	16.111
317.0	1.7081132516497188	50.382
317.5	2.023789077550217	39.096
318.0	2.331792785239016	35.229
318.5	2.15861991871783	90.574
319.0	1.9846985107199768	30.112
319.5	1.7897753120436712	20.348
320.0	2.193054406268388	86.658
320.5	1.7242516413580535	100.506
321.0	2.2377057249361276	110.762
321.5	2.0646807971462597	66.008
322.0	1.6222811056748343	46.042
322.5	1.5991633402382792	80.587
323.0	2.064421557066652	30.25
323.5	1.9251052474331563	80.41
324.0	1.8864721055867804	20.145
324.5	1.4519891180477567	30.196
325.0	2.093499746483029	15.932
325.5	2.0222803929487765	80.876
326.0	1.6560581822265041	90.504
326.5	1.765286120836358	55.6
327.0	1.987676227315615	77.783
327.5	2.1424561940996734	60.247
328.0	1.9211407302869439	110.813
328.5	1.8427268858913937	21.251
329.0	2.2750318409596373	20.241
329.5	1.6102626132855289	80.583
330.0	1.6153398414660853	27.74
330.5	1.5269511261614945	120.952
331.0	1.685166783152776	70.477
331.5	2.090201355183782	90.523
332.0	2.437612814903041	30.142
332.5	1.5164938303097855	70.481
333.0	2.3072274819838157	60.616
333.5	1.5174376054915433	80.638
334.0	1.57350636526364	90.479
334.5	1.5536047382918627	30.147
335.0	2.0998509908920435	50.431
335.5	2.0371856768418137	39.605
336.0	2.200286538362485	20.188
336.5	1.8360311088914243	30.188
337.0	2.3771259577451254	20.141
337.5	2.1086368157965705	60.752
338.0	1.706049198677512	110.758
338.5	1.7837431734404343	16.861
339.0	2.6735623118520295	20.211
339.5	1.9335068794949413	70.543
340.0	1.807791804189603	143.018
340.5	1.938472930864883	80.705
341.0	2.2430980650376817	30.208
341.5	2.160097658993406	20.241
342.0	1.5905746729315007	60.508
342.5	1.878816176167296	60.298
343.0	2.146908089650853	50.154
343.5	1.4950866840676713	100.74
344.0	1.8454229410120324	120.804
344.5	2.1060265606594917	80.786
345.0	2.250574858820447	80.508
345.5	1.8600746873162564	70.543
346.0	2.1648255941691037	20.157
346.5	2.0182040606865472	50.388
347.0	2.012615528502021	101.551
347.5	1.7829036471703907	65.713
348.0	1.452525145207968	36.085
348.5	1.758956279951415	28.598
349.0	2.1557984861479036	90.806
349.5	2.3093477403286844	131.013
350.0	1.2683579715375612	17.62
350.5	2.6992527151201733	16.745
351.0	2.007524380840824	30.243
351.5	1.6632195466009223	117.255
352.0	1.590882722809465	56.511
352.5	1.4987436716296358	30.219
353.0	2.5320713204523226	24.221
353.5	1.6030557618036148	17.916
354.0	1.618944483944185	70.403
354.5	2.5028107846954635	50.365
355.0	1.8196703023135206	50.356
355.5	1.3012326745966638	17.609
356.0	1.647417621554871	54.25
356.5	1.8886841329529487	130.812
357.0	2.0658818411782516	93.228
357.5	1.5895421867831645	60.486
358.0	1.5218852259359033	15.155
358.5	1.564932848858955	80.607
359.0	1.8499110832083976	37.769
359.5	1.4947373387523126	132.432
360.0	1.930185088017402	80.527
360.5	2.075213604025134	80.541
361.0	1.851553168711344	50.907
361.5	1.5126057142078018	70.97
362.0	2.0451382692107574	70.391
362.5	2.025919934526789	30.244
363.0	1.6996051651749176	106.712
363.5	2.170089634568344	100.546
364.0	2.082853516156567	45.345
364.5	2.1002993873414457	60.371
365.0	1.7933195898466456	80.573
365.5	1.2010857518164173	110.66
366.0	1.727329349324307	53.265
366.5	1.6873448898552652	45.246
367.0	2.3427089898101565	47.076
367.5	1.5554988864809733	80.445
368.0	1.5272196709493353	40.332
368.5	1.900918002995581	80.63
369.0	2.4144293774408108	161.816
369.5	1.53130181937114	53.945
370.0	1.570824793826353	22.557
370.5	1.8563193949141412	18.0
371.0	1.8625277393300093	97.518
371.5	1.5580566694882871	14.635
372.0	2.4152379979423677	35.127
372.5	1.5938981215126478	66.476
373.0	1.9522092440707717	30.205
373.5	1.9021091481489423	60.395
374.0	2.0025783442566443	54.421
374.5	1.846143858314226	60.115
375.0	2.0024605649343825	25.847
375.5	1.5806465629806188	130.841
376.0	2.1038084997371778	70.411
376.5	1.7467336926212922	80.624
377.0	1.5265467424285193	15.103
377.5	2.4417009323048346	91.413
378.0	1.6840093899324757	54.126
378.5	1.9996168888105215	60.609
379.0	1.408644792454862	80.577
379.5	1.769450058625434	90.215
380.0	2.2857248507773553	95.797
380.5	2.0890975521520043	60.734
381.0	1.3996683778706405	54.091
381.5	1.2163960930011846	70.543
382.0	2.20976133156435	70.226
382.5	2.0585849306871125	110.962
383.0	2.1092328748275797	55.482
383.5	1.8938505226611184	75.577
384.0	1.8046050278895078	86.079
384.5	1.5875297619233544	120.759
385.0	1.9112092683045399	20.213
385.5	1.2458812470634364	130.845
386.0	1.854898387246932	80.396
386.5	1.6870942550439507	110.666
387.0	1.4885663295098785	60.469
387.5	2.338894171004052	50.426
388.0	2.0471641043863595	30.304
388.5	1.976247212012111	20.23
389.0	1.7595243140888133	140.828
389.5	1.5270607266699552	70.327
390.0	2.2067091184881646	60.327
390.5	1.726758721486077	232.411
391.0	2.029469527250819	100.67
391.5	1.4621751973039816	44.677
392.0	2.0428658373630917	30.003
392.5	1.6929794515802088	110.687
393.0	1.5200719879403757	60.328
393.5	1.9299887492244463	48.339
394.0	1.8865735329004685	70.522
394.5	2.2233107375151513	60.37
395.0	1.5703512639439763	100.732
395.5	2.145422097924846	130.851
396.0	2.1744410224401727	16.883
396.5	2.3856949757078962	70.523
397.0	1.447755233574778	120.837
397.5	1.8109913675686218	81.271
398.0	2.0840768142321786	121.171
398.5	1.2235038629150516	30.207
399.0	2.390509229312759	40.198
399.5	1.5785127070257985	80.664
400.0	1.6525674302922768	20.027
400.5	1.5013686503737624	120.803
401.0	1.7709360156746317	120.746
401.5	1.6822334865732993	40.634
402.0	1.9830595259317416	18.321
402.5	1.5941963093769345	60.442
403.0	1.6885751502682171	80.581
403.5	1.9450244785669724	27.754
404.0	2.27373069215204	140.916
404.5	1.4945368538503705	80.318
405.0	1.9145660626021066	100.519
405.5	2.049319150570587	30.798
406.0	1.9098886825136123	100.674
406.5	1.7382990230418005	60.316
407.0	1.504133392609315	62.395
407.5	2.0257548942996895	26.51
408.0	2.3096521723364507	18.13
408.5	1.182833427400245	90.584
409.0	1.9295222966448373	80.642
409.5	1.6545977231729256	60.757
410.0	1.7552093599496321	70.359
410.5	1.6400805610699245	132.768
411.0	1.9456289348149638	90.392
411.5	2.1768565566785836	50.223
412.0	1.624776426692847	140.811
412.5	1.5941794248093217	70.699
413.0	1.691472446188313	40.236
413.5	1.589004302683959	80.652
414.0	1.5612622071760553	80.373
414.5	1.9023374388006613	93.401
415.0	1.804039528243279	80.732
415.5	2.328668652040177	87.138
416.0	1.4134243223315008	80.596
416.5	1.7478034762539796	40.263
417.0	2.18952512214887	113.56
417.5	1.8679828435877148	110.801
418.0	2.3747528141253667	110.77
418.5	1.7189939373787884	85.642
419.0	1.8865602701978141	17.091
419.5	1.9947060810789323	80.696
420.0	2.282811647741508	15.652
420.5	1.6425162562552253	44.894
421.0	2.330270047070633	50.605
421.5	2.1345403451850276	63.434
422.0	1.5358055603736431	37.269
422.5	1.6590136815841507	60.42
423.0	1.3942817053361416	70.483
423.5	2.027921619611343	101.366
424.0	1.555931861851758	76.586
424.5	1.9204322766698732	36.289
425.0	2.0008618070993185	36.796
425.5	1.3573743745557614	130.833
426.0	2.13693112221449	181.491
426.5	1.936604467765477	116.378
427.0	1.8582185705833765	22.598
427.5	2.116789267140619	101.042
428.0	1.6414825610280035	67.207
428.5	1.489768245171357	90.578
429.0	2.180130711174037	20.25
429.5	1.4376412092150217	130.774
430.0	1.5113467397388933	110.699
430.5	2.108326161864062	50.387
431.0	1.728340316501144	100.711
431.5	1.7923305413107968	14.723
432.0	1.8847626248014175	60.52
432.5	1.6993946995689788	130.889
433.0	1.8455818808691917	100.568
433.5	1.9726356434151393	90.256
434.0	1.7147967695689788	90.597
434.5	2.209533279726	70.475
435.0	1.8107699663773464	130.884
435.5	1.6337090841292812	30.236
436.0	1.677501375021357	90.758
436.5	1.7068417833697704	14.9
437.0	2.00167905499881	20.019
437.5	2.157716708659875	69.51
438.0	1.4583125249624727	39.926
438.5	2.1057229338845342	20.347
439.0	2.024978862853576	25.982
439.5	1.5854223190486563	60.374
440.0	1.5470583627743926	30.843
440.5	2.167882820488845	15.125
441.0	2.725159017033385	20.363
441.5	2.0161597068099257	41.565
442.0	1.3117001207520282	80.589
442.5	1.9888663918902323	80.54
443.0	1.5719647271225805	70.177
443.5	1.966142233841745	50.347
444.0	1.345475174873534	80.616
444.5	2.059208757522558	30.308
445.0	1.7717517709515462	114.219
445.5	1.9647006509530485	130.815
446.0	1.466959651687654	36.115
446.5	2.1827212913055165	30.345
447.0	1.592518267060794	15.263
447.5	2.410036113855206	81.284
448.0	1.8779923370728595	110.646
448.5	1.8501222461327982	70.363
449.0	2.28324531573419	50.341
449.5	1.7536959045288734	90.542
450.0	2.133103487683631	70.557
450.5	1.7138629444316942	80.663
451.0	2.183018232343076	50.226
451.5	1.7077643447476956	40.176
452.0	1.960518105054503	90.457
452.5	2.5007608981484415	30.346
453.0	1.6492553342047496	70.49
453.5	2.0730858341896425	80.611
454.0	2.361218088721151	20.143
454.5	1.48819975092343	120.828
455.0	1.717299332279911	70.383
455.5	2.35693220387111	98.227
456.0	1.558708064206927	164.216
456.5	1.7689459800128229	49.092
457.0	1.9985257011478177	64.477
457.5	1.6785064072568008	19.81
458.0	1.86243228073471	48.882
458.5	2.0596077094694407	33.019
459.0	1.6295439000385061	80.302
459.5	1.5157956102554002	60.371
460.0	1.7171994607366967	90.648
460.5	1.6120605799901302	19.186
461.0	2.019294974500018	60.419
461.5	1.3670335425604982	139.051
462.0	1.3218313724845714	50.297
462.5	2.0900293431557286	110.572
463.0	1.775831871335229	90.563
463.5	2.0269163794029845	66.812
464.0	2.0903644303360793	50.46
464.5	1.5777186216838455	70.478
465.0	2.097256500714335	30.197
465.5	1.4607547273857087	75.738
466.0	2.0958927613156826	80.614
466.5	1.981993558048504	90.767
467.0	2.070190690838167	70.388
467.5	1.475902553032995	171.184
468.0	1.8891744915534217	84.793
468.5	1.7371769043828387	66.245
469.0	1.8874802510628363	19.306
469.5	1.6462941502319917	90.637
470.0	2.2566195170743324	87.162
470.5	2.006338081929931	110.233
471.0	1.834420767295544	80.624
471.5	1.8040752961468478	80.538
472.0	1.8208468764553234	70.664
472.5	1.5586351232783389	16.697
473.0	2.391440524049771	20.199
473.5	1.0491717966357847	80.619
474.0	1.7659727573176254	45.955
474.5	1.6885788472344758	77.693
475.0	1.5143266853165886	46.21
475.5	1.3576712935832218	15.59
476.0	2.4232106268064815	15.435
476.5	1.9546752102657636	86.242
477.0	1.5360800782125974	14.935
477.5	1.9872145546653475	60.351
478.0	1.7241337440841344	30.315
478.5	2.2566548402824145	98.179
479.0	1.353889302963795	80.593
479.5	1.930876825425173	19.574
480.0	2.275694657893479	80.529
480.5	1.6625794351490102	50.533
481.0	1.9372500241858783	90.611
481.5	1.9446349773507685	30.013
482.0	2.052103546243434	60.51
482.5	1.893813921531178	70.458
483.0	1.6129670210272646	65.412
483.5	1.5095634444972703	86.375
484.0	1.8519068691652063	14.968
484.5	1.4884443993222276	159.33
485.0	1.7875337433086549	60.457
485.5	2.254025218314326	98.383
486.0	1.8961478312896007	14.672
486.5	1.7326957398335157	20.103
487.0	1.801861133681016	110.855
487.5	1.7276721148531387	115.674
488.0	1.742576395267983	49.682
488.5	1.865923526175839	35.24
489.0	2.2449039412066147	40.318
489.5	1.708259556973809	80.779
490.0	2.2823261503620342	60.664
490.5	2.0275650476914837	130.888
491.0	2.0028215100596323	120.765
491.5	2.1248362208045943	40.327
492.0	1.5548650665509824	17.789
492.5	1.9707430617979562	87.03
493.0	1.9114174629849987	68.442
493.5	2.050292690151351	30.248
494.0	1.6451988166864415	60.375
494.5	2.1789865862883104	97.928
495.0	1.4795846265921884	16.315
495.5	2.4607131118293393	34.756
496.0	2.2356490443484502	110.681
496.5	1.7519490198725995	100.783
497.0	1.8911414447985135	50.363
497.5	1.6779538091185042	90.741
498.0	2.1668362062534805	36.779
498.5	2.2163837501853805	114.251
499.0	1.6617714476128889	20.35
499.5	1.4812981097618922	30.237
500.0	2.2300020694968876	16.205
500.5	1.7189744924326715	15.365
501.0	1.4973211292701643	30.222
501.5	2.423975040607093	20.04
502.0	1.7152726161819591	40.421
502.5	2.296660202700944	30.064
503.0	1.3066114317889137	98.15
503.5	2.2959683359370753	50.24
504.0	1.7360969046374306	40.317
504.5	1.93472999040415	70.503
505.0	1.5431975166580119	14.624
505.5	1.6718187759974166	110.627
506.0	1.7396301207948157	100.593
506.5	1.99822642108386	20.062
507.0	1.3775936776050335	60.364
507.5	2.358297720445407	60.315
508.0	1.3511781458821943	130.814
508.5	2.124520414140233	50.444
509.0	1.8512479160218258	134.075
509.5	1.8566619033745204	110.539
510.0	2.4974996491922825	80.305
510.5	1.5390374653853789	90.619
511.0	1.8680040826565312	90.594
511.5	2.4727546090620085	96.05
512.0	1.7164502359416625	70.329
512.5	2.2925192045289835	14.973
513.0	1.4071749681286236	90.674
513.5	1.780142562417468	20.238
514.0	1.4639964672819827	26.962
514.5	1.9565087197530373	170.824
515.0	1.886805172862959	143.577
515.5	1.6580418558297334	110.776
516.0	2.50584554218955	45.372
516.5	2.2192233095375133	100.594
517.0	1.7525457357689282	30.215
517.5	2.0893072045912655	110.754
518.0	1.8093445091453948	62.334
518.5	1.8794598649581795	110.65
519.0	1.8208399339519086	35.037
519.5	1.8698288492690276	70.437
520.0	2.0365476668814457	30.265
520.5	2.054080926409492	122.985
521.0	1.8823621630725205	40.358
521.5	2.0347694943773744	14.995
522.0	2.4975250070646084	16.553
522.5	1.5639334569388452	80.609
523.0	1.984685494444697	68.063
523.5	2.2024681430841575	44.763
524.0	1.8372016915309506	64.785
524.5	1.9576494717958643	80.633
525.0	1.9354943506491609	79.271
525.5	1.9158690330898267	20.22
526.0	2.0345647503615165	121.064
526.5	1.9478680402801307	80.439
527.0	1.8069285877046708	60.393
527.5	1.8781085655930843	70.685
528.0	2.191696515005205	30.056
528.5	1.7119897535120543	46.142
529.0	1.9360701212868419	109.479
529.5	1.622847155358445	85.608
530.0	1.7489739133844608	20.09
530.5	1.6285893394558988	90.598
531.0	2.1239035287929533	90.688
531.5	2.4289244354111763	60.47
532.0	1.9306231745986924	140.958
532.5	1.5806896857736314	110.657
533.0	1.9857646482662479	37.488
533.5	2.341557729382766	40.466
534.0	1.6862831507273517	15.189
534.5	1.7319869751904837	14.761
535.0	2.420990050218858	18.452
535.5	1.718672012024457	110.545
536.0	1.7001450410849515	80.551
536.5	2.1043119052179007	90.431
537.0	1.8352509316019392	110.753
537.5	2.0709177088824346	100.629
538.0	1.9453117329851957	20.195
538.5	1.9422062197867076	80.541
539.0	2.2292901655672193	64.864
539.5	2.1764355568648623	45.076
540.0	1.3964188799062316	110.811
540.5	2.01117397200716	60.262
541.0	2.2572837347584445	100.573
541.5	1.9070235475963835	90.655
542.0	1.5294436270518352	70.498
542.5	1.4154477647717663	44.888
543.0	2.146201607839099	34.933
543.5	2.3757177676681036	80.23
544.0	1.635514756567295	90.628
544.5	2.0606635483865854	70.558
545.0	1.2938297719823277	73.567
545.5	2.20114193355444	40.945
546.0	1.8626271362935711	21.985
546.5	1.4138816272661294	25.838
547.0	1.860713751853408	30.205
547.5	1.502391707393399	20.279
548.0	1.5668256074539564	70.396
548.5	1.7166414337916365	30.206
549.0	2.3003494431403433	30.169
549.5	1.3908870205681991	60.46
550.0	1.409058971325641	14.547
550.5	2.1469545850734963	121.252
551.0	2.0104178222312687	30.139
551.5	1.9122111527430443	120.608
552.0	1.8886834189997306	110.847
552.5	2.154559158155484	40.177
553.0	2.074086770269982	80.608
553.5	1.8965603709754382	110.768
554.0	1.8717625548939003	17.461
554.5	2.1420351433278046	65.772
555.0	1.6865212209620888	20.848
555.5	2.0329093526639324	40.424
556.0	1.5499739393968615	27.426
556.5	1.8657656408982386	30.202
557.0	2.418035643149706	29.71
557.5	1.72291581013994	14.384
558.0	1.9930579849104495	19.819
558.5	1.8015626680851786	40.453
559.0	1.5491759629901096	30.165
559.5	1.9362435867928482	30.125
560.0	1.3565806023041156	22.906
560.5	2.0099088527116846	30.23
561.0	2.022540118207051	50.406
561.5	1.2475022338811854	80.616
562.0	2.283459924747927	30.193
562.5	1.6942955485933515	80.483
563.0	1.6651084734693575	92.116
563.5	1.8871944979795607	110.738
564.0	1.8002394833488924	18.988
564.5	1.8570785555442635	40.167
565.0	1.7570590766996597	66.777
565.5	1.4055449114297895	20.198
566.0	2.2266382218583285	60.541
566.5	1.720602827820956	30.201
567.0	2.2805030295304496	60.485
567.5	1.5497562502519866	40.338
568.0	2.2873653717963647	70.322
568.5	1.4406755358840553	44.625
569.0	1.8232523053674814	90.583
569.5	2.0714414620748385	77.167
570.0	1.6924671169160557	66.846
570.5	1.6519456215557236	36.934
571.0	1.6989151347133222	80.523
571.5	1.5769859064611687	67.706
572.0	2.1850880948438856	100.74
572.5	2.0461145500395577	14.526
573.0	1.8745347889133506	60.283
573.5	1.5991828530684824	30.225
574.0	1.8556500570056838	20.125
574.5	1.6169845428780152	54.548
575.0	1.4397655973164347	60.37
575.5	1.70297093169562	14.708
576.0	1.7180914765023574	30.319
576.5	1.5957424757090708	14.952
577.0	2.2583354580207433	80.619
577.5	1.7611894246146669	150.855
578.0	2.3041366832195362	70.806
578.5	1.7042199270502827	20.326
579.0	1.3032752297067562	90.629
579.5	2.0698451214213223	30.08
580.0	1.651676778395591	110.651
580.5	1.7150659017893748	60.233
581.0	1.6095522770713195	66.136
581.5	1.7499006849530514	14.725
582.0	1.8103823525687006	60.489
582.5	2.165363779471118	110.818
583.0	1.7430663351120876	100.655
583.5	1.569034531487634	30.236
584.0	1.3057575360538183	70.385
584.5	1.8433526211353208	100.557
585.0	1.5494165114904823	60.437
585.5	1.4785034443437934	70.586
586.0	2.2289220068401825	80.713
586.5	2.118516527225314	100.833
587.0	1.987550533111094	80.533
587.5	2.326416853870303	80.542
588.0	2.2258888095122957	90.472
588.5	2.3720103655225233	20.226
589.0	1.4741378013571498	50.37
589.5	1.7115255948279724	60.417
590.0	1.8468575780800245	51.86
590.5	1.9713279778962312	36.768
591.0	1.2736020971987656	44.845
591.5	2.467794692560208	40.245
592.0	1.8906059200742766	20.124
592.5	1.343962559198653	21.949
593.0	1.605820127693368	69.517
593.5	1.3039550856209376	80.34
594.0	2.648543536623397	30.139
594.5	1.9170413966694884	67.355
595.0	1.608263823393858	116.359
595.5	1.6202112588481377	131.12
596.0	1.5150394165897503	16.88
596.5	1.9361753467954603	80.529
597.0	1.8517584633540005	134.633
597.5	1.8308019274840577	30.095
598.0	1.3930113007788325	15.506
598.5	1.7531537942020254	60.475
599.0	1.1326234590459372	47.189
599.5	2.226113394384537	15.258
600.0	1.7858490618104759	80.615
600.5	1.9320044731605392	70.531
601.0	1.7019883309823467	14.544
601.5	1.4739329540404607	50.202
602.0	1.4821217717267055	136.928
602.5	1.960885762311101	46.066
603.0	1.7316342133683378	60.788
603.5	2.1745932504978103	30.137
604.0	2.308116196836363	19.747
604.5	1.7476257664767059	100.661
605.0	2.0716553875908503	80.589
605.5	1.6844921186599826	30.16
606.0	2.6274484017831603	60.481
606.5	1.0859339014108418	83.051
607.0	1.994685670330323	80.475
607.5	1.7859468824722473	50.327
608.0	1.8967179351221386	50.344
608.5	1.776505100478434	75.369
609.0	2.412434749773751	96.329
609.5	2.033119875620435	119.285
610.0	1.7969326609784193	44.873
610.5	1.416257409593534	100.7
611.0	1.989617831296459	100.601
611.5	1.7244244960077613	68.478
612.0	1.5350715888917421	19.399
612.5	1.8606002461445834	80.535
613.0	1.6362153572953768	90.497
613.5	2.35382819224363	15.624
614.0	2.053155802038505	40.265
614.5	1.6092135671138217	60.371
615.0	1.8596800908611377	90.201
615.5	1.5134729757786514	65.791
616.0	1.4355154706237723	70.459
616.5	2.0633006540163996	60.416
617.0	2.1596997657812236	90.592
617.5	2.0463201687574673	112.148
618.0	1.6857040742323512	66.178
618.5	1.8580550360081507	66.256
619.0	1.9066176113367925	20.328
619.5	1.9001229068083212	37.545
620.0	1.410313676563183	60.482
620.5	1.6862709906623625	30.161
621.0	1.6594152184340416	80.61
621.5	1.9900312885890394	70.565
622.0	1.4586147344920932	90.756
622.5	2.2163754508035973	70.536
623.0	2.1986280542564316	80.548
623.5	1.6639326640970273	60.236
624.0	1.900648065218476	55.069
624.5	2.1585730218618324	28.822
625.0	1.3312748342130742	100.524
625.5	1.8857847679803794	17.327
626.0	1.5620246851688764	30.206
626.5	1.9480319204724592	20.179
627.0	1.5014313417512766	90.588
627.5	1.6349031054615488	80.495
628.0	1.7607471528781335	50.417
628.5	1.512902749231192	141.054
629.0	1.8061483845544521	50.236
629.5	1.8483121111985361	30.067
630.0	1.2623369424110296	120.755
630.5	1.8052362585907475	41.755
631.0	2.187688617837377	171.741
631.5	1.8078126536529537	40.354
632.0	1.9294848890227398	30.154
632.5	1.6530414180956028	100.716
633.0	1.6964568356877316	90.751
633.5	1.8056741537351557	20.132
634.0	1.8029098130293295	38.854
634.5	1.9359315823006646	21.034
635.0	1.085606473985671	148.774
635.5	2.626315271452056	128.819
636.0	1.3934481833242116	90.495
636.5	2.624977372289351	56.416
637.0	1.8731191096749344	90.41
637.5	2.2190780351937414	36.707
638.0	1.2717357714079798	80.5
638.5	1.5290907733502228	47.112
639.0	1.17878870698152	30.202
639.5	1.3908489361957708	30.199
640.0	2.0061408643838674	14.294
640.5	1.687177790515169	30.43
641.0	2.0282691873254284	80.647
641.5	1.8233608533324	14.683
642.0	1.340561810253357	19.212
642.5	1.634112948945758	16.951
643.0	1.9460053905358294	16.354
643.5	1.5182490586571087	120.729
644.0	1.9079180495195998	50.283
644.5	2.089737169024174	50.389
645.0	1.4495268702820614	120.943
645.5	1.756929502754858	38.448
646.0	1.6278888728488572	55.661
646.5	1.4057366905788682	30.315
647.0	2.0312533544607048	100.594
647.5	1.6446391755969876	14.773
648.0	1.4662515100294309	92.435
648.5	1.4406929129446027	100.727
649.0	1.3776251401776867	60.561
649.5	1.4163225860594884	79.973
650.0	1.7859148219751708	59.171
650.5	2.2303415627802163	30.096
651.0	2.070719171024179	20.198
651.5	1.3676230888706358	68.064
652.0	2.1441144958717913	63.216
652.5	2.0200453985920896	46.2
653.0	1.6956342842305907	50.326
653.5	1.4759669397296942	30.271
654.0	1.9669494574912256	140.687
654.5	1.656548786111507	60.389
655.0	1.5637112889621183	74.101
655.5	1.4841789396751837	110.613
656.0	1.9511606625327542	30.207
656.5	2.468849419369246	100.739
657.0	1.0424891806086785	138.499
657.5	2.8709550906519565	97.362
658.0	2.986516289115654	57.307
658.5	1.2528510965780957	70.399
659.0	1.5236026070532551	100.747
659.5	1.8556139181474804	110.418
660.0	1.9469237167906555	21.922
660.5	1.939208770604711	130.696
661.0	2.2189873305549512	60.487
661.5	2.0873569846333107	20.721
662.0	1.6409382224927196	110.717
662.5	1.9462197469223184	100.734
663.0	2.1067422271714493	100.615
663.5	1.5534532665843928	40.285
664.0	1.603895029082879	18.43
664.5	1.9129731329469488	80.375
665.0	1.8891082342670222	60.527
665.5	1.3574068464133107	28.478
666.0	1.8189313980087232	90.713
666.5	2.202319380147384	18.604
667.0	1.7618504447918177	15.609
667.5	2.039206850440779	45.093
668.0	1.5883379986879396	70.379
668.5	2.308379555173432	80.554
669.0	1.2746032500010973	130.841
669.5	2.4802940937279505	70.338
670.0	1.911984120540789	68.743
670.5	1.2073033605434456	88.678
671.0	2.3709165356645343	16.296
671.5	1.5520444755022906	50.384
672.0	1.3721896420100468	109.065
672.5	1.7093910417583	16.458
673.0	1.6560257045898	100.624
673.5	1.491977377936969	30.208
674.0	1.6019427196081488	14.797
674.5	1.4848996007482598	16.839
675.0	1.7206120285947561	38.764
675.5	1.46246116608239	45.165
676.0	1.4600786109779542	70.626
676.5	2.183393130052142	80.527
677.0	1.8837903328235974	20.234
677.5	1.3806567110902324	135.607
678.0	2.127273500498497	17.943
678.5	2.0938940844390275	40.277
679.0	1.7056011119726788	50.32
679.5	1.7849546191217867	120.867
680.0	1.9572946185410234	86.118
680.5	1.5315717593957996	90.693
681.0	1.9223962457773949	14.638
681.5	1.7171433865265768	70.505
682.0	1.8319075173005768	15.025
682.5	1.707934013792277	40.211
683.0	1.9756831954544338	20.134
683.5	2.0399439281344875	15.367
684.0	1.4683021574429236	45.35
684.5	1.719182308306622	80.447
685.0	1.7586551218113378	14.566
685.5	1.719747572551063	49.138
686.0	1.8283459570089748	65.172
686.5	1.8043903738742275	100.543
687.0	2.1076744967539747	15.607
687.5	1.897420713960426	19.947
688.0	0.9326370962625005	50.428
688.5	1.227380620385041	112.399
689.0	1.7815121685153419	133.771
689.5	1.3568893965998876	130.748
690.0	2.3041034759526116	20.097
690.5	1.6911576571808435	151.173
691.0	2.162365385354859	60.36
691.5	1.8517384127713916	90.666
692.0	1.848556139937659	100.511
692.5	1.8861878619655321	79.864
693.0	1.5174409752720668	90.271
693.5	2.1790492674398156	80.61
694.0	2.262223222635276	19.805
694.5	1.9339329572630222	80.748
695.0	2.805419084447213	40.241
695.5	1.6328480619504773	70.498
696.0	1.7750997290747714	67.679
696.5	1.7066861412261698	68.299
697.0	1.9855991534198203	70.571
697.5	1.7738186990550122	38.59
698.0	2.148341014581409	90.255
698.5	1.6798350908377753	20.16
699.0	2.1717145046786723	80.495
699.5	1.7945541719458262	45.1
700.0	1.7854403787140392	14.67
700.5	1.9728022889664079	110.824
701.0	2.4850390019237176	50.369
701.5	1.151844306868589	100.644
702.0	1.5340037307803536	60.312
702.5	1.860590010676569	80.875
703.0	1.5621488913052368	80.715
703.5	1.600432796769004	60.37
704.0	1.7165057461547886	50.386
704.5	1.7960054770244234	16.072
705.0	1.810989708368389	70.459
705.5	1.8526057012345825	35.525
706.0	1.969104886272071	60.353
706.5	1.9061223125399098	50.478
707.0	1.6385098048176552	90.771
707.5	1.4747857662366688	60.393
708.0	1.3439294027186137	60.484
708.5	2.2019748353726665	75.868
709.0	1.9444142733109728	70.435
709.5	1.660282770199249	120.751
710.0	1.8347678727852652	106.259
710.5	2.0822777164097483	76.188
711.0	1.5866952326233057	17.695
711.5	1.5254034277655064	30.196
712.0	1.9210715064362784	60.337
712.5	2.22866514169733	30.065
713.0	1.6467849147798965	70.541
713.5	1.6818187755625902	50.313
714.0	1.9475230126305378	15.025
714.5	1.7236852113686818	17.311
715.0	2.2552482309400497	76.831
715.5	1.349043025148194	14.617
716.0	2.169104546940937	100.645
716.5	1.9795457779124928	75.749
717.0	1.753073902197939	90.579
717.5	2.561803879539038	20.273
718.0	2.0053195519247384	90.897
718.5	1.7492282426754906	110.431
719.0	1.7689782951719217	125.064
719.5	2.2357919137022892	222.053
720.0	1.8898865956550333	126.013
720.5	2.2193887544646254	77.178
721.0	1.3337988404337413	70.509
721.5	1.9432237508440255	73.573
722.0	1.4985645506598901	28.151
722.5	1.5257333554902268	40.149
723.0	1.6240867078612375	44.47
723.5	2.3117405045410213	30.134
724.0	2.285624660885337	30.374
724.5	1.62919188335537	80.619
725.0	1.5033892776055457	50.383
725.5	2.0792302038107207	20.148
726.0	2.202624290029486	36.569
726.5	2.195379525325844	50.325
727.0	1.3696026890144777	70.448
727.5	2.0725541342872877	17.405
728.0	1.6452350135246059	45.62
728.5	2.165241724005766	48.517
729.0	1.9640373600617678	20.057
729.5	1.573508950982863	101.817
730.0	1.9878494724113436	80.544
730.5	2.003406738506139	80.528
731.0	1.6757971345591016	80.344
731.5	2.33479987311544	60.596
732.0	1.9406936916562254	30.186
732.5	1.879122698367078	70.486
733.0	1.9477019612407187	60.245
733.5	1.3629687720774282	60.469
734.0	2.059921246275719	90.583
734.5	1.9188838117438904	90.585
735.0	1.9244216823664566	49.156
735.5	1.7548560560425641	80.418
736.0	2.096280267027403	100.682
736.5	1.6475625154386184	20.082
737.0	1.6072574449463448	70.422
737.5	1.9615684488021752	40.261
738.0	1.7535502723695167	151.453
738.5	1.2018803826389097	15.899
739.0	1.8502121087581112	40.251
739.5	1.5572470942643737	47.785
740.0	1.7203553855532203	20.173
740.5	1.8288938385460964	80.608
741.0	1.4902324415880046	37.095
741.5	2.2067325463517204	127.072
742.0	1.783809283551039	90.733
742.5	2.0514859488708344	83.94
743.0	1.8783815277382931	140.966
743.5	2.0990194993273996	20.397
744.0	2.352404900982835	40.193
744.5	1.4154240596371943	14.497
745.0	2.811312017626875	86.829
745.5	1.6598155472772158	60.675
746.0	2.316296857783159	14.471
746.5	1.488730005903847	15.311
747.0	1.872829733330325	37.558
747.5	2.078151648718557	212.135
748.0	1.5792021734620219	19.807
748.5	1.7658892493551395	110.595
749.0	2.125647434407474	90.571
749.5	1.9783472820354604	20.143
750.0	1.9320687936929277	70.455
750.5	1.3317373704296696	71.161
751.0	1.5078876672192045	70.659
751.5	1.6671326311167272	60.194
752.0	1.7977912976183124	90.597
752.5	1.0977127227729653	90.725
753.0	1.7616117977114445	80.563
753.5	2.317694021228037	80.672
754.0	1.7121006998224149	70.564
754.5	1.7629757156963393	110.56
755.0	2.8546319217151956	20.115
755.5	1.231012392926824	117.405
756.0	1.6009294086251207	70.317
756.5	1.4724442925179242	98.897
757.0	2.1835185494017457	100.61
757.5	1.6211282554982782	110.553
758.0	1.9775402690843917	40.428
758.5	1.555173348550981	120.911
759.0	2.063877031585793	96.678
759.5	2.041899586398162	57.284
760.0	1.6169083138891542	110.769
760.5	1.8137881774206897	54.4
761.0	1.9474961931097996	14.678
761.5	2.136248529161294	50.388
762.0	1.9617454988710241	110.681
762.5	1.3155051076471889	14.819
763.0	2.1911858771096244	60.345
763.5	1.4974857740386505	30.253
764.0	1.8901570966735748	30.188
764.5	1.5703272028884705	60.432
765.0	2.1379247058593895	80.674
765.5	1.9800740931950107	120.823
766.0	1.7340266234268864	80.524
766.5	2.070865176029829	28.128
767.0	1.8516625638960431	70.434
767.5	2.1997594436618737	18.108
768.0	1.366773430177497	113.502
768.5	1.5117250064121872	56.369
769.0	2.418062555559608	88.361
769.5	1.8885476324634443	14.958
770.0	1.7319045355373828	70.427
770.5	2.154770006710716	40.324
771.0	1.6863473244082303	130.969
771.5	1.9164940984390184	60.342
772.0	1.3738097818899335	46.556
772.5	1.4048145034736566	54.96
773.0	2.2778736015075096	15.541
773.5	1.722343779068485	59.498
774.0	1.6319675542078793	60.544
774.5	2.2716058856474053	52.065
775.0	2.002973242275148	37.557
775.5	1.4862241141905272	110.667
776.0	2.0458225557267227	141.595
776.5	1.5245107284542714	50.357
777.0	1.6644608057555177	16.3
777.5	1.7784816973971906	18.329
778.0	1.7944046414049855	120.723
778.5	1.72157352696445	30.11
779.0	1.7402193474230179	90.78
779.5	1.454909718633765	60.552
780.0	1.9734964785825766	80.61
780.5	2.235945647010635	90.681
781.0	2.0214354055652084	19.348
781.5	1.8785454274916857	40.342
782.0	2.1044267155389447	25.536
782.5	1.632417752293233	30.26
783.0	1.6452464330928884	21.406
783.5	1.7633147656895887	84.39
784.0	1.6447974500136442	161.547
784.5	2.182857137791423	78.307
785.0	1.934801942309245	30.112
785.5	1.5615762058313725	80.411
786.0	1.7063485217198597	50.291
786.5	1.725757303390069	80.399
787.0	2.2126695102102727	60.296
787.5	1.5240159596756346	60.457
788.0	1.5180101389689316	17.052
788.5	1.788593046542539	40.287
789.0	1.7292123895486988	35.661
789.5	1.461550027554294	90.766
790.0	1.4954194880294926	140.888
790.5	1.817002873890604	100.647
791.0	1.9376327389657502	60.432
791.5	1.6091416621713541	30.29
792.0	1.6197019098381031	50.256
792.5	1.9275769349609346	50.413
793.0	2.1653292061015907	43.111
793.5	1.6786738091224092	20.123
794.0	1.5308420573957446	70.582
794.5	1.7110898200567455	60.495
795.0	1.7016385642455447	100.591
795.5	1.9446787746016765	70.575
796.0	2.302203864905069	30.386
796.5	1.7755143181422164	80.604
797.0	2.1540262198528466	90.609
797.5	2.2759110884239835	34.923
798.0	1.9700086794432405	48.723
798.5	1.5934226880349924	110.744
799.0	1.8597840120007683	30.231
799.5	1.7447296985586034	60.392
800.0	1.6810390055588784	47.257
800.5	1.6141753252998494	70.327
801.0	1.2737043443338762	62.805
801.5	2.058663645736005	80.663
802.0	1.8009162563142926	91.386
802.5	1.8551673889211058	110.788
803.0	1.8294217874391006	80.404
803.5	1.580148905023061	131.339
804.0	1.8656973886120976	35.681
804.5	1.943694145758287	17.016
805.0	2.121740684019589	70.526
805.5	1.516016409758022	157.674
806.0	2.365274604483004	60.342
806.5	1.9262065725430773	55.688
807.0	1.491186279622646	90.598
807.5	1.838210829695074	110.555
808.0	1.8583270514281345	14.524
808.5	1.7759911275666769	40.33
809.0	1.2640836781836762	30.185
809.5	1.445236495929287	129.5
810.0	1.6286936509922298	54.869
810.5	2.1281248097324266	45.28
811.0	1.901766554180232	20.111
811.5	1.377980000090528	80.78
812.0	1.7565840102477377	110.833
812.5	2.3180160304522928	90.536
813.0	1.5578732634430232	35.787
813.5	1.552025083452648	100.68
814.0	2.005066905542227	15.77
814.5	1.4657840922887775	46.455
815.0	1.5513963683753957	17.42
815.5	1.4937232873570951	120.799
816.0	1.5531360192490944	75.962
816.5	2.036677644484279	18.147
817.0	1.5768218403521959	100.619
817.5	2.0246953632972793	94.862
818.0	2.0725915212003985	120.962
818.5	1.770067644196253	15.744
819.0	1.82440587629465	90.488
819.5	2.0371669936093464	60.431
820.0	1.6098026894209754	76.473
820.5	2.2299867439437877	60.469
821.0	1.49032526354589	47.33
821.5	1.442057985869532	30.235
822.0	2.385146541707381	67.511
822.5	1.612409690558366	27.06
823.0	1.3845671560046073	70.593
823.5	1.9098979717757276	86.125
824.0	1.471269978141992	37.257
824.5	2.1697200458862063	84.69
825.0	1.7376020631523907	59.004
825.5	2.0683889926147483	90.467
826.0	1.8922039899287078	82.435
826.5	1.3985349223148646	110.751
827.0	1.4388008950711133	70.341
827.5	2.3317381625657063	16.169
828.0	1.6466367711720522	140.969
828.5	1.7814933158204966	26.755
829.0	1.744403084228665	90.457
829.5	2.1845377250787283	80.532
830.0	1.3901095580584686	110.694
830.5	1.595376006688264	60.443
831.0	1.6000325402172806	77.414
831.5	1.9247382345738593	90.632
832.0	2.3308025440640083	14.879
832.5	1.9678742270847325	143.099
833.0	1.5504922622720785	80.82
833.5	2.3823942831762173	181.812
834.0	1.6881408932788322	202.33
834.5	1.9115296994625808	90.524
835.0	1.757174747460385	73.042
835.5	2.0244117478095887	60.488
836.0	2.2822828449210966	47.003
836.5	1.7705794416653036	52.523
837.0	1.2243904754148374	98.26
837.5	2.080736269775456	20.244
838.0	2.468582662022952	111.231
838.5	1.053335239311042	20.222
839.0	2.196639245161371	40.188
839.5	2.0585252169854185	15.92
840.0	1.8966087100317146	100.643
840.5	1.5661553740572798	50.353
841.0	1.370939430120413	70.566
841.5	2.4900808527019347	40.346
842.0	1.729840839699432	70.632
842.5	1.508622728009979	110.642
843.0	2.7861917318974116	116.823
843.5	1.632778682438456	110.751
844.0	1.6895677729925767	141.064
844.5	2.196405648469324	14.547
845.0	1.8252377289231982	75.376
845.5	1.3472938618637387	61.149
846.0	2.309233702037248	20.037
846.5	1.3995655781507093	110.63
847.0	1.9688599990354423	60.605
847.5	1.870463683519918	89.098
848.0	1.3631673631510957	14.874
848.5	1.9967015060208115	89.231
849.0	1.949195187371919	90.529
849.5	2.124458806365571	14.01
850.0	1.595678325163791	15.433
850.5	1.690094008042004	70.399
851.0	1.8419145316175558	115.473
851.5	1.8487196118238398	100.701
852.0	1.6535248231566952	90.609
852.5	2.3794033613933334	20.013
853.0	1.704435856857565	15.996
853.5	1.7408899333601084	60.309
854.0	1.9082003058525485	30.245
854.5	1.8890698322988613	142.687
855.0	2.0772931161304466	100.965
855.5	1.6438790373921142	73.862
856.0	1.3294563516426188	34.874
856.5	1.8257433865781907	20.126
857.0	1.6244355965899386	110.466
857.5	1.8189689386398642	112.993
858.0	1.4843159300843012	90.431
858.5	2.5667935872236813	20.081
859.0	1.8758097403615728	20.24
859.5	1.319011204986746	100.75
860.0	1.5848800263513732	60.579
860.5	2.085308024459757	46.562
861.0	2.1978994497107465	108.166
861.5	2.070667565330427	20.975
862.0	2.0156925620715254	30.22
862.5	2.511504867567481	16.293
863.0	1.8841468126740724	80.846
863.5	1.6272687581089411	60.403
864.0	2.1184554492457077	50.303
864.5	2.0273876774579054	36.831
865.0	1.8668491616972154	40.252
865.5	1.4058451482356467	39.477
866.0	1.8451368268843908	60.375
866.5	1.5494087403800023	40.388
867.0	1.5266933817618342	46.918
867.5	1.5300474065176546	75.032
868.0	1.9362612644483943	25.93
868.5	2.0084655701671905	20.266
869.0	1.4572634488002885	90.735
869.5	1.5148182285562735	35.934
870.0	2.4013510471845882	80.639
870.5	1.824327536431784	90.467
871.0	2.262311617086226	20.05
871.5	1.078327984717782	100.738
872.0	2.1781751909607103	110.318
872.5	1.4772234978476337	130.989
873.0	1.8779609366102916	60.534
873.5	1.7342736715509288	75.368
874.0	1.757234503327752	70.437
874.5	2.028555672279411	70.488
875.0	1.9882425299717692	49.51
875.5	1.9562063622970005	60.369
876.0	1.9289866124464612	60.37
876.5	1.9069779655027472	30.192
877.0	2.266246672483436	80.287
877.5	1.2877987026268498	110.889
878.0	1.9480699049845978	25.643
878.5	2.2047419627050613	15.499
879.0	1.7942648681361493	60.462
879.5	1.5089239836373451	72.665
880.0	2.1516116853636347	110.605
880.5	1.7284544213790638	60.529
881.0	1.461810098134573	90.714
881.5	2.2319259391559627	16.979
882.0	1.995742412934956	70.5
882.5	2.0486470959054275	16.543
883.0	1.9168876385799616	40.23
883.5	1.4793940671237036	50.502
884.0	1.6692373407461378	14.993
884.5	1.8526950358223142	70.587
885.0	2.1129935034585845	30.226
885.5	2.2877803365333533	20.672
886.0	1.8312640783312324	40.026
886.5	2.0313729639790843	20.164
887.0	1.7925969547715166	110.854
887.5	1.7191563922650674	70.394
888.0	1.8986583416598317	110.679
888.5	2.6968649941345477	20.101
889.0	1.4949506386116191	44.783
889.5	2.163008842968675	60.365
890.0	2.022087618111527	67.027
890.5	2.0192638079462926	70.312
891.0	1.9154683670162147	78.043
891.5	1.743569172112488	30.256
892.0	2.0450917866963825	60.363
892.5	2.09542734527133	80.389
893.0	1.4984730885698274	39.396
893.5	1.9472445849462128	70.314
894.0	1.1830241543941455	117.6
894.5	2.35699071133602	120.817
895.0	1.6259817136890988	80.355
895.5	1.8951423017789675	20.576
896.0	1.8257880101090118	60.464
896.5	1.6111296102966624	30.229
897.0	2.3301922500913097	60.476
897.5	1.9028472940623942	145.705
898.0	2.1262184503101182	125.433
898.5	2.0417550246118723	37.379
899.0	1.8475547478073662	17.863
899.5	1.969554324997974	70.522
900.0	2.1900056439579063	80.525
900.5	1.8147750244686105	70.616
901.0	1.4997431457563837	80.64
901.5	1.9509638390554696	15.299
902.0	2.129351561867247	50.267
902.5	1.5707051851014124	100.605
903.0	2.2290039383379687	100.613
903.5	2.3880278599168543	90.578
904.0	1.6368171648200978	60.408
904.5	1.8364843583774164	110.803
905.0	2.0466058202681405	50.331
905.5	2.223564354492814	19.82
906.0	1.1238699349105532	70.363
906.5	1.6476695991186538	60.325
907.0	2.0514419278564437	45.164
907.5	1.909373156185327	90.522
908.0	1.9757300616946554	85.978
908.5	1.8382937361730785	100.667
909.0	1.872286728618333	70.386
909.5	1.8872481860515888	70.249
910.0	1.4882148431383402	44.591
910.5	1.9141664289476357	30.194
911.0	2.0329751542718975	96.675
911.5	1.9759318898593066	55.017
912.0	2.3109782914843624	50.209
912.5	1.3739849735502698	120.798
913.0	2.2333770226062257	61.913
913.5	1.9786474321147636	18.586
914.0	1.4020408537667073	36.074
914.5	1.981450804390395	32.332
915.0	1.7181984303095283	75.078
915.5	1.9985857310362292	70.603
916.0	1.9163259316910142	90.531
916.5	2.2297205143226977	96.472
917.0	1.762778079146853	90.52
917.5	2.0450801795778513	70.383
918.0	1.4042236223326106	50.392
918.5	1.966808506253545	90.478
919.0	1.8108949869852922	142.363
919.5	1.7675908889484342	60.582
920.0	1.412313096243345	110.537
920.5	2.1480156853137773	60.46
921.0	2.228354599306007	60.442
921.5	1.4443048420188322	80.477
922.0	1.718844061452016	14.388
922.5	2.2361817806009663	137.6
923.0	1.9885946216329298	110.606
923.5	2.2658938780037237	60.466
924.0	1.670943306339042	110.627
924.5	1.7722017742679856	110.797
925.0	2.3100572974914644	123.02
925.5	1.4952818239584147	80.6
926.0	1.3902672337277702	37.739
926.5	1.7253334240391098	129.566
927.0	2.6780333120149633	37.015
927.5	1.4189219491841705	16.429
928.0	2.0740716162882684	20.215
928.5	1.7169862402877865	77.25
929.0	1.7068015061738344	80.315
929.5	1.4095317157303473	14.806
930.0	2.0825179452978215	66.962
930.5	1.5078793921644822	44.746
931.0	1.8763496352610287	30.286
931.5	1.597417752491227	18.08
932.0	2.0728537890268375	97.008
932.5	2.167553007787138	30.195
933.0	1.9912070163177322	40.236
933.5	1.587341865910481	131.056
934.0	2.0502018563909554	65.426
934.5	2.2784504306518794	14.592
935.0	1.8544716299319473	78.326
935.5	1.6591011975996781	14.736
936.0	1.9778554583569807	20.222
936.5	1.5068484235534185	90.606
937.0	1.6839011164176427	20.12
937.5	1.5852464432325668	45.291
938.0	2.306148828688741	60.405
938.5	2.014522594648592	15.026
939.0	2.0657259954390117	29.672
939.5	1.4196659338542676	15.331
940.0	2.274286370798352	60.418
940.5	2.0952455392765015	60.406
941.0	2.290775240820522	91.978
941.5	1.4615421026660054	60.48
942.0	1.8331049523035308	37.896
942.5	2.3173419575771144	20.115
943.0	1.3879786594061485	70.373
943.5	2.1015001737737875	26.609
944.0	1.7503927599155362	87.747
944.5	1.7671748178796494	55.157
945.0	1.4952564924558138	90.64
945.5	1.5752221156583484	90.856
946.0	2.1290226920390514	60.316
946.5	1.7448397721967945	60.577
947.0	1.7434083252294943	80.513
947.5	1.8587488682777487	80.519
948.0	2.1390986846723887	15.036
948.5	1.797187609848985	14.961
949.0	1.6777730970275746	130.674
949.5	1.7011840032715584	120.655
950.0	1.5314155253618638	30.166
950.5	2.543838918248098	24.587
951.0	1.2266849222868341	80.574
951.5	1.437556334706928	120.797
952.0	1.9026993563470866	90.451
952.5	2.651813826810857	50.382
953.0	1.5862339520155948	110.774
953.5	1.3888583089031215	60.344
954.0	1.9012514575654789	20.265
954.5	1.5675720859507776	110.751
955.0	1.9477086376961321	20.275
955.5	1.9322106079227317	100.746
956.0	1.7202987994669192	147.244
956.5	1.8934137558640896	110.656
957.0	1.6478653898488043	14.846
957.5	1.8785378559451344	80.445
958.0	1.7114198288384643	130.909
958.5	2.4048845054028916	30.263
959.0	1.8824254365380342	50.308
959.5	1.4514618704273976	110.696
960.0	1.7262139184060958	36.618
960.5	2.172932615936591	20.143
961.0	1.381525994161588	130.854
961.5	2.0951772058208884	36.373
962.0	2.4050130463993873	20.235
962.5	1.3697368526856215	17.251
963.0	1.775730854859683	30.182
963.5	2.1408518327144743	14.091
964.0	1.8811490701758236	70.585
964.5	2.365898333972328	50.044
965.0	1.5443847015951497	70.36
965.5	1.9596956925929245	80.703
966.0	1.6386698630477199	30.143
966.5	1.8155568398168296	36.221
967.0	1.4333057777404152	110.669
967.5	2.067456523049553	14.92
968.0	1.8559797856435731	40.268
968.5	1.4327786376100258	60.406
969.0	1.3998797012568711	30.31
969.5	1.6783788951226482	73.589
970.0	2.598769633650371	40.301
970.5	1.7646416647093142	70.546
971.0	1.9336552590178833	80.651
971.5	2.0016484322929395	70.336
972.0	1.656759971565126	80.405
972.5	1.6661046772796677	74.574
973.0	2.063166672629267	90.595
973.5	2.4047402936788655	60.426
974.0	1.802715533652963	14.416
974.5	2.135177237124301	15.485
975.0	1.799498072944835	45.516
975.5	1.844056646353345	14.412
976.0	1.7668800189376241	20.479
976.5	1.4384236063222824	80.6
977.0	2.091049932499018	81.248
977.5	2.122663889247987	50.085
978.0	1.6849849530889245	17.502
978.5	2.338017571694902	70.382
979.0	1.4288016177327965	38.292
979.5	2.2695197300624543	100.626
980.0	2.1637418018948127	50.414
980.5	1.4170119036946853	30.213
981.0	1.907747794224233	60.339
981.5	2.554657517902457	30.008
982.0	1.3612384771997177	60.406
982.5	1.6394892020882879	70.467
983.0	1.995115620413048	110.952
983.5	1.5240203945297772	100.598
984.0	2.174740937463034	66.559
984.5	1.4663829046867802	66.6
985.0	1.8286382893644577	60.415
985.5	2.557400679126761	124.945
986.0	1.4866880246779517	72.92
986.5	1.798383537732802	56.407
987.0	1.7734998681157292	72.667
987.5	1.787430969148427	90.595
988.0	2.4315431310894953	56.641
988.5	2.058195214469793	49.197
989.0	1.4520796408527787	39.005
989.5	1.5752543889645079	60.485
990.0	2.034206015704588	30.197
990.5	1.503995073726549	30.492
991.0	2.2603966922787615	76.271
991.5	1.6292838870359228	20.234
992.0	2.083549053686959	76.818
992.5	1.2293149897366158	100.503
993.0	1.8789518926493163	90.439
993.5	1.7422538093357938	80.705
994.0	2.1282389951828176	16.062
994.5	1.7125215924989627	30.143
995.0	1.5667184522142266	70.435
995.5	1.8948264217278659	60.41
996.0	2.0294012793698752	16.896
996.5	1.3470575175095456	70.239
997.0	1.9601410192989204	110.655
997.5	1.5881944612131844	110.659
998.0	2.6212435223251966	20.104
998.5	1.6667396122595481	19.925
999.0	1.9561736513044965	30.232
999.5	1.7347024389356285	70.615
1000.0	1.7026087571893	30.272
