0.5	0.1417638084970218	37.271
1.0	1.113153251872014	31.764
1.5	0.5113513171347024	70.502
2.0	3.3799610421815585	50.282
2.5	1.8165328960545903	46.584
3.0	1.8717826094808097	86.85
3.5	2.5711468731389306	50.411
4.0	1.8002003578871235	18.147
4.5	3.1741322766315587	70.631
5.0	1.6438905284670098	90.766
5.5	2.9136726303639957	16.128
6.0	1.1928344895736585	76.004
6.5	1.9021147323253276	30.268
7.0	2.8139188185341104	187.599
7.5	2.479826527164333	60.356
8.0	1.21316062153174	100.798
8.5	1.8641176964513597	90.651
9.0	2.0512608638285	70.76
9.5	2.388311123383336	70.589
10.0	2.3006426779398255	118.683
10.5	2.1125424845990355	26.258
11.0	2.5296311633026125	80.648
11.5	1.3752541007822292	17.934
12.0	2.3414406074810175	36.151
12.5	1.7614894735338618	16.493
13.0	2.1209248288751206	20.501
13.5	2.135798939626963	55.844
14.0	1.1925271421541255	60.522
14.5	2.62284301943595	15.976
15.0	2.359992672764154	100.732
15.5	1.735477187402161	30.201
16.0	3.5974804004085423	60.559
16.5	1.7707319939395672	18.201
17.0	2.4239359443641275	75.837
17.5	1.5451125313973741	110.793
18.0	2.2672850936299347	30.19
18.5	2.785387045154097	110.715
19.0	2.2040194623117704	30.182
19.5	2.0909860409713388	21.987
20.0	1.9060353135364332	60.272
20.5	2.0290380105450017	30.187
21.0	2.0389492001498235	30.377
21.5	2.3022163285904114	35.587
22.0	2.2684555132556934	90.453
22.5	1.8178401950336591	19.656
23.0	2.162129929603739	36.912
23.5	1.3450229558174103	16.097
24.0	1.9124119329129594	80.708
24.5	1.434577432327315	70.55
25.0	2.049460298969148	16.327
25.5	1.6815256171968236	97.256
26.0	2.2120418042947576	110.92
26.5	3.069446967323376	18.828
27.0	1.7371079743887226	39.276
27.5	2.3048058473045026	15.237
28.0	2.318574509925858	30.329
28.5	2.4996652203399528	37.229
29.0	1.8789801263631596	80.55
29.5	2.005459392539071	14.96
30.0	1.7407068560229801	15.838
30.5	3.0520097652153733	46.096
31.0	1.530424354953823	80.64
31.5	2.324174251277449	21.767
32.0	3.6719601785149067	70.536
32.5	0.8513284399864682	90.829
33.0	1.7130130324369566	26.457
33.5	2.4342548362360215	80.567
34.0	3.3429256298396606	92.932
34.5	0.9406463575257796	90.702
35.0	2.642114525481127	121.066
35.5	1.3427592737530134	106.8
36.0	3.8131520859106574	30.227
36.5	1.7105203542224396	48.738
37.0	1.3577373586062167	60.373
37.5	1.6398685459461944	104.195
38.0	2.7759242932898194	95.164
38.5	1.3229992819100365	80.769
39.0	1.4684991294568743	50.545
39.5	2.5181992657645473	15.329
40.0	2.739790386094049	16.52
40.5	1.9936805479558357	80.464
41.0	1.7478612667260502	60.078
41.5	3.5603452469577426	18.628
42.0	0.9675561244660795	91.253
42.5	2.0397937075156762	80.574
43.0	2.041879058926075	70.445
43.5	1.427475155247131	101.227
44.0	3.0580266666156075	16.22
44.5	1.8850695711952323	50.42
45.0	1.6742358447803716	200.563
45.5	4.116948355167638	65.01
46.0	1.1121097825310413	80.409
46.5	1.9991927206042692	91.383
47.0	1.5678509388885664	60.396
47.5	2.594660439571479	100.658
48.0	1.4215049311850931	84.379
48.5	3.198886595274441	55.186
49.0	1.2760028870081301	102.502
49.5	2.611878907874487	48.575
50.0	1.0504807961017875	100.237
50.5	2.3010863734497202	40.305
51.0	1.6481803644116613	168.33
51.5	2.634987900714604	110.884
52.0	1.4640980223541993	30.19
52.5	2.137489794664702	19.133
53.0	3.199854987354195	40.331
53.5	1.3983355512518794	102.406
54.0	2.7962169423705663	50.325
54.5	2.2450240892265128	70.535
55.0	1.9092710124438972	20.132
55.5	2.231403218449391	43.901
56.0	1.7574731843915299	30.142
56.5	2.0145387701370967	50.515
57.0	1.710542817945407	18.32
57.5	1.9439697072016922	97.356
58.0	1.7041765580791823	19.725
58.5	2.797502979263088	90.588
59.0	1.3866466646890152	20.478
59.5	1.8582491116577349	30.203
60.0	2.415647257556673	77.439
60.5	1.7752334337009126	77.529
61.0	2.1818485314890403	40.467
61.5	1.687881485634344	30.576
62.0	2.325272496868418	15.677
62.5	1.344615231796413	90.721
63.0	2.8644993104856957	90.626
63.5	1.4067948016764078	70.289
64.0	1.712547914574146	15.58
64.5	2.2448915239494576	108.326
65.0	1.3229880461572048	40.05
65.5	2.457043994976674	19.152
66.0	1.508227428982979	122.129
66.5	2.764658451713443	65.137
67.0	1.8232294186896845	90.482
67.5	1.1768106086163064	26.382
68.0	2.8143571847141526	132.14
68.5	1.5312300181685081	151.15
69.0	2.12080320174506	80.7
69.5	1.8277150037974446	51.65
70.0	1.4446970968815627	70.461
70.5	1.7890649107155427	50.395
71.0	1.5473186530903142	41.754
71.5	2.427218108393174	90.619
72.0	2.1349840177811643	50.42
72.5	1.2551133116749642	70.545
73.0	2.0857529899789666	39.456
73.5	1.7520169636804066	97.622
74.0	1.5988530938367678	121.529
74.5	1.9476253239103718	40.578
75.0	1.323378340267982	121.112
75.5	2.200252287196561	49.188
76.0	1.5310804419386932	50.43
76.5	1.4273125270736202	80.46
77.0	2.1357523784625245	151.508
77.5	2.212806116456445	93.109
78.0	1.4681888811777934	90.58
78.5	1.8293201011982734	30.145
79.0	1.672857637747308	30.845
79.5	2.2600990130284098	50.361
80.0	2.1532698432429407	167.037
80.5	1.421518488336072	30.874
81.0	1.9251444806462064	30.123
81.5	2.3422197429047498	28.156
82.0	1.5488136384449036	30.322
82.5	2.545513926460519	40.288
83.0	1.7930545674425762	221.99
83.5	2.1782117335152633	60.446
84.0	1.6335384898474312	99.591
84.5	1.6565846355820506	15.943
85.0	1.8645708905005938	110.671
85.5	2.3247151364045218	18.11
86.0	2.0086625187945413	133.699
86.5	2.1258782036047914	30.169
87.0	1.2843607026352424	110.795
87.5	2.9381361352665034	60.389
88.0	1.9422533893626899	30.228
88.5	1.8583669472278899	17.876
89.0	2.66830331865159	60.43
89.5	1.2404187679462342	98.756
90.0	2.9016518415471775	60.399
90.5	1.673883717254364	100.716
91.0	2.353196240033583	60.446
91.5	1.7935005496932028	35.083
92.0	1.8656833527615813	70.389
92.5	2.0670818856364104	18.054
93.0	1.4596598380445291	80.662
93.5	1.7876563525474438	30.115
94.0	1.74768218997691	50.452
94.5	1.13278699989069	100.651
95.0	3.4767101959000732	56.005
95.5	1.5640289917382049	46.034
96.0	2.6425822086316195	57.499
96.5	1.438259673941086	98.844
97.0	2.1479603415489796	19.863
97.5	2.291921753500733	181.805
98.0	1.9902951420868797	17.343
98.5	1.9711527951058927	46.47
99.0	2.1507831512163573	50.415
99.5	1.6347519671843624	60.488
100.0	1.8365183776244973	50.292
100.5	2.030473232564656	20.536
101.0	1.6968546369590352	60.46
101.5	2.327717256388212	91.1
102.0	1.5748254533418111	30.072
102.5	2.3701978649556072	50.474
103.0	2.0689152385657734	38.739
103.5	2.685448201268054	19.931
104.0	1.5650367277803425	15.847
104.5	2.7615328742427288	46.56
105.0	2.217016477626448	20.084
105.5	2.7809563076268127	45.82
106.0	1.5285606188099166	30.111
106.5	2.5679964616783053	60.749
107.0	2.1361864464605467	100.649
107.5	1.8316273832382113	60.529
108.0	1.8140664370373047	30.072
108.5	3.8510457206609345	51.601
109.0	2.0183317319039067	100.724
109.5	0.46974934783870254	79.938
110.0	0.3286008196410081	35.742
110.5	0.7839864461058124	110.94
111.0	0.26739955059296305	133.4
111.5	0.610476963320752	70.624
112.0	0.6586722286302283	60.672
112.5	0.38629728228111077	110.735
113.0	0.5978157495434754	127.86
113.5	0.13530993873338984	16.65
114.0	0.2156480790975321	18.362
114.5	0.6002353278925443	181.687
115.0	0.7449265831026847	120.904
115.5	0.04128879359414193	17.492
116.0	1.1025259863931054	20.158
116.5	0.423642880357817	90.744
117.0	0.47087618861738834	19.99
117.5	0.4665565701300043	332.298
118.0	0.5254812560161061	21.002
118.5	0.5195088613004882	115.319
119.0	0.4277185632078625	47.488
119.5	0.43668118431445596	35.378
120.0	0.12769163533135172	50.908
120.5	1.834908716027233	60.222
121.0	0.30881483002591276	170.981
121.5	0.16501781853020844	13.513
122.0	0.9638661951404388	13.35
122.5	0.13607861855466738	41.054
123.0	4.686369361294817	58.685
123.5	1.8346128684279237	100.665
124.0	2.1260600326404564	102.719
124.5	2.0099182405163445	90.888
125.0	1.5604317375045196	107.401
125.5	2.0679469761647242	40.374
126.0	1.874613640441013	141.313
126.5	1.9777947292172173	90.793
127.0	1.5627293609192225	103.59
127.5	1.9347975787096432	80.608
128.0	2.0439353167794545	112.088
128.5	1.7140215446199247	80.46
129.0	1.7489782995814465	151.123
129.5	2.215460532442738	146.492
130.0	2.005970567092672	40.549
130.5	2.177440295312453	70.799
131.0	1.6199450385016931	91.015
131.5	2.042862665730461	80.501
132.0	1.782195392444109	60.465
132.5	1.5684129987710551	69.225
133.0	2.0916456150327054	171.46
133.5	1.617625412631439	38.949
134.0	1.919293569389114	50.244
134.5	1.3190125208562389	100.706
135.0	0.15365017694004476	9.876
135.5	1.8603876005947928	140.788
136.0	6.7902406206193255	9.389
136.5	2.1971990643653037	86.433
137.0	1.6127201350148919	110.422
137.5	1.4821915364513119	100.709
138.0	2.3267284605639866	40.169
138.5	1.9197826792686243	70.484
139.0	1.6259885363138775	138.69
139.5	2.0050843480653215	161.377
140.0	1.7017629461865729	101.174
140.5	1.9217537019042092	141.243
141.0	2.2989625310803583	60.847
141.5	2.1893718977219887	106.135
142.0	1.7680210773758684	81.88
142.5	1.7216348609046765	120.73
143.0	2.088260595659917	60.375
143.5	2.278923500375745	90.699
144.0	1.6884775970820178	140.871
144.5	1.7798569108828919	80.655
145.0	2.1520161758734706	75.592
145.5	2.134734517148764	100.542
146.0	1.8837922355341812	110.55
146.5	2.351012535505358	70.366
147.0	1.5491628353291573	110.649
147.5	2.1078113523024338	137.05
148.0	2.2070958002991343	60.913
148.5	1.6990258264921783	116.078
149.0	1.855325314527375	80.552
149.5	1.7211620169702666	52.995
150.0	1.5494918635180381	80.788
150.5	2.0902713028615736	56.655
151.0	1.6730046241054626	121.038
151.5	2.1034447786501143	107.146
152.0	2.0779100921270715	64.252
152.5	1.5079206214337113	70.642
153.0	1.458081006143217	100.954
153.5	1.2867340488714527	66.123
154.0	1.8128795395098927	90.524
154.5	2.944019678723638	60.726
155.0	1.8191642393724674	38.368
155.5	1.603337692228328	103.721
156.0	1.8800692630636073	100.76
156.5	2.378720141465406	70.495
157.0	2.5440510162763297	71.042
157.5	1.3034358909657995	74.929
158.0	2.6221052330893984	70.436
158.5	2.1524492615195263	106.909
159.0	1.4827322911111274	160.825
159.5	1.5559723765979268	101.078
160.0	1.7627878583234544	131.134
160.5	2.1605453257284872	80.443
161.0	2.1544778104063327	44.108
161.5	1.0886421031142959	100.747
162.0	2.345002743527116	80.588
162.5	2.459756357765614	60.799
163.0	1.3325658920401033	150.869
163.5	2.207835199499172	119.692
164.0	2.4041205682436644	68.078
164.5	1.6102030506308804	120.837
165.0	1.7991755039582347	109.856
165.5	2.1123789602122507	105.52
166.0	2.119550342234879	130.86
166.5	2.3788366340127816	81.092
167.0	2.115028274503331	57.406
167.5	1.860765671669011	50.538
168.0	1.6843129120716807	100.548
168.5	2.1677608076936843	40.193
169.0	1.7793248089148217	80.596
169.5	2.128950726096248	67.135
170.0	2.500069270642509	102.507
170.5	2.2336763656632104	81.905
171.0	1.593317527677313	90.542
171.5	2.0926804897234637	100.526
172.0	2.0180291971131883	98.345
172.5	1.996918141501695	80.525
173.0	1.7664242317655017	110.857
173.5	2.1268952969817554	90.631
174.0	1.9947627298295378	80.306
174.5	2.249302036417301	107.151
175.0	1.7261166093337952	62.404
175.5	1.684641910292599	80.562
176.0	2.7204331400423385	50.349
176.5	1.8953070539425125	131.03
177.0	2.1508685316176694	56.325
177.5	2.5714117623292605	60.393
178.0	1.4586912546709114	110.72
178.5	1.8047914259595812	59.947
179.0	2.061755848334523	161.51
179.5	1.8092993624282325	54.446
180.0	2.100212826798486	70.778
180.5	1.8012323845886031	35.922
181.0	1.749216222279446	69.401
181.5	2.3406859886146125	70.464
182.0	2.260777426105494	57.293
182.5	1.5912978188043974	70.54
183.0	2.205205036850462	80.418
183.5	2.543592762492124	101.497
184.0	1.935391494499541	93.929
184.5	2.0222196118354705	70.602
185.0	1.862003853141689	63.232
185.5	2.3148083734671907	97.717
186.0	2.0756433676574573	71.333
186.5	1.5463583149690516	90.483
187.0	1.5196028700050872	80.457
187.5	2.194685211207997	171.696
188.0	1.700759294575058	55.52
188.5	1.5483209809865561	100.682
189.0	2.56824121408713	80.917
189.5	1.7331063768390824	130.821
190.0	2.3232292866537034	100.553
190.5	1.7381188330112423	80.602
191.0	1.9168369193112587	88.013
191.5	1.8691301902714654	40.274
192.0	2.496916331862154	70.433
192.5	1.674759805380791	78.416
193.0	1.9517526553728928	63.441
193.5	1.8915398128529957	100.735
194.0	1.6034417070346878	102.348
194.5	1.7252620186010275	90.695
195.0	2.204808935021492	70.82
195.5	1.8789855469032548	90.511
196.0	2.105995893136819	59.466
196.5	1.8929625441802935	60.332
197.0	1.622769722577346	80.531
197.5	2.142036678353356	74.12
198.0	1.6533401984032772	151.351
198.5	2.113492276510533	90.712
199.0	2.387419547409378	70.52
199.5	2.309598093841759	116.826
200.0	2.227899473129681	90.889
200.5	1.5752420770803206	70.524
201.0	1.5808150365917055	80.408
201.5	1.7298647937108667	80.552
202.0	2.2681868679891144	98.511
202.5	1.6921368509725319	100.443
203.0	2.4565496306514896	60.431
203.5	2.3041277119837558	151.3
204.0	1.4440145381065899	62.379
204.5	1.6577085615046239	80.394
205.0	2.613680085864954	44.146
205.5	1.9629357394213582	101.122
206.0	1.3536103243380797	120.764
206.5	2.178210048492391	80.49
207.0	1.67056960885979	110.975
207.5	1.9556995990850936	59.701
208.0	2.0826739506567247	92.314
208.5	2.269084788746053	60.376
209.0	1.5986704250052912	70.523
209.5	1.71324451198834	80.776
210.0	1.595297801025299	60.383
210.5	1.783138431862756	111.002
211.0	2.5187160145217242	50.903
211.5	1.7700863525997992	150.941
212.0	2.742242089440439	136.145
212.5	1.6980101575412923	90.657
213.0	2.3456633818090182	32.515
213.5	1.6348848153779028	90.508
214.0	1.7260889418229488	80.603
214.5	2.026229020527416	110.998
215.0	1.9317143962676906	51.972
215.5	1.5578272616693596	74.338
216.0	2.1944134897049326	80.291
216.5	1.925346744652634	213.072
217.0	1.9950854749198732	90.657
217.5	2.097656328527531	60.738
218.0	2.100020496176107	126.062
218.5	2.3698166379899175	61.216
219.0	2.001280116014267	100.945
219.5	1.8069909528925405	80.634
220.0	1.6859369710978538	100.68
220.5	1.8750256951044455	115.491
221.0	1.93499866140661	48.217
221.5	2.173654269879346	123.075
222.0	1.7000050426249602	80.546
222.5	1.9924170524488103	100.643
223.0	2.0257527515946863	70.685
223.5	1.9922076334890961	91.009
224.0	1.542720614016991	61.708
224.5	2.4512630188131945	121.474
225.0	1.7487818979388707	90.584
225.5	1.7263664991583914	73.196
226.0	1.9146945072650063	93.1
226.5	1.6947247185858618	100.589
227.0	1.6570938767126395	54.517
227.5	2.0393291895995187	129.307
228.0	1.9868203226168475	83.887
228.5	1.719402524541566	80.383
229.0	2.0233985413833517	121.211
229.5	1.5133209381804285	130.972
230.0	2.525680869281366	111.104
230.5	1.3173169896071406	100.745
231.0	2.0663385271143384	66.585
231.5	2.045765991437034	101.255
232.0	1.7498221367395617	61.624
232.5	1.581478886244743	97.831
233.0	1.563943673455947	41.596
233.5	2.306198863062786	111.099
234.0	1.8012859551118139	80.133
234.5	1.824463907901562	53.685
235.0	1.9296217619038614	47.601
235.5	2.3928989679537573	80.925
236.0	1.818266505563506	70.348
236.5	1.835108529084361	120.834
237.0	1.9520270099440684	90.815
237.5	1.8975747297975087	118.711
238.0	2.3787104274119213	148.881
238.5	1.6605063829586986	86.66
239.0	1.4917128236623491	161.761
239.5	1.7373988975770582	75.778
240.0	2.084973187809206	120.796
240.5	2.051306871366745	110.756
241.0	1.6038038415949434	138.918
241.5	1.823855381169188	79.604
242.0	2.1277164463229616	120.881
242.5	1.583003108292262	60.397
243.0	1.636574353153935	80.463
243.5	1.8400891809506248	90.564
244.0	1.66958717142269	100.602
244.5	2.2310135327599157	131.406
245.0	1.9194826253617028	80.842
245.5	1.5253876202238839	117.268
246.0	2.204803667181389	29.243
246.5	2.130310820750831	100.953
247.0	2.080522378197826	87.848
247.5	2.46454292684804	151.527
248.0	1.7190387031129324	80.576
248.5	1.9181808281725956	59.524
249.0	2.094303230766623	32.445
249.5	2.34511320853611	40.587
250.0	1.3339243196003938	161.047
250.5	2.105909788854936	115.714
251.0	1.7070565237001891	131.446
251.5	1.62098593123434	60.697
252.0	2.538834610151046	159.997
252.5	1.5224635950706742	90.604
253.0	1.7601818331566055	43.315
253.5	2.275347204168456	120.528
254.0	2.3851303933157433	101.294
254.5	1.5783855435443064	94.252
255.0	1.7302501844045406	70.383
255.5	1.9830752454599612	50.643
256.0	1.8394107604529104	100.544
256.5	1.7838296408216767	119.32
257.0	1.542346927032671	130.86
257.5	2.072355912009894	48.527
258.0	2.4002908136884225	90.516
258.5	1.4151450014563107	95.545
259.0	0.13489976179162688	72.986
259.5	8.520252597407344	100.598
260.0	1.8639113520868966	50.242
260.5	2.2327879737827554	100.657
261.0	1.34831569205476	50.204
261.5	1.5985325077094539	33.468
262.0	1.7975057485736334	126.303
262.5	2.047292223775149	100.623
263.0	2.5094601722752143	90.605
263.5	2.5028702377944176	68.332
264.0	2.047268206583132	100.516
264.5	2.3247304038081613	50.301
265.0	1.793153931424059	100.733
265.5	2.180109019909423	50.347
266.0	2.5111340704091294	20.234
266.5	1.6705623706627648	13.213
267.0	2.1723366670997413	32.236
267.5	2.090453397200624	170.275
268.0	3.022767260435196	64.757
268.5	2.116620730799874	40.305
269.0	1.8720753244459083	70.537
269.5	2.0047668334825532	90.401
270.0	2.6077906681164	40.32
270.5	1.3982494954968376	82.566
271.0	2.0623468468995414	120.908
271.5	0.1201387447498308	192.343
272.0	0.5268901315984789	678.537
272.5	3.081572082926102	250.437
273.0	3.4950592850563575	127.412
273.5	2.58877000249707	270.476
274.0	1.9085964918461829	414.958
274.5	2.1914315388774166	120.918
275.0	0.17670244363309232	12.772
275.5	7.882996236032106	268.899
276.0	1.4652435632638456	63.986
276.5	2.1802026923730886	111.391
277.0	7.393589040936273	190.504
277.5	1.7480170735316012	125.058
278.0	1.6461522348479103	11.399
278.5	1.7048067897609875	61.461
279.0	1.4646364830442558	90.589
279.5	1.8961688737021858	30.768
280.0	1.8417296083070729	191.793
280.5	1.2652649456762146	43.148
281.0	1.2030703177988575	120.807
281.5	2.618289884211769	40.76
282.0	1.871180831959964	30.153
282.5	1.7584321470957485	166.843
283.0	1.6936679357959559	20.237
283.5	2.010398954335773	60.609
284.0	2.0032836981614563	60.63
284.5	1.4871068830537995	130.861
285.0	2.164734899207004	33.274
285.5	1.9295944908756573	70.689
286.0	2.288292434116128	50.403
286.5	2.417842860782986	90.23
287.0	2.059634745734169	80.393
287.5	2.185601967947676	202.497
288.0	2.0462317575187554	110.594
288.5	1.939525640832255	50.458
289.0	2.592202711827346	20.268
289.5	1.9680005206546123	90.25
290.0	1.466956061015275	90.506
290.5	1.5907671655695326	60.242
291.0	1.9050515729094617	161.58
291.5	2.504706276385585	178.115
292.0	2.483909114870111	252.874
292.5	2.2108218096668484	44.526
293.0	1.9110849955005607	30.311
293.5	2.040429940163527	60.281
294.0	1.6611839477499533	141.707
294.5	2.582408701425244	74.507
295.0	1.855077326599043	30.135
295.5	1.9761895054403944	80.322
296.0	1.5303842037330246	259.614
296.5	1.9219008992745399	80.549
297.0	1.5701629156875	120.027
297.5	1.7980249777150719	222.434
298.0	1.8000512494861254	21.934
298.5	1.4742026447805459	25.813
299.0	2.5284597612313857	60.147
299.5	2.2458798526361505	153.75
300.0	1.928741865566486	227.202
300.5	2.0726403716126094	140.485
301.0	1.67022106925215	27.596
301.5	1.5264734549429777	56.627
302.0	2.09551328790253	259.878
302.5	2.291355190729986	42.454
303.0	2.257006099470424	141.136
303.5	1.5569192516065187	201.324
304.0	2.125005116026119	30.208
304.5	2.484392072539598	90.614
305.0	1.5679164449669698	227.412
305.5	0.13741468263281612	15.198
306.0	1.8982305102618688	148.061
306.5	1.7554493280423682	211.786
307.0	9.91195409488268	221.4
307.5	2.250681378605386	111.026
308.0	5.131457124298269	244.028
308.5	2.1188905615828952	152.449
309.0	2.6180749557350986	100.779
309.5	2.142334066373887	262.88
310.0	1.8206963446224114	100.723
310.5	2.2319465777341727	121.978
311.0	2.176153309848372	20.347
311.5	1.593918165321662	120.962
312.0	1.840060289765938	90.692
312.5	1.4872926160525886	141.611
313.0	1.7061740537005083	70.597
313.5	2.942683058272873	110.805
314.0	1.7842759135358404	70.49
314.5	1.4927926928455943	108.22
315.0	1.711569466652222	70.501
315.5	2.4866720811573995	356.903
316.0	1.976427378965732	90.527
316.5	2.0540658013385618	100.871
317.0	2.2779211516899864	80.468
317.5	2.7894249212409497	323.681
318.0	1.879776216685677	77.111
318.5	1.5424626187686952	90.417
319.0	1.7617718757180518	44.677
319.5	2.663316053533679	91.487
320.0	1.4350318121384347	140.839
320.5	1.9085716148730492	48.108
321.0	2.308746473824085	90.384
321.5	1.5362768433353606	222.206
322.0	1.6356777000943403	33.65
322.5	2.578908296095255	107.017
323.0	2.629383327724877	60.516
323.5	1.56731829232866	141.123
324.0	1.388583396931795	202.331
324.5	1.7420887942678496	80.437
325.0	1.9611777106729364	35.082
325.5	1.9488343619197028	50.663
326.0	2.5673473662137547	40.647
326.5	1.5486621031324734	90.432
327.0	1.6542631942244252	39.995
327.5	1.3225119585197138	100.512
328.0	1.6061756584575495	117.807
328.5	2.0033217768999365	68.67
329.0	1.6188372488076632	60.323
329.5	1.9609952671908035	110.739
330.0	2.389455794287657	11.445
330.5	2.4894990020687273	120.916
331.0	1.7792388960848877	43.07
331.5	1.6506769745301026	110.8
332.0	1.292063856237645	30.216
332.5	1.744258962140376	171.6
333.0	1.776837188037718	41.961
333.5	1.9364827573596728	90.566
334.0	1.929855731954712	60.439
334.5	1.6690034396615403	194.455
335.0	2.0904212412710246	36.802
335.5	1.5301755067907217	58.479
336.0	1.8402265208469122	80.413
336.5	2.095281213772461	106.315
337.0	2.3780395916262504	65.142
337.5	1.7321465843152417	48.04
338.0	2.231704422818071	60.285
338.5	2.0512665178419454	87.709
339.0	2.276439955477253	60.308
339.5	1.8822959809931372	60.698
340.0	1.3078711417076239	151.05
340.5	1.6589936986644782	97.68
341.0	1.727792509495471	60.441
341.5	2.2282241247103993	245.293
342.0	2.2766253140186667	18.496
342.5	2.754878982956048	187.024
343.0	1.8110357351432231	45.694
343.5	1.8202939238707971	60.443
344.0	1.6176207074022304	45.04
344.5	2.2328536999931674	108.571
345.0	2.6348585273518044	40.654
345.5	1.8891139168366244	171.242
346.0	1.6217203034068566	90.741
346.5	1.6677686559197495	141.052
347.0	1.684146966521998	51.562
347.5	2.215052371335693	117.149
348.0	1.990583529157219	90.503
348.5	1.9525164608333885	110.883
349.0	1.7882941644236228	34.705
349.5	1.8572927618399941	80.394
350.0	1.8391487570382052	56.559
350.5	2.0409416011549735	51.057
351.0	2.3179235610707916	99.118
351.5	1.8057571462768454	78.338
352.0	2.1263005098458634	53.723
352.5	2.370635307000378	75.815
353.0	2.189841175840108	70.48
353.5	2.1353904453194534	131.047
354.0	2.0538757517617996	20.198
354.5	1.995499547489622	80.653
355.0	1.5517335786696014	80.726
355.5	1.787539249537563	88.713
356.0	2.159472874272053	45.347
356.5	1.9762890066976537	70.708
357.0	1.7434085961697174	134.906
357.5	2.370660331576294	119.838
358.0	2.1216899629445285	59.235
358.5	1.8521364668855906	33.8
359.0	1.5942542807325875	106.457
359.5	1.9959843154374395	91.022
360.0	1.8680907963305846	58.297
360.5	1.9303455670941645	100.007
361.0	2.0817803191060595	170.339
361.5	1.7082057085158415	161.161
362.0	1.9112359252747613	150.964
362.5	2.3133334144782354	191.807
363.0	2.0950020373985456	150.342
363.5	1.6120609069133678	103.637
364.0	2.0816072620298094	445.314
364.5	2.863400191852025	166.391
365.0	1.4820527862319222	100.737
365.5	2.0374073713129275	181.472
366.0	2.6956578412022876	136.854
366.5	2.043667999431546	105.353
367.0	1.4847349717011962	80.749
367.5	1.69510611417521	105.006
368.0	2.094756583213268	30.225
368.5	2.0655437100204574	76.945
369.0	2.524280457897431	115.146
369.5	2.171234358977996	129.18
370.0	1.7746631894785079	364.224
370.5	1.913311488343078	24.15
371.0	1.8361697956445533	90.701
371.5	2.291928716855584	60.645
372.0	1.8162200722912185	363.855
372.5	1.4376591742550107	60.493
373.0	1.9453948628060518	18.508
373.5	1.6331146786411477	70.391
374.0	2.5112240853465675	227.662
374.5	2.426180867457771	70.473
375.0	1.6067447946632865	70.874
375.5	2.327108948722334	87.092
376.0	2.1279639016361145	152.075
376.5	1.940719565649039	10.578
377.0	2.033252166038141	130.773
377.5	2.1844029782334458	130.853
378.0	2.2234720178896166	120.978
378.5	2.2559653405353397	60.709
379.0	2.1084416959322487	60.28
379.5	1.6976637854009338	60.347
380.0	2.2836941315989936	151.454
380.5	1.8068730742796217	80.637
381.0	1.8862720253762464	130.827
381.5	2.1975701286130636	73.308
382.0	2.1320553985504094	235.541
382.5	1.654684697453781	30.216
383.0	2.012191315486892	104.063
383.5	1.952711362772797	60.437
384.0	1.656798742692899	174.016
384.5	2.2052376871470862	27.511
385.0	1.997899420204033	79.87
385.5	2.331740358275759	15.7
386.0	1.4862641236611895	211.853
386.5	1.6488571257498827	130.953
387.0	1.7882666913463237	141.064
387.5	1.7309988990679597	98.83
388.0	2.0112451431917786	141.403
388.5	2.164645168063372	40.438
389.0	1.7925153387772481	80.605
389.5	1.5879044585290476	30.294
390.0	2.117185301145143	131.379
390.5	2.447549455604218	117.116
391.0	1.803269272609817	130.844
391.5	1.5134741914877774	46.103
392.0	2.172334716610573	137.969
392.5	1.8248773911506753	40.253
393.0	2.2882013995548087	110.737
393.5	1.8113238074323714	55.131
394.0	2.057597859905015	233.027
394.5	1.7508113478474892	70.974
395.0	1.6512245607102984	80.124
395.5	1.4191464154986957	80.407
396.0	1.5271278836989413	110.739
396.5	2.0750046187556737	61.746
397.0	2.574893946022139	110.814
397.5	1.7767169401078227	100.67
398.0	2.228354138358064	114.908
398.5	2.0508858561099084	30.338
399.0	1.8959019360250955	80.63
399.5	1.9210670439180928	80.667
400.0	1.6460160935481956	161.435
400.5	1.883974927316508	74.205
401.0	2.702523223480359	177.281
401.5	1.920985456832827	95.82
402.0	1.832448373446712	252.546
402.5	1.9838701269768464	70.335
403.0	2.1600860444894168	258.492
403.5	1.8762338995160426	60.387
404.0	1.7585668442522997	201.686
404.5	1.8229139007051491	43.646
405.0	2.030434198329145	60.132
405.5	2.193135178866502	211.464
406.0	1.9008698298950422	202.269
406.5	1.9590037920304666	80.683
407.0	1.6873884101230687	111.646
407.5	1.7166976840325283	61.217
408.0	1.6016131973117402	121.3
408.5	1.869423884075416	121.346
409.0	2.1852755048679513	40.286
409.5	1.6999112016072764	164.883
410.0	2.1650734196075736	192.186
410.5	1.7628063591536864	101.55
411.0	1.8728557916426531	455.614
411.5	2.1653528024240476	153.165
412.0	2.437347354604708	122.833
412.5	2.1837765884354052	67.329
413.0	2.0849556564877645	78.197
413.5	2.6413326933004084	383.267
414.0	2.0272059193364975	60.158
414.5	1.6788989232830829	222.554
415.0	1.884157632361891	60.584
415.5	1.632873563808143	204.089
416.0	2.3774088267518425	179.336
416.5	1.849645416022355	11.228
417.0	2.3005938895584523	395.678
417.5	1.9800777399615874	60.354
418.0	2.2278525203495043	50.044
418.5	2.4410491007398964	324.474
419.0	2.2819373411293333	304.385
419.5	1.928753050484637	100.424
420.0	2.017468691881201	108.84
420.5	2.014456599783922	60.79
421.0	1.886932543243822	120.82
421.5	1.8568965792942491	313.959
422.0	1.8617893047309493	140.846
422.5	1.9405257859176057	140.984
423.0	1.8982483016708602	70.51
423.5	2.189007662651897	345.684
424.0	1.9271392611721307	171.783
424.5	2.2505236230607846	50.368
425.0	2.1984615441887594	80.927
425.5	1.8287570788926244	280.431
426.0	3.1968099583715888	60.739
426.5	2.2532399381155255	20.265
427.0	1.6161728376164917	162.489
427.5	1.7033069813527093	88.383
428.0	2.0892573221022697	213.018
428.5	1.6152305455913536	108.748
429.0	2.160361794611886	130.804
429.5	2.2352563292514382	262.64
430.0	2.068910471835796	95.527
430.5	2.056182388904242	283.034
431.0	1.685195725844476	422.239
431.5	1.9534748184473458	221.496
432.0	1.7102235875657246	120.857
432.5	1.3095730066410272	703.218
433.0	0.17231729448167568	703.218
433.5	2.484889289232291	269.432
434.0	2.166232437205915	160.258
434.5	2.710063678024107	150.587
435.0	1.6277908193683708	97.222
435.5	1.6206504089410898	185.201
436.0	2.1100534504162822	303.543
436.5	2.0553318077101737	194.921
437.0	1.8820855109557515	121.125
437.5	1.4933236046708118	151.156
438.0	1.8140218998439872	292.714
438.5	1.8278374309470051	151.963
439.0	1.9486236762519975	313.077
439.5	1.7357445711580668	108.547
440.0	1.4218983998765626	296.148
440.5	1.2606490377325112	140.995
441.0	1.929074448548166	165.631
441.5	1.673757745550548	60.524
442.0	2.1762565846208823	273.046
442.5	2.046744525717397	91.003
443.0	1.6157013599505212	136.094
443.5	1.5881281151848516	30.35
444.0	1.4809445849166716	212.096
444.5	1.8921310852187574	60.461
445.0	1.5208380773626142	42.195
445.5	1.8422585838997285	434.734
446.0	1.9203352977028016	171.878
446.5	1.6205123532777708	77.752
447.0	2.3586949411579696	196.759
447.5	1.9960614147651554	50.701
448.0	1.9641429619777364	192.026
448.5	1.488563678663493	84.789
449.0	2.0493225896637774	174.399
449.5	1.8397211171822263	11.619
450.0	2.0377735776234314	172.14
450.5	1.6104493364942238	60.404
451.0	2.3734754067494497	394.5
451.5	2.0908256344464973	70.436
452.0	1.8348249133268246	173.055
452.5	2.330011741863859	111.121
453.0	2.1457672893776354	444.79
453.5	1.796073707035959	20.147
454.0	1.618201600344691	211.55
454.5	2.1708739469793814	60.272
455.0	2.6654527764355564	262.644
455.5	2.419296623797418	42.622
456.0	1.7201970058634277	70.414
456.5	1.9051138714812654	151.69
457.0	2.215741683855491	471.494
457.5	2.328480249533052	70.322
458.0	1.6465864606460134	181.335
458.5	2.0710004320354334	90.627
459.0	2.389218475628434	50.369
459.5	2.6614347223198243	173.758
460.0	1.8998270459548314	252.553
460.5	1.9488645199053845	70.448
461.0	1.9711354757559936	226.911
461.5	2.4426835747112703	101.363
462.0	1.888693719196776	232.44
462.5	1.4307508274718466	232.317
463.0	1.5245165660337745	50.391
463.5	2.131866410812891	142.737
464.0	1.7545987136597017	90.684
464.5	1.73373427083566	151.269
465.0	2.02258976291606	110.544
465.5	2.059180471410265	143.356
466.0	2.576320490949557	110.689
466.5	2.254707306351618	242.539
467.0	2.1288212715187393	162.523
467.5	1.962289957362987	36.994
468.0	2.2177907536899806	272.929
468.5	2.203442472572858	111.512
469.0	1.7229819397232975	343.873
469.5	1.4998213519061205	70.512
470.0	1.742598205827032	90.403
470.5	2.217155912636601	132.047
471.0	1.8663879909448684	161.426
471.5	2.2248952640505504	80.459
472.0	2.029041844456008	151.491
472.5	1.8800293696878494	50.314
473.0	2.1889329437097147	393.72
473.5	1.5127314734669535	60.49
474.0	1.7809314466721178	80.269
474.5	2.1733368506765296	242.608
475.0	1.568789049427519	20.275
475.5	2.624111440510505	444.839
476.0	2.0706938701051896	141.042
476.5	1.6242227119427595	90.733
477.0	1.834227736368404	131.044
477.5	2.065153069339157	130.999
478.0	1.4229053614302951	21.465
478.5	1.3466307631009695	172.012
479.0	1.9930747915675597	252.52
479.5	1.805636554084638	60.326
480.0	2.371108491902042	90.599
480.5	1.90954616017859	154.01
481.0	2.435603867990601	300.284
481.5	2.3252180881054842	91.396
482.0	1.63872308306716	125.292
482.5	2.396900911296475	313.172
483.0	1.6550765572965185	323.182
483.5	1.7036760353667744	60.278
484.0	1.579282541423053	90.713
484.5	1.8413803373960296	489.847
485.0	2.1849202043615423	44.966
485.5	1.713320017886968	501.751
486.0	1.6348917899296531	90.706
486.5	1.581658502831564	596.636
487.0	2.406525765809545	50.454
487.5	0.47315663725939205	723.482
488.0	1.8952724160129493	72.765
488.5	1.3774674318472193	797.316
489.0	2.1544433056867325	70.409
489.5	2.1374164262608644	361.704
490.0	1.9499587380644838	41.473
490.5	3.3216148642009995	269.318
491.0	1.614751173269921	90.449
491.5	2.269992870333383	60.336
492.0	1.872635806487873	100.903
492.5	2.250495273989643	29.769
493.0	1.566784300709796	50.727
493.5	1.7686005341093982	30.162
494.0	2.5759034513516004	30.326
494.5	1.592055365383259	10.777
495.0	1.0880097952019936	653.289
495.5	2.241126453596576	30.321
496.0	2.1792465231102374	464.914
496.5	1.5486107789182681	30.538
497.0	1.8554026216644974	137.429
497.5	1.7717968131648802	110.943
498.0	2.1138579772747437	60.478
498.5	1.619295219726744	80.531
499.0	1.932280336654671	66.983
499.5	2.5794734974880043	30.243
500.0	1.9042535407303576	100.623
500.5	1.6573354531378155	100.653
501.0	2.1748657519580745	181.697
501.5	2.328707971091345	30.296
502.0	1.7873238159316462	173.847
502.5	1.7370612812786541	130.856
503.0	1.9883047825213878	212.207
503.5	1.5593342923291502	80.45
504.0	1.8952067576231837	192.103
504.5	1.9829211001722606	97.949
505.0	2.540406682699878	181.961
505.5	1.9916398691358412	130.924
506.0	1.3838350288702468	111.081
506.5	2.3059315433706797	46.942
507.0	1.9527417122284028	136.373
507.5	1.8488579825661635	20.193
508.0	1.7963073686352717	191.79
508.5	2.2773057970440678	76.122
509.0	2.3589959027226826	218.077
509.5	1.7542432406868704	104.038
510.0	2.5481303679366376	110.949
510.5	1.8690827103254177	66.404
511.0	1.8846176323634685	181.585
511.5	1.8106152777674542	90.503
512.0	2.068514883284642	181.898
512.5	2.5195693893332285	101.108
513.0	1.7465033370418874	208.387
513.5	1.66687216768262	100.588
514.0	2.086202844936289	120.79
514.5	2.2340626236452925	40.189
515.0	2.0784452706678698	121.383
515.5	1.722171933249934	50.417
516.0	2.5227099941083804	60.516
516.5	1.6056711834964712	110.634
517.0	1.6512968218550514	63.807
517.5	1.9092941429677972	10.494
518.0	2.1539873987140497	80.91
518.5	1.610661191850615	70.875
519.0	1.9016268037785766	212.669
519.5	1.5962031448335894	15.143
520.0	2.3289899949640525	191.711
520.5	1.8437564213275295	10.843
521.0	2.115018929311309	141.41
521.5	2.2256860378117613	72.448
522.0	2.6235290938820124	141.471
522.5	2.035796801576247	78.075
523.0	1.6457537486386742	141.408
523.5	2.47886554559366	30.833
524.0	2.037787429644455	90.544
524.5	1.6056075147521098	72.094
525.0	2.219142661364244	44.715
525.5	2.6441344413276444	30.364
526.0	1.6775411131983293	133.611
526.5	1.7543613479485107	70.516
527.0	1.8975138013884632	50.739
527.5	1.6751402888553408	60.388
528.0	2.5050478107231213	90.931
528.5	2.0184491463537966	40.268
529.0	1.789580727973178	146.408
529.5	1.8306646799045254	55.484
530.0	1.5461215436119131	252.45
530.5	1.631775119682527	100.846
531.0	1.8404368516114966	252.934
531.5	2.205549306461768	111.191
532.0	1.749579767951311	211.979
532.5	2.117588943763614	41.41
533.0	1.9244543080490812	151.796
533.5	1.775212610942119	100.654
534.0	1.82902019726567	249.678
534.5	1.6623412271756086	40.544
535.0	1.5424214991138856	272.891
535.5	1.8729550724998458	90.628
536.0	1.910479866976558	191.912
536.5	1.983248767205448	64.701
537.0	2.098728465305056	231.663
537.5	2.0834817347786565	110.619
538.0	1.7102913853068975	151.446
538.5	2.1472418880055337	35.99
539.0	1.7463161235124056	181.601
539.5	2.1797212400642914	43.528
540.0	2.1601057940955894	161.137
540.5	1.7286266972154254	40.613
541.0	2.3751337273092203	288.972
541.5	1.850052189489422	70.487
542.0	2.1296872505932227	80.692
542.5	1.4140953329536028	102.254
543.0	1.8563693906785421	161.72
543.5	1.965292282600051	60.546
544.0	1.9083611483583758	137.198
544.5	2.1029651695947345	62.566
545.0	1.7065182214682566	100.896
545.5	1.6196454620786784	110.848
546.0	2.378565104396607	130.852
546.5	2.0319561574732963	80.413
547.0	2.1450450345247054	111.008
547.5	1.7810726230071525	43.314
548.0	1.5902332295686228	146.23
548.5	1.8793447671022454	60.534
549.0	2.026824701505716	152.235
549.5	2.141747293642356	70.361
550.0	1.8319894680743714	221.293
550.5	2.109502057264031	60.675
551.0	1.6944282503323453	190.656
551.5	1.7774391944232497	70.023
552.0	2.24527751790938	202.213
552.5	2.144802658963331	86.875
553.0	2.1399817729184063	103.429
553.5	1.9533813685381114	110.501
554.0	1.5011131458583444	79.519
554.5	2.372549354554673	70.375
555.0	2.0036290524643423	110.953
555.5	1.9083561026110492	120.741
556.0	2.0567126803445457	105.7
556.5	1.8249587195583021	20.29
557.0	1.8627331693464428	241.444
557.5	1.7741109930001737	90.852
558.0	1.598789404379883	141.914
558.5	1.636133494821778	60.463
559.0	2.305282618730505	151.621
559.5	2.3640604018968947	79.755
560.0	2.3065952092802813	131.269
560.5	2.0492316852273227	110.741
561.0	2.2367819454467868	239.93
561.5	2.043239078858877	30.247
562.0	2.026342409623588	161.829
562.5	2.2262647145434875	100.729
563.0	1.389036941786196	195.155
563.5	1.872125205007328	94.296
564.0	1.7714480069775225	181.717
564.5	2.533671766856276	11.766
565.0	1.9952035380270008	131.574
565.5	1.9968121083657282	100.54
566.0	2.1417853095307984	90.544
566.5	1.9194844008059324	10.562
567.0	2.240286587800759	81.011
567.5	2.3018743165935374	100.936
568.0	1.6569560454103338	131.434
568.5	2.1979674086582657	141.274
569.0	1.5981859648854508	146.267
569.5	1.7929033549527662	36.742
570.0	1.783476727757557	73.366
570.5	1.489667831347399	88.594
571.0	1.778791505738101	120.791
571.5	1.6543630982910975	60.479
572.0	1.6115965434973512	151.241
572.5	1.299371388747088	45.318
573.0	1.5997490015376137	194.303
573.5	1.6031658889920202	100.764
574.0	2.108982864562713	141.615
574.5	1.7682312851040274	102.44
575.0	1.9606916555857836	282.709
575.5	1.7431836117091797	140.938
576.0	1.9584505535394803	232.591
576.5	1.8075801654461086	54.268
577.0	2.1185922579448158	237.999
577.5	1.958725402196503	120.555
578.0	1.8676028564148106	252.545
578.5	1.8915949121649178	80.617
579.0	1.5940060351996734	161.991
579.5	1.9745756951429265	80.37
580.0	2.242055667479395	151.066
580.5	1.8147125044296961	151.074
581.0	2.2805013654755713	171.051
581.5	2.175891084183624	60.513
582.0	1.9484119657597565	131.255
582.5	2.0613263242826383	52.955
583.0	2.4056588385534736	30.232
583.5	1.8766476520912034	131.534
584.0	1.8985898355470123	141.134
584.5	2.15025834761856	80.489
585.0	2.1463550041951422	171.833
585.5	2.0109844930365437	56.691
586.0	1.4238589685058658	140.932
586.5	1.884480753666916	140.881
587.0	1.5955050460170703	80.523
587.5	1.5520919006110532	141.471
588.0	2.2440835946948323	23.041
588.5	2.1966593561543943	218.874
589.0	1.3387549532754213	130.811
589.5	1.5054626005941627	170.309
590.0	1.6044214268980226	188.746
590.5	2.1643553477396376	57.914
591.0	2.4918474730544515	151.653
591.5	2.058360292948449	64.868
592.0	2.058627941471289	120.658
592.5	1.6507048822467063	30.718
593.0	2.196161196296252	235.672
593.5	1.5163116495653441	46.931
594.0	2.2224185134928676	91.368
594.5	2.2214871488516894	61.17
595.0	1.4167930413752898	100.571
595.5	1.5017312063464359	171.873
596.0	2.3726441393438833	199.474
596.5	1.9707470858690261	90.47
597.0	1.840447955456019	80.793
597.5	2.0501194257830457	161.68
598.0	1.503249488840004	46.545
598.5	1.2773250533037053	164.076
599.0	1.4824512594169914	154.893
599.5	1.5022285652442626	21.45
600.0	1.5879637330362018	125.646
600.5	1.5951034363586323	85.906
601.0	2.009158797700877	80.595
601.5	1.9041004495752605	101.255
602.0	2.1225902534461887	136.574
602.5	1.9313215115445204	60.378
603.0	1.6886159666566218	163.193
603.5	2.2777324354118824	80.557
604.0	2.2603071112235367	111.312
604.5	1.8246753737188082	30.197
605.0	1.6032412570216898	191.641
605.5	1.609132550885492	40.243
606.0	1.8282628140233461	134.772
606.5	1.9696091829112574	89.463
607.0	1.9321126597832616	151.128
607.5	1.9103685624853601	90.752
608.0	1.8919485561939755	131.5
608.5	2.1024146171056683	192.34
609.0	1.5723832472890749	23.451
609.5	1.5761982950354019	211.873
610.0	2.3555788503883317	110.761
610.5	2.237220889105496	12.874
611.0	1.7247165087303091	169.628
611.5	1.5820903968546516	41.749
612.0	2.2504912366320284	92.776
612.5	1.6405378565113673	30.229
613.0	2.227166148464397	102.758
613.5	1.9186067501186546	133.251
614.0	2.1956428725601214	90.807
614.5	1.6450264632086202	41.606
615.0	2.5006899293414087	113.738
615.5	2.2775632558537366	167.711
616.0	1.9901171548234249	201.336
616.5	1.4264550657865809	229.272
617.0	2.510713549153934	223.702
617.5	2.4375168616706544	151.516
618.0	1.5895531275423194	139.776
618.5	1.7682756973652807	61.974
619.0	2.32401676314358	161.253
619.5	2.432351647040552	120.901
620.0	1.8695302873707722	66.226
620.5	1.7179958728675617	173.323
621.0	2.7427051615047526	81.101
621.5	1.7852626639206401	192.209
622.0	2.0492886628730482	100.843
622.5	1.6319501892637265	100.937
623.0	2.432995205745661	100.829
623.5	2.137035567306133	40.422
624.0	2.2612492463992098	195.543
624.5	1.9520021299255832	50.008
625.0	1.9110619481588103	90.177
625.5	1.4955633146944958	153.78
626.0	1.8372052367974736	202.365
626.5	2.572855731219117	30.193
627.0	1.4119169509272846	150.568
627.5	1.439687588764031	80.713
628.0	1.8852896631965428	70.363
628.5	1.6485536599979522	40.336
629.0	2.1326124304357776	90.961
629.5	1.8812471896666443	91.263
630.0	1.8294532976706768	161.802
630.5	2.0269864605303876	80.771
631.0	2.2207184410514516	30.154
631.5	2.328808187130708	182.102
632.0	2.203087603037375	70.425
632.5	1.8341356294500324	61.206
633.0	2.1563112672747318	30.176
633.5	2.1822159726553907	60.278
634.0	1.5283427388627386	100.731
634.5	1.4693929601608582	100.681
635.0	2.081522877344707	122.173
635.5	1.84343602681356	47.112
636.0	2.127680825776249	70.435
636.5	2.0080792885507783	70.631
637.0	1.8926720157088666	60.615
637.5	1.9472284038039107	111.38
638.0	1.8469080224045538	111.259
638.5	2.129232176319624	50.905
639.0	1.7821328835583479	60.275
639.5	1.7409384835459254	161.332
640.0	1.829831079535917	131.584
640.5	1.8940591366261923	50.418
641.0	1.6757180940418583	139.569
641.5	1.771056716199202	110.757
642.0	2.193531416743584	129.576
642.5	1.5967129308792645	70.514
643.0	2.1350430421296775	141.225
643.5	1.6848865170661982	99.139
644.0	1.6524428061869212	126.954
644.5	1.4093495319999911	130.949
645.0	1.804028113608076	141.028
645.5	1.3014357724612506	141.028
646.0	2.130142880885079	28.323
646.5	1.8706149365396814	91.347
647.0	1.4362321046715623	80.586
647.5	1.414661325165513	100.676
648.0	1.6159880311850174	70.682
648.5	1.6510071932570158	70.669
649.0	1.6431674216601473	98.014
649.5	1.6646211093240006	50.296
650.0	1.770997525573458	11.347
650.5	1.754239930522305	60.089
651.0	2.142376359419951	56.201
651.5	2.072732483368021	50.295
652.0	1.8249157988074383	80.597
652.5	1.920361648964942	80.524
653.0	1.3641478688444764	151.028
653.5	1.4892499195946924	130.939
654.0	1.794453320075854	88.448
654.5	1.692722127174216	51.756
655.0	1.8121093983410799	68.97
655.5	2.060856184278116	10.688
656.0	1.6964368643428689	85.615
656.5	1.5170754939046593	80.072
657.0	2.547623544295091	138.512
657.5	1.9999960478266319	133.708
658.0	1.8491695694962542	102.805
658.5	1.8654414713804572	30.256
659.0	1.8351787512754105	50.505
659.5	1.4663997279226286	30.338
660.0	1.6837571509294482	45.978
660.5	1.8880273564153813	95.995
661.0	1.5781509281167447	24.331
661.5	1.448307075840997	106.377
662.0	1.5019881180571109	85.122
662.5	1.5134689415563658	80.868
663.0	1.2304717130317613	117.452
663.5	1.6692660135977706	130.554
664.0	1.5751933310684474	132.268
664.5	1.7097443858466954	130.886
665.0	1.862448022066899	90.702
665.5	1.8232372163350055	90.783
666.0	2.413056943016766	121.517
666.5	1.9527368764910178	121.525
667.0	1.4307800511717905	130.6
667.5	1.6443782021929685	50.378
668.0	1.7083493764976425	21.678
668.5	1.8562830755029813	79.685
669.0	1.9669032291389872	41.251
669.5	1.9262719726273032	110.703
670.0	2.3992543884339836	50.262
670.5	2.0445981936996924	30.468
671.0	1.177676577289852	120.787
671.5	1.4005854533970938	120.83
672.0	1.604909157310294	146.681
672.5	2.0900551250549895	20.187
673.0	1.4018715339156789	140.09
673.5	1.4418292085924695	53.5
674.0	2.0439163161397	160.985
674.5	1.972711877910064	42.954
675.0	2.0803891969613386	50.435
675.5	1.7117221286229996	143.651
676.0	1.4157049715381935	70.559
676.5	1.7742778905844652	102.065
677.0	1.2931991970039307	161.112
677.5	1.8253263794210248	64.588
678.0	1.7515523786177671	134.635
678.5	1.8970960817408233	120.895
679.0	1.512727038229738	54.712
679.5	1.9446932598986257	53.818
680.0	1.1739133826067636	100.668
680.5	1.4297198581746982	60.387
681.0	1.6783077161831363	51.222
681.5	1.8475138584609094	145.422
682.0	1.9041162821452302	141.444
682.5	1.4712054939611563	90.583
683.0	1.6212333556882306	20.369
683.5	1.3538800563817681	60.823
684.0	1.5147151219942379	100.692
684.5	1.5443077009766466	100.521
685.0	2.0792723584510124	62.737
685.5	1.9793804866881894	110.524
686.0	1.5994884712492612	90.434
686.5	1.6450168773269982	90.471
687.0	2.021283866107153	87.597
687.5	1.6165954052611355	70.497
688.0	1.5785498811495309	141.879
688.5	1.329724382198111	50.381
689.0	1.907400914645725	80.508
689.5	1.7296514076721792	60.46
690.0	2.237015381411057	77.639
690.5	1.7413520127558877	82.248
691.0	0.12468650634655153	8.683
691.5	1.6989455528992792	136.177
692.0	1.5868483843781072	37.39
692.5	8.174147211329945	50.548
693.0	2.1369152946920216	108.494
693.5	2.3927295831920046	80.675
694.0	1.783971422027876	13.814
694.5	1.4254787793829344	18.597
695.0	1.9942610052280882	113.264
695.5	1.7661032807016472	10.007
696.0	2.0383266246813396	123.289
696.5	1.5822231056861444	161.28
697.0	1.5458540221834987	50.326
697.5	1.6460116285336934	161.116
698.0	1.5257712406768273	49.141
698.5	1.842775813494933	10.038
699.0	1.825194860376368	70.256
699.5	2.338488130505299	110.153
700.0	2.1968677598951714	89.028
700.5	2.0295734851670746	110.53
701.0	2.199208912634715	110.509
701.5	2.2958893080569696	30.187
702.0	1.948350850563645	8.494
702.5	1.9877207527171348	70.247
703.0	1.873765921021832	230.029
703.5	1.3368583729749692	105.98
704.0	1.532465577975553	114.278
704.5	1.3474296445578173	151.304
705.0	1.9294077984875875	110.699
705.5	1.5470611025022005	122.379
706.0	1.4858455572669114	110.668
706.5	2.0178790638176856	30.207
707.0	1.9455404706649868	120.646
707.5	1.605173203018859	120.786
708.0	2.38530017297611	100.451
708.5	1.881677340840219	80.572
709.0	2.1346435101036008	107.514
709.5	1.2793070733807617	129.389
710.0	1.7806292339743721	92.416
710.5	1.7015669710523864	110.386
711.0	2.001399559354898	144.566
711.5	2.226347309898946	68.795
712.0	1.7468124114955754	30.343
712.5	1.6185871764447022	81.41
713.0	1.3332296850682346	130.794
713.5	1.5553666949747442	119.057
714.0	1.509386080471966	150.85
714.5	1.9202407493537816	49.354
715.0	2.059526837174269	50.435
715.5	1.9309306804486766	100.541
716.0	1.4286699150163642	37.057
716.5	2.0360055765014216	100.724
717.0	2.2576633276604223	100.755
717.5	1.52386305228854	100.769
718.0	1.875693794563933	100.772
718.5	2.0243153458257153	111.126
719.0	1.7381343717606337	50.14
719.5	2.001812223004988	50.238
720.0	1.2968194004268434	110.428
720.5	1.41081141984858	110.537
721.0	1.2016400961006162	110.486
721.5	1.5401826961672056	91.002
722.0	1.6450643658249589	20.213
722.5	1.8285217225667487	83.093
723.0	1.6175171770579237	30.152
723.5	1.6161900150098942	161.289
724.0	2.196930320084723	30.225
724.5	1.7072827569933144	9.737
725.0	1.6984194498947618	114.421
725.5	1.7134368644337254	78.79
726.0	1.3678656413140606	80.743
726.5	1.8927015375052518	59.919
727.0	1.6522558029908743	80.7
727.5	1.5907657157204573	30.196
728.0	1.511804632613868	130.683
728.5	1.7520057351927698	130.648
729.0	2.586041199140149	39.855
729.5	2.900491663926098	46.007
730.0	2.1170352832982124	40.657
730.5	1.3813541382215304	80.724
731.0	1.4996018884500273	100.572
731.5	1.1756378184421645	69.992
732.0	1.9640218647197616	10.151
732.5	1.9908988382629913	70.394
733.0	1.5472748660857263	70.468
733.5	1.419416674627408	120.96
734.0	1.8127144217637234	90.786
734.5	1.9663018324323784	118.281
735.0	1.9827634641528644	131.289
735.5	1.705998680768619	181.217
736.0	2.2459544849605946	127.438
736.5	1.7499309639176566	130.782
737.0	1.7169516806612346	30.204
737.5	1.5354653812807246	90.622
738.0	1.9640045150632852	90.724
738.5	1.8635649978606772	70.318
739.0	2.4900149613822937	96.75
739.5	1.922459514832286	29.803
740.0	1.9160529176949925	111.56
740.5	1.5862297370753573	30.355
741.0	1.7697463613598856	262.175
741.5	1.4665300123620957	31.978
742.0	1.355624150345915	279.101
742.5	2.7982345517216367	110.721
743.0	2.6798808792381785	80.89
743.5	1.9512441405778922	64.322
744.0	1.9462945345509095	10.236
744.5	1.4496557531931291	90.44
745.0	1.5698971319092485	90.392
745.5	1.6928787871045679	80.629
746.0	1.4099257146475506	100.506
746.5	2.3326392702017276	90.59
747.0	2.5806266812099916	97.69
747.5	1.6675445953153138	30.201
748.0	1.6790415966050394	37.305
748.5	1.5568781499276663	90.619
749.0	1.932694872324731	120.759
749.5	1.9485788390484047	156.736
750.0	2.054991229253444	30.199
750.5	1.9094589760696505	90.446
751.0	1.888322317821844	19.546
751.5	1.6427024664311556	9.896
752.0	1.4596838988209435	150.88
752.5	1.9333480177161015	110.738
753.0	1.86239194277834	252.805
753.5	2.00095615939021	50.352
754.0	1.613613561724962	41.11
754.5	2.2465420221371954	30.226
755.0	2.26909668981908	64.534
755.5	2.1223864795355616	60.552
756.0	1.8273845166998843	77.603
756.5	1.857262977254722	30.166
757.0	1.6883010813037882	171.162
757.5	2.1966469384205753	100.307
758.0	2.00180135311814	83.325
758.5	2.201497495161057	30.142
759.0	2.4868655987234543	161.329
759.5	2.1709052212652313	80.622
760.0	2.171831437833271	152.031
760.5	1.8949682548977749	30.268
761.0	1.778792442880382	107.668
761.5	1.9094948737942006	64.57
762.0	1.913191750540185	154.754
762.5	1.842861578221619	80.741
763.0	2.3339980652880974	80.773
763.5	1.9900817136867395	50.151
764.0	2.10119313216455	81.039
764.5	1.8302537966557684	90.919
765.0	1.9583092083323912	110.963
765.5	1.5223275613489047	30.432
766.0	1.6541342995164443	115.277
766.5	2.2301053209681436	81.629
767.0	2.36719981648402	20.245
767.5	1.3513134111017893	60.385
768.0	1.6362985394499598	90.567
768.5	1.523017121681273	67.977
769.0	1.3745697844839733	20.147
769.5	2.2181618342713594	42.533
770.0	1.9927543547292141	87.151
770.5	2.409055041298936	87.537
771.0	1.8669760630971377	60.483
771.5	1.1452143801203223	10.152
772.0	1.5384088807796927	34.134
772.5	2.092610448870458	102.779
773.0	2.5245410207137238	10.709
773.5	1.9632042393042237	90.519
774.0	1.6195434916109632	90.501
774.5	1.367625969621737	8.608
775.0	1.623172694561761	151.091
775.5	1.8808543867327325	180.953
776.0	2.154527014997744	10.665
776.5	2.1054457618523785	130.888
777.0	1.7810209834524324	90.707
777.5	1.8889396224951405	40.071
778.0	1.6174452868747742	101.211
778.5	2.705335344230336	30.189
779.0	2.190675486136121	50.617
779.5	1.559127013687303	9.954
780.0	1.982587489358547	81.053
780.5	1.6554273456448847	252.357
781.0	1.8747548900493232	11.167
781.5	1.9259906012307058	30.129
782.0	2.6765480643086845	81.12
782.5	1.5350484751550026	38.594
783.0	1.6012311357218743	120.816
783.5	0.16193446559999292	45.031
784.0	1.5923937423003067	50.414
784.5	1.620704734094585	44.259
785.0	7.3836797806032965	81.719
785.5	1.8705862348207412	90.914
786.0	1.7502313324586674	30.59
786.5	4.321028349433503	140.807
787.0	1.564576225078642	17.023
787.5	1.9964543407841764	140.613
788.0	1.655506108497678	60.337
788.5	1.9833758830094494	60.319
789.0	1.5641788668867558	60.334
789.5	2.4086887147140277	30.242
790.0	2.576364081346909	120.824
790.5	2.257061993357647	128.376
791.0	2.344252468305846	115.279
791.5	2.0473330232188416	80.578
792.0	1.8625534796220815	92.029
792.5	1.7062447689678792	74.96
793.0	2.053289562258273	80.653
793.5	1.6589375099585235	65.343
794.0	2.013380122469817	70.601
794.5	1.8316425070372706	100.816
795.0	1.9366529903858891	70.6
795.5	1.768740201801433	60.457
796.0	1.976565636417118	60.279
796.5	2.3977220926872462	79.099
797.0	1.3616889109778934	30.173
797.5	1.4203808721574813	70.315
798.0	1.8894399558523625	70.352
798.5	1.6110736374162098	67.789
799.0	1.4553393894437765	191.694
799.5	1.8741518831117918	110.6
800.0	2.602815618521194	142.578
800.5	2.036574336124803	10.091
801.0	2.2870028793770127	67.644
801.5	1.9600498195319829	50.321
802.0	1.8084317532812106	160.938
802.5	1.916343652196107	22.191
803.0	2.6648557313498737	60.373
803.5	1.88049446552423	60.39
804.0	2.1525650953877666	130.98
804.5	2.0566480225816677	130.985
805.0	1.8734083306604146	70.323
805.5	2.3446849987077827	70.629
806.0	2.264016556732762	50.782
806.5	2.397155334400721	50.799
807.0	1.8778021100086835	161.392
807.5	2.3574185577861475	80.47
808.0	1.6117214091871646	101.807
808.5	1.6249822567844288	282.496
809.0	1.3740883666065316	272.833
809.5	1.4836985865496628	185.95
810.0	2.137134804376055	139.275
810.5	2.0558960058394145	161.549
811.0	2.377717830434733	181.595
811.5	1.7763269061810405	383.701
812.0	1.876392569806224	498.462
812.5	1.3352358499232138	515.012
813.0	1.9201088870843719	488.084
813.5	1.811626990513607	464.676
814.0	1.8446718103330466	398.387
814.5	1.2855450620906244	110.849
815.0	2.3995771751127117	198.026
815.5	1.8105773465633384	303.252
816.0	1.9504182035079198	485.397
816.5	1.9062525420974754	545.964
817.0	1.7621051886722217	591.224
817.5	2.117831469410924	394.077
818.0	1.6774565522063427	181.552
818.5	1.5118032395345027	242.264
819.0	1.5837411699029667	525.141
819.5	1.8630568252934303	110.834
820.0	1.7409069615631623	252.364
820.5	1.8702308249033115	90.878
821.0	1.5520459875311339	151.537
821.5	2.0778994907902217	242.111
822.0	1.6284914867517464	275.935
822.5	2.8319551426027383	242.593
823.0	1.8537214324965408	171.386
823.5	2.3223155854756414	252.429
824.0	1.9114035229949644	120.902
824.5	1.6391172424872653	151.681
825.0	2.3698668649524293	182.008
825.5	1.2304400891861418	181.418
826.0	1.8000156467337194	151.578
826.5	2.203299944634564	181.481
827.0	2.348429109011426	292.939
827.5	1.635279446598311	93.995
828.0	2.3368241009600106	155.902
828.5	2.4829523558232816	61.042
829.0	1.7087920696165595	146.018
829.5	1.9371089456180828	83.837
830.0	1.5604964068744247	55.133
830.5	2.1574082534820422	183.006
831.0	2.4648248222674245	184.386
831.5	2.1003186448991205	90.813
832.0	1.4114409959282335	131.433
832.5	1.861442126523486	137.596
833.0	2.114116573088274	191.494
833.5	2.1763809417465514	194.037
834.0	1.7540554210112858	171.233
834.5	1.8743505156927778	301.161
835.0	2.573398661032346	161.857
835.5	1.5078295488364395	113.836
836.0	1.7813207925222048	57.799
836.5	2.265722042803148	199.783
837.0	1.713038414247205	142.834
837.5	2.019473432287482	191.806
838.0	2.129855921482027	161.957
838.5	1.841018263883499	233.44
839.0	2.781001377514973	90.84
839.5	2.4441470504619285	126.77
840.0	1.703097163187198	117.591
840.5	1.651633708310717	156.816
841.0	2.7648568691039404	111.971
841.5	2.0764903299323505	222.331
842.0	1.8930888034813371	98.71
842.5	1.87514106787087	80.807
843.0	1.3853164994427123	52.886
843.5	1.919772400300387	101.033
844.0	1.6804599596278407	232.317
844.5	1.4320685959936381	211.615
845.0	1.7737862239693478	174.832
845.5	1.982602707225633	171.358
846.0	2.009806456047978	189.084
846.5	1.6662192344156723	80.696
847.0	2.8133702223865025	90.023
847.5	1.9760498140335916	165.846
848.0	2.1467198037729607	90.635
848.5	1.7263145081182767	144.631
849.0	2.2499292234086967	297.328
849.5	2.325472657204049	141.449
850.0	1.5207582274483689	122.106
850.5	2.08731029018585	142.362
851.0	1.486952860482526	133.261
851.5	1.7220151095855616	83.174
852.0	2.152575304364943	143.196
852.5	1.9653327528280984	110.81
853.0	2.2277907614972965	161.202
853.5	2.112354452492677	218.905
854.0	1.5550043157887434	166.422
854.5	1.5989914140586354	201.78
855.0	1.6188230601943163	201.331
855.5	1.6670430001327827	172.3
856.0	2.1952557804476664	165.584
856.5	1.6782370634529407	221.888
857.0	2.51697619876274	131.273
857.5	1.475721213003752	100.82
858.0	1.4823892898987774	117.963
858.5	1.995607813041771	124.601
859.0	1.7393841342854621	112.504
859.5	1.7747605393761492	201.711
860.0	1.831736365957738	171.644
860.5	2.498253890616344	111.24
861.0	1.5669670910775682	90.633
861.5	2.434636320179367	166.041
862.0	1.8301112573940435	210.549
862.5	2.147751364531705	74.432
863.0	2.3458856380726463	172.057
863.5	1.7165790454260599	171.076
864.0	2.295453531938552	120.806
864.5	2.047923090383169	141.285
865.0	1.6347770855324608	33.954
865.5	1.9114382101863954	121.559
866.0	1.8413097991741292	77.177
866.5	1.7738206876256453	153.27
867.0	1.8537260625161467	128.02
867.5	1.7695583217211737	62.518
868.0	2.217099559302462	71.732
868.5	1.9318776432912566	59.312
869.0	1.8430694318887817	80.575
869.5	1.3917407283997532	73.734
870.0	1.7678504725930384	90.398
870.5	2.408770273559439	60.781
871.0	1.7716077151537049	110.615
871.5	1.5424719158544116	119.235
872.0	1.7643057296406481	90.633
872.5	2.1753784003885346	90.645
873.0	1.676516179192942	60.63
873.5	1.6056404046767077	120.67
874.0	2.431904232545579	139.39
874.5	2.298829581528712	73.228
875.0	1.9266033421198911	90.694
875.5	2.27305045220441	90.607
876.0	1.963333104361338	50.382
876.5	1.67365092004259	90.238
877.0	2.2247489382678083	110.671
877.5	1.5545656521914322	119.762
878.0	2.100983267938183	131.043
878.5	1.790543153624229	120.804
879.0	1.9359766152878044	90.985
879.5	1.607821507918341	74.218
880.0	2.3480559484907997	184.431
880.5	2.4715921861139596	90.622
881.0	1.7582179272356973	90.914
881.5	1.3152970996081015	138.556
882.0	1.5622004538239362	100.741
882.5	2.3002502833064407	38.0
883.0	2.291108052322889	80.476
883.5	1.8783782963728803	50.364
884.0	2.007065653219553	141.185
884.5	1.9788939314348846	81.336
885.0	1.5595547536660819	70.775
885.5	1.946285455216382	80.909
886.0	1.922889380360037	100.73
886.5	1.9581619097624625	65.969
887.0	1.5748281956449328	94.047
887.5	2.124687810840916	80.904
888.0	2.113525359012407	53.853
888.5	1.985611491536903	100.726
889.0	2.067576744781175	80.721
889.5	1.6601449462656515	80.738
890.0	2.4275672758786637	220.743
890.5	2.1910219280539214	151.537
891.0	1.2122832988363728	120.97
891.5	2.1111266855050212	100.983
892.0	1.5299740818182004	100.58
892.5	1.9308348460981255	70.58
893.0	2.031450142533979	100.547
893.5	2.3366562423569723	50.89
894.0	1.8472393551718262	60.614
894.5	1.78436472110927	141.11
895.0	2.255659832520625	110.688
895.5	2.2171094156977635	80.71
896.0	1.599371541994644	85.657
896.5	1.5151072073885783	110.911
897.0	2.272331024256015	60.372
897.5	2.059155017272126	145.338
898.0	1.8421333386474252	85.84
898.5	2.1225025589437703	60.442
899.0	2.2306049411341053	162.029
899.5	1.7244273793912117	58.392
900.0	2.2186463192452193	90.722
900.5	1.8334715282761054	73.882
901.0	1.9145788766438352	72.239
901.5	2.067191671586434	56.276
902.0	2.3059259571173536	140.908
902.5	2.0770597367716546	40.32
903.0	2.395334355371845	80.933
903.5	2.014521276302008	100.722
904.0	1.6559851171820417	153.362
904.5	1.5206679622204893	66.555
905.0	1.804533451345076	110.69
905.5	1.9043410920251453	90.933
906.0	1.7157528346814783	110.883
906.5	2.0779975037044762	60.297
907.0	1.9031313381793207	34.445
907.5	2.1132886554953916	62.297
908.0	2.4237469798211007	110.486
908.5	1.9989271084672815	91.132
909.0	1.8699109292433667	60.679
909.5	1.914434928995772	60.856
910.0	2.1461329756425864	110.699
910.5	1.4995351122433298	130.788
911.0	2.2930714478088112	112.124
911.5	1.8420638905483646	58.413
912.0	1.9334883906989244	146.764
912.5	1.4053674622737273	171.914
913.0	2.4963517456450677	32.383
913.5	2.3880244798355212	50.533
914.0	1.8158461119685	80.663
914.5	1.7501919389814442	43.405
915.0	1.5863872812849502	90.746
915.5	1.7291534221002585	110.822
916.0	1.5935131041893256	70.981
916.5	2.136046275373542	91.443
917.0	1.7809087409205826	66.248
917.5	0.14884650278030695	10.411
918.0	5.652984503856609	50.384
918.5	2.435899695447499	96.867
919.0	1.7999436516436027	34.08
919.5	2.2433108461088422	50.396
920.0	1.5654439220583503	69.726
920.5	2.0756480691211365	90.624
921.0	1.7908415605963812	50.182
921.5	1.9933579898640708	60.76
922.0	1.6760636114212295	80.446
922.5	2.183055729517448	50.328
923.0	2.42538869587413	75.347
923.5	1.9723085253748176	50.857
924.0	1.845078538593589	30.2
924.5	2.0587613049869526	33.36
925.0	1.9299976060330464	153.388
925.5	1.812140375903827	13.678
926.0	1.9932949996884413	100.479
926.5	1.4853954181762117	100.422
927.0	2.4482414846027023	60.643
927.5	1.941780226038664	43.026
928.0	1.8697527835797572	30.438
928.5	1.563341575889203	111.37
929.0	2.0983794485300953	70.591
929.5	1.6675760538857365	90.479
930.0	2.2361039807947094	120.769
930.5	1.9614899382655069	120.689
931.0	1.4829271160020374	90.582
931.5	2.0091437052073635	90.592
932.0	2.023869562487269	80.448
932.5	1.7915939654921333	80.234
933.0	1.774589933144084	90.617
933.5	1.8809697874660614	90.567
934.0	2.1150412336541464	110.744
934.5	1.815925457344278	57.657
935.0	1.9850551576963886	52.038
935.5	2.2267903360865433	69.153
936.0	1.6091463147761673	11.218
936.5	1.8694264224800372	110.694
937.0	1.9830248607484524	100.605
937.5	1.7340075820502716	23.675
938.0	2.000026365654301	73.246
938.5	1.7191510448447864	50.213
939.0	1.5255598508274177	73.802
939.5	1.4709221373337533	50.162
940.0	1.9730412253622256	100.379
940.5	2.0005447244096826	80.365
941.0	2.414473555681258	60.441
941.5	2.3382453385707533	76.617
942.0	2.076234637290892	182.47
942.5	2.4520155450861303	80.961
943.0	1.4991926908497724	131.102
943.5	2.1475820667318266	100.596
944.0	1.915857234042823	32.654
944.5	2.2563319981301126	80.804
945.0	2.2719168362835185	104.223
945.5	1.8168313369779667	121.068
946.0	2.081952770699719	70.395
946.5	2.2126705622830722	100.725
947.0	1.5581053926454196	100.615
947.5	1.838413546785344	126.112
948.0	2.0270968413058084	80.94
948.5	1.5509254840112907	60.377
949.0	2.467125873834901	151.593
949.5	1.7350806260273568	136.732
950.0	1.822379711771495	105.434
950.5	2.5425524737117042	161.586
951.0	1.8811324512937244	70.503
951.5	1.9625043314967818	50.637
952.0	1.6738904324119068	60.514
952.5	2.3579405519992607	103.529
953.0	2.0656378624864837	181.021
953.5	2.0107850055917993	83.579
954.0	1.9965708072693988	51.345
954.5	1.9222265822207814	150.01
955.0	2.249564106531613	111.038
955.5	0.17057348094204164	23.054
956.0	2.4798088861862864	100.664
956.5	2.1081217204583593	100.724
957.0	5.513445544337045	292.826
957.5	2.3895810712780836	100.902
958.0	4.374771658517863	231.259
958.5	1.4264203351175817	130.956
959.0	1.5202530109847838	80.465
959.5	1.7504331398638209	53.943
960.0	1.7090171273396737	38.641
960.5	2.720089673146572	73.978
961.0	2.2012099972807153	30.257
961.5	1.7862033946489106	161.639
962.0	2.074206150179356	40.272
962.5	2.0120307750123203	51.609
963.0	1.969975166436926	25.857
963.5	1.9907296129769696	109.356
964.0	1.623003552860424	34.438
964.5	1.729467724678128	82.353
965.0	2.29526201564124	60.378
965.5	1.9288225760158062	113.594
966.0	2.5145480672607645	48.477
966.5	2.1686356021455935	115.037
967.0	1.9923891121005481	42.835
967.5	1.3696713036958135	95.707
968.0	1.947844491673945	80.386
968.5	1.7184820192268615	60.313
969.0	1.9413946458460702	20.294
969.5	1.6864315040814668	73.987
970.0	1.6850007298545755	18.825
970.5	2.3370147607228002	36.282
971.0	2.1958612144602556	100.801
971.5	1.5958893621278964	110.824
972.0	2.201376602134963	13.189
972.5	1.8449763199182134	91.054
973.0	2.4556243884490665	14.119
973.5	1.9052926126810235	53.272
974.0	1.6751281224442616	80.566
974.5	1.6875402202861132	79.264
975.0	2.654476840628646	60.514
975.5	2.262559349081502	68.704
976.0	1.7583303960353236	53.878
976.5	1.837556765650855	56.375
977.0	2.4876841858533925	100.6
977.5	2.249205400350002	80.83
978.0	2.0958893638024483	60.595
978.5	2.1439046093793035	74.252
979.0	2.6507379509025504	99.103
979.5	1.504635925520008	60.692
980.0	2.3574296903470886	90.599
980.5	2.1231547910483455	96.539
981.0	2.2773410611622444	100.781
981.5	2.0102272362553673	93.125
982.0	1.8355030066046532	30.232
982.5	2.505275164753556	50.617
983.0	1.5995263998124347	20.105
983.5	1.6920407002989548	147.654
984.0	1.9665190663485097	109.139
984.5	1.7966447058742079	80.502
985.0	1.8411836494463858	110.737
985.5	1.600242278793364	124.803
986.0	2.0694785626854784	90.644
986.5	1.857241810852883	50.461
987.0	1.8842555523932618	120.702
987.5	1.5335139084720022	141.92
988.0	2.256848802567108	45.592
988.5	2.2545526109853418	101.099
989.0	2.089113502427636	30.012
989.5	1.705535474286101	90.417
990.0	1.5541519410230638	90.723
990.5	2.1006343861365844	60.572
991.0	1.5494545288951151	100.681
991.5	1.4027631502835025	97.35
992.0	1.9010099859427922	151.281
992.5	2.0793189256252416	70.709
993.0	2.6218650919263538	141.633
993.5	2.302967086756903	115.81
994.0	1.8579377020055992	12.725
994.5	2.000891365976773	64.271
995.0	2.2083562307536604	30.33
995.5	2.1003041465122676	60.414
996.0	2.0872878646925295	25.149
996.5	2.49115785821503	90.706
997.0	2.87396824073062	20.229
997.5	1.6481200092027721	60.481
998.0	1.9786768559559427	80.864
998.5	1.8810062148805904	100.562
999.0	1.8029197498085014	30.307
999.5	1.8012622300922785	105.201
1000.0	1.884048632621347	32.264
