0.5	0.17594002861233773	16.612
1.0	1.8303407871757307	15.414
1.5	1.535365650363559	135.988
2.0	4.021121853760849	106.111
2.5	2.3967238775755995	45.49
3.0	1.8392635774014117	30.361
3.5	2.8997351257159187	19.952
4.0	3.5248603081997985	23.459
4.5	1.3055165782283233	30.315
5.0	2.554348392640151	75.851
5.5	2.9210348985844874	25.132
6.0	3.569912575756833	45.377
6.5	1.7287352318576323	30.19
7.0	2.8930049455042464	60.308
7.5	4.1067306132407575	104.723
8.0	3.257061572920881	45.374
8.5	2.3683034290564757	21.993
9.0	1.9732546377832316	48.637
9.5	4.507130228016309	30.402
10.0	1.7905794387264722	18.071
10.5	1.6320406236735712	105.56
11.0	3.0606704878156945	30.167
11.5	4.2334798471229895	30.555
12.0	1.6787371415293375	45.384
12.5	1.8019140666503368	75.391
13.0	2.780314128086384	15.097
13.5	2.3897396232227566	47.624
14.0	1.4720397317998384	45.61
14.5	1.9848656769079687	121.326
15.0	2.9949606060065017	178.196
15.5	3.3538166558285156	77.62
16.0	1.4867815396999804	136.172
16.5	1.9006464892488495	30.264
17.0	2.7031318211979953	105.829
17.5	1.4027346777831484	30.205
18.0	1.484553599872289	83.857
18.5	3.6061363146480883	30.111
19.0	1.555060827817828	105.69
19.5	0.8425883918270866	75.601
20.0	1.5389865461530017	135.908
20.5	1.3420130514172297	544.572
21.0	0.16684231689018766	675.125
21.5	0.6902216569043521	1507.118
22.0	0.9549483761117185	141.22
22.5	7.545199091783467	76.297
23.0	1.8018993456548638	30.767
23.5	2.7219473437714976	45.227
24.0	1.9826010226188673	30.311
24.5	4.236658817616713	81.495
25.0	1.482240144117532	32.323
25.5	1.7143861050535596	17.31
26.0	1.6171248847670239	295.429
26.5	3.6627006100260564	39.974
27.0	1.3604541290340346	106.217
27.5	1.1766681290949204	438.975
28.0	2.744642063321018	38.487
28.5	2.744729413070475	45.405
29.0	1.2167659547157885	66.97
29.5	1.6544996831077279	120.779
30.0	2.510709211512982	196.95
30.5	3.1447714616998814	45.302
31.0	1.5446329321147994	45.926
31.5	2.06037738280604	30.212
32.0	3.860481692236702	68.288
32.5	0.7797058373903075	408.238
33.0	0.7067804704738347	604.429
33.5	4.373877721122817	29.169
34.0	1.7748737146276323	24.456
34.5	1.1112424118427957	60.606
35.0	1.4851189238170277	90.468
35.5	1.8315500816619001	52.035
36.0	2.0673088062702276	45.33
36.5	1.4618730872405468	120.994
37.0	2.3931319083438987	68.635
37.5	3.1604737930250923	90.513
38.0	0.9033573897818081	92.388
38.5	1.3083546095914906	54.735
39.0	1.6308836209218895	29.646
39.5	2.335900007542597	60.503
40.0	0.9056995018017087	30.37
40.5	1.272716689234246	94.753
41.0	2.7856275365267593	60.659
41.5	2.8201771797406376	62.816
42.0	0.8195710064811903	105.776
42.5	1.2664792666574967	60.355
43.0	2.870443618476902	60.546
43.5	0.14261790226736984	15.148
44.0	1.6389751079042651	134.675
44.5	0.13761071033915048	11.308
45.0	4.324726345662197	50.503
45.5	1.9095878246106817	10.442
46.0	1.5942552236706475	80.433
46.5	2.2260488386421184	12.473
47.0	1.5139958470471233	102.245
47.5	1.7808275226242658	100.493
48.0	2.01371360539866	11.923
48.5	1.466025327518981	60.462
49.0	2.013684742476926	60.336
49.5	1.7478355082647508	131.01
50.0	1.5843642756015874	91.817
50.5	2.215477034499256	70.424
51.0	2.252574117365006	130.914
51.5	1.4475596845734977	10.423
52.0	1.5982722307529256	70.367
52.5	1.5545365312959907	60.542
53.0	1.8455709919502175	90.77
53.5	2.328051777013244	20.233
54.0	0.17638288161689097	22.764
54.5	12.744530013248625	60.31
55.0	2.315400937310201	130.921
55.5	2.513899590499108	36.348
56.0	2.32817834753879	121.472
56.5	1.6359124818854764	60.501
57.0	1.6117313883437365	26.602
57.5	2.0881667661188574	161.534
58.0	1.1582898345921404	60.119
58.5	1.4324126971109061	181.749
59.0	1.6040905871710518	10.014
59.5	1.6928856235923768	32.768
60.0	1.729509112767682	171.625
60.5	1.654186252469702	69.457
61.0	1.9975290213175338	60.416
61.5	2.2399659722234104	6.886
62.0	1.432318178456114	79.808
62.5	1.2760925338327593	110.883
63.0	1.6607257432729576	30.326
63.5	1.6091286147928836	80.514
64.0	1.8204028401554286	221.8
64.5	1.7949610670247322	70.729
65.0	1.7737458743583916	50.438
65.5	1.8582434149879647	60.272
66.0	1.422466552399837	110.881
66.5	2.3151804335218817	30.256
67.0	2.2013421205587695	10.131
67.5	1.9670359817389658	181.961
68.0	2.4116178022283887	47.69
68.5	1.867644352051527	99.748
69.0	1.8080612521560837	10.096
69.5	2.090781248015078	60.476
70.0	1.8015813226289807	85.203
70.5	2.774252257976523	9.424
71.0	1.5428999968163433	40.27
71.5	2.4588654257888383	142.343
72.0	0.16213331577968915	40.353
72.5	0.4242880462642134	134.05
73.0	0.19743272071114484	21.023
73.5	0.6860090663619764	24.113
74.0	0.21731227387997565	68.097
74.5	0.21098715108747637	87.015
75.0	0.14398999035909213	22.449
75.5	0.1865185770172349	77.56
76.0	0.5157619910980727	634.723
76.5	0.09724051350645585	29.144
77.0	0.7232379631187772	20.096
77.5	0.133167730090564	22.724
78.0	5.8903652892282325	100.634
78.5	1.1688439077740858	23.621
79.0	0.5110460581205752	144.738
79.5	1.4258849033645822	21.427
80.0	2.0292514266716988	21.541
80.5	1.0046788390386685	140.808
81.0	1.2105469386016119	26.028
81.5	1.1852594798998513	134.854
82.0	2.04969682792435	24.527
82.5	0.5783695328110486	22.698
83.0	0.9454880330736818	136.741
83.5	0.6138550478185234	146.096
84.0	0.918668166607507	588.481
84.5	3.8402287948857574	90.843
85.0	0.6127634642285194	191.222
85.5	1.0510585275584503	21.784
86.0	0.5291403109545534	22.301
86.5	2.3536562757129924	70.506
87.0	0.40394137574855654	138.985
87.5	1.2652735435133442	131.706
88.0	0.12262678199447861	42.796
88.5	4.874933244312001	139.251
89.0	1.8572828993717108	101.04
89.5	1.5716608007612276	58.543
90.0	1.8167247360173784	100.986
90.5	2.005632790028849	100.666
91.0	1.9709554707193562	44.182
91.5	1.1690056402368025	58.426
92.0	1.6827169325000886	120.777
92.5	1.8189865453606353	110.185
93.0	1.537134852694718	33.039
93.5	1.4317018443887723	67.636
94.0	1.8588427104362861	112.101
94.5	1.9759699012650132	80.87
95.0	2.30532527553438	63.344
95.5	1.3638687826819753	54.424
96.0	1.9927133197884557	50.479
96.5	1.5475848485343984	80.44
97.0	2.1804522443985284	110.601
97.5	1.6593016373311582	191.766
98.0	2.206931178804981	141.29
98.5	1.9884288560381647	70.486
99.0	1.9867446729105909	100.015
99.5	1.0276772595120274	91.256
100.0	2.142980615881737	161.83
100.5	1.6944217203693634	114.123
101.0	2.1012994279027724	160.02
101.5	1.8960010235632483	50.461
102.0	1.3054649860127618	47.685
102.5	1.9530345599435999	105.924
103.0	2.0035564007102846	90.787
103.5	1.4884215437616002	80.863
104.0	1.9159405859693184	80.709
104.5	1.908617086685176	61.142
105.0	1.6378385796175365	87.413
105.5	1.7215661076178943	50.296
106.0	1.9816232762218497	80.796
106.5	2.4766858846406823	130.865
107.0	1.213416425172815	161.182
107.5	1.8148473383031543	110.768
108.0	1.8756769249652225	50.392
108.5	2.039062177995387	106.404
109.0	1.6254625253815738	336.948
109.5	1.414610487180379	367.477
110.0	2.337145194926182	150.741
110.5	1.4991159560812417	254.195
111.0	1.5963415625000699	130.879
111.5	2.0391663292234234	72.632
112.0	1.8741166721390994	100.452
112.5	1.466110420055719	104.043
113.0	1.6186574753951755	100.371
113.5	1.9067532053940845	100.561
114.0	1.8097795517994286	60.873
114.5	1.0732472667774318	140.031
115.0	1.9661561088216108	130.9
115.5	2.1557755456472587	242.96
116.0	1.71523342232471	92.23
116.5	1.3325325334701674	303.563
117.0	1.8296469034959555	110.857
117.5	1.8337066773425112	46.101
118.0	2.2648077200487653	60.805
118.5	1.4356957759905455	86.895
119.0	1.5537034988464091	96.284
119.5	2.0761058430922446	85.698
120.0	1.988456280634258	57.298
120.5	2.529860254006618	74.338
121.0	1.4651973062660262	100.529
121.5	2.5964601072163416	60.865
122.0	1.643795919078854	90.744
122.5	1.842226890794662	70.636
123.0	1.7909236639450967	74.258
123.5	1.9702781363663158	80.586
124.0	2.1887113302448373	51.329
124.5	1.778294903147002	100.667
125.0	2.065671914035791	90.656
125.5	2.1072905798281583	70.382
126.0	1.8307033211709922	140.913
126.5	2.1294978866176155	79.944
127.0	1.0736699274885004	51.929
127.5	2.5228673664509857	110.061
128.0	2.2262734449501558	101.307
128.5	1.7596264573619924	120.873
129.0	1.579413319819616	130.674
129.5	2.3619654550491527	90.112
130.0	2.585191776539665	121.059
130.5	1.580273713189137	69.344
131.0	1.7654419647728947	71.209
131.5	1.82834510441236	90.155
132.0	1.830176500735285	90.627
132.5	1.758917510311209	115.476
133.0	1.8842158798167514	80.822
133.5	1.978821070903537	55.471
134.0	2.20133362779545	51.471
134.5	1.2157721998102082	70.547
135.0	2.253840915122418	67.033
135.5	1.4544746457959754	130.897
136.0	1.8518045931105367	130.665
136.5	1.5107347505991409	141.123
137.0	2.1904291905621984	57.016
137.5	2.015446625204904	80.357
138.0	2.6696766606562714	60.152
138.5	1.5907419549652064	90.459
139.0	1.8239422750665264	51.176
139.5	2.323433446147652	90.504
140.0	2.1119361613691057	68.096
140.5	1.211055285549471	60.695
141.0	2.1905197819865783	44.176
141.5	2.0866410630632615	60.797
142.0	1.612594801308458	141.206
142.5	1.4815829028189824	141.264
143.0	1.995660524916369	60.557
143.5	2.470629477771184	60.94
144.0	1.5987242893898173	47.668
144.5	2.1595102214057103	49.147
145.0	1.9403769986967485	90.875
145.5	2.1317405631093993	70.536
146.0	1.3882791296879757	134.964
146.5	2.4049070825162535	109.719
147.0	1.8792354717262414	70.532
147.5	1.888080933274279	47.452
148.0	1.4080693205776762	102.895
148.5	1.9114138416559296	106.89
149.0	2.039991444968377	90.646
149.5	1.8699266788508813	141.177
150.0	1.4490091183900258	95.404
150.5	2.160645814033751	47.422
151.0	2.4446049219812993	50.65
151.5	1.8139449331115065	140.885
152.0	1.6382989590137378	132.275
152.5	2.7136360781329603	101.397
153.0	1.5431344678705121	100.755
153.5	2.263576319179256	114.402
154.0	1.1757043930460036	109.245
154.5	2.405468775781705	51.421
155.0	1.6921984236932837	46.529
155.5	2.069381136532609	151.858
156.0	1.7711766863166034	91.649
156.5	2.286693217499443	130.797
157.0	2.0232684232957765	90.505
157.5	2.206348494081012	120.945
158.0	1.5452783594395212	150.813
158.5	1.8387691805444746	90.449
159.0	2.7698442459390065	88.731
159.5	1.8725701161733874	80.542
160.0	1.2197359955141553	61.246
160.5	2.53337154878031	91.036
161.0	1.780760305098489	89.051
161.5	1.9105672595385508	57.705
162.0	1.4582644835950547	70.86
162.5	2.1511320142382444	60.458
163.0	1.5463170670073378	110.085
163.5	1.3739593444158724	110.727
164.0	1.727738433252026	130.805
164.5	1.686383468602386	100.601
165.0	2.064663464407994	131.515
165.5	1.3909498970415661	90.553
166.0	2.070382852363462	60.855
166.5	2.0283829502196924	72.782
167.0	2.2218383279615983	47.174
167.5	1.0807845967030554	141.182
168.0	1.980406679442598	70.379
168.5	2.585981641028359	56.561
169.0	1.412643850079513	64.277
169.5	1.7120436291111405	80.423
170.0	2.2730641335184822	52.524
170.5	1.9400288630589237	46.37
171.0	2.196977682599935	50.164
171.5	1.4057309033494154	65.197
172.0	1.8330873990555185	39.277
172.5	2.093300714371191	36.934
173.0	2.2689500520962844	141.29
173.5	1.6650863499843989	51.978
174.0	1.8040775588810367	100.924
174.5	1.9857176704330473	120.98
175.0	1.5294233881387953	90.582
175.5	2.198901047689279	130.842
176.0	2.190390730911836	80.867
176.5	1.868551605579947	90.54
177.0	2.224978483362735	50.473
177.5	1.4851927397367568	151.053
178.0	2.236795100931077	68.673
178.5	2.5877244498547527	62.283
179.0	1.7273204023987898	120.865
179.5	1.8196198147580809	129.97
180.0	2.359530167098345	57.159
180.5	2.3048460370166253	127.397
181.0	1.3701971354100966	141.024
181.5	1.9751643783418589	109.468
182.0	1.7250862673206253	90.612
182.5	2.3686313823995895	69.996
183.0	1.1173662216165086	67.085
183.5	1.5170273030441563	141.098
184.0	2.180031228772045	70.408
184.5	2.3907216705666423	116.824
185.0	1.9694124478579573	60.949
185.5	1.539791033451918	70.156
186.0	2.0475452956315854	64.904
186.5	2.320551137638909	110.773
187.0	1.3104747420162122	142.272
187.5	2.2166631759114463	138.008
188.0	1.847243035720475	105.127
188.5	2.5559044984188546	68.121
189.0	0.657089628835338	67.732
189.5	2.407922173813157	70.555
190.0	2.1385716020484398	97.993
190.5	2.143225216732337	47.778
191.0	0.9842977813057673	50.85
191.5	2.086999805324325	120.695
192.0	1.8732257240042787	45.107
192.5	2.418375907829139	53.867
193.0	1.0215085453819677	130.938
193.5	2.4725892085240164	50.302
194.0	1.709338244526709	71.304
194.5	2.032382547782199	80.609
195.0	1.6056402108735566	100.506
195.5	1.5925723635649305	43.243
196.0	1.942709810304237	70.364
196.5	1.8448865237212162	60.849
197.0	1.883643449063319	45.354
197.5	1.969585593393619	161.271
198.0	1.9050744205822174	80.616
198.5	1.9506616211306287	100.552
199.0	1.8808301029494345	92.906
199.5	1.5746611230360696	90.592
200.0	1.4180063001224148	60.019
200.5	1.8349810503129405	90.738
201.0	1.8866326754293794	60.543
201.5	1.9083647101399803	50.672
202.0	2.075905782000833	100.137
202.5	1.1140489656543096	60.322
203.0	1.6464106753322183	80.56
203.5	1.572261928261528	46.986
204.0	1.5645978317610474	131.031
204.5	1.9334051088894335	90.517
205.0	1.5619350262305354	80.521
205.5	2.0883700754918317	71.405
206.0	2.187427753394507	50.285
206.5	1.4123899870402805	71.836
207.0	2.1341909834497845	54.313
207.5	1.382789195295262	120.769
208.0	2.2578004408069563	90.806
208.5	1.28832569997124	47.261
209.0	1.7574186628170139	62.866
209.5	1.8578923563206096	100.631
210.0	2.425942506334231	120.94
210.5	1.0658252805136839	90.593
211.0	2.055728691421617	69.147
211.5	1.5800090200804329	120.768
212.0	1.6452322711837133	50.669
212.5	1.406008804415183	141.078
213.0	2.265438759473893	90.517
213.5	1.6040421665078723	47.758
214.0	1.4516830399071114	151.246
214.5	1.931730927222314	70.519
215.0	2.347841561676674	121.417
215.5	2.0941810480682976	43.726
216.0	1.2199497291443708	90.699
216.5	1.6630140183141833	100.618
217.0	1.626000180945769	90.507
217.5	2.723700888203046	40.421
218.0	0.8251264716686318	70.785
218.5	2.0368473765513375	90.891
219.0	2.0286873327743664	113.887
219.5	2.35185048966703	62.808
220.0	0.6407296164804056	191.804
220.5	2.014991767169242	118.261
221.0	2.0602428042171272	110.096
221.5	2.5655091596381423	49.876
222.0	0.7668488940557966	80.899
222.5	1.7304030313693202	90.517
223.0	2.4253296413370165	107.128
223.5	1.8392517186724273	38.448
224.0	1.4268175130714997	70.362
224.5	1.675641105394579	58.112
225.0	1.7397766095413238	100.172
225.5	2.017508061571114	100.822
226.0	0.9405829113352465	110.75
226.5	2.3671807643423586	140.89
227.0	2.142658152897333	151.611
227.5	2.017783308836471	190.335
228.0	1.1534722977944738	191.755
228.5	2.288034793637278	171.568
229.0	2.454919956678449	76.035
229.5	1.881049324569924	110.807
230.0	1.7856947387248603	70.729
230.5	1.4735069896290274	178.891
231.0	2.0577506670801107	141.204
231.5	1.3276881656024941	90.811
232.0	1.6092719736001944	60.385
232.5	1.5245550125053051	60.633
233.0	1.5717914487650553	161.318
233.5	1.9851216154525062	140.945
234.0	1.7010800471683474	37.536
234.5	1.8493826363594836	70.501
235.0	2.3804988707280597	132.103
235.5	0.8527225727752533	117.269
236.0	1.9760578896879135	120.056
236.5	2.2875532710061175	60.178
237.0	2.516845534420535	90.793
237.5	1.218211221125849	100.573
238.0	2.239752380364261	100.983
238.5	1.5443823745116276	70.541
239.0	1.8649644857738126	110.879
239.5	1.694814905806339	91.114
240.0	2.175314888932111	85.11
240.5	1.6368112531729262	102.92
241.0	1.7723536809133655	57.394
241.5	1.1908448372469151	100.616
242.0	1.5777298125040682	100.746
242.5	1.6868042902377258	171.44
243.0	1.6947733219733847	110.757
243.5	1.7173584386027476	66.255
244.0	2.428453887695049	52.691
244.5	1.5112450611305848	151.236
245.0	1.8598921235738306	80.644
245.5	1.821424771712805	70.576
246.0	1.9800420664820662	80.261
246.5	2.1009611798840764	64.849
247.0	0.787634627660815	95.21
247.5	2.2026789619577305	120.218
248.0	1.801134843711067	90.701
248.5	1.8966172225526567	81.127
249.0	1.0929444327610038	80.436
249.5	1.8483018496333554	151.33
250.0	1.348425683946356	40.287
250.5	2.463080926824232	60.552
251.0	1.626549719140862	80.661
251.5	1.9977068957090587	90.572
252.0	2.0528110034167915	40.956
252.5	1.1681062835296248	146.248
253.0	1.929196902821622	50.637
253.5	2.2816644168360702	94.639
254.0	1.1524806436922457	37.887
254.5	1.4167704256218303	80.55
255.0	2.377578249866336	82.807
255.5	1.8561093090939103	222.454
256.0	2.3327780071425943	71.241
256.5	2.2888893301334727	114.68
257.0	1.8038571864262023	57.435
257.5	2.3598110246448405	73.266
258.0	1.7174498498708926	92.021
258.5	0.7405002474866926	100.534
259.0	2.3373079237212435	40.597
259.5	1.5808737222348463	141.024
260.0	2.041931483853859	95.455
260.5	1.1494408508706127	60.299
261.0	1.6104365888712189	43.84
261.5	1.361292492231812	58.252
262.0	2.6331131040598503	120.911
262.5	0.9874713083744062	46.526
263.0	1.869890626572983	142.705
263.5	1.6842463631855566	87.258
264.0	1.3634685866460392	36.787
264.5	1.1681521257094278	63.314
265.0	2.323739147277388	52.303
265.5	1.878807624557596	39.42
266.0	1.7637566031245961	83.252
266.5	1.4049775838835452	39.077
267.0	1.8350147939443817	90.954
267.5	1.7433161477238972	110.657
268.0	1.4916922791355718	43.193
268.5	1.5293258977712827	110.786
269.0	1.8503025810854339	56.039
269.5	1.5932739620789702	165.047
270.0	1.9114370046828195	109.346
270.5	1.6840174111313346	140.96
271.0	2.240179087826784	90.627
271.5	2.3984752395809386	167.822
272.0	1.115273586432471	80.422
272.5	1.9630752053690763	70.599
273.0	1.8459349661483275	70.544
273.5	2.619638331371247	58.496
274.0	0.876745504932115	97.563
274.5	1.9240496215894307	80.425
275.0	1.816196417991575	75.942
275.5	1.8865036823657813	110.897
276.0	1.4562148339494199	55.253
276.5	1.705514608971957	100.753
277.0	2.2379759413759994	80.442
277.5	2.1861005420348163	80.554
278.0	1.1478707481843298	90.748
278.5	2.306699846774317	130.863
279.0	1.59031453842867	120.875
279.5	1.9493721161638278	130.931
280.0	1.9115936161166687	90.62
280.5	2.3968586834145524	141.392
281.0	1.5930689865194114	110.861
281.5	1.408917885876387	73.819
282.0	1.9595453463044272	83.756
282.5	1.4141815081425415	120.526
283.0	1.4802007396582015	42.462
283.5	1.6371798142247056	90.648
284.0	2.289398136284501	121.185
284.5	1.5325789116255732	59.12
285.0	2.0256047637454175	59.097
285.5	1.0984207509553408	111.354
286.0	1.8328102432408835	72.504
286.5	2.087890309412979	70.492
287.0	2.4894674326370465	66.836
287.5	0.6013238138504995	141.419
288.0	2.022446425969357	37.53
288.5	1.5828362345314264	70.894
289.0	2.335226667474237	74.21
289.5	0.9359181912139442	86.206
290.0	2.2607976457395926	76.635
290.5	2.1137616076038857	80.505
291.0	2.0971200308276363	46.84
291.5	1.4371389015689633	93.838
292.0	1.3434265298661807	50.445
292.5	2.0465525987649587	116.516
293.0	2.1619768019187253	90.625
293.5	1.337167691010497	90.698
294.0	2.6190941589515946	60.936
294.5	2.4409630774115896	87.332
295.0	1.9262819418124053	66.738
295.5	1.8900405287661584	100.712
296.0	1.4602864289622564	120.705
296.5	1.4613503086965143	70.459
297.0	1.1879543476192562	90.643
297.5	2.120369439071466	51.256
298.0	1.5525765664602647	90.641
298.5	2.2449572062519163	49.957
299.0	0.7679044731232259	80.437
299.5	2.0530031060942724	80.359
300.0	1.7742132689219696	110.81
300.5	2.1807445575699616	100.778
301.0	1.3790094811386437	148.605
301.5	1.640980038337593	110.669
302.0	2.3211005727530747	110.699
302.5	1.7259799613677624	53.817
303.0	1.8233551404035087	50.746
303.5	1.9131280015518228	51.158
304.0	2.5043833570618377	111.267
304.5	1.81709413241366	67.467
305.0	1.3007725492933815	60.55
305.5	1.9757268765128897	82.494
306.0	2.167581756628692	106.562
306.5	2.1946516533349896	133.415
307.0	1.3070215738986621	80.616
307.5	1.6326714157523596	151.077
308.0	2.1731937623911075	90.614
308.5	1.6565105261788253	90.727
309.0	1.5975050624248877	81.084
309.5	2.2316276214075366	40.442
310.0	1.4671898906288443	80.381
310.5	2.0237309618346564	171.728
311.0	1.6654151391649676	80.316
311.5	2.0216469805769637	60.709
312.0	2.16555252628007	120.796
312.5	2.1603765396833934	60.34
313.0	1.4382727749279542	161.313
313.5	2.022572264900457	85.621
314.0	2.43449547986088	117.507
314.5	1.579230122143062	141.246
315.0	1.183498985413596	111.26
315.5	2.2730491049075	89.673
316.0	1.459410055781172	140.9
316.5	1.3984806491218373	90.834
317.0	1.9126153813528424	100.625
317.5	1.8072635411295035	46.283
318.0	2.6520713209301294	125.032
318.5	0.49694652151637897	90.538
319.0	2.1055318563394594	84.301
319.5	1.7975851832251886	88.813
320.0	2.531254356363975	150.955
320.5	1.2952300652679252	50.816
321.0	1.8133149771908446	150.825
321.5	2.122725791257272	50.879
322.0	1.866524588513658	57.707
322.5	1.635621477425082	89.929
323.0	2.083716441353889	90.581
323.5	2.2953883240931523	131.276
324.0	2.4056141011691565	100.829
324.5	1.095693913466189	62.314
325.0	2.224665514178291	54.097
325.5	1.2428516978029323	96.588
326.0	2.208663216863973	70.593
326.5	1.2267487952613747	116.01
327.0	2.263360082622706	110.882
327.5	1.6972234207754902	63.047
328.0	1.8423728269028903	57.0
328.5	1.3491346436045393	138.766
329.0	1.84640999533567	47.555
329.5	1.486846116793298	100.717
330.0	2.13039545059626	73.005
330.5	1.9386809281655786	39.618
331.0	1.4897826411364175	64.147
331.5	1.9098630491916249	171.277
332.0	1.573900178182655	110.133
332.5	1.6376983018066034	100.884
333.0	1.9880293691948856	90.61
333.5	2.788572042378137	174.133
334.0	0.7712912756077643	78.139
334.5	1.9592408144835982	101.085
335.0	1.8696464192978228	121.191
335.5	2.4836190078492617	82.081
336.0	0.8686006670044769	124.062
336.5	2.0517766340976133	131.121
337.0	2.1236422331498814	113.031
337.5	2.0234065680930913	96.472
338.0	1.02843072124172	120.723
338.5	2.2602627360767094	44.833
339.0	1.8954847083083188	161.891
339.5	2.0290243083273745	80.858
340.0	1.3294343814793594	65.508
340.5	1.8965216759407377	100.608
341.0	1.651551834715318	141.2
341.5	1.7006387773261262	140.318
342.0	1.7003162888711834	120.871
342.5	2.4260468487432365	76.906
343.0	2.31208040499932	99.655
343.5	0.7350386180249538	50.442
344.0	2.1480008456784176	110.712
344.5	1.7299814830853966	43.105
345.0	1.8657336176632708	80.565
345.5	1.5283198177978592	121.878
346.0	2.0450324845695387	56.568
346.5	1.778312870978316	100.775
347.0	1.6985879348155422	56.373
347.5	1.026330192638788	110.472
348.0	1.8505568036855198	93.0
348.5	2.23556664567435	80.474
349.0	1.9955540000994578	85.659
349.5	0.6141765063121349	111.475
350.0	1.852728541920198	109.984
350.5	1.7739117758612681	90.677
351.0	2.241576487968242	37.521
351.5	0.6301269975799637	98.461
352.0	2.3241661754040694	80.492
352.5	2.0975469124186144	60.623
353.0	2.175320643566748	45.019
353.5	1.2873807138033317	173.524
354.0	1.7942130290709857	101.04
354.5	2.2905269607899954	141.256
355.0	1.5365204499659435	110.832
355.5	1.5942812926974288	80.489
356.0	2.4346013033370797	93.112
356.5	1.5368231155427587	80.497
357.0	1.6208162573335319	90.763
357.5	1.8839204468841053	131.2
358.0	1.717642650896851	93.215
358.5	1.6045200076967097	110.91
359.0	1.5661628449759717	70.603
359.5	2.237415973863219	81.005
360.0	1.5540607897429595	56.55
360.5	2.5718888511492213	45.927
361.0	0.6364769196132746	88.142
361.5	2.053828455264178	125.306
362.0	2.084522163345312	97.526
362.5	2.019113382438891	61.153
363.0	0.7709252066249329	90.677
363.5	2.083273948010797	60.327
364.0	2.5862854153130024	75.149
364.5	1.5708535745817094	141.46
365.0	1.4175119862204957	120.886
365.5	1.8831957736144194	60.726
366.0	2.018587866927303	110.822
366.5	1.5295674259392364	90.633
367.0	2.5687725287010803	60.387
367.5	1.5403935188004332	125.057
368.0	1.715409995676232	135.433
368.5	1.793887641227391	70.494
369.0	2.1133820724223416	150.928
369.5	2.1910859948152743	131.202
370.0	2.5902137308733124	133.596
370.5	1.6406908310745971	109.691
371.0	2.4107300681059938	114.404
371.5	1.780261220334705	60.68
372.0	1.3877768292829202	70.497
372.5	1.327347358476313	79.909
373.0	1.6295101598509105	50.405
373.5	2.0844052875448242	70.484
374.0	2.3679923160741874	58.327
374.5	1.3865427674014368	70.469
375.0	1.6006678249229025	60.52
375.5	1.605574224951383	80.448
376.0	2.871394272800509	90.325
376.5	0.5006130923243276	70.381
377.0	1.430433872976154	90.57
377.5	1.7003830695966495	171.499
378.0	1.25337591371945	150.991
378.5	1.7010631556184734	80.797
379.0	1.3388086658382836	100.565
379.5	1.851371494126414	81.072
380.0	2.491208359552161	54.958
380.5	0.6925626923775912	60.415
381.0	2.003556773157186	90.353
381.5	1.0770744127364893	103.341
382.0	3.4781838630131996	60.412
382.5	1.8820661697467385	130.946
383.0	2.2521845739048105	90.525
383.5	2.0311151970484747	50.71
384.0	1.4050774228678746	120.793
384.5	1.5579033095784107	80.577
385.0	2.5328932409051355	100.459
385.5	1.8136321533085253	100.969
386.0	2.1991704504176446	50.39
386.5	1.9592113424355018	80.385
387.0	1.3592426035048524	114.114
387.5	1.533525450439632	86.784
388.0	2.4256309667506963	122.919
388.5	1.623260320685303	88.042
389.0	1.118033637555253	52.517
389.5	3.3974535774838763	127.901
390.0	0.5863875467902768	151.015
390.5	2.030319327855665	90.57
391.0	2.019254257226759	151.62
391.5	2.0445761034109444	108.658
392.0	0.9203793716454377	110.294
392.5	1.5297261150374517	151.25
393.0	2.0349639675480287	150.903
393.5	2.726213590890554	100.815
394.0	1.0517594807705657	101.043
394.5	1.5234949323425473	85.679
395.0	2.279877118764606	161.777
395.5	2.1567355087234437	54.483
396.0	0.956770301987025	70.605
396.5	1.9889859419520028	90.762
397.0	1.8938117407218529	79.79
397.5	2.041391928736062	40.528
398.0	1.322377125804769	90.45
398.5	1.693042414295946	90.72
399.0	2.0335077037086284	141.282
399.5	2.0178719291393965	100.689
400.0	1.753262298390543	129.829
400.5	1.6832489859468103	72.918
401.0	1.500896540331919	91.184
401.5	1.8691899214313066	110.195
402.0	1.6729335411680775	100.688
402.5	1.7324746116835863	84.969
403.0	1.4516699831983115	100.899
403.5	1.883424090262287	36.154
404.0	1.6659855139478612	40.148
404.5	2.373584163858726	124.509
405.0	2.7387374619543046	63.199
405.5	0.7131079815739464	107.608
406.0	2.2099716398751537	60.713
406.5	2.321599069217275	66.893
407.0	2.2432474451604634	55.448
407.5	1.1447106095833972	50.845
408.0	1.7150022831522556	60.687
408.5	1.921074247968301	113.269
409.0	2.544488178137533	90.708
409.5	1.9599660666463163	140.945
410.0	1.7568019335559228	40.811
410.5	1.3056008979009388	110.772
411.0	1.8653249624775652	90.498
411.5	1.6324352813987237	80.391
412.0	2.03163319929487	73.732
412.5	1.35661402803098	110.757
413.0	2.2494150902228687	113.751
413.5	1.2259365874880355	111.057
414.0	1.9774977693856355	60.428
414.5	2.6103016809181896	83.385
415.0	0.5696315516959695	113.869
415.5	2.0404501229542347	161.778
416.0	1.7169361122140963	130.978
416.5	2.696110045105589	66.685
417.0	1.3932485159951464	50.52
417.5	1.452583226582634	70.365
418.0	2.5594166371137868	110.629
418.5	3.18152786849879	50.048
419.0	0.6458199942967807	47.935
419.5	2.4555293172859693	80.543
420.0	2.2159219683888387	75.127
420.5	2.4120952459602907	40.698
421.0	0.545111332388555	80.744
421.5	2.07877090817816	80.695
422.0	2.4898263977149244	40.797
422.5	2.5587920323418882	89.137
423.0	1.5844002801691115	70.761
423.5	1.727344467853112	83.488
424.0	2.1793993992121266	80.454
424.5	2.1002393408512736	60.367
425.0	2.20172647236615	111.503
425.5	1.4530888977528658	70.388
426.0	2.036591625294365	80.891
426.5	2.0014152409984054	120.913
427.0	1.911792959344536	80.961
427.5	1.4652956627279579	110.718
428.0	1.5148250833186963	100.72
428.5	1.6396553669667155	100.699
429.0	2.1321295102798805	100.563
429.5	1.822698992695269	37.908
430.0	1.9124613520531706	95.458
430.5	2.2062210844876735	80.453
431.0	1.5334903600502934	90.666
431.5	2.1986346592934116	146.499
432.0	1.9746047643385898	70.53
432.5	1.6681239313756386	111.186
433.0	1.6887910636551742	126.411
433.5	2.6883709472109065	121.283
434.0	1.5718640169750024	70.318
434.5	2.342902633107319	80.445
435.0	1.5925738975227142	70.563
435.5	2.1128941606585188	95.741
436.0	1.4886400233304582	181.913
436.5	2.04242607093407	130.862
437.0	1.812831129355738	131.346
437.5	2.2720103130202642	121.757
438.0	1.8647340808965864	90.693
438.5	1.9802414891736662	110.189
439.0	2.2220640779265493	151.201
439.5	1.393521520128314	111.105
440.0	1.7842810735798418	50.702
440.5	1.1234942037367943	90.616
441.0	1.2141399394194239	100.512
441.5	1.4340596084002495	128.511
442.0	2.1443262979188433	80.86
442.5	1.630522957547676	141.21
443.0	1.0638890742587708	86.568
443.5	1.6934715647630825	54.447
444.0	1.5367746203627215	158.446
444.5	1.6142559598904025	91.163
445.0	1.8581871390910742	90.519
445.5	2.4177299883085337	80.6
446.0	2.8796157572211047	50.877
446.5	0.590804342846597	118.102
447.0	2.5363978967937264	60.735
447.5	1.775263522948057	84.092
448.0	2.9640714664226313	36.494
448.5	1.0749851030136883	166.339
449.0	2.004629815646211	60.457
449.5	2.026887941653869	97.991
450.0	1.8792288355812332	110.795
450.5	1.0536861097931773	100.609
451.0	1.4220080716228072	121.147
451.5	2.527244056492347	33.881
452.0	1.9118076994613582	40.985
452.5	1.3031276613052836	60.4
453.0	1.6598421196240147	107.284
453.5	2.2542410965282964	62.996
454.0	1.6366058715883929	70.474
454.5	1.7645972355622581	89.173
455.0	1.6042693549740155	100.925
455.5	1.7023008478481625	39.076
456.0	1.9697859688287351	100.413
456.5	2.1570666885095737	110.944
457.0	2.143245302301633	100.615
457.5	2.382614583296044	100.732
458.0	2.5085887205264994	42.281
458.5	1.336248226383848	40.28
459.0	2.004230420539725	67.709
459.5	1.7326518581878152	151.265
460.0	1.999428123174809	60.547
460.5	1.646572128335932	47.278
461.0	2.4035682535881313	80.504
461.5	1.488191337791859	90.615
462.0	1.9504929380507554	106.898
462.5	1.4757557268286683	95.246
463.0	2.3116329456800018	69.102
463.5	2.178132653378968	110.651
464.0	2.2529653838952166	85.54
464.5	2.2534573119798442	141.876
465.0	1.3399297202009135	110.659
465.5	1.6648072095583626	110.408
466.0	2.059065875841552	50.353
466.5	1.8356414858338095	134.37
467.0	1.9446498015242664	38.633
467.5	1.9261716496142862	85.581
468.0	1.6804007356136499	118.753
468.5	1.870617685879401	100.582
469.0	1.8542773443703762	143.021
469.5	2.0581403380236565	60.54
470.0	1.845800535608122	121.283
470.5	2.1349627708971677	110.494
471.0	2.4572833482201206	191.836
471.5	0.8314783738134626	120.837
472.0	2.2444032743376243	141.391
472.5	2.043984791510611	131.061
473.0	1.592568511977349	49.331
473.5	1.4068544874620628	151.161
474.0	2.4872473444375887	110.573
474.5	1.775973385627305	100.749
475.0	1.7585947174612542	110.804
475.5	2.261133439567257	108.613
476.0	1.446900822631372	110.621
476.5	2.588088831628001	121.501
477.0	1.544797123240271	161.127
477.5	1.9120181865409767	110.474
478.0	1.9017431943193472	95.79
478.5	2.1671000799378817	94.971
479.0	1.973314126641846	99.999
479.5	2.0370631081666	36.287
480.0	1.5926188626605227	66.88
480.5	2.446475240103551	39.753
481.0	1.5521385498819218	95.495
481.5	1.9351995767679229	140.89
482.0	2.098723642818652	52.478
482.5	1.5803917585638483	60.664
483.0	1.4473291490277946	31.827
483.5	1.723562998892414	70.42
484.0	1.8134547226587443	34.209
484.5	2.3374865762118917	84.706
485.0	1.4415701446385918	90.537
485.5	1.9001038864797395	95.661
486.0	1.6858714910584203	80.425
486.5	1.5321271753912695	33.236
487.0	1.6152653868305091	90.557
487.5	1.934698879894837	50.783
488.0	2.4741455126860163	131.19
488.5	1.9512485696274975	70.587
489.0	1.366507056325318	163.583
489.5	1.7825827927384328	131.284
490.0	1.9253692953756685	100.763
490.5	1.9615711409444059	70.501
491.0	1.8271386995685706	107.155
491.5	2.4309583747037506	88.678
492.0	1.5182724219519237	140.772
492.5	1.9144820987684323	60.471
493.0	1.2418853837549946	151.416
493.5	1.873855955071807	70.439
494.0	1.7953772874461351	40.546
494.5	1.449082530577151	151.048
495.0	2.1601738798172163	90.501
495.5	1.9591079138373135	46.253
496.0	1.7945256494607282	70.258
496.5	1.2882426601268293	63.172
497.0	2.4279143150472415	70.69
497.5	1.331983792241267	123.892
498.0	2.3944965377848706	80.892
498.5	2.32739861254711	70.33
499.0	1.623700577284346	140.95
499.5	2.168431619531487	90.534
500.0	1.939461790394429	181.761
500.5	1.4718850960806087	110.794
501.0	1.7902085455703791	90.477
501.5	2.397496968027941	121.366
502.0	1.6634367268502455	80.382
502.5	1.8177698933130306	50.331
503.0	2.2189477099057613	67.558
503.5	1.5266681159783926	70.491
504.0	2.1645625451788075	70.46
504.5	1.2162960413990263	80.925
505.0	1.755246498892687	64.559
505.5	1.7298524508629878	98.031
506.0	1.6243239172050343	110.66
506.5	2.231146840624412	100.823
507.0	2.1896993169587464	113.365
507.5	1.876276058920803	49.174
508.0	1.9657904765678913	90.768
508.5	2.204782960115529	97.041
509.0	2.11511873458943	140.953
509.5	2.1689526190525408	90.561
510.0	2.325895893952745	90.68
510.5	1.4355965258038261	90.599
511.0	1.5634581630809783	69.351
511.5	1.566892479475515	60.511
512.0	2.167176043834435	80.746
512.5	1.5534486084014825	70.631
513.0	2.102164016971976	47.211
513.5	2.275536146864671	87.838
514.0	2.2524213528869277	50.39
514.5	1.671138140150799	100.732
515.0	2.111552051773871	151.134
515.5	1.7737298063148297	100.595
516.0	1.9273598114087958	148.631
516.5	1.6268832764446224	98.449
517.0	1.8132949959470586	90.638
517.5	2.2189776182486045	115.607
518.0	1.6084955664103773	140.811
518.5	1.8296858487857732	65.505
519.0	1.4967935068132179	100.64
519.5	1.58629721075363	90.879
520.0	1.4203709189962936	141.139
520.5	2.150098267808167	171.226
521.0	2.060288328215059	129.311
521.5	1.4918954316540485	100.812
522.0	1.4019766039737755	90.439
522.5	2.06984970195056	92.286
523.0	1.995540650468528	80.365
523.5	1.856627897508839	110.458
524.0	2.0292891467902696	94.751
524.5	1.7010544444283064	90.492
525.0	1.9713696076135063	151.306
525.5	1.757931492860307	90.611
526.0	1.6990038707569517	100.461
526.5	1.6285308891541364	131.0
527.0	1.8850525588051419	61.806
527.5	2.8182743389068716	47.37
528.0	1.2720223219146762	161.275
528.5	1.7601368369208295	141.324
529.0	0.9522901671389449	59.17
529.5	3.1451539509269186	118.422
530.0	2.002774514133281	87.098
530.5	1.6456972006512542	40.327
531.0	1.5813614054506973	43.984
531.5	1.5203145142799281	141.406
532.0	1.551002110423653	60.526
532.5	1.8753382136423533	141.153
533.0	1.9416972553517657	110.505
533.5	1.6092895833201202	100.748
534.0	2.608672537955331	80.857
534.5	1.9885083962500767	91.024
535.0	1.4249665659483401	71.001
535.5	1.7842363560681764	161.103
536.0	1.7334579146550622	36.1
536.5	1.8802483721782837	40.763
537.0	1.7054971202873912	75.055
537.5	1.6718822846969417	66.653
538.0	1.5204503666868614	70.454
538.5	1.5120566790399244	110.605
539.0	2.33909229370746	80.578
539.5	1.4119692038316274	115.889
540.0	1.4803296400333503	120.993
540.5	2.158817803387234	90.607
541.0	2.2520447900552845	81.068
541.5	1.6783273051443024	83.622
542.0	1.7180755685478	121.194
542.5	2.1121217764907767	101.651
543.0	1.640262844351082	90.615
543.5	1.529053176251119	99.02
544.0	2.061934817125976	110.643
544.5	1.926284699912881	66.078
545.0	1.7484501957760445	201.316
545.5	1.8756037957976626	140.77
546.0	1.478502307967106	100.82
546.5	1.9527635829958572	117.043
547.0	2.434131900533912	66.191
547.5	0.8333394435132637	111.109
548.0	1.8032317087889196	80.863
548.5	1.5886260607133436	120.808
549.0	1.835851150807156	100.424
549.5	0.3435316457642408	66.874
550.0	1.0972392002790543	111.053
550.5	1.8264366422186478	113.2
551.0	1.9777089734494544	71.502
551.5	0.7308527880066802	95.282
552.0	1.7884898799462865	50.317
552.5	1.7013841350516337	141.04
553.0	2.645989488075226	70.628
553.5	0.7906960117827813	100.703
554.0	2.2110589425991556	130.936
554.5	1.8998986094806407	80.591
555.0	2.827214563276686	90.877
555.5	0.7417004901980143	67.583
556.0	2.0277621438497797	37.513
556.5	2.5640850369227	121.68
557.0	1.5242592869549836	90.702
557.5	1.4238773068684394	120.734
558.0	1.9991928587346646	118.781
558.5	1.4492121445703916	90.526
559.0	2.7124852767998893	66.658
559.5	2.326129006131625	66.451
560.0	2.197198503024386	44.735
560.5	1.2852072071284049	169.808
561.0	2.299797502464717	67.024
561.5	2.055000946048142	145.615
562.0	2.219955680996951	99.577
562.5	3.1331013653756683	45.881
563.0	0.6810621358789389	110.674
563.5	1.8625419529155078	62.344
564.0	2.0049037187922725	60.518
564.5	1.7209064870917563	130.011
565.0	1.8086994515779449	111.056
565.5	1.5369657574076856	90.699
566.0	1.704368401618649	60.439
566.5	2.0590649894503694	50.387
567.0	1.49325241429439	50.821
567.5	1.417448392132548	161.186
568.0	1.7017399805754716	75.119
568.5	2.305522225431668	130.012
569.0	2.0259565124630368	60.358
569.5	1.643949643847148	139.055
570.0	1.2502006246165192	90.671
570.5	1.9494654411024652	70.42
571.0	2.6669495690994927	91.272
571.5	1.046860129875895	151.3
572.0	1.370078129310197	211.849
572.5	1.743988383258547	62.548
573.0	1.038371597632843	67.095
573.5	1.7155069161165095	104.358
574.0	2.107920605919694	55.918
574.5	1.3920662577897729	131.399
575.0	1.3865891235893917	88.336
575.5	1.0409338796352874	161.168
576.0	1.4316427703888415	120.842
576.5	1.2919300793843314	130.981
577.0	2.055079288409784	161.578
577.5	1.7776494311487654	70.544
578.0	1.3344811877224838	130.83
578.5	1.70626399371842	117.679
579.0	1.8818682644834057	121.28
579.5	2.3180609619522397	110.889
580.0	1.5526930533274308	110.819
580.5	1.6472996807430795	60.573
581.0	1.4660868669870692	45.261
581.5	1.588211824571746	56.432
582.0	1.847510738706498	80.563
582.5	1.2083524138127135	50.396
583.0	2.3548768922739867	70.495
583.5	1.9069531525914813	90.168
584.0	1.6983688370388788	51.884
584.5	0.8249375987090672	88.323
585.0	1.2407717846990836	110.974
585.5	1.6056260292972981	60.496
586.0	1.4158357081853679	110.888
586.5	1.8408062893990087	103.464
587.0	2.190642255307674	118.695
587.5	1.947754330247696	161.251
588.0	1.684380590539906	85.628
588.5	1.3126043376750212	120.862
589.0	1.1352442346086333	63.003
589.5	2.0830392064906857	110.988
590.0	1.187475021249553	221.643
590.5	1.2073611821349306	281.885
591.0	2.3495684198875564	90.918
591.5	3.104367627323101	66.391
592.0	0.4710362348784778	79.734
592.5	1.486990091689752	90.641
593.0	1.6843679851804927	88.188
593.5	1.3417981545713664	322.661
594.0	2.017030801513888	579.891
594.5	1.9553962479145575	91.064
595.0	2.532593370624205	111.354
595.5	1.2206184145221564	60.445
596.0	2.126406001155166	50.575
596.5	1.5771943223607745	74.781
597.0	1.26372746591695	150.653
597.5	1.6134637669193512	51.615
598.0	1.792442091212033	130.9
598.5	1.2042956990981681	90.57
599.0	2.0433925090184317	93.576
599.5	1.8010380171545994	59.458
600.0	1.4856458006892526	171.297
600.5	2.3034408410218115	90.986
601.0	1.816004381598829	49.409
601.5	2.053359364951676	50.689
602.0	1.7287464108096948	40.522
602.5	1.1777759262383185	67.132
603.0	2.1921489996080483	77.114
603.5	1.5404602670834282	60.807
604.0	2.0583507009114004	64.815
604.5	1.2446425746456182	157.786
605.0	1.8392487862636624	111.102
605.5	2.604828276150566	60.284
606.0	1.5810420832673644	89.873
606.5	2.236162153795757	70.473
607.0	1.6171963744717819	60.488
607.5	2.1991268753805597	160.868
608.0	1.87957529434361	55.482
608.5	1.4843351550658872	110.613
609.0	2.111131707906631	43.738
609.5	2.525506069019218	50.129
610.0	1.5427984515775175	110.803
610.5	1.6637349056333457	130.933
611.0	1.4277646039640217	181.959
611.5	1.5604372015651253	140.874
612.0	1.5757103862310406	90.527
612.5	1.6905018535544447	90.583
613.0	2.051573937786922	80.931
613.5	1.646615422134617	90.995
614.0	1.9472213410721426	40.72
614.5	2.223041903168829	90.558
615.0	1.839248874967784	60.532
615.5	2.1738778893249333	50.516
616.0	1.2673823982891463	130.961
616.5	1.3294658702217008	80.83
617.0	1.6156065487675206	60.208
617.5	1.8507377153070426	105.68
618.0	1.507820308935574	141.311
618.5	1.4025836953318436	51.126
619.0	1.712030798914935	176.998
619.5	2.4439229181722686	117.188
620.0	0.7178270190332776	106.247
620.5	1.6845363985190374	89.282
621.0	1.583992841319115	47.13
621.5	2.4876401276309688	120.792
622.0	1.1747754602075933	101.407
622.5	1.7777188298099649	160.862
623.0	1.8767245074961738	50.463
623.5	1.6685705894766467	80.663
624.0	1.6190282934699887	78.455
624.5	2.2598583555852407	51.414
625.0	1.9709155509547307	90.682
625.5	1.1033165626325177	100.575
626.0	2.404114832493955	96.993
626.5	2.206739072731447	40.091
627.0	1.1338971384887124	105.412
627.5	1.5143872414054018	70.43
628.0	1.1919696498939378	181.467
628.5	1.3900149046442507	149.068
629.0	1.5713345376282355	161.089
629.5	2.4547159421828066	75.284
630.0	1.5376058452136927	70.589
630.5	1.642160882785771	167.226
631.0	1.5345618501529081	39.333
631.5	1.8599755787411338	121.179
632.0	1.4568928806069354	100.859
632.5	1.6970413038080436	90.648
633.0	0.820753813979122	314.664
633.5	2.0456979104929225	60.629
634.0	1.6493706604385143	50.308
634.5	2.2780134933305023	90.429
635.0	2.1848437504063334	190.076
635.5	0.7088819949221592	95.713
636.0	1.9603350839230225	40.507
636.5	2.0982065044132874	67.144
637.0	2.1416756666554915	58.471
637.5	1.3847920911160878	140.915
638.0	2.044814765787791	116.876
638.5	1.2737478291187916	50.63
639.0	1.6075735603616215	111.061
639.5	1.4510202776156755	97.575
640.0	1.8421630642019866	63.806
640.5	1.913339674626409	47.723
641.0	2.013828610413163	151.24
641.5	1.4603709678200016	46.455
642.0	2.533889860057955	136.344
642.5	1.885569727515055	161.097
643.0	2.5282232444670534	50.975
643.5	1.1915578972348677	40.399
644.0	1.9231438321037613	107.868
644.5	1.4073072872562669	80.328
645.0	1.6694544227850592	80.678
645.5	2.0892980463711135	70.275
646.0	1.1612199333999915	153.865
646.5	2.427612113610847	100.596
647.0	1.5600861711215466	120.912
647.5	2.167274652309934	106.799
648.0	2.034648630099402	89.298
648.5	1.9976868856709218	128.12
649.0	1.50074609907929	89.586
649.5	2.3549979587612775	70.335
650.0	1.866272590654921	67.84
650.5	1.6201183482160637	86.521
651.0	1.8769890311642543	111.03
651.5	1.785739180742075	60.744
652.0	1.4208185984793866	80.37
652.5	2.1469676956529606	53.667
653.0	1.785335268640323	118.284
653.5	1.565806666909786	80.687
654.0	1.204577189605922	111.235
654.5	1.6000310998062746	110.945
655.0	1.2188056715975668	120.883
655.5	1.9199120622531027	141.505
656.0	2.670226300033167	118.419
656.5	0.5949448144672589	70.653
657.0	1.3567735936380145	90.72
657.5	1.8916637648912311	70.539
658.0	2.0851751989087233	92.921
658.5	0.8197753929779802	70.495
659.0	1.5792006219504933	130.912
659.5	2.053294688704473	49.961
660.0	1.847575375003855	43.592
660.5	0.9539343818083271	58.522
661.0	1.8110942545535476	82.812
661.5	1.7470259943269448	60.398
662.0	1.580833908120949	41.049
662.5	1.3916173824842448	40.227
663.0	1.708041446666255	140.794
663.5	1.6228373382980164	117.963
664.0	2.7999286065326063	70.628
664.5	1.2730122924854854	60.455
665.0	1.625424876237936	50.613
665.5	1.657476367150627	110.864
666.0	2.273633143302031	53.784
666.5	1.3907793110113333	80.642
667.0	2.3430412152511484	43.359
667.5	1.5110616713340639	116.148
668.0	2.433082271511064	60.403
668.5	1.3557028006897454	130.81
669.0	1.7733344635973562	80.125
669.5	1.1182941824110326	103.878
670.0	2.3745381813516517	77.018
670.5	1.067054436960408	118.706
671.0	1.3902370487914748	121.041
671.5	1.6105115340376297	111.132
672.0	1.711705096627172	70.553
672.5	1.3321313784615934	88.556
673.0	2.011456321111646	120.806
673.5	2.9650695301885235	79.092
674.0	0.5025632869790705	110.77
674.5	2.0792441079611104	100.587
675.0	1.8024262900551697	70.333
675.5	2.221273554668435	128.47
676.0	0.8937143056841953	58.866
676.5	2.0288862194338644	108.78
677.0	2.1000981395482436	90.666
677.5	2.541463335985959	48.409
678.0	1.2822106566108797	50.764
678.5	1.8911424592887704	95.274
679.0	1.56727809125267	80.559
679.5	1.592120415195721	54.123
680.0	0.9559472033637827	67.99
680.5	1.5667091538906723	42.496
681.0	2.598611847784834	70.298
681.5	1.8417869228381816	102.006
682.0	1.2253333841679628	70.657
682.5	1.548114193772662	90.308
683.0	1.9993728625615292	141.105
683.5	1.5814150742791357	67.579
684.0	1.8556268073372035	70.527
684.5	1.596149740647938	76.842
685.0	2.5560569974131107	91.244
685.5	0.7324009516671485	90.571
686.0	2.241224159421226	98.336
686.5	2.0811275482334586	161.445
687.0	2.76715246930462	104.444
687.5	1.127076744703716	100.832
688.0	1.5492073012084473	151.221
688.5	2.1297932014371823	70.756
689.0	2.3775980822606195	100.71
689.5	0.8315937775427013	137.792
690.0	2.1463623068134314	151.171
690.5	2.150786867523464	43.58
691.0	2.3518774493662984	60.768
691.5	1.4087822508964551	91.74
692.0	2.106534491528591	128.217
692.5	1.2461408678237946	171.073
693.0	2.4148368083608256	60.469
693.5	1.8705914223872697	38.32
694.0	1.985132140527197	51.372
694.5	1.2319716764352207	66.53
695.0	1.4576630575892051	99.522
695.5	1.817412794722154	70.376
696.0	2.726171719785	141.082
696.5	1.8513559205611765	130.906
697.0	1.4961637594515647	100.948
697.5	1.0554941555678237	110.805
698.0	1.642074583562273	86.73
698.5	1.9127418719383988	139.308
699.0	1.3213183983644008	40.421
699.5	2.0066034866256035	138.436
700.0	1.8963892055557592	90.554
700.5	1.6881703343113532	88.001
701.0	1.431104517359268	110.75
701.5	1.6008739906007066	100.577
702.0	1.956387289757027	101.423
702.5	1.9426245540632605	92.074
703.0	1.5538342689053122	46.949
703.5	1.569996822462528	107.837
704.0	2.32159972967151	67.143
704.5	0.3491283219914639	80.553
705.0	1.6897415944123542	151.252
705.5	2.3036853691859376	121.171
706.0	2.2153638584439905	166.033
706.5	0.7614969728953173	99.44
707.0	2.289512185351278	100.997
707.5	1.378217922615815	60.414
708.0	2.355733458842652	103.726
708.5	0.9296053807480287	161.178
709.0	2.1980265650473534	62.001
709.5	2.240698056842309	120.697
710.0	2.7001826773344813	151.108
710.5	0.8801164162064864	114.301
711.0	2.091904342768651	80.775
711.5	1.4060462213143012	86.22
712.0	1.775014922297261	48.076
712.5	1.405989373687932	70.288
713.0	1.3242426151330802	80.956
713.5	1.7396113904607233	100.634
714.0	2.1083715813391244	110.857
714.5	1.319458043481464	100.879
715.0	1.4297705774267007	70.548
715.5	2.025631033173839	211.42
716.0	1.6343650350731855	100.699
716.5	1.581125362907691	123.075
717.0	1.3572239636529653	59.547
717.5	2.7854576686564063	92.001
718.0	1.0796841976881506	90.749
718.5	1.926156550722476	70.546
719.0	1.787195181165051	90.472
719.5	2.2918600028969616	60.687
720.0	0.6573031634650528	42.226
720.5	2.4055697886279854	158.373
721.0	1.3905003538837337	79.512
721.5	2.7093293333620294	63.014
722.0	1.2134025630894452	70.458
722.5	1.9894873852212291	111.261
723.0	1.802166556879181	110.82
723.5	2.133129436621012	70.646
724.0	1.6179502956929173	87.089
724.5	1.7342384589056739	93.951
725.0	1.866460404767928	94.009
725.5	2.0940265937419626	100.627
726.0	1.4901253647870578	104.368
726.5	1.8062797631626155	120.71
727.0	2.1288080001039646	98.861
727.5	2.01965089784139	141.053
728.0	1.5286230399433631	72.532
728.5	1.860522708474584	60.677
729.0	1.4553363858748218	130.981
729.5	1.6042918671137973	50.848
730.0	1.3127451085129036	90.663
730.5	1.669790605310786	59.221
731.0	1.522963536413982	87.743
731.5	1.816499730556976	70.178
732.0	1.47673066305477	64.773
732.5	1.7891647927132068	120.907
733.0	1.8482563897522168	100.6
733.5	2.316699551571434	77.074
734.0	1.926703783057696	121.624
734.5	1.6252917763573185	130.735
735.0	1.8689756879804431	105.301
735.5	1.6499714815413402	80.671
736.0	2.2667073727237184	50.557
736.5	1.765201414643019	47.195
737.0	2.9054989685151296	46.795
737.5	1.4519629255612405	76.017
738.0	2.252861085652364	49.04
738.5	2.1288744371177977	112.228
739.0	2.004994042736847	82.703
739.5	1.0106823143586061	110.434
740.0	1.8128147690494578	96.103
740.5	1.1980481566005465	140.859
741.0	2.474884219342798	55.84
741.5	1.6272742030796956	40.94
742.0	1.8675087547142355	77.139
742.5	1.6167150660904581	242.202
743.0	1.8169403355395284	341.12
743.5	2.163564631540246	110.988
744.0	1.467445358805668	91.337
744.5	2.111635947187191	90.264
745.0	2.1629106033028087	90.697
745.5	1.909873021946115	171.408
746.0	1.6685740765016435	100.741
746.5	1.8941460399483465	100.677
747.0	1.551350535999649	100.219
747.5	2.0327418756165825	80.367
748.0	1.8445137770215292	100.467
748.5	1.5080589451436193	128.538
749.0	1.449968954069458	110.842
749.5	2.1961329364864963	130.616
750.0	2.319200545870562	50.743
750.5	2.13196097639178	90.827
751.0	1.4674140022828552	90.609
751.5	1.6411069116266535	102.883
752.0	2.0923457088333337	80.585
752.5	1.7967197434064899	110.776
753.0	1.5258219679682767	110.941
753.5	1.2162733485106367	110.648
754.0	1.9367503949228047	100.499
754.5	1.8629653455153055	80.926
755.0	1.5741740745427455	141.552
755.5	2.7108328028991338	149.811
756.0	1.7615834655227898	70.417
756.5	1.6059412826801893	161.927
757.0	1.0178613336726832	120.824
757.5	1.7284877075423772	80.447
758.0	2.8938558726574155	80.887
758.5	0.9660967085003264	80.391
759.0	1.8227189635178132	100.022
759.5	2.039528878809796	99.413
760.0	1.4976200372307973	64.01
760.5	2.30192313986878	74.857
761.0	1.3493131465390997	80.464
761.5	1.7295258502164572	60.763
762.0	1.853496010881733	81.563
762.5	1.5378630400825608	80.599
763.0	2.2468612255352975	70.59
763.5	1.7572391758380337	60.383
764.0	1.7223185117015818	121.674
764.5	1.6913492337154747	111.028
765.0	1.6253664184631125	118.976
765.5	1.7635914266404087	120.794
766.0	1.7556655858653238	47.351
766.5	1.265846833540959	50.285
767.0	1.610601712990635	60.313
767.5	1.7091636526991063	70.749
768.0	1.0484315312810126	110.602
768.5	1.5793509634772644	46.411
769.0	2.157101446089149	242.52
769.5	1.7526132141433024	94.7
770.0	2.344815913950068	47.603
770.5	1.4500474406517996	133.724
771.0	2.031875310051247	90.388
771.5	2.1451179502782836	80.001
772.0	1.6407016279559858	161.33
772.5	1.4306208565903613	110.432
773.0	2.3536537208131563	80.823
773.5	2.0993321608150257	63.551
774.0	2.1685960738743777	186.939
774.5	1.268888062495568	120.697
775.0	2.0899834548078275	161.293
775.5	1.6693021822139165	30.521
776.0	1.7371500286175925	90.701
776.5	1.635006102623819	87.728
777.0	1.6038294358688743	50.539
777.5	1.8126032912014527	116.263
778.0	2.0241339159836507	110.793
778.5	0.9881730706667682	45.632
779.0	2.3731511224108077	131.327
779.5	1.4720544730047362	140.794
780.0	2.198924512655266	88.866
780.5	1.726480174141773	108.23
781.0	2.1974381897610833	161.279
781.5	1.8058393118907703	151.245
782.0	1.6563634698203786	80.53
782.5	1.4866931815242534	80.5
783.0	2.403046681936765	103.054
783.5	2.4298936339497175	115.936
784.0	0.643749323112349	69.819
784.5	2.0400211245653916	80.666
785.0	1.8541848855674532	100.966
785.5	2.290082206958974	51.949
786.0	0.9258357650589122	100.977
786.5	1.954483248926625	121.25
787.0	1.9610631619963501	72.589
787.5	2.1739182764064506	60.799
788.0	1.0422707067359438	100.847
788.5	1.8078112162643887	306.386
789.0	1.5434108764403944	108.145
789.5	2.6623632466526646	45.833
790.0	1.3667633091585867	121.033
790.5	1.5464261717084626	133.179
791.0	1.5626656681513076	131.034
791.5	2.187302226999419	277.637
792.0	1.1806355232579535	101.036
792.5	1.6013746004139173	81.669
793.0	2.284802896553071	161.51
793.5	1.8115277087901598	70.554
794.0	1.222688791830699	90.364
794.5	2.0884328522618865	90.952
795.0	2.1049221958639124	97.559
795.5	0.548890565849091	80.529
796.0	2.2153498482821234	60.396
796.5	1.7886636128630573	60.644
797.0	2.941789708869531	123.963
797.5	0.58934099203493	71.678
798.0	1.8017922894387166	106.521
798.5	1.8041529166676016	40.278
799.0	1.7637953624318152	140.789
799.5	0.6360995503712183	141.043
800.0	1.782429391845199	184.364
800.5	1.6932562332488184	387.081
801.0	1.7257059235144454	271.392
801.5	0.7781885244954013	151.188
802.0	1.74989110139371	101.064
802.5	1.6856852749176214	85.264
803.0	1.1472335346184623	161.021
803.5	1.4209914810703155	80.468
804.0	1.6573124181164005	80.623
804.5	2.969631658928116	67.114
805.0	0.7581143590542005	80.723
805.5	1.703537046195738	80.637
806.0	2.8959697863808995	70.428
806.5	2.5170417782284584	101.288
807.0	0.538409463691223	110.564
807.5	1.6717303501596892	171.096
808.0	1.8441324250219515	67.003
808.5	1.7155956876170604	63.707
809.0	1.0728049969780096	120.765
809.5	2.2662856776594777	100.515
810.0	2.0313925182846018	60.341
810.5	2.4542428802755025	88.208
811.0	0.9423475541819054	110.917
811.5	2.1100467829913954	56.862
812.0	1.883819204286009	80.927
812.5	2.202983039239449	109.589
813.0	0.9358756196468855	114.819
813.5	1.9753755988713217	70.51
814.0	1.7128324955391325	154.876
814.5	1.6776312494717067	162.111
815.0	1.1752450583710212	212.323
815.5	2.369413764434016	129.945
816.0	2.1980247630703684	56.643
816.5	1.9200467181457224	63.084
817.0	2.3932064468522674	123.437
817.5	2.064113443450884	50.405
818.0	3.061757717928628	120.127
818.5	0.9669352278935914	302.817
819.0	1.8606613121778641	131.246
819.5	1.7681193765123588	90.623
820.0	2.470490197943343	83.91
820.5	1.2376523797976673	130.917
821.0	2.0853877758564625	120.746
821.5	2.2368320221951525	131.349
822.0	1.8460739655368301	91.409
822.5	0.8526371082368905	30.12
823.0	2.5626769104268825	131.176
823.5	2.0191004562423123	110.895
824.0	1.902057246361746	90.608
824.5	1.8091112276676098	70.387
825.0	1.3527131028476154	101.092
825.5	2.1273677840274527	151.324
826.0	1.2329289787170115	70.61
826.5	2.0588398382631814	60.348
827.0	1.757007028687128	97.303
827.5	2.0481417821838703	90.634
828.0	1.7684253856852585	49.669
828.5	1.6357135608418407	327.984
829.0	1.815050848271791	232.793
829.5	1.4490128726712805	97.419
830.0	2.564293102871377	319.55
830.5	1.896584152491648	343.456
831.0	2.148544970575982	335.062
831.5	2.35029586990414	120.82
832.0	1.116555080476319	114.576
832.5	1.7470397230313524	157.063
833.0	2.1254079011792726	161.273
833.5	1.6731970510939786	100.892
834.0	1.7022101225689874	58.546
834.5	1.7790974086834928	90.734
835.0	2.253646570132145	94.913
835.5	1.986643484034516	153.79
836.0	1.0423706581678227	130.722
836.5	1.7812812496532533	80.471
837.0	2.1554810918168386	141.494
837.5	1.785966425678916	60.737
838.0	1.2478973920897298	131.182
838.5	2.018134193354716	80.801
839.0	1.9764510477572494	120.825
839.5	1.7445523746751423	110.334
840.0	1.8613759587753225	60.81
840.5	1.4194107307260335	60.769
841.0	1.8129422971921072	119.945
841.5	1.8105565952063978	151.457
842.0	1.8420846725160291	100.606
842.5	2.204996778955721	90.517
843.0	2.0823699551835677	93.209
843.5	1.5068348596132972	40.254
844.0	2.0480774373315405	131.956
844.5	1.507873686469725	90.586
845.0	2.1364876953492375	61.16
845.5	1.5486377530040405	66.273
846.0	1.6337088730387295	90.581
846.5	1.2807734538743984	100.867
847.0	2.6470229085189247	131.834
847.5	1.4407308958159162	120.767
848.0	1.7035857180448628	105.537
848.5	2.1251727802229676	70.663
849.0	1.7681019298216072	150.961
849.5	0.7536730521876623	141.236
850.0	1.8840351251630112	80.421
850.5	1.7825254006776527	90.553
851.0	1.3852210753607859	70.525
851.5	1.587479061734254	90.548
852.0	1.7901674338473421	80.627
852.5	1.8228620833877476	80.596
853.0	1.8440280462441212	80.624
853.5	1.3642554130435516	87.749
854.0	2.058140616539774	161.423
854.5	2.2402977534584094	94.529
855.0	1.7342920573734986	80.631
855.5	1.6245205851049258	63.568
856.0	2.3145441196080623	130.884
856.5	2.12540820121707	110.931
857.0	1.2985220015859742	80.895
857.5	1.2897482096319008	60.614
858.0	2.063583235763138	61.247
858.5	2.3249389084767698	50.345
859.0	1.997940700752996	153.763
859.5	1.595425591932184	80.548
860.0	1.952353916460719	130.747
860.5	1.84190500621574	90.722
861.0	1.423702929737397	121.402
861.5	1.2914010754753098	82.819
862.0	1.8877791169574198	131.105
862.5	1.9615184590669563	60.483
863.0	1.757446954978962	222.221
863.5	1.7131925894348505	88.928
864.0	1.7382906845060278	100.938
864.5	1.6721570996979145	110.874
865.0	1.1805102295296641	122.255
865.5	1.801897750521437	100.487
866.0	1.5393782715385873	171.398
866.5	2.2764263356527703	70.687
867.0	1.9639247019438382	75.906
867.5	1.6325991389888117	100.507
868.0	1.8799783611236802	63.981
868.5	1.4633475281308135	137.396
869.0	1.496408600454592	59.098
869.5	1.918826184737068	138.083
870.0	2.6127521487756464	61.89
870.5	1.3173872542401783	80.474
871.0	2.342282799553965	110.717
871.5	1.614140949786886	70.647
872.0	1.856083819657519	109.288
872.5	1.4757444143792766	91.635
873.0	1.952337403064786	100.707
873.5	2.552925682690283	70.815
874.0	1.5301098454364188	51.784
874.5	1.92852569401622	80.504
875.0	1.7501916746941182	80.507
875.5	1.4763074952200617	100.836
876.0	1.7039461467650632	130.952
876.5	1.3323135992443085	60.504
877.0	2.013265225462954	104.174
877.5	2.238553376022585	119.126
878.0	1.6516847484322497	47.324
878.5	1.7058369562478393	120.871
879.0	2.099090181626561	70.692
879.5	2.1144820931814943	60.559
880.0	2.1146968074473946	70.364
880.5	1.3680742831573203	130.903
881.0	2.1011134921378103	80.942
881.5	2.1055598838572624	110.899
882.0	1.2558095997178975	80.595
882.5	1.4290018344786877	132.672
883.0	2.0686731738343087	140.904
883.5	2.251412847752849	56.067
884.0	1.3324580354048128	60.353
884.5	1.654327230939505	110.702
885.0	1.508850152651894	92.541
885.5	3.1192398053237276	141.955
886.0	0.8186311648508044	110.705
886.5	1.6868223521530439	144.866
887.0	1.9626744904568172	78.835
887.5	1.8113103832373103	133.564
888.0	1.5365643340668926	108.756
888.5	2.1760676165112014	51.08
889.0	2.250119385643241	111.449
889.5	1.895727256085899	100.716
890.0	1.0050678859018227	70.536
890.5	2.340138625478235	111.103
891.0	1.9616062340848157	70.536
891.5	2.194183901156109	100.711
892.0	1.2822960696936072	80.508
892.5	1.665420460753971	130.911
893.0	1.8964444692696867	55.562
893.5	1.7454621424666465	69.107
894.0	1.4243720559791129	70.586
894.5	2.280932351442625	80.424
895.0	2.190667584736402	47.866
895.5	0.9973088902751984	121.209
896.0	1.5597926666785762	107.079
896.5	1.5350073320479893	60.566
897.0	2.4784875053161683	141.128
897.5	1.0893006861876957	68.903
898.0	1.6220152099065057	60.297
898.5	2.6330672469998166	108.176
899.0	2.1423060875813875	111.3
899.5	1.3360754807607553	80.45
900.0	2.186897699369919	50.619
900.5	1.192933884045413	43.334
901.0	2.175887823757551	38.428
901.5	1.8418509588295424	110.653
902.0	2.2571340911582256	100.563
902.5	1.3383891607574334	74.998
903.0	1.6453841480597458	91.092
903.5	1.7761580683547737	50.586
904.0	2.2121270095275043	79.908
904.5	2.085431123909277	94.423
905.0	0.8257655461247079	89.461
905.5	2.344750889488108	131.068
906.0	1.9091648286908904	60.42
906.5	2.355201927055997	98.989
907.0	0.8857037037012594	51.168
907.5	1.4792065716524436	100.707
908.0	1.9390252861765023	58.394
908.5	1.893103620879785	100.663
909.0	1.5885371953408116	131.429
909.5	1.353202539617197	80.724
910.0	1.7696416426126829	110.677
910.5	1.6150748020497632	70.605
911.0	1.1123302750569892	80.17
911.5	1.694059649080198	86.99
912.0	1.6553019743809008	90.637
912.5	2.0388699137978765	110.784
913.0	1.4581644446220903	70.797
913.5	1.9909337119730623	110.844
914.0	1.9334273214976656	151.279
914.5	1.9788165278109762	73.3
915.0	1.7742167164703868	60.391
915.5	1.78503404739127	70.903
916.0	2.200764764538208	125.776
916.5	1.0709853129186286	70.716
917.0	2.0249479724826966	63.867
917.5	2.175090108447946	100.764
918.0	1.620626345950802	51.548
918.5	1.673330901798553	44.588
919.0	1.9013774696485888	100.53
919.5	2.255974545094306	51.11
920.0	2.0806634561623834	141.425
920.5	1.8276844794923777	113.614
921.0	1.6949565844589505	80.394
921.5	2.2533176773774692	60.783
922.0	1.8089645086266488	75.441
922.5	1.7660231745177675	80.367
923.0	2.3637694217287395	90.902
923.5	2.2813829728498356	80.726
924.0	2.0631302477379077	110.748
924.5	2.054696988157695	150.988
925.0	2.5959619656478674	37.873
925.5	2.122491881854259	70.966
926.0	1.289640614956292	110.872
926.5	1.843004904746396	100.619
927.0	1.5558821694946223	90.664
927.5	2.050200972922695	117.084
928.0	1.8188706747369248	70.78
928.5	2.013937571366144	60.479
929.0	2.519398995128361	62.911
929.5	1.5304801174641025	79.596
930.0	2.1773426966904035	100.695
930.5	1.4119930448770297	120.938
931.0	1.9026560687283394	111.187
931.5	1.607190868265208	90.537
932.0	1.5866543898215641	41.165
932.5	2.11378937757526	121.238
933.0	1.5165786126194707	131.113
933.5	1.5198369182114684	90.573
934.0	2.0544465732574406	100.117
934.5	1.8070961484596608	104.635
935.0	1.7881671168111124	140.8
935.5	2.0059680495855186	90.662
936.0	1.9278422551300636	60.244
936.5	1.4936327863742378	110.727
937.0	2.1205300808682868	70.387
937.5	2.0419275693626773	80.459
938.0	1.5882813896886478	102.12
938.5	1.9891583334123049	80.51
939.0	1.8317199253229608	56.424
939.5	1.554718160408286	80.625
940.0	1.6480629406566274	37.628
940.5	1.9110929123476204	136.767
941.0	1.779890100290309	40.351
941.5	1.9642712072702442	100.375
942.0	2.5206155698274735	85.772
942.5	1.9265070596061737	160.812
943.0	2.05263475961007	100.499
943.5	1.6192270484984552	118.303
944.0	1.8956912489575086	42.653
944.5	1.7060963948892505	37.688
945.0	2.1749455842148486	89.417
945.5	1.9341241666398417	110.95
946.0	1.9630919400045532	38.421
946.5	1.6105128977172427	62.634
947.0	1.8738098565194903	91.029
947.5	1.9726292483091847	62.62
948.0	1.6102910887105506	70.553
948.5	1.8936317552143156	58.27
949.0	2.413516638901298	87.441
949.5	1.0962238936890756	88.724
950.0	2.512093580810203	96.51
950.5	1.9704909226721943	97.339
951.0	1.6846263443521776	81.345
951.5	1.4644443098508866	54.759
952.0	2.0146406221744315	80.605
952.5	1.947699701406647	71.841
953.0	2.6047987501469416	72.307
953.5	1.1697177764116717	80.701
954.0	1.605637025569591	38.555
954.5	2.022177483188609	60.447
955.0	1.9117619762512068	50.478
955.5	2.3573942551053646	127.705
956.0	2.257722633233315	80.92
956.5	2.0947969765636185	90.789
957.0	1.8241042218019596	98.96
957.5	1.8907923167774885	90.445
958.0	1.8008736963792416	98.797
958.5	1.224121359010302	180.976
959.0	1.5898173786772527	181.124
959.5	1.6617156703239255	131.013
960.0	2.1516236785824105	106.175
960.5	1.6496206256016472	58.218
961.0	1.2001690954587918	201.513
961.5	1.2467019404040387	76.957
962.0	2.3653804916254133	62.728
962.5	2.267942303812639	60.311
963.0	1.3777154298374263	80.788
963.5	1.7988189564758514	121.845
964.0	1.6218308682075224	111.02
964.5	2.1202129263829517	110.727
965.0	0.7343489989505534	100.664
965.5	2.3376627297301336	86.924
966.0	2.6108792085103114	135.318
966.5	1.7030972655002974	120.848
967.0	1.5316013372037336	80.597
967.5	2.293232881029089	77.429
968.0	2.238356590681579	161.443
968.5	2.0350854301689707	151.013
969.0	1.5025167452479309	90.762
969.5	1.9004900978689312	73.672
970.0	2.0434069927460796	35.537
970.5	1.6358537008618481	131.055
971.0	0.9531231201976363	121.187
971.5	1.5877849348348652	91.024
972.0	2.133312188700581	60.709
972.5	1.9601717217018988	66.852
973.0	1.1249896642563137	60.427
973.5	1.9579215556686247	160.867
974.0	2.271883444483095	30.227
974.5	2.493900647901552	74.906
975.0	1.2879236821787687	58.393
975.5	1.9178124462696688	123.575
976.0	1.5481919165291114	108.499
976.5	2.502064436042427	62.385
977.0	1.1303783570638786	80.426
977.5	1.4625685263353767	100.539
978.0	1.958668439038927	110.812
978.5	1.4109040144779903	201.765
979.0	1.2762415760512944	110.791
979.5	1.4032623328215958	80.385
980.0	1.1891884607791643	37.496
980.5	2.1534499249327315	46.53
981.0	1.3573659448058395	60.202
981.5	2.6357573935046372	66.094
982.0	1.4310813645785265	59.513
982.5	2.0598697748551653	123.605
983.0	2.0962296975998584	50.37
983.5	1.9770956422057326	111.397
984.0	2.8081493215604705	120.887
984.5	1.4243186449149257	70.596
985.0	2.17651519821379	68.004
985.5	2.2947099752172235	70.654
986.0	2.3267245313044547	71.965
986.5	2.058623969503083	80.41
987.0	1.8100620838988162	82.381
987.5	1.5485643122207686	120.759
988.0	2.295652920081303	90.551
988.5	2.2970321042044763	80.499
989.0	1.8871675333959281	100.565
989.5	1.848006569038903	146.887
990.0	2.077216754694443	90.618
990.5	1.2647902341695285	160.92
991.0	1.7919206244151358	130.932
991.5	1.324365086113813	90.645
992.0	1.8595031184997701	60.701
992.5	1.214662086999708	60.157
993.0	2.017479507972772	86.403
993.5	1.5092132147075898	171.491
994.0	2.353516750720842	38.872
994.5	1.8999382569580265	70.517
995.0	2.1892951591635295	138.975
995.5	2.6157151401119685	90.717
996.0	1.5318553773606505	137.244
996.5	1.783046426410086	120.331
997.0	1.6240887907269628	100.706
997.5	2.1982814536068904	59.041
998.0	0.8221155095217405	111.887
998.5	2.0513101997760126	45.885
999.0	1.5864561687663592	89.166
999.5	1.82971555413219	100.663
1000.0	1.473079427406289	140.982
