0.5	0.1288970289234788	48.774
1.0	1.9081635795828775	78.269
1.5	0.8143645068375552	42.765
2.0	1.225313863703564	77.675
2.5	0.8186762552010787	70.66
3.0	0.8467780377035942	90.875
3.5	1.052437630004707	93.09
4.0	1.246120265319184	13.343
4.5	0.49690266637135866	13.485
5.0	0.61809306180925	22.964
5.5	0.602870236374319	80.609
6.0	0.5478322817247703	31.611
6.5	0.46222623581406436	12.781
7.0	0.41393887400007734	119.671
7.5	0.26927702691783834	40.662
8.0	0.48691520575897745	91.933
8.5	0.6460125473622073	12.139
9.0	0.12088156217883375	15.206
9.5	4.498055948728726	50.542
10.0	1.475396481463312	100.62
10.5	1.9936880297884276	20.202
11.0	0.9158539528589275	72.376
11.5	1.941700887094441	90.562
12.0	1.2515183785529747	129.753
12.5	1.750299122527967	80.543
13.0	1.7369344921847105	80.511
13.5	1.7056564210934613	12.145
14.0	1.786736833375327	70.551
14.5	1.215976013413866	100.617
15.0	2.1581688731320265	12.03
15.5	2.28714167653668	88.068
16.0	1.4866438092458254	100.772
16.5	1.5971458767986133	80.522
17.0	2.4780920053892443	50.401
17.5	2.17603303279167	70.588
18.0	1.2608637318822238	40.408
18.5	1.9676703037323922	51.992
19.0	1.9178363706666959	31.461
19.5	2.110019463449134	103.87
20.0	1.1155654413877627	90.673
20.5	1.9535942257133705	90.449
21.0	1.8460779611961735	14.475
21.5	1.8945748761976984	51.9
22.0	1.5574684343129297	10.608
22.5	2.3857471687224177	50.263
23.0	1.6179059899761081	91.492
23.5	1.7406219488388281	110.752
24.0	1.5737111040225171	50.488
24.5	1.7605403644337279	60.525
25.0	1.6691112421568737	100.483
25.5	1.9730812019614952	109.264
26.0	1.375357382176898	137.074
26.5	2.1260004698029205	22.03
27.0	2.3996715076888346	88.307
27.5	1.805222351017455	60.367
28.0	1.7227673024668553	70.582
28.5	2.0943724264260917	84.504
29.0	2.120134854814318	90.711
29.5	1.749157961094657	20.1
30.0	1.484801265466076	71.281
30.5	1.89257169710636	60.48
31.0	2.28438177639017	60.48
31.5	1.4805377263661994	70.385
32.0	2.132797489566195	60.209
32.5	1.7535855734295438	30.284
33.0	1.7423970120642671	70.595
33.5	1.5889344398195269	100.984
34.0	1.1969290179752203	100.627
34.5	2.119846392902153	60.397
35.0	1.3934168848278756	50.455
35.5	1.693596284132309	94.735
36.0	1.4565785454367661	50.345
36.5	2.147782737440774	80.521
37.0	2.348771117253971	90.596
37.5	1.562900610455086	120.862
38.0	1.7420611081651884	40.309
38.5	2.3964074935631317	80.518
39.0	2.0282705672994115	40.37
39.5	1.5249769237490847	80.45
40.0	2.051828274891167	60.259
40.5	1.1863608700558639	85.209
41.0	2.689391787141328	40.347
41.5	1.4712211770306671	60.319
42.0	1.9449114406364751	65.449
42.5	1.8594619262213374	60.417
43.0	2.14301985004042	15.696
43.5	1.2857512367146642	50.388
44.0	1.8599466793401658	80.467
44.5	2.0964191814034656	18.579
45.0	1.4431689980947395	90.807
45.5	1.3363814963295892	70.414
46.0	1.7338778988683938	89.859
46.5	2.1001817934287024	80.648
47.0	1.9179795365354868	70.345
47.5	1.6686771596269088	30.295
48.0	1.5681733613943187	60.455
48.5	1.3382022077825086	50.662
49.0	2.448611711429537	109.006
49.5	1.79491000979174	50.423
50.0	1.3223079811751024	26.599
50.5	2.248299935480768	38.982
51.0	1.581877021850142	80.878
51.5	0.9439067206568389	22.914
52.0	2.8728615964556554	110.751
52.5	1.168709605994157	132.864
53.0	1.9276891227844872	70.506
53.5	0.9016164560915986	88.204
54.0	3.0132674509378274	50.27
54.5	2.460623469383161	9.338
55.0	1.3705776480979017	25.982
55.5	1.953264300476299	80.563
56.0	2.381014766332044	19.985
56.5	1.6245221258545566	10.828
57.0	1.124387252281214	90.512
57.5	2.258461255441036	50.388
58.0	1.669581871268886	70.535
58.5	1.3857017379477936	9.32
59.0	1.7714547625599864	20.152
59.5	2.398791984373201	10.838
60.0	1.671604581465669	90.705
60.5	1.6320195441483383	120.765
61.0	1.4466234169701744	31.434
61.5	3.0261903523998828	91.234
62.0	1.7678930691799373	70.258
62.5	1.5263693593894727	130.952
63.0	1.5686281010603556	47.342
63.5	1.8721836310966207	20.259
64.0	1.127558243115552	46.706
64.5	2.3328880452021488	80.615
65.0	1.9349812616642996	20.15
65.5	1.521955241012023	120.79
66.0	1.365303939471275	80.33
66.5	1.9933226671191344	90.387
67.0	2.0714637288980002	32.026
67.5	1.6562511529601813	70.34
68.0	1.2403951145728132	80.66
68.5	2.0268144275342177	59.192
69.0	2.4412078356350073	50.284
69.5	1.5138326027010207	60.416
70.0	1.5941264753205562	103.644
70.5	1.5120911073993786	53.83
71.0	1.9416957858510555	60.31
71.5	2.2411959236780854	101.344
72.0	1.3499381456449862	32.924
72.5	2.1828297108681696	70.44
73.0	2.2884748060494133	112.764
73.5	1.5646953473714222	131.1
74.0	1.8834622271486121	35.222
74.5	1.9510004231632185	73.85
75.0	1.7119076689073514	21.864
75.5	2.7290401852244166	41.201
76.0	1.2859933363988683	38.387
76.5	1.3714582205689365	70.43
77.0	1.921303912637307	60.456
77.5	1.7833132012336332	28.773
78.0	1.1768978220571835	47.121
78.5	1.6590401161836779	70.39
79.0	1.0016893046376554	86.706
79.5	2.376282656522125	70.542
80.0	1.720997793828435	100.82
80.5	1.0818222204025236	39.317
81.0	2.5121134189766643	125.335
81.5	1.255227074575859	232.023
82.0	1.8542344081691642	90.443
82.5	2.31424163070429	20.175
83.0	1.8946237892396658	115.527
83.5	1.3744462818777023	95.763
84.0	2.094276324036843	56.654
84.5	1.7231067449247242	30.183
85.0	1.4029688925096486	50.41
85.5	1.5151591313314439	70.372
86.0	1.9806119871625385	50.52
86.5	1.9892614423181352	50.215
87.0	2.021074776473183	70.048
87.5	1.0723922740378518	98.459
88.0	1.4267024034400726	80.405
88.5	2.209743991296053	50.41
89.0	1.8971121917746925	100.456
89.5	1.4299971659173332	24.951
90.0	1.9018204449229	30.046
90.5	1.64657778884859	121.609
91.0	1.1483418303173298	61.439
91.5	2.40596977492613	60.415
92.0	2.0129947244527293	26.881
92.5	2.0326900117952187	100.598
93.0	1.7610113493645871	70.551
93.5	2.182131961231851	90.446
94.0	2.0154319875171236	74.834
94.5	1.3767917238304979	100.817
95.0	1.0770003505081882	90.571
95.5	1.5339401300376068	20.098
96.0	1.8494363389640178	120.903
96.5	0.9942461988317207	124.25
97.0	2.207065118939773	21.556
97.5	2.145298677763363	10.178
98.0	1.4811779141889394	20.132
98.5	1.604994050375116	70.541
99.0	1.3254415630981573	70.502
99.5	1.0134644216403597	9.638
100.0	2.7425320799860944	40.258
100.5	0.8421337594389504	90.564
101.0	1.4677187642798362	60.342
101.5	1.8544759363176326	49.958
102.0	1.8357414554346245	80.645
102.5	1.6644397673762874	11.64
103.0	1.1129661282548375	60.309
103.5	1.5322918863720465	70.592
104.0	1.5779002222618934	132.015
104.5	1.190254891841675	80.468
105.0	2.087110131762443	60.362
105.5	1.9854239125600321	82.935
106.0	1.7216983584498924	91.024
106.5	0.9883353207141334	70.483
107.0	1.3803587255673682	14.733
107.5	1.4706978976247556	20.281
108.0	1.663079986386347	31.255
108.5	1.151676315295239	50.392
109.0	1.678443118349899	20.066
109.5	1.3910558156151427	78.805
110.0	2.4370914758729	33.858
110.5	1.7911323488594957	11.731
111.0	1.273842015945194	52.593
111.5	2.50994988197391	40.005
112.0	1.8212505628383855	14.111
112.5	1.6872040554157384	80.6
113.0	2.068570783741743	50.462
113.5	2.020146099380309	12.289
114.0	1.2883191831405083	82.46
114.5	1.6635400682095711	39.336
115.0	1.7337064243021063	50.423
115.5	2.091775356533937	90.579
116.0	1.7569055286298196	50.368
116.5	1.6995082948481435	12.896
117.0	2.284805802269249	83.869
117.5	1.3993950409984908	70.486
118.0	1.223801161199088	50.424
118.5	2.1522650868868607	22.704
119.0	1.9364107405301887	20.207
119.5	1.4967303171581798	20.118
120.0	2.097312781870363	50.336
120.5	1.7327867581941154	130.947
121.0	1.7641139581464373	70.461
121.5	1.9842929868049108	80.671
122.0	1.3303656084809907	80.331
122.5	2.015825841330934	60.379
123.0	1.483878292173564	30.056
123.5	1.6189298516235306	90.612
124.0	2.111873964498084	60.285
124.5	2.476658459946502	20.078
125.0	1.6941680248952327	60.417
125.5	2.734988961866048	94.169
126.0	1.1563344073586672	70.547
126.5	1.9829488359727505	11.604
127.0	1.7932256774234387	12.649
127.5	2.0249311609839333	20.025
128.0	1.8652570005023228	110.899
128.5	1.59350135001284	28.55
129.0	2.5013015761901003	70.46
129.5	1.3409362098087405	29.059
130.0	1.5962932150707214	70.398
130.5	2.2061253960097202	50.45
131.0	1.4234471975753613	90.548
131.5	1.9092723551284858	20.232
132.0	1.7126059043489266	60.485
132.5	2.0908537508214167	70.499
133.0	2.126303884471515	72.657
133.5	1.2819595569363786	60.311
134.0	1.8231901582771737	60.479
134.5	1.9217033324758355	11.754
135.0	2.1593396310335358	60.538
135.5	1.640990937406064	20.538
136.0	2.1101021603701815	9.512
136.5	1.728739172832575	90.47
137.0	2.409797639607579	10.116
137.5	0.992315190981463	60.491
138.0	1.5777458921385707	110.736
138.5	2.3451006446605986	70.485
139.0	1.8092578450149615	80.533
139.5	1.4028119774755121	80.47
140.0	1.6339241237274666	129.41
140.5	2.624085953267296	80.893
141.0	1.7689889764947664	20.177
141.5	2.1260635639286627	98.404
142.0	1.8696822725093543	130.836
142.5	1.6568755550679883	60.344
143.0	2.02575838074797	80.535
143.5	1.7687037301473552	80.85
144.0	1.7303115825172777	94.606
144.5	2.0101125316613406	141.403
145.0	1.5290714473404075	70.421
145.5	2.3426210816302477	50.407
146.0	1.5830572429643048	90.481
146.5	2.4527078551690438	10.229
147.0	1.6224987260498487	140.887
147.5	1.5000006590408157	17.552
148.0	1.9105527063851468	20.121
148.5	2.3464281986714237	70.538
149.0	0.8594713017783601	21.851
149.5	2.374417307269849	20.463
150.0	2.5622644583617293	60.412
150.5	1.6493625343837637	70.596
151.0	1.8310201004083653	80.227
151.5	2.1831847241213214	74.376
152.0	1.282409547943454	100.586
152.5	2.394194752959665	80.574
153.0	1.1090684296287439	50.219
153.5	1.7295876167124409	9.938
154.0	2.4205368359253683	60.244
154.5	1.7743251579127897	36.91
155.0	1.5871059582437832	86.678
155.5	1.9405976190674734	90.458
156.0	2.0900344256132133	50.329
156.5	2.075177316750339	40.377
157.0	1.5130867623269109	52.647
157.5	1.7939276320340451	30.25
158.0	2.1142016383421045	82.135
158.5	2.482583424000798	101.371
159.0	1.5830095484187705	60.308
159.5	1.4643239503850847	79.413
160.0	2.3456779366555303	70.621
160.5	1.9158937076088762	70.55
161.0	1.5216292102215159	30.224
161.5	1.809531758233481	18.783
162.0	3.2145422118681037	81.365
162.5	1.8086553439552275	13.589
163.0	1.6894229663060223	40.332
163.5	1.4777717090111753	74.393
164.0	1.8625439040137937	20.142
164.5	2.115102377566654	20.163
165.0	1.4957428656489016	20.072
165.5	2.5866749815232235	50.513
166.0	1.718730745772389	60.483
166.5	1.746791826836349	14.021
167.0	1.6924046574636826	70.496
167.5	1.7104487420490906	106.35
168.0	2.1004513055289094	80.421
168.5	1.4302182730822801	70.62
169.0	2.14065093352268	70.438
169.5	2.2144938738838036	22.827
170.0	1.6123759792159864	11.348
170.5	1.8841229866197924	20.181
171.0	1.4762288564849737	120.82
171.5	1.6715593612590893	80.476
172.0	1.9288452426534866	85.087
172.5	1.3835534156688916	110.842
173.0	1.7302950674659805	90.659
173.5	1.7792186208884209	60.23
174.0	1.6688840824552356	40.294
174.5	1.221724951097698	40.278
175.0	2.0486946691104597	60.262
175.5	1.6222161670535375	30.762
176.0	2.3467463738028713	20.26
176.5	1.6150955058565124	60.729
177.0	1.4462688103909844	34.061
177.5	2.493912431916201	30.166
178.0	1.1671171002290348	116.825
178.5	1.6234309859472968	70.636
179.0	2.0108325831900578	141.054
179.5	1.746815202901989	17.987
180.0	1.8211717019339517	60.464
180.5	1.5768819069177158	56.864
181.0	2.1016412964753433	40.249
181.5	1.7773881629837047	60.378
182.0	1.4629912067167974	100.646
182.5	1.6885820522650763	81.575
183.0	2.371659379337107	70.433
183.5	1.8791653609444654	18.119
184.0	1.7064784380269307	12.762
184.5	2.21681259326854	44.678
185.0	2.1609808634304044	60.346
185.5	1.6394954767517569	81.68
186.0	1.7097355864265442	82.962
186.5	1.8576576847408244	50.341
187.0	2.1723763076934772	50.199
187.5	1.8328133369593327	12.056
188.0	1.839698055035408	133.401
188.5	1.9754072611813718	34.088
189.0	1.6289821608506594	120.757
189.5	1.5172323300276116	108.245
190.0	1.9140770733606016	30.248
190.5	2.0799476332281044	11.48
191.0	2.048397429160609	70.479
191.5	1.8442796367820977	89.905
192.0	1.2295389181987137	60.474
192.5	1.6302571892564066	11.902
193.0	1.8284662357694992	50.347
193.5	1.577808107320003	70.546
194.0	1.2377878666681532	60.403
194.5	1.882184125837095	11.479
195.0	1.7527808585917515	120.86
195.5	2.033208803118368	100.682
196.0	1.7074845342225369	40.437
196.5	1.5758971040353569	120.672
197.0	2.206829948886163	15.156
197.5	1.5367122161059212	50.513
198.0	1.6143204375912632	87.615
198.5	2.2480448521938943	20.254
199.0	1.8388112007819537	90.539
199.5	1.5007969003515067	70.512
200.0	2.103535800777588	71.013
200.5	1.839359394984259	80.593
201.0	2.216762719842184	70.395
201.5	1.5674228373212904	100.726
202.0	1.6231034645092985	91.33
202.5	1.881998475529724	103.748
203.0	2.299253643186061	20.15
203.5	1.4376238005736246	66.733
204.0	1.9125134199082707	23.152
204.5	2.84008364694645	80.578
205.0	1.5762305715503726	80.566
205.5	1.8365332893589976	70.517
206.0	2.3765860144542272	84.05
206.5	2.1059788204923633	50.485
207.0	1.9067064639979479	9.057
207.5	1.397781278755655	64.032
208.0	1.7752635241049448	11.563
208.5	1.50887323836415	33.951
209.0	2.467539068300697	113.963
209.5	2.2599535361756415	70.457
210.0	1.7226039139452307	55.435
210.5	1.8802839411067624	40.173
211.0	1.3996633577230455	97.335
211.5	1.5865477081368289	33.436
212.0	2.3750153941753624	88.409
212.5	2.1159922311506905	33.027
213.0	1.639050572453369	114.944
213.5	1.1728823904567265	130.901
214.0	2.2103516534712586	41.975
214.5	1.822796777659725	80.525
215.0	1.5212163798236769	48.829
215.5	1.8778160037515987	21.142
216.0	2.0425867576833476	60.487
216.5	1.3221970209944471	50.377
217.0	2.2707885740167146	170.823
217.5	1.969793003823793	63.64
218.0	1.9987348825393092	11.121
218.5	1.424667968944404	50.469
219.0	1.8829003498470298	60.527
219.5	1.4155111537105727	31.135
220.0	1.6006939931097133	90.4
220.5	2.2856036492714926	70.454
221.0	1.3781483215817387	80.541
221.5	1.777616037644404	80.576
222.0	2.670789702190863	67.395
222.5	1.515921812702658	100.756
223.0	1.6804004758644728	110.683
223.5	1.6886133751562171	20.09
224.0	1.5630030322197523	90.475
224.5	2.327882114053526	70.633
225.0	1.4452364327544507	70.57
225.5	1.6926989051367503	80.793
226.0	1.855937846838413	21.726
226.5	2.2811543150511335	50.646
227.0	1.458556732490759	50.375
227.5	1.7651610589583702	80.563
228.0	2.0192334677443164	34.517
228.5	1.2674178197361243	49.435
229.0	1.8268576162310575	80.543
229.5	2.2051686417323277	76.138
230.0	1.3201160731132229	70.531
230.5	1.8632141196837264	110.845
231.0	2.015243209089541	84.089
231.5	1.287160951830751	74.416
232.0	2.087267956947791	74.086
232.5	1.9130271351430215	70.448
233.0	1.8747541748359853	58.7
233.5	1.6973018199834864	80.472
234.0	1.966955110324873	70.508
234.5	1.6766522679011668	40.202
235.0	1.7215927815810008	120.898
235.5	2.1840512147675195	40.244
236.0	1.3026424467623798	42.365
236.5	2.250733152245946	40.254
237.0	1.9128372940898295	130.788
237.5	1.9319970801796555	50.235
238.0	1.397741578494302	67.938
238.5	1.619563572995352	70.463
239.0	2.39849597324966	95.541
239.5	1.4776495547209318	86.422
240.0	1.9842251971364997	36.226
240.5	2.0048334309765576	70.42
241.0	2.1469975440884173	11.744
241.5	1.4388532892222126	70.334
242.0	2.029836436562446	20.196
242.5	1.7777998125569379	60.611
243.0	1.8081877199035452	60.376
243.5	2.3345654092997834	95.126
244.0	1.552915059632303	38.627
244.5	1.9944107595936449	64.305
245.0	2.2812998320868445	70.576
245.5	1.865733642892165	129.546
246.0	1.392389450084082	85.037
246.5	1.9592997311988969	92.603
247.0	1.9414341886404607	30.335
247.5	1.8022445640434954	58.081
248.0	1.788182361144313	150.978
248.5	1.955473574469282	88.071
249.0	2.4204404206048156	51.121
249.5	1.6470615040505594	110.792
250.0	2.068649868640118	60.667
250.5	1.654176081659801	88.261
251.0	1.5847398850711865	110.581
251.5	1.784120112068781	20.19
252.0	1.5284860249806487	80.241
252.5	1.3722911927467343	42.14
253.0	1.93898650486016	20.162
253.5	1.4287618279651941	50.539
254.0	1.6878549711095603	70.515
254.5	1.737998658880793	130.778
255.0	1.8069297185261342	79.128
255.5	1.9082963750644724	50.264
256.0	1.7133075658978216	90.751
256.5	1.5938085492953815	29.768
257.0	2.10167702918368	70.226
257.5	1.520262352804343	40.314
258.0	1.9437592963623938	90.634
258.5	1.8523863430192775	21.876
259.0	1.7732705055744864	50.391
259.5	1.3593569986004144	60.5
260.0	1.9044813906699924	60.201
260.5	1.9099110215061228	70.36
261.0	1.7549285301623427	70.491
261.5	1.457078430838198	90.333
262.0	1.4833174573970633	8.856
262.5	2.477104848543128	80.581
263.0	1.7218812000299313	73.247
263.5	1.1486576060301534	20.156
264.0	1.7585923620257444	90.55
264.5	1.9934935194991048	62.98
265.0	1.520289399442016	141.118
265.5	1.364498351996822	90.374
266.0	2.2431403659723217	20.195
266.5	1.3681797417712454	120.743
267.0	1.8684772158629082	110.85
267.5	1.7586479090587268	50.345
268.0	1.5628014351577906	130.824
268.5	2.202494513719301	100.678
269.0	1.3703520706807744	120.927
269.5	1.372839930125609	8.457
270.0	2.0821470280603873	70.498
270.5	1.3358133775904508	134.637
271.0	2.5669172865813987	11.297
271.5	1.9230382444532108	90.643
272.0	1.6228834101716856	11.858
272.5	2.245879119662662	40.4
273.0	1.2385940402689808	45.292
273.5	1.7815514159013488	70.375
274.0	2.082118632198815	19.99
274.5	1.8816003408940774	120.597
275.0	1.3310689352225151	60.269
275.5	2.024525739391919	70.501
276.0	1.598888027237593	27.186
276.5	2.436345662561969	29.27
277.0	1.3495718400047143	70.353
277.5	2.012498861675002	50.358
278.0	1.5693704763162815	120.748
278.5	1.424487155367126	32.337
279.0	1.6672690631481224	99.618
279.5	2.069620994791785	50.355
280.0	1.3371554120264306	10.214
280.5	2.547028153693093	70.784
281.0	1.7378625224198316	74.772
281.5	2.338480905136713	86.66
282.0	1.8232190915650008	95.519
282.5	1.421239479407012	154.907
283.0	2.182311652977707	32.022
283.5	2.172612019864194	40.3
284.0	1.9165006406715686	70.567
284.5	1.5060513473608574	70.48
285.0	1.9077452590064248	90.986
285.5	1.2397365609392064	140.652
286.0	2.2843652853655687	80.823
286.5	1.3545199138538664	120.852
287.0	1.6660948268194156	131.354
287.5	2.177048453565773	70.519
288.0	1.7609929291551902	100.781
288.5	1.366599579735728	107.418
289.0	1.5961906751148103	50.375
289.5	1.799599632926697	48.233
290.0	2.14793797782136	51.048
290.5	1.3414932845358876	120.77
291.0	1.6581344550586203	102.276
291.5	2.0720459484736904	66.013
292.0	1.625609282743648	110.663
292.5	2.0497637065171306	48.578
293.0	1.9910228669631969	90.643
293.5	2.547894877990643	109.145
294.0	2.032054673299315	40.491
294.5	1.498848219967589	70.515
295.0	2.0967844727821516	81.209
295.5	1.543424051924726	70.538
296.0	1.684890119396978	72.386
296.5	1.2843812475774194	30.251
297.0	2.143492751478552	47.281
297.5	1.9743965125740173	20.108
298.0	1.6332187239133986	30.305
298.5	1.8712530311466173	70.677
299.0	2.1014808313952607	104.243
299.5	1.6746728701855136	80.52
300.0	2.007795132912397	40.241
300.5	1.8336150105558813	50.099
301.0	1.5895823581674866	60.475
301.5	1.1970798436478163	90.727
302.0	1.545667788932671	80.538
302.5	2.2705125792723164	63.463
303.0	1.9407424210964976	100.561
303.5	1.501648020460175	110.437
304.0	1.9564083861050647	11.2
304.5	1.799360458693441	11.282
305.0	1.6771695555593538	121.028
305.5	1.2517261440506509	32.847
306.0	1.4286508300384562	21.331
306.5	1.7011883218995625	20.004
307.0	1.2016010386688363	70.469
307.5	1.9232718726489564	15.026
308.0	1.632191094658337	47.707
308.5	1.7104481190972514	12.96
309.0	1.0355714380341765	110.895
309.5	1.2138154847888922	109.725
310.0	1.6435301326502496	31.152
310.5	1.5470558346497754	60.36
311.0	1.7007008223792146	39.629
311.5	1.9871532877242999	40.253
312.0	1.2381408639254443	20.146
312.5	2.5210987339638637	20.391
313.0	1.5667449008058123	67.576
313.5	1.4980386389691298	28.407
314.0	2.0086560169419445	90.467
314.5	2.29577465886116	149.37
315.0	1.4226184936634427	151.186
315.5	1.2406452905862855	54.875
316.0	1.7359475599028493	70.528
316.5	1.79827667016983	50.497
317.0	1.3911994763100535	31.578
317.5	1.131905249115253	140.057
318.0	2.281937468179624	120.826
318.5	1.9075135053156107	26.477
319.0	1.486134815712312	120.743
319.5	1.1817388155918804	9.636
320.0	1.743734511452406	70.577
320.5	2.2508243128491086	90.649
321.0	1.48970823727068	20.156
321.5	1.7521529311941781	59.768
322.0	1.4102329371000366	53.074
322.5	2.3429250456231174	11.978
323.0	1.7142960182587166	80.696
323.5	1.7082893095101146	29.785
324.0	1.5475462536871372	10.945
324.5	3.4268053860108023	86.472
325.0	1.54097518856057	10.59
325.5	1.8856159690922636	70.527
326.0	2.2648780340743997	60.355
326.5	2.0331645617008154	70.559
327.0	1.9069768168695327	82.912
327.5	1.4201974009441225	80.534
328.0	1.8403521366107172	13.988
328.5	2.0785476381826955	62.783
329.0	1.4722256396720914	11.125
329.5	1.7282127812620234	81.064
330.0	1.7122520317408505	120.927
330.5	1.9531904988504207	141.003
331.0	1.303623223517668	80.479
331.5	1.739454398868222	117.993
332.0	1.866212289305893	127.816
332.5	1.5904983779652806	60.409
333.0	1.2607343026798936	80.445
333.5	1.4938773755362513	63.162
334.0	2.4379029669901406	89.45
334.5	1.7021744452480694	90.672
335.0	1.9944210893692442	70.372
335.5	1.9710149140998392	121.014
336.0	1.851722934936971	70.548
336.5	1.5344135197522564	45.577
337.0	1.8544518270298986	74.419
337.5	1.6086124419504435	120.966
338.0	1.778328913325744	90.608
338.5	1.9252525451247486	21.246
339.0	2.0033988413533144	63.378
339.5	1.4855649907122892	50.352
340.0	1.8222260921459017	91.721
340.5	1.808070617068004	110.798
341.0	1.8324957251221592	61.398
341.5	2.740031144999671	104.246
342.0	1.7924046987439157	80.196
342.5	1.8992674154069626	40.249
343.0	2.0929643883797304	12.883
343.5	1.2397007636050317	82.428
344.0	1.6617118127656008	50.481
344.5	1.5788178240138002	83.247
345.0	1.424956021110719	90.372
345.5	2.3587239407749343	80.457
346.0	1.5781610150035261	123.212
346.5	1.547194439717047	32.758
347.0	1.9430865094396568	23.585
347.5	1.548333215115831	80.523
348.0	2.018876634405782	103.629
348.5	1.277244196833116	80.505
349.0	2.281272980960068	12.163
349.5	1.8382507736960454	125.311
350.0	2.095402315252808	80.532
350.5	1.669892953232513	40.19
351.0	1.4904177827461826	70.398
351.5	3.183038333318695	93.471
352.0	1.7057109003621826	30.765
352.5	1.5543754501265667	21.18
353.0	1.6727036945061367	110.629
353.5	1.7879685559699399	70.503
354.0	1.98117982955271	70.448
354.5	1.5958889914919487	65.448
355.0	1.87794970837393	90.626
355.5	2.494812680559932	20.239
356.0	1.3800213355347275	23.481
356.5	1.8841339490868976	20.351
357.0	1.792611054019274	60.476
357.5	1.6128954358178575	13.336
358.0	1.7673008502109269	12.416
358.5	1.885241598152951	83.039
359.0	1.9267135450608106	65.326
359.5	2.163548708293544	50.51
360.0	1.9694705575577964	9.145
360.5	1.1534761815900643	24.632
361.0	2.6587008429603687	80.507
361.5	1.6265155094737442	100.602
362.0	0.40424569318366127	141.323
362.5	1.6930708474964744	11.807
363.0	2.356750011035362	70.436
363.5	1.4840143355893367	80.491
364.0	1.667710925649555	103.514
364.5	1.3054633639297917	120.731
365.0	1.5526996759678051	80.471
365.5	2.1989644980321486	20.287
366.0	1.5940640687917023	70.463
366.5	2.0437114810105252	60.935
367.0	1.7383711266243815	120.866
367.5	2.0420846508685284	63.589
368.0	1.9395388311224708	80.429
368.5	1.0449575725512523	109.378
369.0	1.9863286165216067	100.747
369.5	1.5512233931868733	20.146
370.0	1.7612637046058008	83.782
370.5	1.6918762135012075	50.403
371.0	1.3187340625032427	40.577
371.5	1.4153254013068701	130.905
372.0	1.4167053276335446	120.853
372.5	1.5362953424878554	50.308
373.0	1.7119142491932766	8.898
373.5	1.2342112449461933	107.342
374.0	1.8297647617901565	60.51
374.5	2.0237623998657726	60.419
375.0	1.3517071610007856	85.318
375.5	1.750270575249948	41.855
376.0	2.2426299634215043	51.645
376.5	1.6636279159827756	20.137
377.0	2.1509952107453243	30.882
377.5	1.4170791359117338	103.735
378.0	1.5704675933548795	120.893
378.5	2.281164773277775	120.702
379.0	1.7203105480366667	60.506
379.5	1.7114624649353545	20.131
380.0	1.7283253430096903	100.615
380.5	1.3596251380938296	120.79
381.0	1.8792074852312453	67.451
381.5	1.4823874758284328	29.697
382.0	1.7375243630218997	113.37
382.5	2.1621740362741413	15.852
383.0	1.890700181929771	70.478
383.5	1.3597780371168147	32.142
384.0	2.5273956927756447	90.633
384.5	1.6047961926098582	23.859
385.0	1.4583534505796525	30.842
385.5	1.1444548507093186	70.179
386.0	2.6498364294155214	34.076
386.5	1.4169260322790636	12.321
387.0	1.5714729077057625	100.636
387.5	1.5496052976448649	9.108
388.0	1.667847349589613	60.383
388.5	1.6817339738609913	71.729
389.0	0.9265789136196135	129.587
389.5	2.484644505060029	56.193
390.0	1.7775467249454633	130.944
390.5	2.0341704713365383	76.376
391.0	1.2997441722049392	50.344
391.5	1.7212103527954186	70.552
392.0	2.1299247309037224	20.097
392.5	1.8665374730610618	70.505
393.0	1.2019031132812357	12.305
393.5	1.7911154055593776	20.156
394.0	1.244149313770614	140.746
394.5	1.8690325506759071	9.535
395.0	1.795759655097974	129.236
395.5	1.6307682253298204	80.484
396.0	2.0431272528645326	50.358
396.5	1.3504184080871602	65.673
397.0	1.9618916540877605	90.556
397.5	1.7979435212866748	70.439
398.0	1.7985132814452263	50.402
398.5	1.460052784742305	70.425
399.0	2.948956384565324	50.297
399.5	2.056536571975466	39.161
400.0	1.622205718664015	156.815
400.5	1.704421359296506	81.388
401.0	2.6768778923303005	60.499
401.5	1.7014922847486145	40.343
402.0	1.5961570857687228	80.682
402.5	1.6187495422529607	60.386
403.0	1.4620754475304498	110.658
403.5	1.9325464622980109	20.202
404.0	1.592410047513197	14.519
404.5	1.502861756122809	18.595
405.0	2.294027663928563	19.519
405.5	1.6481206219556361	130.798
406.0	1.5100127213519638	140.935
406.5	1.7466618813960038	9.917
407.0	2.505851919760942	43.944
407.5	1.4556851147245842	70.476
408.0	1.3638080250275577	90.556
408.5	1.85029088281834	40.209
409.0	1.5425161352314292	90.49
409.5	2.108705938277007	81.092
410.0	1.7994050075170045	36.338
410.5	1.251572789963841	70.435
411.0	1.9381120651939723	151.278
411.5	2.0233465609788004	90.516
412.0	1.4416684841463023	70.661
412.5	1.7964215041864275	30.328
413.0	1.7831609002206674	38.902
413.5	2.588395652594133	30.208
414.0	1.5253960589779556	90.488
414.5	1.3416541957398445	40.295
415.0	1.859321385992103	50.457
415.5	1.180200632823935	70.359
416.0	2.3106678853636873	81.653
416.5	1.782123115723946	40.325
417.0	2.133687735554619	80.626
417.5	1.6463294507863948	70.514
418.0	1.2742060236546666	13.995
418.5	2.6840000998568967	10.039
419.0	1.4817041331044003	65.737
419.5	2.4000450049613953	10.198
420.0	1.2538770663270866	110.886
420.5	2.1787245225261103	65.794
421.0	1.1937647496592505	14.798
421.5	1.8762480743033374	35.662
422.0	1.8145452053135325	21.567
422.5	1.835735926149089	10.378
423.0	2.3599878226284443	20.298
423.5	1.3069681206455963	11.446
424.0	1.6828897477476557	20.149
424.5	1.7581058212283425	14.816
425.0	1.801031938027735	10.982
425.5	1.5219560349910637	50.432
426.0	2.2121117488556976	30.277
426.5	1.8263829453335036	50.469
427.0	2.203799399258628	20.158
427.5	1.86702888225917	56.397
428.0	1.92037511770314	70.411
428.5	1.3360145367992302	19.849
429.0	2.461731015641309	38.66
429.5	1.429726276011101	80.31
430.0	2.2008555681645285	20.118
430.5	1.4521454414172386	110.848
431.0	1.2339872234158282	100.741
431.5	3.3618732702676004	70.612
432.0	1.772701958568724	60.522
432.5	2.1568408248782283	21.049
433.0	2.388653841484272	14.782
433.5	1.3208541279563142	27.672
434.0	1.7370806521307014	41.831
434.5	1.8532530724128027	23.826
435.0	2.0427592270124233	80.576
435.5	1.6468616463265378	50.752
436.0	2.047492325856874	80.615
436.5	1.6223779733375856	90.715
437.0	2.326415638970143	60.431
437.5	1.5886739051102272	120.874
438.0	1.6584892664732098	8.43
438.5	2.2245833402587922	102.36
439.0	1.5667694503635419	120.821
439.5	1.3299845347849855	70.458
440.0	2.5109685109437634	20.148
440.5	1.5528525113336693	120.679
441.0	1.4776442739540698	90.203
441.5	1.414665164007856	31.434
442.0	2.2374582717506377	86.906
442.5	2.2704891159778455	50.285
443.0	1.3327083477448487	39.346
443.5	1.9425640270275863	60.257
444.0	2.524870510425926	20.089
444.5	1.3930660024800723	70.37
445.0	1.351896870414593	50.364
445.5	1.6990018307034989	32.133
446.0	1.807617850391695	64.345
446.5	1.8781509953400481	326.202
447.0	1.2473801522330403	20.837
447.5	1.4906063045459594	73.442
448.0	3.110890934349608	60.352
448.5	1.7325834531216509	108.905
449.0	1.6819401387275343	50.566
449.5	1.5199047914073849	35.921
450.0	1.9313810987082969	70.437
450.5	2.4136725060765847	20.187
451.0	1.2503669126204677	110.855
451.5	1.7763781135505379	24.68
452.0	1.8828493441398153	15.811
452.5	1.6069714054557578	40.446
453.0	1.7518784118271855	50.417
453.5	2.246213766687137	50.393
454.0	1.7973168291474404	20.149
454.5	1.352122270890969	60.189
455.0	1.1587646936937621	60.494
455.5	1.5537859153950937	60.376
456.0	2.397720021247743	60.298
456.5	2.3947115667811283	8.377
457.0	0.8630878964731011	130.99
457.5	1.665415497226661	80.625
458.0	1.8246809226279448	20.14
458.5	1.9068146221343347	50.332
459.0	1.230279752577728	60.569
459.5	1.552807239433489	70.533
460.0	1.5765707263903845	120.805
460.5	1.9150330411481558	80.537
461.0	1.9933490406098615	70.503
461.5	1.6396489068932	120.952
462.0	1.770968500000575	60.365
462.5	1.3522518178199998	23.805
463.0	1.7504059370082017	40.18
463.5	2.0386412518561206	50.283
464.0	1.2904918577883462	136.532
464.5	2.2797983562011397	10.147
465.0	1.0905646762541168	41.435
465.5	2.8155376726138135	14.465
466.0	2.03139531507649	50.403
466.5	1.6885217344795684	110.847
467.0	1.9127085374026083	128.092
467.5	1.485883675255213	37.23
468.0	2.000623973718996	31.481
468.5	1.994033614762357	80.488
469.0	1.4998105656533718	60.443
469.5	1.6471362526958184	80.422
470.0	2.025049838966182	60.352
470.5	1.3698248008943976	29.044
471.0	2.1981409504618763	10.378
471.5	1.518760553426256	50.526
472.0	2.256420736987185	120.877
472.5	1.6210280253749814	31.826
473.0	2.2227012625347218	79.24
473.5	1.8525160514272798	85.617
474.0	1.3570662218954546	15.916
474.5	1.552245684963874	70.613
475.0	2.2526754701531684	80.557
475.5	2.3067262268361897	20.087
476.0	1.4071387256899044	40.373
476.5	1.445960753127563	72.134
477.0	2.6775437311415167	70.305
477.5	1.3411854249985493	128.061
478.0	1.8311189335354692	130.811
478.5	1.7670683302374914	60.542
479.0	1.6090186752496018	50.417
479.5	1.3474553355681154	130.847
480.0	2.263556796320709	40.381
480.5	1.5530417348439394	130.87
481.0	2.2007086625370604	80.384
481.5	1.9614698310905896	48.827
482.0	1.4509215437275773	100.536
482.5	1.4896329959484576	90.545
483.0	1.6825831191685994	70.57
483.5	1.3147887745628797	40.294
484.0	1.633251565231136	9.668
484.5	2.116743304814176	70.172
485.0	1.6157425028111598	110.745
485.5	1.8026604663421957	50.342
486.0	1.593033188053351	31.819
486.5	1.8209886800433577	100.566
487.0	2.4952063926106662	50.121
487.5	1.085749993234391	100.692
488.0	1.8979817423076548	95.153
488.5	2.0230676758381496	90.618
489.0	2.6861256314562723	10.925
489.5	1.510983359807562	40.292
490.0	1.516017083131229	32.591
490.5	1.931950792945393	72.595
491.0	2.073305868330122	90.633
491.5	1.8879243205925058	10.149
492.0	1.8815757047656896	60.902
492.5	1.7056884588744563	50.326
493.0	1.7433206832767956	70.504
493.5	1.117310706742776	9.522
494.0	1.77421791394783	60.477
494.5	2.4823204530546774	50.308
495.0	1.7075168098470723	31.541
495.5	1.8479396640350818	21.633
496.0	2.235455159134925	20.097
496.5	1.7577876441647382	90.367
497.0	1.9914179830770722	81.589
497.5	1.1060137243932888	108.731
498.0	1.6074506039172094	50.233
498.5	2.332441624794083	20.078
499.0	1.391345799795959	20.108
499.5	2.4657285751324856	50.325
500.0	1.7125893259656668	90.671
500.5	1.9174289618092801	43.381
501.0	2.472837753951166	82.258
501.5	1.1299867712064555	80.739
502.0	2.2446904055617707	29.932
502.5	2.367459107449897	73.124
503.0	1.5115632067802258	50.36
503.5	1.9358052064460465	80.384
504.0	2.5740565151995902	65.676
504.5	1.8253837205553862	90.636
505.0	1.6429144385253458	70.541
505.5	1.535692869282237	50.312
506.0	1.6337698980553965	43.42
506.5	2.317842885818469	80.294
507.0	1.3429931072543457	80.497
507.5	2.3495454737134924	40.219
508.0	1.8982661019584925	87.455
508.5	2.1544420423443746	70.516
509.0	1.9681840635790606	50.364
509.5	1.4746534649304932	18.057
510.0	2.261588648426276	50.348
510.5	1.75941125927503	140.923
511.0	1.7746811424526254	9.722
511.5	1.8806584716216572	80.539
512.0	1.96533521672347	12.224
512.5	1.9693222583547145	113.242
513.0	1.186226102199095	74.233
513.5	2.02644636693039	90.562
514.0	1.963236452936719	20.174
514.5	2.1634567232995057	20.079
515.0	1.0480902793011997	42.326
515.5	1.756876995749714	70.342
516.0	2.171262706627398	50.214
516.5	1.5105200064844513	140.988
517.0	1.686963868559219	120.959
517.5	1.9153942518595686	60.445
518.0	1.7620668950975207	110.932
518.5	2.0683493004104325	114.904
519.0	1.5118613774437444	82.271
519.5	1.8931443911886212	30.7
520.0	1.9993156194184163	20.703
520.5	1.6292166134892598	140.857
521.0	1.3935685218990426	70.511
521.5	2.1324224193057053	20.545
522.0	1.7182893188791113	80.365
522.5	2.3009002341978277	134.276
523.0	1.432458771682322	81.219
523.5	1.883092740475786	80.44
524.0	2.118069276253904	112.166
524.5	1.7384846903375106	50.068
525.0	1.1985891748743813	50.278
525.5	1.4127731282466511	50.999
526.0	2.8997467378690303	40.229
526.5	1.7898628268347048	70.557
527.0	1.803779812717191	20.13
527.5	2.3781069635452012	50.328
528.0	1.3195310360569195	20.241
528.5	1.5135911013724392	20.175
529.0	2.142720515091381	60.329
529.5	2.177857317067395	90.705
530.0	1.9487001509402873	90.593
530.5	1.9035840989148685	20.408
531.0	1.1199597890050028	242.412
531.5	1.7358490756178955	50.356
532.0	2.0062186625305864	70.552
532.5	1.8355131385159957	70.494
533.0	1.8193216365206881	30.135
533.5	1.2455466083179494	10.63
534.0	2.6203552403356394	13.013
534.5	1.2926780644828229	131.015
535.0	1.7724355701039811	110.71
535.5	1.9963170602171953	60.422
536.0	1.998340470848901	36.31
536.5	1.1982181264238707	80.593
537.0	1.754164296969613	9.022
537.5	1.5947896718587775	72.185
538.0	2.385502505431231	70.21
538.5	1.0440771148643386	90.664
539.0	2.0275035323605626	91.998
539.5	1.8603378993731332	31.552
540.0	2.436265858404303	90.477
540.5	1.2868474515866006	25.115
541.0	1.0997944173369936	61.328
541.5	2.4816833616241363	83.335
542.0	1.7337993145485433	14.886
542.5	1.8977769723483344	40.275
543.0	1.4277774892800073	50.433
543.5	1.755590876422092	8.882
544.0	1.6697271964485436	70.532
544.5	1.5994299649981174	11.616
545.0	1.6409289442630985	151.23
545.5	1.9913445675055474	80.701
546.0	1.480356372048128	90.602
546.5	1.9138891627703007	80.677
547.0	2.4202059670539042	60.3
547.5	1.8737398221913173	50.388
548.0	1.1666001430602477	9.5
548.5	1.670846167873071	62.713
549.0	1.4400312659014103	80.518
549.5	1.9123435445072945	11.693
550.0	2.0408119835683123	10.207
550.5	1.7490712714653367	49.766
551.0	1.9538364038645153	90.525
551.5	1.6213543839955982	50.303
552.0	1.720030037563214	12.022
552.5	1.6674627368545307	80.536
553.0	2.4505881929202347	65.419
553.5	1.5342190086809522	12.21
554.0	1.0704370874278193	33.675
554.5	1.8697267552467989	11.954
555.0	1.6581925335541423	14.086
555.5	1.7946432340877043	101.292
556.0	2.6095480401764695	31.186
556.5	1.5331563800666344	55.667
557.0	1.522851926081532	70.219
557.5	1.1885607853468463	120.879
558.0	1.9170157656596187	70.516
558.5	2.580531970101049	60.171
559.0	1.407512600062033	20.178
559.5	1.9792520804167189	50.342
560.0	1.9573781371470111	100.781
560.5	1.8439851882567506	9.585
561.0	1.7523396362822414	9.393
561.5	1.2410714869944912	110.406
562.0	1.65491898910422	70.449
562.5	2.493096232933516	50.318
563.0	1.3965456258474152	106.735
563.5	2.2379293870144137	50.358
564.0	1.9036186314440846	51.443
564.5	1.7850218874687527	100.679
565.0	1.8887804609619443	13.738
565.5	1.453282275063224	59.702
566.0	2.0227228205190237	70.466
566.5	2.006124635740582	60.332
567.0	1.1308998650640936	74.883
567.5	1.5712225735098693	45.826
568.0	1.9816445978973602	90.416
568.5	1.938604297440674	10.594
569.0	1.6529139023011161	60.263
569.5	1.5736235893477077	10.123
570.0	2.003511935686762	70.463
570.5	1.2244309141913543	16.671
571.0	2.03492744090679	90.571
571.5	1.9030916088968333	70.46
572.0	2.204410685854608	9.003
572.5	2.1295346376786	150.203
573.0	1.8356482543981922	13.439
573.5	1.8505018923867562	80.532
574.0	2.0622578051596347	92.593
574.5	2.1005923223472163	100.6
575.0	0.9583570765359484	12.22
575.5	1.904495777082027	30.247
576.0	2.0140767611095973	9.763
576.5	2.5632567473952896	80.497
577.0	0.9891358265920602	83.373
577.5	2.271480524103568	11.465
578.0	1.276442125433621	112.984
578.5	2.6369132193529152	24.141
579.0	1.3558118670234698	110.953
579.5	1.8220080841328503	15.324
580.0	1.7649112488524152	14.048
580.5	2.359350294694846	19.972
581.0	2.008007856128165	12.435
581.5	2.497121416476398	69.667
582.0	2.1767054829834582	100.62
582.5	1.6721337775923055	70.443
583.0	1.3996626710033468	29.79
583.5	1.939797035109826	70.366
584.0	2.0723983035459312	72.69
584.5	1.5255305354362252	131.039
585.0	1.8549946721525306	70.567
585.5	2.0257825761729396	62.203
586.0	1.771790230561272	112.479
586.5	1.6127008363087751	10.307
587.0	2.2888436721305787	50.321
587.5	1.8897804674734542	100.616
588.0	1.7133514154248841	11.032
588.5	1.2892131792818389	50.47
589.0	1.5389279418863824	60.323
589.5	1.7699327483779022	50.186
590.0	1.9349662796885145	90.456
590.5	1.5387245840477546	90.556
591.0	1.626013162626981	70.562
591.5	1.8536459503815483	120.931
592.0	1.5385619037596905	105.77
592.5	2.4795078557372903	10.306
593.0	1.7957536915668413	20.108
593.5	2.481654008446995	30.338
594.0	1.48454776790192	60.46
594.5	1.148702944760959	125.67
595.0	3.019218621301955	99.334
595.5	1.967865174223556	110.784
596.0	1.4773913753131775	60.315
596.5	1.563477160879309	58.506
597.0	2.104663683694708	90.612
597.5	2.4197147490557493	29.044
598.0	1.8010792217036204	31.114
598.5	1.5156950137724432	40.266
599.0	2.140613118098805	80.652
599.5	1.731454195905588	20.158
600.0	1.0744917801060327	14.177
600.5	2.0932427533926465	90.611
601.0	1.5652283893961272	70.502
601.5	2.0446447086246415	20.007
602.0	1.448226835303499	70.474
602.5	1.5033547680840762	59.543
603.0	2.973894765556292	120.328
603.5	1.750247078148413	90.378
604.0	1.3609854366088037	52.738
604.5	1.6658145601998806	36.222
605.0	1.810672853048812	70.605
605.5	1.8835671338358362	33.073
606.0	1.40503410284326	91.313
606.5	2.3010776593806828	40.169
607.0	1.3345747729887343	90.571
607.5	3.298126014676428	50.109
608.0	1.0094130213126447	110.941
608.5	2.0079569875724212	56.792
609.0	2.036862245812545	10.92
609.5	2.0882295074812403	60.391
610.0	1.3633975047143367	80.535
610.5	1.705213637206021	70.467
611.0	1.7263932662010941	80.596
611.5	2.164286298378202	20.135
612.0	1.4151003691007464	60.412
612.5	1.611444427230771	33.522
613.0	2.3172064077702843	60.267
613.5	1.5810586295114388	50.477
614.0	1.6515017061125532	140.949
614.5	1.7587936068884287	70.088
615.0	1.7060113999342545	120.774
615.5	1.2051474840038279	9.251
616.0	1.7517856901186375	113.869
616.5	1.9102458882626936	90.444
617.0	2.3151905567245947	9.396
617.5	1.3671068096797048	80.76
618.0	1.4997651102488372	38.998
618.5	1.2613979278488126	88.603
619.0	2.0956555180984098	58.924
619.5	1.4407858936686357	40.255
620.0	1.800960187610441	90.732
620.5	2.117966815714674	24.355
621.0	1.8438057674980055	8.677
621.5	0.9752613657289744	10.063
622.0	2.319223957167278	50.363
622.5	1.802863900020092	30.219
623.0	1.5946360671595443	90.972
623.5	1.2711977579688363	10.715
624.0	1.7433073095719245	50.304
624.5	1.768514515438235	9.512
625.0	1.3290792013785169	21.956
625.5	1.8707512407257818	17.985
626.0	1.8395785727414187	50.355
626.5	1.716644418232644	130.748
627.0	1.2348843584364024	20.493
627.5	1.6929150586072044	61.388
628.0	1.3816905637651686	20.144
628.5	2.1252412354207992	20.169
629.0	0.8202703353916747	100.658
629.5	1.811455223474256	40.215
630.0	2.0657189736997497	89.969
630.5	2.3142995279921523	120.511
631.0	1.282899544264766	70.431
631.5	2.6765450312078154	60.218
632.0	0.9363989393122283	90.451
632.5	2.162460614859604	70.413
633.0	1.381216370695209	50.402
633.5	2.1863006719359426	70.508
634.0	2.4658085447534996	80.517
634.5	1.6324175758973731	20.132
635.0	1.6551432461456412	65.484
635.5	2.1183022065071984	110.813
636.0	1.5825289274518708	90.69
636.5	2.165723060861491	10.423
637.0	2.0297489102332595	90.508
637.5	1.7749320535125277	20.199
638.0	1.9338608014689336	120.772
638.5	1.9469766949813527	20.176
639.0	1.6218951223154365	60.32
639.5	1.5471824560498983	110.733
640.0	1.7386647006124742	80.576
640.5	1.8085378982653366	70.525
641.0	1.7766173269657968	80.424
641.5	1.6804788689849293	70.529
642.0	2.2538193581778927	70.512
642.5	1.6845432138327812	90.892
643.0	1.2561340049778165	20.66
643.5	2.066388122685158	15.873
644.0	1.6966728870700558	50.058
644.5	1.7285572448750228	50.536
645.0	1.4813163479314153	106.852
645.5	1.8089056613761871	49.907
646.0	2.0353761305660627	80.853
646.5	1.3034014288290698	49.846
647.0	1.7056230226172517	70.367
647.5	1.6184940765697198	80.64
648.0	1.943687265100088	80.637
648.5	1.2290039574880307	131.277
649.0	2.0066913744754	60.423
649.5	1.9741765729678318	40.274
650.0	1.7840000949887171	31.29
650.5	1.5441087183510038	10.179
651.0	1.754398634687862	101.88
651.5	1.8504939740957906	90.935
652.0	2.0244024305954733	70.11
652.5	0.8128983446112019	50.364
653.0	2.1185835486190214	86.925
653.5	1.4694239109698457	117.108
654.0	2.1845120684916184	80.526
654.5	1.8389611994806119	70.585
655.0	1.525139199476435	90.648
655.5	1.8462559619573053	20.082
656.0	3.3758682575713506	21.624
656.5	1.2347215940438603	50.368
657.0	1.9495079849646069	90.61
657.5	1.3958822012005554	45.73
658.0	1.7618290363793159	90.648
658.5	1.8546917532576006	72.143
659.0	1.7061249143161135	120.781
659.5	1.8732968632921292	90.635
660.0	1.6810508260957875	20.164
660.5	1.8247467798432018	50.27
661.0	1.984597734395375	10.006
661.5	2.0856062067494263	9.457
662.0	0.9205638445520875	80.553
662.5	2.198246829109239	70.512
663.0	2.1386478359648184	60.532
663.5	1.65794793789515	90.605
664.0	2.3098727079501056	112.364
664.5	0.8827111498712148	8.169
665.0	2.640805141288152	60.557
665.5	2.021864304035107	61.21
666.0	1.7673230542420784	8.348
666.5	1.7943912471298094	20.093
667.0	2.297829578691415	20.137
667.5	1.5537891981175418	121.131
668.0	1.1056476486573996	130.982
668.5	2.578989669576731	82.013
669.0	1.5975116742257445	80.446
669.5	1.740085906713916	133.011
670.0	1.496810252032258	140.878
670.5	2.5657414940308843	82.527
671.0	2.3036543717993956	77.992
671.5	1.3771582671318503	123.876
672.0	2.859967887397411	10.435
672.5	0.9011455615355197	73.917
673.0	1.476236439102552	70.286
673.5	2.541367982115801	20.614
674.0	1.8306235300431333	70.439
674.5	1.658614113870063	30.099
675.0	2.4790425553549515	50.199
675.5	1.1614399874772625	90.485
676.0	2.4488006392839314	72.204
676.5	2.020956430131523	51.745
677.0	1.9721710910089854	91.242
677.5	1.4204807490641664	75.395
678.0	1.826160493339436	100.724
678.5	1.7292103943442843	10.994
679.0	2.2574677744718232	10.547
679.5	0.909786048362442	62.238
680.0	1.8115793304699903	50.235
680.5	1.047563294947632	150.97
681.0	1.9497675979446998	22.834
681.5	1.5213878372180498	30.118
682.0	1.2948375873380433	133.688
682.5	1.8998574152122145	89.003
683.0	1.7207975720646471	106.172
683.5	1.039207496747933	111.733
684.0	0.14431149336705726	28.284
684.5	2.324061691198744	12.429
685.0	12.577809495675787	50.507
685.5	1.5526446648339303	100.887
686.0	1.7383387734216789	130.855
686.5	1.0260945501777121	70.369
687.0	1.3854727798042548	60.353
687.5	2.0711916473793788	122.596
688.0	1.879299726580827	40.278
688.5	2.1511802809999048	120.784
689.0	1.740178383113068	100.816
689.5	1.8307516177784884	44.81
690.0	1.2854485329403136	66.915
690.5	1.7619990939127828	77.087
691.0	1.1020774233824693	17.803
691.5	1.2377122907753604	46.467
692.0	1.8379330285369324	70.489
692.5	1.5914602401311575	10.088
693.0	1.3248072596226574	127.982
693.5	2.525062569033356	116.423
694.0	2.962606181393553	85.172
694.5	1.3471423319521523	30.186
695.0	1.8490713300194845	30.236
695.5	1.3715395632746556	20.127
696.0	1.5397860246678166	20.116
696.5	1.5728333027144252	132.471
697.0	1.9521064275308864	140.208
697.5	1.4021517494549751	60.556
698.0	1.56510419545973	60.52
698.5	1.7346688567697992	15.464
699.0	1.5796665411432242	88.387
699.5	1.0011406856842582	28.822
700.0	0.9499518263159882	18.125
700.5	2.207635004130201	20.303
701.0	1.9029788702299102	20.338
701.5	0.6919056788837866	25.56
702.0	0.6222811839544835	70.51
702.5	1.559415894967915	17.506
703.0	1.5607148416377512	37.581
703.5	1.910565032909889	37.712
704.0	2.030401149968927	49.072
704.5	1.7216775200113321	110.772
705.0	1.789637875149415	109.43
705.5	1.2215001336242435	70.438
706.0	0.9934223817778542	20.115
706.5	1.2955726906252463	13.513
707.0	1.7245475452979786	16.135
707.5	1.920792617593927	137.573
708.0	1.906504647047663	156.453
708.5	2.198022538083005	20.24
709.0	1.9044674928533583	8.356
709.5	1.4324914170641994	60.272
710.0	1.3426497180442978	60.296
710.5	1.7481713890843686	11.842
711.0	1.498785725919412	30.199
711.5	2.35707694409916	131.499
712.0	1.9943664748912482	60.254
712.5	1.6958743392835107	14.41
713.0	1.2480143991666344	120.942
713.5	1.8476347540690372	116.094
714.0	1.7449007135060977	80.486
714.5	1.8822053304128068	21.346
715.0	1.9105828764816464	24.625
715.5	1.7117435657533544	50.364
716.0	1.3987178384713848	18.883
716.5	1.4646331096744962	70.468
717.0	2.08423434336282	9.775
717.5	2.3365426494203376	111.357
718.0	2.2458331739252557	134.436
718.5	1.7480598127498457	36.444
719.0	1.2024817314942362	68.8
719.5	1.290938543409501	64.501
720.0	1.707142220619329	38.592
720.5	2.1682824000593053	38.422
721.0	1.3618681684125291	21.23
721.5	1.3524463153655317	47.766
722.0	1.39578137984954	16.835
722.5	1.1870490598934667	23.98
723.0	2.0020898389493174	70.272
723.5	1.9995607186751725	14.439
724.0	1.6986164863162148	20.073
724.5	1.785124685767994	12.8
725.0	1.391565708310501	33.232
725.5	1.7020359424529863	34.412
726.0	1.4814863142646557	24.1
726.5	1.9895351385345426	16.355
727.0	1.7200413220916622	33.603
727.5	2.2348529335461293	81.939
728.0	1.5536154074722113	20.245
728.5	2.115863641630041	102.226
729.0	1.8758658714927352	120.764
729.5	1.6765117391012914	120.767
730.0	1.773557014092863	70.394
730.5	1.9394666829272489	70.406
731.0	2.1466619558992974	109.147
731.5	1.942370771340432	70.625
732.0	1.1634729996137445	35.188
732.5	1.248319626012174	70.461
733.0	1.7481161848930855	40.177
733.5	1.5151832204975997	40.028
734.0	2.220569966288215	60.495
734.5	2.0752450625735777	130.885
735.0	1.4802930935639012	34.402
735.5	1.652491702213445	28.816
736.0	2.3450800308754483	13.601
736.5	2.3661281198450723	70.45
737.0	1.4833442492377953	70.501
737.5	1.6317691647022636	90.64
738.0	1.946120326661152	82.724
738.5	1.931113327746792	60.213
739.0	1.7006497780702332	57.407
739.5	1.4419793775259715	141.103
740.0	1.8858323316020327	80.475
740.5	1.830599523496846	80.491
741.0	1.7274287257688654	50.54
741.5	1.821822464523102	50.56
742.0	1.9052623861512594	110.67
742.5	1.8974474456010577	31.316
743.0	1.1668506339557714	79.843
743.5	1.1570018465856013	84.19
744.0	2.249014059316776	50.283
744.5	2.0925168045925973	50.281
745.0	1.9657709584468859	70.597
745.5	2.1695486486989366	70.619
746.0	2.269419592065964	110.682
746.5	2.002217928751608	20.971
747.0	1.3953315471025132	14.026
747.5	1.3108691230554206	17.445
748.0	2.8290477465682957	20.672
748.5	2.3720936218216004	50.535
749.0	1.6893644625422988	15.201
749.5	1.33080208978644	10.061
750.0	1.351935067694405	70.526
750.5	1.3184210393737574	70.471
751.0	1.529233906774894	50.661
751.5	1.669564000007355	50.579
752.0	1.7118650060662097	70.479
752.5	1.4220352054210101	28.272
753.0	2.2098286307147776	80.625
753.5	2.2362232196699567	80.643
754.0	1.9398220345421953	65.827
754.5	1.7111446645079185	69.346
755.0	1.6488098510728626	13.701
755.5	1.4606987041586459	60.49
756.0	2.0073749650742867	70.324
756.5	2.2046393770602917	70.342
757.0	1.6049679072017826	50.32
757.5	1.8219204983095154	70.564
758.0	1.441653469171938	90.697
758.5	1.518164169814054	90.678
759.0	1.5732479022333852	30.229
759.5	2.142944552804916	30.167
760.0	1.8873425458313189	80.561
760.5	1.9349509030718135	60.388
761.0	1.8698569597993275	116.145
761.5	1.595079706407854	133.281
762.0	1.6819222469310797	25.9
762.5	1.6463108116862804	93.11
763.0	1.9719708431041423	29.005
763.5	2.477879502060746	65.475
764.0	1.9736492873389357	14.526
764.5	1.9659081385508164	100.396
765.0	1.3652349456697437	126.984
765.5	1.8637734853721113	80.706
766.0	2.573356428904996	60.265
766.5	1.859481114297154	13.897
767.0	1.7257542566196395	20.069
767.5	1.8171748446681029	31.848
768.0	1.9390764160118776	18.964
768.5	1.7790997292738904	70.425
769.0	1.936929268856758	70.017
769.5	1.6127049183000555	130.712
770.0	1.1533348743799074	20.272
770.5	1.296015366439105	20.079
771.0	1.7303320490875016	111.144
771.5	1.7558382644998893	110.361
772.0	1.5169219669429912	16.302
772.5	1.639154397869677	135.747
773.0	1.4096741961281642	10.904
773.5	1.7117010172838876	76.588
774.0	2.414289402639588	70.52
774.5	2.374589433876	65.97
775.0	1.3701700410830624	13.74
775.5	1.8695486746014367	20.115
776.0	2.4034670243440783	60.391
776.5	2.1250541873746887	60.281
777.0	1.1584450759093987	60.433
777.5	1.4336752859570783	60.378
778.0	1.5978992918921495	34.999
778.5	1.6361368502279103	70.424
779.0	2.5476700604681866	86.723
779.5	1.9032183344876588	81.203
780.0	1.845103869992423	13.854
780.5	1.9414042576804402	10.227
781.0	1.9713613049652645	74.27
781.5	2.000561587194253	71.274
782.0	1.2778701227337685	70.573
782.5	1.3663235666434028	50.456
783.0	2.231072930058068	100.623
783.5	2.2862110063924117	100.512
784.0	1.9084416840975102	30.219
784.5	2.0775616478939933	30.279
785.0	1.2730443179383275	110.778
785.5	1.3688910398004648	32.734
786.0	2.021388784759499	100.715
786.5	2.043010086224696	112.366
787.0	1.9373585037643128	80.547
787.5	1.635858913274918	80.462
788.0	2.534724656842482	85.491
788.5	2.383161025931433	81.363
789.0	1.101736270613554	50.158
789.5	1.5138353553953456	50.127
790.0	1.461483397707082	90.575
790.5	1.8505790329616383	90.525
791.0	2.3850488030828303	20.248
791.5	2.3628734627079826	60.604
792.0	1.726712632790251	59.68
792.5	1.4454553301577917	64.6
793.0	1.3312401298026353	125.624
793.5	1.1275035452496707	50.303
794.0	2.0099747957196645	60.193
794.5	2.24808605475566	60.274
795.0	1.4437788590919538	35.878
795.5	1.3822781484381308	90.861
796.0	1.4760186200258076	20.107
796.5	1.8993952311894002	20.142
797.0	1.0054258075708873	35.161
797.5	1.107484720410934	32.745
798.0	2.48652018798951	80.556
798.5	2.927860759382157	36.97
799.0	2.11583118555238	60.422
799.5	1.6615599951212685	60.154
800.0	1.896088043331256	70.47
800.5	1.81763144367016	70.426
801.0	1.9124180654719471	19.989
801.5	2.2537253262018573	20.08
802.0	1.6457147280283801	34.282
802.5	1.4795896767175414	10.156
803.0	2.5936754256658006	40.233
803.5	2.0027579305296093	70.71
804.0	1.5477722868425916	130.942
804.5	1.1855296800811068	80.553
805.0	1.793719525165777	80.386
805.5	1.5129703933152983	80.295
806.0	2.2366456638796555	81.26
806.5	1.9855589393639224	19.952
807.0	1.772620697448024	21.713
807.5	1.4957140950353136	13.039
808.0	1.98769518031244	80.612
808.5	1.999428850707178	80.626
809.0	1.4970619908828608	38.081
809.5	1.8103750245044676	100.816
810.0	1.9404664005791517	69.905
810.5	1.5911277113131066	50.331
811.0	2.023563989114951	86.204
811.5	1.9854977327478405	40.12
812.0	1.0797790639944511	120.842
812.5	1.2793430082266581	120.86
813.0	1.818241702826508	77.692
813.5	1.6588080828830216	120.896
814.0	1.9890511355886142	60.44
814.5	1.8170630334278266	116.565
815.0	1.79284836136541	70.559
815.5	1.6535959708024495	50.4
816.0	1.6389117827421513	20.165
816.5	1.5400551641885354	20.167
817.0	1.81795075808127	109.683
817.5	1.7316665598613317	13.471
818.0	1.686551927153158	90.522
818.5	1.4113007214545883	90.503
819.0	2.3561609867151465	90.81
819.5	2.3371987373477126	90.886
820.0	1.213053864449442	14.598
820.5	1.3216494981783775	141.128
821.0	1.8848918731597188	70.481
821.5	1.912434558539647	70.478
822.0	1.9039741809442756	53.166
822.5	2.052412662289738	80.533
823.0	1.4742476345882503	127.305
823.5	1.0711512471723568	109.325
824.0	2.6239000423524055	34.744
824.5	2.144875968176868	33.276
825.0	1.866615147608152	70.223
825.5	1.4983515447576106	15.034
826.0	1.3979291556001623	90.649
826.5	1.963567529607485	60.619
827.0	1.8815863965452884	91.092
827.5	1.9056785344632035	80.518
828.0	1.0878279407120732	96.91
828.5	0.8640765310702148	87.114
829.0	1.7590808084939715	110.624
829.5	2.0401623913673204	21.72
830.0	2.152315214939688	11.313
830.5	1.6693245066619666	16.728
831.0	1.2433331928068694	20.25
831.5	1.717171695244479	20.285
832.0	1.172954360700139	70.54
832.5	1.1189028225426851	70.561
833.0	2.0831792012220447	117.505
833.5	1.6839161186911606	100.492
834.0	1.6925219655237682	20.146
834.5	2.109817098522487	20.142
835.0	1.6266264627967704	107.716
835.5	1.4365479229231164	21.391
836.0	2.262526344711563	34.641
836.5	1.6699977132744266	69.359
837.0	1.8691923365570267	90.579
837.5	1.7002799393225854	90.68
838.0	2.1544542856123563	79.54
838.5	2.446274999147433	50.334
839.0	1.311568363376438	40.373
839.5	1.334039656253288	40.384
840.0	1.703753178023184	50.288
840.5	1.9431879944936452	50.116
841.0	1.9902148242419662	110.841
841.5	1.783197156409932	110.688
842.0	1.6015519880367433	110.644
842.5	1.7732736692803102	110.713
843.0	1.336232355124675	60.526
843.5	1.921886457800831	60.542
844.0	1.7227857055795355	130.795
844.5	1.7809376937164432	110.87
845.0	2.1015308405161433	70.509
845.5	1.5736228137382442	70.494
846.0	2.4141148148617115	20.025
846.5	2.0781735643128143	20.018
847.0	1.4085968343158095	70.499
847.5	1.4906673205291445	30.115
848.0	1.670423352302566	40.339
848.5	1.9755360625256368	60.42
849.0	2.233309554830348	83.963
849.5	2.3248285210544752	88.571
850.0	1.866417907417495	90.685
850.5	1.9012877754514752	80.623
851.0	0.9168377104379465	85.376
851.5	0.9322236861296224	82.364
852.0	2.122583443031514	20.151
852.5	2.4614878280026544	20.125
853.0	1.754157420019024	70.396
853.5	1.8457300863683503	70.487
854.0	1.21428167736671	110.665
854.5	1.3065689981051067	110.561
855.0	2.02749055647073	90.334
855.5	2.2597977090613015	90.3
856.0	1.6615328246174697	148.289
856.5	2.0953109266035996	60.397
857.0	1.8405068971388083	50.391
857.5	2.24063474206574	50.376
858.0	1.2615273191729188	104.588
858.5	1.6180155192955268	32.129
859.0	1.587807178598429	46.504
859.5	2.0012011800866074	11.041
860.0	1.4663339133494975	83.797
860.5	1.3606533365159923	140.869
861.0	1.6341393071946282	70.404
861.5	2.0197008454711622	50.319
862.0	1.5907021481737778	13.509
862.5	2.0649776627737046	70.518
863.0	1.325935273671732	15.165
863.5	1.5075733942817882	11.792
864.0	2.378274934088328	80.719
864.5	2.489045941792547	80.647
865.0	2.012256498937355	76.044
865.5	1.9116762516487	54.49
866.0	1.820428838510904	80.651
866.5	1.705281561344146	131.058
867.0	1.836704887621846	120.639
867.5	2.0808270848039276	62.302
868.0	1.738869659460469	18.767
868.5	1.9170766667477972	60.299
869.0	1.9435285527465833	50.409
869.5	1.7516308677614842	19.432
870.0	1.531985103132831	70.55
870.5	1.1929676544516958	50.428
871.0	1.8242233401662464	11.739
871.5	1.9323591565552045	18.853
872.0	1.5641239152636777	60.441
872.5	1.4835121049169877	40.334
873.0	1.7487519011167971	9.692
873.5	1.7601001737138922	14.03
874.0	1.4310095392537565	80.635
874.5	1.6578063663670517	80.674
875.0	2.4293129826818904	70.627
875.5	1.8167514709140664	48.753
876.0	1.5283687199964953	20.143
876.5	1.4416930188728556	91.716
877.0	1.7321820626627191	72.034
877.5	1.5823672039661782	56.975
878.0	1.671152598309116	20.055
878.5	1.4845871516921998	20.0
879.0	1.1201645691926554	130.745
879.5	1.0882775039227524	19.398
880.0	2.1426325633416874	26.215
880.5	2.0280182485733507	70.365
881.0	1.9992525314714304	20.221
881.5	1.977801093965029	83.423
882.0	1.5280905283976451	35.01
882.5	1.0402474551397325	29.663
883.0	2.1202727629355262	16.864
883.5	2.0180153351563725	12.389
884.0	2.2242427122811894	50.653
884.5	2.299370233266501	50.635
885.0	2.0829253440118927	35.059
885.5	1.4493604824407031	30.365
886.0	1.4186155905173914	60.497
886.5	1.3234929723894564	33.955
887.0	2.3378378618884623	90.888
887.5	2.0621455264992945	90.767
888.0	1.5892873579554132	120.393
888.5	1.5923012983681966	120.893
889.0	2.1270455536229544	70.576
889.5	1.6685249743475736	70.564
890.0	1.3893214812142378	14.982
890.5	1.901467512725166	8.871
891.0	1.5804838531091157	54.489
891.5	1.698818678600321	36.26
892.0	2.0097956151160608	120.873
892.5	1.831981056753393	120.813
893.0	1.7231603747811255	91.452
893.5	1.765301774755181	12.294
894.0	1.4117791321325857	14.987
894.5	1.4644578032070008	48.528
895.0	2.458814463622481	26.276
895.5	1.942546740303328	70.454
896.0	2.2444583658808104	40.352
896.5	2.3980048863687706	10.562
897.0	1.2522286290088793	70.484
897.5	1.5447995665248884	43.382
898.0	1.244341981784909	89.791
898.5	1.1860638216470918	60.36
899.0	1.7779233634941152	82.758
899.5	1.5105286501635005	33.153
900.0	1.5458338160199008	120.909
900.5	1.8684964746630444	100.766
901.0	1.5851657996318127	70.542
901.5	1.7529300685403615	70.528
902.0	1.6262173486150806	60.435
902.5	2.173940183121085	60.426
903.0	1.9819179758773942	70.574
903.5	1.4181254240802248	90.583
904.0	2.270312060194705	91.441
904.5	2.048617251750665	42.914
905.0	1.1347046663851552	79.361
905.5	1.187211188278793	142.997
906.0	2.540889325661395	80.038
906.5	2.936279883466202	82.315
907.0	1.889388081595262	67.377
907.5	1.8757060028414505	130.984
908.0	2.372018922094839	39.885
908.5	1.8531668624361364	34.999
909.0	1.837585831108572	57.231
909.5	1.6435795400529873	20.092
910.0	1.6609394632523624	70.366
910.5	2.160413089150514	93.826
911.0	1.602190799273716	33.416
911.5	2.0351238424061173	90.628
912.0	2.218959903247276	60.387
912.5	1.717504602283006	19.495
913.0	1.480092078453383	40.249
913.5	1.9741785790236557	50.396
914.0	1.315865988030321	33.211
914.5	1.4501130091805088	35.694
915.0	2.5609017878350295	74.508
915.5	1.9844293170763203	80.568
916.0	1.6161010309526707	16.9
916.5	1.2159639181249906	88.478
917.0	1.71821656415706	90.545
917.5	1.804600140459648	90.582
918.0	1.8413328269214941	20.226
918.5	2.3487833769203386	103.011
919.0	1.6116702657947768	50.234
919.5	1.9451150804247375	50.244
920.0	1.0688344134456993	60.405
920.5	1.0871861083630578	60.382
921.0	1.580745867252286	90.441
921.5	1.4174743762056425	90.44
922.0	2.2834828403867444	26.944
922.5	1.7363021479075003	70.557
923.0	2.4303744848809905	80.423
923.5	2.519046989446058	80.587
924.0	1.3611130440657209	30.308
924.5	1.4943163563550792	50.449
925.0	1.2279407714408774	58.823
925.5	1.1297003752782584	65.711
926.0	1.7952516909397154	120.783
926.5	2.1299931899568327	30.394
927.0	2.291751942857646	14.72
927.5	2.151407351523983	110.565
928.0	1.1164490779643719	90.52
928.5	1.2311201133478218	90.514
929.0	2.254283825572954	101.567
929.5	2.0958508004799303	106.161
930.0	1.7388555715313354	65.486
930.5	1.4759869507453265	30.47
931.0	1.5596892922660819	37.214
931.5	1.983176313978448	50.526
932.0	1.6910990225626106	60.273
932.5	1.9762606711220267	127.034
933.0	1.4355724984137683	90.675
933.5	1.9768394055623162	100.692
934.0	1.454653929863846	70.485
934.5	1.976265420469644	100.698
935.0	1.4690990997283213	90.571
935.5	2.251969444937952	70.616
936.0	1.6523981463639734	80.099
936.5	1.3499835459827718	11.51
937.0	3.0007331501804417	20.294
937.5	1.766747261656823	43.044
938.0	1.2026020051312376	70.39
938.5	2.4011470715238987	20.21
939.0	1.68466407695847	90.653
939.5	1.8062704374461815	90.42
940.0	2.139965961060239	134.188
940.5	2.0686978891842993	140.838
941.0	1.9766749576410023	100.334
941.5	1.167802749552235	14.904
942.0	2.0413418900695732	40.222
942.5	1.6043269938128457	70.637
943.0	1.941057235596872	9.835
943.5	0.9067003857813052	118.158
944.0	2.2339878632738914	24.579
944.5	1.9945505997661814	44.289
945.0	1.7386319280983085	60.976
945.5	1.5019439296111532	20.204
946.0	1.954895813797067	90.419
946.5	2.2584059657903848	70.471
947.0	1.209231189286728	9.1
947.5	2.4172755942079625	95.473
948.0	1.7585770412214738	90.642
948.5	2.4878379736695795	60.401
949.0	1.3703701251432399	100.754
949.5	1.4551710449646795	80.501
950.0	1.8324541063491016	90.604
950.5	1.4813655783005542	100.711
951.0	1.0132814096747627	40.358
951.5	2.0665000603142487	60.273
952.0	1.8691833431339415	76.731
952.5	1.5918064469095328	10.177
953.0	0.843952221554627	80.715
953.5	2.4029413056887328	23.102
954.0	1.595625042673387	59.582
954.5	1.2532194120141469	53.885
955.0	1.4237340370542775	13.052
955.5	1.9535977681349015	80.313
956.0	1.0671156443299321	9.99
956.5	2.044730358173151	110.805
957.0	1.7957372383374017	80.48
957.5	2.2619976891725124	50.361
958.0	1.518547078939546	29.786
958.5	1.6821912154036511	100.636
959.0	2.3852780461367633	71.608
959.5	2.0537771134169716	19.844
960.0	1.8543388179315352	70.36
960.5	1.2782824597053806	120.718
961.0	1.7154201252376002	100.681
961.5	1.9974980556703328	20.13
962.0	1.6192526740975108	116.887
962.5	1.613836744902117	90.584
963.0	2.3588015981910635	82.404
963.5	1.9672889011821395	80.557
964.0	1.8401546576357963	30.781
964.5	1.004156348150102	20.236
965.0	1.602073794139186	116.168
965.5	1.714265525385711	16.541
966.0	2.2851868409887928	85.139
966.5	1.3201466236318915	20.158
967.0	1.7048350127536456	20.305
967.5	1.4963525699335964	36.832
968.0	2.0732457354916694	59.756
968.5	1.4621156490571636	20.037
969.0	1.8394227331107893	30.338
969.5	2.280391088389998	50.468
970.0	1.8427890801209692	40.368
970.5	1.5492352767178421	80.57
971.0	1.746440776661953	80.304
971.5	1.4873518642950232	22.245
972.0	2.301147211952815	60.549
972.5	1.487771073158785	50.508
973.0	1.9743245289659281	30.808
973.5	1.9809871471583846	60.287
974.0	1.8267516036186962	30.538
974.5	1.2437152052349398	80.562
975.0	2.07168495627881	30.29
975.5	1.3938037592327017	70.48
976.0	1.8116257871619401	70.459
976.5	1.82662739013616	20.088
977.0	1.61343721979674	68.824
977.5	1.8350930538679007	70.42
978.0	1.6342040396230544	130.875
978.5	1.6639188464839174	80.303
979.0	1.6384942389585964	60.432
979.5	1.9191137083115766	130.949
980.0	1.9530231036992094	10.062
980.5	1.7923955846544153	120.46
981.0	2.414807553283615	10.695
981.5	1.914636923085209	11.812
982.0	1.615633459103724	60.525
982.5	1.8120614470569791	120.81
983.0	1.894164740357314	10.262
983.5	1.6237638903662919	70.446
984.0	1.5287901578933294	18.898
984.5	1.6862501725988843	90.589
985.0	1.521176290121904	60.85
985.5	2.053353462822144	20.191
986.0	1.3331604745224273	70.525
986.5	1.4160886321522148	40.342
987.0	2.415960009574492	13.728
987.5	2.3084793445049163	60.047
988.0	1.460324457068002	90.583
988.5	1.7926804805586658	82.474
989.0	1.690242321023902	40.325
989.5	1.1759415267225166	70.58
990.0	2.6143842394496635	9.878
990.5	1.422130738977345	80.496
991.0	2.5630630216920385	70.446
991.5	2.017948237791866	10.622
992.0	1.448001349827636	105.578
992.5	1.5776310307972408	55.979
993.0	1.7237769122531437	80.412
993.5	1.946831135642794	50.437
994.0	1.6376098911245351	50.387
994.5	1.5681359841674642	80.583
995.0	1.745656165904693	111.189
995.5	1.0114520119757722	30.348
996.0	1.9379141061937057	50.367
996.5	2.0120664184528323	38.522
997.0	1.856396725652687	10.654
997.5	1.484905213202067	12.209
998.0	1.835763902665431	94.79
998.5	2.2739801412548166	63.157
999.0	2.4011131804397894	79.753
999.5	1.1880806528029353	20.093
1000.0	1.902399762212965	20.11
