0.5	0.13776079419336745	18.461
1.0	8.42445652945767	40.323
1.5	1.6655445624598781	40.33
2.0	1.9960951986562032	167.721
2.5	2.39219837540971	102.297
3.0	2.387533908111024	40.381
3.5	1.1450788481988747	81.421
4.0	2.4617177488464033	70.574
4.5	0.15259985771084084	35.814
5.0	7.372941865747813	30.197
5.5	1.1517372367742151	50.616
6.0	1.7249765851293872	100.718
6.5	1.682288724801112	50.211
7.0	2.0628707667646586	20.825
7.5	1.9859029794505179	80.533
8.0	1.9169360243731859	40.234
8.5	1.4673220004422554	70.46
9.0	1.9148426058902384	103.524
9.5	1.3202273377950442	130.926
10.0	1.6493120387473985	73.165
10.5	1.6112849700106309	70.508
11.0	1.901105429547551	72.132
11.5	0.1360387782505014	17.018
12.0	6.973882421673954	30.163
12.5	1.7468250951190691	60.65
13.0	1.129757816673586	80.527
13.5	3.049151305277178	337.184
14.0	1.8024167659337664	109.829
14.5	1.617294470212235	60.365
15.0	2.0418793522142153	114.414
15.5	1.707192250870022	38.077
16.0	1.545785205863982	15.499
16.5	2.3200029203557206	70.695
17.0	1.6972097551435144	130.71
17.5	2.244888587044645	70.362
18.0	0.17405300870780657	18.032
18.5	10.212994414391263	71.443
19.0	1.8886359581187335	50.239
19.5	2.0930297074659596	96.26
20.0	2.08281575796171	35.983
20.5	2.2593321532320307	16.457
21.0	2.1233942441133045	50.102
21.5	1.5782124896636396	90.776
22.0	2.106656273770519	70.373
22.5	1.895510769978644	110.831
23.0	1.0409047546599235	132.172
23.5	1.9821915914267836	18.712
24.0	2.464473631036178	111.038
24.5	2.0519533677339745	26.343
25.0	1.5321198730564618	40.368
25.5	1.5240736657248861	17.64
26.0	1.9833139282192127	80.497
26.5	1.9450588501959338	60.43
27.0	1.417248183314574	75.572
27.5	1.8075640423052013	16.971
28.0	2.249802301369051	39.287
28.5	1.5891262835639883	15.146
29.0	1.6329370194066173	16.356
29.5	2.0441224617256233	100.656
30.0	2.089906888885197	54.607
30.5	1.5474281207665035	90.703
31.0	1.5841301309566362	70.319
31.5	1.6425758923629252	45.281
32.0	1.4894342557983673	60.348
32.5	1.4199299290877048	50.839
33.0	2.088719809314599	70.433
33.5	1.8840759863243222	60.181
34.0	1.8755777576737016	90.459
34.5	2.345744850145114	69.126
35.0	1.437772138431907	110.967
35.5	1.5322538662743617	165.337
36.0	2.073949759319222	131.265
36.5	2.0175737582481945	44.369
37.0	1.3763251125602516	50.351
37.5	1.6755332789025725	60.505
38.0	2.130521134998456	50.447
38.5	2.0956239224065105	101.629
39.0	1.0887922881466858	18.36
39.5	1.9847115871009504	80.753
40.0	1.9138103330797154	42.128
40.5	1.7008569940231273	110.723
41.0	1.6222948709049736	80.49
41.5	2.766333615823711	50.286
42.0	1.5659906663251841	35.328
42.5	2.2302505269890998	40.204
43.0	1.2041497255641882	16.145
43.5	0.7640147570143785	62.5
44.0	2.6809458756396327	18.885
44.5	2.464076743776875	40.353
45.0	1.0306357045264598	30.218
45.5	2.1565823383534126	24.879
46.0	1.3956482256778227	62.47
46.5	1.7420869832663086	36.124
47.0	1.7504863655662457	70.575
47.5	1.7515507271138246	80.464
48.0	1.9694908662925505	70.434
48.5	1.8857906392442592	19.058
49.0	1.5907371854979053	110.481
49.5	1.7029484328807936	54.536
50.0	2.190652593239785	17.263
50.5	1.7082755004172612	100.525
51.0	1.8106267246408927	91.996
51.5	1.5719683888011902	16.497
52.0	2.461019214272384	16.636
52.5	1.450684018238831	130.935
53.0	1.6430119418592637	80.454
53.5	2.3169495065118726	30.447
54.0	1.4936641287749006	81.463
54.5	1.7603283346185419	70.489
55.0	1.8016816895284908	110.796
55.5	1.739779394149903	90.636
56.0	1.6068706140160625	61.912
56.5	1.3564946529293676	15.126
57.0	1.6064827997435676	60.433
57.5	1.7902655911972898	120.762
58.0	1.7978926410428406	70.495
58.5	1.9597386349347112	15.406
59.0	1.545200283340077	60.506
59.5	2.345101033938126	70.591
60.0	1.851492698616371	40.251
60.5	1.3153248344758943	35.027
61.0	1.671995482170746	50.39
61.5	2.211968084933346	50.765
62.0	1.744997055569438	79.781
62.5	1.398859251464831	109.265
63.0	2.9377787459962796	20.127
63.5	1.9021688040756526	80.514
64.0	1.9621826346516376	70.426
64.5	1.2581107614147347	80.636
65.0	2.1766188581322297	70.325
65.5	0.8928437330111971	38.285
66.0	2.8568820431339965	68.379
66.5	1.7847086316910388	70.363
67.0	1.5497026897480362	40.314
67.5	1.9617217590481533	70.348
68.0	1.921524377630552	82.33
68.5	1.508793578777494	80.501
69.0	2.055620983946045	70.574
69.5	2.0660281122706485	31.933
70.0	2.0470858836432515	80.471
70.5	1.049835777733319	24.255
71.0	2.5151323772144023	30.366
71.5	2.0394389747426978	110.814
72.0	0.9877425049749099	77.842
72.5	2.9193377065621555	80.548
73.0	1.595326663278326	80.554
73.5	2.065681586550534	80.585
74.0	1.4794018737093284	99.977
74.5	2.087468219145491	37.142
75.0	1.7519358720015554	80.732
75.5	1.4026169521361385	131.015
76.0	1.6236189861832282	80.502
76.5	2.178617433090752	50.452
77.0	1.8495697971832432	90.652
77.5	1.870902081900365	100.722
78.0	1.4917033865669034	60.236
78.5	2.2664054604161428	20.148
79.0	2.142128668978226	17.777
79.5	1.5729532660149483	56.442
80.0	1.6851028433428799	50.339
80.5	1.998677589209313	30.881
81.0	1.8343960491222542	37.371
81.5	1.7758207839836166	96.772
82.0	1.689625640358072	57.604
82.5	1.6823637525071202	31.438
83.0	2.0171842475618806	60.55
83.5	1.9230000009122907	80.499
84.0	2.136743349231948	60.538
84.5	1.7335825868340795	192.239
85.0	1.4097751734807031	61.478
85.5	2.8052929062257297	60.347
86.0	1.7440646295051756	125.715
86.5	1.565763950137367	15.838
87.0	2.0447855352044546	21.434
87.5	1.7250096893407791	100.569
88.0	1.7701056692788926	50.306
88.5	1.8757796805754456	120.707
89.0	1.4397212107246418	110.557
89.5	1.6388113278155776	23.168
90.0	2.4909611241231806	105.708
90.5	2.316732383748103	20.555
91.0	1.4984837280049264	76.694
91.5	1.6383730367324474	17.294
92.0	2.1345666222833612	60.35
92.5	1.9843010443063782	88.883
93.0	1.9122398730477046	31.732
93.5	2.151298352174237	81.433
94.0	1.790279875756161	35.701
94.5	1.7089539867435424	80.515
95.0	1.75570181813605	101.64
95.5	2.086130579050058	50.72
96.0	2.2624427256102186	110.89
96.5	1.7538600847368255	20.131
97.0	1.4615140650966771	40.301
97.5	1.537184135707268	100.62
98.0	2.0609214313471846	119.298
98.5	2.0141780642903013	141.105
99.0	1.333197781764015	90.752
99.5	2.1614249761993025	60.189
100.0	1.8944536769488307	36.125
100.5	1.4664805979531093	17.286
101.0	2.223740995892795	50.256
101.5	1.4309880110165414	40.82
102.0	2.4417048085972795	111.106
102.5	1.3005852116345795	80.572
103.0	2.087214925115879	92.437
103.5	1.8467902882551308	29.463
104.0	1.8363497530198951	130.896
104.5	1.5354219332202288	80.628
105.0	2.270602864400893	92.732
105.5	2.3312941505562046	94.388
106.0	2.3703961435759946	60.199
106.5	1.2913623843537856	50.33
107.0	1.4079118670512258	120.775
107.5	2.233127166079412	55.25
108.0	2.1846179052626176	81.86
108.5	1.3911294908568281	90.465
109.0	1.3611457869619423	113.048
109.5	2.857833888786683	58.946
110.0	1.7105645773150011	110.822
110.5	1.9151716948169986	90.641
111.0	2.0464802522479415	60.497
111.5	1.6500589843419828	36.268
112.0	0.996933767832709	143.947
112.5	2.583716161317678	37.207
113.0	1.9043474177266058	90.366
113.5	1.6497905509375002	60.313
114.0	1.3986940216516508	40.213
114.5	1.4904999526782952	60.428
115.0	1.753400893664779	110.765
115.5	1.8346118259054487	90.535
116.0	2.1218661319424426	60.441
116.5	1.435394177837606	40.322
117.0	2.115134623246409	60.371
117.5	1.857946089438503	85.273
118.0	1.695446757205522	110.751
118.5	1.8969803695029117	41.987
119.0	1.4122111613262553	50.371
119.5	2.407701958583595	20.069
120.0	1.4734076206112443	40.828
120.5	2.105950462828643	40.639
121.0	2.0963636489505015	18.314
121.5	1.637365259087819	40.6
122.0	1.7163053047479877	38.059
122.5	2.9510335886883676	100.274
123.0	1.4471056812523249	59.177
123.5	2.2370460926946256	128.378
124.0	1.869711344431015	70.313
124.5	2.3563514034071913	60.3
125.0	1.9293862545121943	60.451
125.5	1.7769884407487637	24.639
126.0	1.8150031459084317	18.001
126.5	1.5441693288720153	20.193
127.0	1.8935304104695074	60.168
127.5	1.4254432716770813	110.827
128.0	1.6819790619025996	25.398
128.5	1.741342931544116	38.501
129.0	2.089978548456825	70.469
129.5	1.0974708374667514	25.524
130.0	1.674813043094368	130.801
130.5	2.297067662057659	70.452
131.0	2.077848224300569	161.612
131.5	0.9294476293301946	21.134
132.0	2.6763233680822536	60.57
132.5	1.2901780349476852	51.084
133.0	1.486532806144645	120.863
133.5	1.1581825132361525	90.555
134.0	1.8447814829954297	100.543
134.5	2.7461491035556773	15.027
135.0	1.6692641137383843	48.217
135.5	1.8380580928222197	50.262
136.0	1.903714832838542	60.417
136.5	2.0238889623145697	80.68
137.0	1.470596632127603	93.58
137.5	1.3382978538457209	60.399
138.0	2.3775449224663743	80.537
138.5	1.8408412175896887	41.217
139.0	2.0323034676311793	60.582
139.5	1.2198883135647367	93.553
140.0	2.5289956711621167	80.489
140.5	1.5895373926250926	110.803
141.0	1.7053319394874777	70.397
141.5	1.6603288744230587	60.271
142.0	2.1176570748400376	26.364
142.5	1.8406863188018108	89.1
143.0	0.9925556175179886	20.424
143.5	2.3792998155148726	80.501
144.0	2.702736747900773	29.027
144.5	1.8077540907964134	70.46
145.0	1.5944612201382304	80.749
145.5	1.7609870186308019	325.648
146.0	1.64569115231967	80.599
146.5	4.592896073513504	51.023
147.0	1.4253377049204137	161.696
147.5	1.6772584794553875	80.836
148.0	1.7009429148487318	120.84
148.5	2.0908736483738863	110.75
149.0	1.3790576006857103	151.358
149.5	1.1494822622050085	105.089
150.0	3.2817784435918558	98.699
150.5	1.0888184209811875	87.594
151.0	2.026771951278413	27.479
151.5	1.3393662936680728	155.477
152.0	2.772162366950691	130.859
152.5	1.5764592783405271	57.88
153.0	2.8628948928682205	103.823
153.5	1.4185363696519229	53.075
154.0	2.1156215797581446	60.373
154.5	1.7939782061015428	136.926
155.0	1.4308558073766104	120.976
155.5	2.0625031945602266	160.193
156.0	1.7489162420002695	20.133
156.5	1.7928682022357467	60.554
157.0	2.3257708445604734	27.133
157.5	1.920713245989964	55.843
158.0	2.4548248042695144	251.93
158.5	2.4786643078370147	100.23
159.0	3.0368097509919765	511.126
159.5	0.47856280211876284	53.94
160.0	1.8899267502034567	90.587
160.5	2.433357137541907	30.082
161.0	1.6086995417388459	46.803
161.5	2.857800752160879	20.404
162.0	0.8849204395264862	130.804
162.5	1.863576079064686	66.616
163.0	2.5419373966578	161.803
163.5	1.878581289762954	160.995
164.0	1.1949043601365505	115.602
164.5	1.774242002981092	80.334
165.0	2.4503469205070703	188.717
165.5	0.9650313639040673	51.526
166.0	2.521418207277046	161.341
166.5	1.8245639865110757	111.191
167.0	1.7768336302829906	90.001
167.5	1.8843122911942385	120.973
168.0	1.4058629354554828	64.281
168.5	2.7274956045712067	64.281
169.0	3.395010588070302	80.577
169.5	1.3124545878170737	80.581
170.0	2.1362985041971947	100.607
170.5	1.789899331304934	14.944
171.0	1.6526486654027621	130.778
171.5	1.41598523220044	80.506
172.0	2.1340662617003345	24.595
172.5	1.6849323670284695	140.399
173.0	2.0539329510011037	232.382
173.5	2.020468588933828	56.378
174.0	2.0440046766223614	60.429
174.5	2.2830565547340376	80.745
175.0	2.182003407801933	70.19
175.5	1.4912126934016363	90.628
176.0	2.385647100161164	43.573
176.5	1.776710358109006	47.165
177.0	1.8259175409912096	131.123
177.5	1.9536352796304153	114.223
178.0	1.2370806225906505	25.771
178.5	2.1972073291207534	63.813
179.0	1.7303279282917285	28.912
179.5	1.26523296157389	50.116
180.0	3.0079128061540685	14.773
180.5	2.0557021340922375	60.42
181.0	1.4650961336661903	80.59
181.5	1.9294361650973844	40.309
182.0	1.1837870229654552	70.71
182.5	2.0881551996150227	71.263
183.0	1.3504926530204522	30.229
183.5	2.1475931540424846	80.626
184.0	2.521316872582447	60.487
184.5	1.7984840915712053	51.077
185.0	1.9171010211245978	119.602
185.5	1.6663121261168	130.831
186.0	1.6892839291949684	161.959
186.5	1.559020427817725	49.461
187.0	2.2069741533511937	189.995
187.5	2.1334675026488386	60.418
188.0	2.025742706349745	60.583
188.5	1.8130693245734653	127.089
189.0	1.3425123982487304	151.349
189.5	2.272055201808365	70.442
190.0	1.9553580342171166	15.24
190.5	1.9906930300406087	80.487
191.0	2.1830417632264436	20.209
191.5	1.83585256421091	110.721
192.0	2.1274429643860655	60.339
192.5	2.3011160515942644	70.597
193.0	1.517362022591103	82.739
193.5	1.877741965745566	120.768
194.0	1.7014149547898867	99.642
194.5	2.3502011688287263	349.724
195.0	1.9065287242914275	130.959
195.5	1.5185384103574153	80.736
196.0	1.6105212219937317	57.34
196.5	2.2010367026159408	88.381
197.0	1.909249696420017	90.379
197.5	2.4706152187361736	70.576
198.0	1.9607391975774113	109.527
198.5	1.2539481222692364	83.56
199.0	2.1501197860084877	50.572
199.5	1.692005560347228	110.858
200.0	2.0090096544811766	130.873
200.5	1.7051703815253552	70.398
201.0	2.0583189944686735	60.484
201.5	1.5062300859924351	130.804
202.0	2.2955056833555814	72.513
202.5	1.3180694768033463	80.909
203.0	1.1164400014765261	95.382
203.5	2.3200937169596108	60.475
204.0	1.7178443251289184	90.687
204.5	1.8546823874663279	60.347
205.0	2.5931298402580074	86.592
205.5	1.6753167683606012	100.736
206.0	1.163051977324799	62.833
206.5	2.823263336510836	100.598
207.0	2.59095082441288	78.546
207.5	1.8598274392355887	50.419
208.0	1.969073580161184	110.217
208.5	1.9294610429763568	70.438
209.0	2.2704758538668877	106.776
209.5	0.8185752724694481	15.385
210.0	2.0616302663665476	80.552
210.5	2.2824555030927876	19.841
211.0	2.0470534439783883	151.021
211.5	1.9596930111559852	120.709
212.0	1.99721277250758	70.531
212.5	2.3572368959152414	50.438
213.0	1.5550425824377496	131.039
213.5	1.315964061909765	80.575
214.0	1.9528101924593144	84.692
214.5	1.9203808354205911	80.599
215.0	0.9582196891747634	137.945
215.5	2.595408978584402	120.783
216.0	1.5993730232857355	80.531
216.5	2.194535014896954	215.584
217.0	0.9747633746439068	60.495
217.5	2.7152388655313997	80.772
218.0	1.5970224869775875	60.456
218.5	1.500423439870847	232.731
219.0	3.856750431567134	108.204
219.5	1.5870492064112225	145.445
220.0	2.1831010710653613	70.403
220.5	1.9099955607121684	78.027
221.0	1.7540010991585497	60.432
221.5	1.500854236271871	54.751
222.0	1.0649326101372	110.759
222.5	2.1987530273788978	70.147
223.0	2.0168645569277546	104.11
223.5	1.5072052578112256	130.775
224.0	1.61717124441952	102.645
224.5	2.1677726925628598	95.187
225.0	1.2006436535876694	50.733
225.5	1.8974320767507624	363.189
226.0	2.5538307721605356	64.087
226.5	2.4512092506051864	80.774
227.0	1.48701539204549	100.684
227.5	1.8230789464910666	80.395
228.0	2.4626491827764507	82.003
228.5	2.062194183187575	141.044
229.0	1.5753610691961948	109.701
229.5	1.5732780523183927	130.77
230.0	1.9921593147584182	70.557
230.5	2.3253304931349907	60.51
231.0	1.4769760560762348	110.927
231.5	2.006747294396368	41.624
232.0	2.3077646468627844	100.798
232.5	1.743217753053295	120.835
233.0	1.830436974170584	100.491
233.5	2.2231335393650995	81.278
234.0	2.0742142700130164	46.497
234.5	1.519970106888433	67.906
235.0	0.9372004107207165	76.788
235.5	3.079625758807987	110.728
236.0	1.5807392212896725	26.584
236.5	1.4447716123972831	128.377
237.0	1.8075278010288953	103.664
237.5	2.0665595014401688	78.544
238.0	2.1922915188330343	60.522
238.5	1.323722993419335	90.469
239.0	2.228681242261826	60.508
239.5	1.8462787471362214	25.089
240.0	1.2593385539179542	82.471
240.5	1.8649571826403373	40.228
241.0	1.3177829044886598	53.316
241.5	1.7231554052297327	70.416
242.0	1.4628117529281748	70.31
242.5	2.008069616410692	40.109
243.0	1.3987067851063764	50.306
243.5	1.9287909302498623	40.243
244.0	1.1272691606639125	37.117
244.5	2.0520159211935516	101.442
245.0	1.700078229810937	90.773
245.5	1.9903355043869686	60.54
246.0	1.651334720538899	95.823
246.5	1.6349775724502325	120.63
247.0	1.1287839003303364	63.74
247.5	2.9160984683322226	39.481
248.0	2.8055174004615493	110.757
248.5	0.7017332299327548	42.417
249.0	4.48349097439602	70.532
249.5	1.1967005355860139	100.691
250.0	1.8970949002409523	60.426
250.5	1.8946525243808996	18.585
251.0	1.394039571650751	50.419
251.5	1.6072058012201904	69.181
252.0	1.9756564982362608	80.561
252.5	1.822542173186375	21.506
253.0	1.2793758693465447	50.421
253.5	1.5929274489165817	101.396
254.0	1.8810409062917104	80.462
254.5	2.1533142734825943	68.662
255.0	1.1501271193194063	110.727
255.5	1.9841047471066884	80.47
256.0	1.4404890225471865	90.633
256.5	2.377890965326593	20.293
257.0	1.532021066048386	20.015
257.5	1.5225103009508152	130.973
258.0	1.879871205513503	110.61
258.5	1.9701521119899401	19.782
259.0	1.3730005916976133	91.236
259.5	1.0600713837507116	17.328
260.0	3.2197332398369087	70.442
260.5	1.7538269538007143	78.333
261.0	0.9718030379690897	81.644
261.5	2.4777353700876894	60.333
262.0	2.311720130645382	110.755
262.5	1.8139021880963069	80.587
263.0	1.4524967346238302	60.475
263.5	0.5389720123436814	235.854
264.0	4.592741284113749	70.316
264.5	1.045284916319667	80.537
265.0	2.1198673747058736	60.377
265.5	1.9585933428087607	110.551
266.0	2.1700050389161905	70.464
266.5	1.5298302975485998	92.01
267.0	1.41364413578116	70.495
267.5	2.3035388979420133	70.351
268.0	0.7532078481316294	38.242
268.5	2.3323032885142347	120.905
269.0	1.710622748770493	80.629
269.5	2.033857167994211	111.171
270.0	1.6189265907136923	293.041
270.5	1.4518624453339608	100.909
271.0	1.3654790090164548	222.453
271.5	2.2865686584542826	256.392
272.0	1.7915006029805614	45.305
272.5	1.3515927767574598	52.626
273.0	2.834788535014042	60.452
273.5	1.6758639085003262	110.632
274.0	0.9682189679140264	65.923
274.5	2.7683858920315028	115.992
275.0	1.6855468988582154	110.696
275.5	1.9833681272763286	101.314
276.0	1.2800115129554923	28.287
276.5	1.9166790150637651	80.896
277.0	1.993304095376665	131.141
277.5	1.9265277930185716	171.147
278.0	1.354733276824366	86.739
278.5	1.7685661087104403	129.411
279.0	2.0444906569415253	182.013
279.5	2.124061593329927	151.427
280.0	1.3106941956890428	70.578
280.5	1.7076886608463144	70.524
281.0	1.906093672962369	171.809
281.5	1.6616704531266262	90.701
282.0	1.1953009288888103	144.135
282.5	2.2472119039572074	33.504
283.0	2.2239482273534157	64.889
283.5	1.283126007869455	68.279
284.0	1.9661558546534832	116.488
284.5	2.145579691048868	80.66
285.0	1.7325460510849187	14.781
285.5	1.3249575252363162	80.602
286.0	1.5520679751195967	141.76
286.5	2.2458176013961753	49.001
287.0	1.9763720010422463	48.54
287.5	1.5467747747315534	60.215
288.0	1.549706398746103	78.009
288.5	2.041518712062394	80.704
289.0	2.0332447057121708	111.296
289.5	1.0712980028773111	161.414
290.0	2.206138022918357	60.087
290.5	0.8255354532574969	101.197
291.0	3.0984123794982863	50.453
291.5	1.5030627124192755	91.733
292.0	1.6557174004646436	49.653
292.5	1.7219581071050158	80.229
293.0	1.6693352382318796	141.308
293.5	1.4575738154592253	40.6
294.0	2.3150419781211085	20.195
294.5	2.1119281668870595	182.22
295.0	1.1604746459052526	80.578
295.5	1.155112830265941	42.126
296.0	2.130498174651466	51.585
296.5	2.366554279137253	27.785
297.0	0.631661323903273	108.267
297.5	2.6170976052198593	106.428
298.0	1.967914431827452	70.536
298.5	2.4679909409345684	130.16
299.0	0.23227499294890366	88.432
299.5	2.3867768258747843	140.23
300.0	1.6923024028087876	80.634
300.5	1.9847573155346845	212.038
301.0	1.7317448417502699	70.613
301.5	2.242296589810257	131.186
302.0	2.670307793159057	67.993
302.5	1.2366601260649464	27.081
303.0	1.5417926133142115	232.216
303.5	1.697918175728279	50.488
304.0	1.9685105789039392	141.503
304.5	1.5909335982931878	294.012
305.0	1.0985326025123263	60.222
305.5	1.0303948349602716	108.364
306.0	2.904847801041212	131.445
306.5	1.5583848687310395	131.041
307.0	1.8717426297611033	64.688
307.5	2.237339827325699	83.078
308.0	1.7135963689146672	80.488
308.5	1.7693779652855333	272.472
309.0	1.114544661884499	135.231
309.5	2.26360890444715	101.472
310.0	1.6401765506018895	275.981
310.5	1.328082164839095	41.018
311.0	1.2273695887467888	154.07
311.5	2.7673108561248525	80.622
312.0	2.7596836738306143	28.627
312.5	1.142556040635289	131.189
313.0	2.417252019096694	34.619
313.5	1.6540927413452349	80.697
314.0	1.8321520293231754	40.368
314.5	1.5447275384395078	87.037
315.0	1.6235651124605825	80.612
315.5	1.8477060126524358	15.437
316.0	1.2962621514570598	48.846
316.5	1.9135292032399478	50.452
317.0	1.985174092667609	80.584
317.5	2.6376995333363933	70.415
318.0	1.2287869252658117	55.6
318.5	1.2958553691141512	46.291
319.0	2.2167936033165985	61.121
319.5	2.3356640892883265	110.803
320.0	1.4015686792111322	60.414
320.5	1.9094321561623224	110.853
321.0	2.0066265653593347	14.551
321.5	1.9510745810426093	110.532
322.0	0.8545365930564834	17.057
322.5	2.9433992660903954	161.33
323.0	1.3059649480471993	49.02
323.5	2.6442043148020105	70.371
324.0	1.4085444808739145	67.939
324.5	1.5912485355423205	100.833
325.0	2.1616729810737048	70.527
325.5	2.380146659956177	70.403
326.0	1.2000963721205717	90.909
326.5	1.9357451985148273	126.528
327.0	2.08392682968657	151.401
327.5	1.2095503235128224	81.824
328.0	2.342271653307538	40.254
328.5	1.4931561302812646	110.691
329.0	1.6095400369043409	20.175
329.5	0.5913331249707365	36.367
330.0	2.279089276472693	70.235
330.5	1.906495556671873	40.425
331.0	2.0298629057877275	14.403
331.5	1.4858166907077202	50.371
332.0	1.4625316064306748	35.103
332.5	2.31436697631	65.414
333.0	2.146940213349134	30.152
333.5	1.0212306862569163	92.989
334.0	2.108780720605792	60.375
334.5	2.491750728850882	36.537
335.0	1.4847199360485075	130.947
335.5	1.210128689413372	36.512
336.0	2.615198222577522	60.48
336.5	2.045933432700655	140.992
337.0	1.2463370755992202	15.996
337.5	1.6852694976856821	40.269
338.0	1.2422976698699808	70.522
338.5	1.6562469308426004	103.919
339.0	2.6008337870353553	36.266
339.5	2.2546988300866606	31.25
340.0	2.103255771054335	129.263
340.5	2.0462012189086423	80.634
341.0	1.1239429754372088	14.639
341.5	2.1341271391427936	25.949
342.0	2.0979881495202335	120.901
342.5	2.1909966586788743	20.16
343.0	1.4648710210856992	50.256
343.5	1.8778263019522103	228.655
344.0	2.252974083804327	20.166
344.5	2.074933149279318	77.462
345.0	1.080281514675859	60.552
345.5	2.3021307255458328	192.666
346.0	1.070103123446935	40.562
346.5	2.3109092392080757	20.138
347.0	1.7680793249886784	80.384
347.5	0.8694881228341029	140.853
348.0	2.7484400118987513	77.604
348.5	1.4185866239272578	36.532
349.0	2.324768895637739	39.303
349.5	1.5179093293496027	80.516
350.0	2.543900387908565	50.281
350.5	1.0798403594756263	90.618
351.0	1.7126180537195101	16.753
351.5	2.1694755680074924	19.885
352.0	1.8394453767124788	81.842
352.5	1.1619896168652513	37.183
353.0	1.626073994873447	16.039
353.5	2.4937518309805045	20.204
354.0	1.952228954449372	80.545
354.5	1.516763741642598	70.423
355.0	1.6496035307312218	80.635
355.5	1.7238815931389961	16.621
356.0	2.016342959527166	60.419
356.5	1.2399675697613766	110.66
357.0	1.8663864395668261	70.368
357.5	2.2180610944292134	19.788
358.0	1.3397290307054381	158.945
358.5	2.0459233662566656	37.462
359.0	2.340881633548767	80.372
359.5	1.8611527502508431	80.655
360.0	1.763523281373699	16.452
360.5	1.5591673078933015	50.273
361.0	1.4887925622680451	15.776
361.5	2.5347168412065897	15.315
362.0	1.4447648309539176	119.812
362.5	1.48036123243716	38.64
363.0	1.9970505613491558	90.648
363.5	2.1391213998843024	24.062
364.0	1.5963045792427013	87.993
364.5	1.4731025716749042	100.59
365.0	2.124916901333409	16.706
365.5	2.0501366268908296	70.549
366.0	1.3365381612283096	60.375
366.5	1.510008136837489	35.71
367.0	1.5329107330998688	80.549
367.5	2.2523587198911716	50.304
368.0	1.500038437911732	80.569
368.5	2.0092615129684637	50.31
369.0	2.146136862746191	50.363
369.5	1.7792572004542522	70.327
370.0	1.6304705089462628	92.346
370.5	1.7600472883946503	35.61
371.0	1.676289094353326	90.455
371.5	2.866236561460321	70.404
372.0	0.9522548315560023	70.454
372.5	1.7890207617670317	80.679
373.0	1.8448698557149215	30.148
373.5	1.8350178436660693	49.232
374.0	1.4568767760372558	60.543
374.5	1.6976784296407248	65.19
375.0	1.6431090727927935	21.664
375.5	2.362644357974427	30.198
376.0	1.299960911076284	35.774
376.5	2.4489128780981737	17.56
377.0	1.9684004192842974	70.637
377.5	2.3263652809143567	60.33
378.0	2.641904799724876	70.607
378.5	1.1258744074104077	135.42
379.0	2.7748435862372682	130.918
379.5	1.7677721740826204	70.504
380.0	2.200269726977136	80.613
380.5	1.6885997155685772	89.322
381.0	1.5938569612815663	67.265
381.5	1.4387435982491168	20.252
382.0	1.834780771330435	30.549
382.5	1.676092437087986	70.423
383.0	1.700938959732404	120.968
383.5	1.240714549394791	105.19
384.0	2.5249713495726596	71.4
384.5	1.5253543368690254	50.415
385.0	1.9212214226060649	70.531
385.5	1.6320945951314096	141.82
386.0	1.4514473647850932	171.425
386.5	2.4868163308110343	89.02
387.0	1.5140675239534456	99.399
387.5	1.4283234649804446	70.406
388.0	2.393598660493277	118.175
388.5	1.731947918609033	70.418
389.0	1.876203424435564	40.286
389.5	1.0555220509970786	130.657
390.0	2.475214679994072	70.262
390.5	2.498724516683168	40.45
391.0	1.851758992558293	130.956
391.5	1.9204170224793067	39.818
392.0	2.2627319315978207	113.641
392.5	1.9057635623283737	64.949
393.0	1.6366914277416496	90.797
393.5	1.7122831512048682	79.043
394.0	1.8771150267205206	44.296
394.5	2.1922600820992937	88.576
395.0	1.5917280480577312	50.371
395.5	1.652849078647468	37.021
396.0	1.5412427664060444	120.967
396.5	2.0558322727400493	80.432
397.0	1.3940529359176623	17.85
397.5	2.377385200207326	67.457
398.0	1.7424382207348863	70.401
398.5	1.8856977078927037	80.633
399.0	1.6130256171012574	99.678
399.5	1.530303595923161	108.332
400.0	1.809278896874922	43.745
400.5	2.3217631086158463	110.723
401.0	1.8070086726397254	70.427
401.5	2.5570769039203145	60.558
402.0	1.7980059327815991	20.927
402.5	1.9029137390942124	70.38
403.0	1.1788894196471624	49.984
403.5	1.954048990244784	39.036
404.0	2.130878792170145	70.411
404.5	2.510625092374147	75.207
405.0	1.151061934291456	27.781
405.5	2.1572679259152117	70.477
406.0	1.6000898093445457	43.298
406.5	1.7854414392076026	141.117
407.0	1.3862775080187872	96.63
407.5	2.6339338705042743	70.461
408.0	2.2320803401611773	100.449
408.5	1.304950913897005	22.298
409.0	2.1500930475479603	70.483
409.5	1.8932581341553225	80.588
410.0	1.8870086194621205	70.463
410.5	2.1187462853132293	100.299
411.0	1.5709004253841767	101.581
411.5	1.5663167631500152	21.399
412.0	2.4362719615587576	60.433
412.5	1.3269317661416713	110.889
413.0	1.7274437717381501	110.717
413.5	2.227361257568874	38.7
414.0	2.340045484714365	76.989
414.5	1.2844012760218289	130.922
415.0	2.353254728961221	90.58
415.5	1.856518707470793	17.036
416.0	1.877658690763993	70.534
416.5	1.4607067468403743	60.343
417.0	1.9132538906951821	60.379
417.5	1.9824390934430647	50.239
418.0	1.6606558853830442	16.808
418.5	1.2977000552804014	60.449
419.0	1.7390975732978442	90.581
419.5	1.675876030600959	79.6
420.0	1.5694691814641217	70.547
420.5	1.2008460984478229	97.344
421.0	3.185519797085766	114.559
421.5	2.701284004989509	60.494
422.0	1.5717571224325242	22.718
422.5	2.085303326713431	79.437
423.0	1.7275342092562542	140.778
423.5	2.0062224849635766	80.448
424.0	1.8932834803344256	40.25
424.5	1.5830726194422018	80.61
425.0	1.6102833901573317	80.568
425.5	2.6967912234195013	101.659
426.0	1.368505347800386	87.364
426.5	1.9195192336921079	224.972
427.0	2.1892538122850698	353.424
427.5	1.737700311811966	353.251
428.0	1.7913836639503224	383.756
428.5	1.307414426859665	474.94
429.0	2.3887608112002616	488.037
429.5	1.4509441119595667	532.441
430.0	1.5347489055874723	456.366
430.5	2.4694636780915147	434.335
431.0	2.723802415894007	261.464
431.5	2.0330139929826245	201.825
432.0	1.2766294102786029	50.426
432.5	1.6264489867546368	21.014
433.0	2.162527070078881	40.249
433.5	1.9064352698408806	41.319
434.0	1.8890974912853176	20.228
434.5	1.7977649804907587	48.697
435.0	1.9269183473873575	36.936
435.5	1.826882338458626	66.732
436.0	1.1222364031691046	70.608
436.5	1.7750461417858732	52.497
437.0	2.5430735259817157	51.975
437.5	1.9383791211898111	16.647
438.0	1.3026685765809198	100.64
438.5	1.8452913370524964	30.173
439.0	2.0523602088424475	100.618
439.5	1.6933801919874467	20.184
440.0	1.6319420671372662	110.801
440.5	1.706847705430484	80.425
441.0	2.28241169514056	100.615
441.5	1.2959982404832127	60.523
442.0	1.9738047248227621	21.368
442.5	1.6259287154750117	88.883
443.0	1.3326556824416893	74.432
443.5	2.0341517024283813	15.587
444.0	1.470840142003614	60.284
444.5	2.446881520936277	60.48
445.0	1.6199454797810022	130.975
445.5	1.6516955564550613	100.657
446.0	2.1527904265852875	76.263
446.5	2.2586838270586296	90.403
447.0	2.1433746309545256	80.384
447.5	1.2407906859786126	16.947
448.0	1.2523849332232773	17.937
448.5	2.5744753485690985	70.369
449.0	1.58198250735145	38.381
449.5	1.4272530444812876	88.598
450.0	2.0020082385849385	70.388
450.5	2.0688806797183177	20.238
451.0	1.4697807841533455	30.262
451.5	1.753768766565949	90.595
452.0	1.6719859989692103	68.306
452.5	1.817513873259633	80.409
453.0	1.8229769393407416	16.77
453.5	1.2894528501076978	80.568
454.0	1.3524215013902479	14.866
454.5	2.4568694609459025	15.549
455.0	1.3694644521911987	21.714
455.5	1.6001109613214022	16.526
456.0	2.3607001772492238	80.734
456.5	1.3496048972692156	38.49
457.0	2.5051264989942497	65.46
457.5	1.5110747022803717	39.774
458.0	1.541647750080616	16.945
458.5	2.7915792638003523	30.112
459.0	1.3213635916373256	60.733
459.5	2.129727001999811	20.152
460.0	2.7119333498476346	50.563
460.5	1.431475166544905	60.404
461.0	1.5354139628473482	49.088
461.5	2.112467574611264	50.342
462.0	1.6642118054454897	18.518
462.5	2.032112996057407	50.265
463.0	1.6384387727827485	70.421
463.5	2.5835807288833608	82.193
464.0	1.7481741149203949	110.705
464.5	1.7458148294175344	60.403
465.0	1.9133821110273297	60.253
465.5	1.7740316361058002	15.988
466.0	2.25809359639716	20.202
466.5	1.8726960288147843	75.689
467.0	0.6775319358816317	20.202
467.5	3.234157798296819	60.082
468.0	1.316058628782204	40.056
468.5	1.7086081818539458	78.829
469.0	0.7625472643354588	15.49
469.5	2.39445088277878	27.017
470.0	1.341647473449209	69.593
470.5	3.9479816135672534	344.286
471.0	1.9009709282473126	39.344
471.5	1.6154537084247231	60.689
472.0	1.5121562976265075	80.644
472.5	1.6160298737990524	80.689
473.0	1.8774308719666941	70.537
473.5	1.8438415742493852	20.146
474.0	2.4502178875801235	80.43
474.5	1.2942249588355166	90.636
475.0	1.9276391918053444	40.815
475.5	1.628127779269018	110.74
476.0	2.064747528034759	20.176
476.5	1.8600062856908137	21.215
477.0	1.364584510702309	20.184
477.5	2.345841893558011	90.725
478.0	1.8600980753851402	80.618
478.5	1.6509987883551085	120.828
479.0	1.7000822876393045	57.552
479.5	2.1423125780447565	16.045
480.0	1.9025272903581902	110.792
480.5	1.335229575117421	80.608
481.0	1.9886583085112517	60.454
481.5	1.2552632697054908	67.542
482.0	1.3420975436650406	75.12
482.5	2.3920423837436076	122.768
483.0	1.8806099202974516	15.769
483.5	1.764972224197912	30.148
484.0	1.1771139619188349	50.231
484.5	1.6567388004651744	19.181
485.0	1.850303447795391	56.716
485.5	1.8099969482515008	120.819
486.0	1.3489803437512435	29.842
486.5	1.4686385169273672	14.991
487.0	2.466096480799227	50.406
487.5	1.9605974119124137	60.227
488.0	1.7993202686318222	50.447
488.5	1.3476349824926206	45.15
489.0	1.8279823662385168	354.732
489.5	1.3850601357831824	111.362
490.0	1.2571034821404146	90.598
490.5	2.529882110259663	70.438
491.0	1.814512880900479	15.473
491.5	2.037047841513016	60.863
492.0	1.7426311678718507	80.657
492.5	2.005538709721845	130.862
493.0	1.9664495570537437	100.437
493.5	1.9796969644133737	60.126
494.0	1.3393249533231466	120.76
494.5	2.1874648594860395	80.474
495.0	1.8864298412895835	90.938
495.5	2.0325472757703356	130.903
496.0	0.331450487652709	136.705
496.5	1.702526356369563	22.281
497.0	2.984704424183795	20.155
497.5	2.520768286220656	24.97
498.0	1.3132034244584192	70.543
498.5	1.9788647745046046	21.228
499.0	2.233656124384678	60.301
499.5	1.7904250469697858	70.484
500.0	1.2940939015875146	90.564
500.5	2.126258162619945	60.305
501.0	2.095497587024188	30.26
501.5	1.3463719280075597	70.535
502.0	2.2307898482510566	80.42
502.5	1.6786748929415511	57.621
503.0	1.5915525406523434	70.434
503.5	1.8111589665671628	76.507
504.0	1.6862361877014884	80.461
504.5	1.7527862498589248	60.278
505.0	1.6210064770343193	70.566
505.5	1.7593807138119233	90.672
506.0	1.7114360421864572	40.053
506.5	1.5279739195807929	76.146
507.0	2.020772708394717	70.218
507.5	1.423605758555666	26.559
508.0	2.2405357224843803	70.507
508.5	1.386393614687818	80.19
509.0	1.5399740373862159	100.6
509.5	1.7378201902341621	59.101
510.0	1.4440658167228426	74.354
510.5	2.1338060600402096	60.423
511.0	2.363221025752532	70.34
511.5	1.095108201456002	60.557
512.0	1.6384456583259188	40.17
512.5	1.6286271597787099	80.83
513.0	2.4812827825195227	69.866
513.5	1.1159287416637809	60.459
514.0	1.4834745644802807	80.619
514.5	1.5648678531951492	26.386
515.0	2.4798153146087167	80.472
515.5	1.31849878733435	50.362
516.0	1.6366220053963274	80.41
516.5	1.5740777521420115	60.4
517.0	1.2134294882013341	130.854
517.5	1.5752259907336168	70.525
518.0	1.9657118493912404	79.127
518.5	1.4466766419793267	18.052
519.0	1.530543175302196	70.443
519.5	1.671426993746164	88.797
520.0	1.3555901559822503	68.191
520.5	2.3544517454205165	64.439
521.0	0.675926956503175	35.822
521.5	2.300731813486604	100.602
522.0	2.0933785780626666	30.095
522.5	0.7422952614344988	142.375
523.0	2.572447823575886	78.646
523.5	1.616222074049209	70.382
524.0	1.9123528336883004	80.165
524.5	2.231689534582373	140.962
525.0	1.5776060903158398	76.526
525.5	2.1580703263654812	19.894
526.0	1.988046090019894	15.091
526.5	1.5975603289743905	50.314
527.0	2.2466117805368584	40.143
527.5	1.4684500503992979	110.786
528.0	2.1448253096398338	30.317
528.5	1.8403039357855149	20.169
529.0	1.7800351912155845	88.551
529.5	1.168707174537589	32.227
530.0	3.097677552330686	43.555
530.5	1.1532495762335633	16.74
531.0	1.9789988546071102	90.526
531.5	2.0570635274271445	81.504
532.0	1.827883010547325	130.905
532.5	1.5202779472780528	27.517
533.0	2.110797081018013	127.195
533.5	1.9431268719325314	50.36
534.0	1.77817986149024	80.53
534.5	1.506479169719224	40.387
535.0	1.8192323883691432	115.393
535.5	0.7981877013422585	40.36
536.0	2.7250467760820087	100.774
536.5	1.2139374484223833	362.551
537.0	5.22396453006597	77.201
537.5	1.888057991632397	20.147
538.0	2.234738686463824	87.415
538.5	1.352884218193706	20.115
539.0	1.111189519606004	19.034
539.5	2.622285130720269	50.386
540.0	1.4444517908228776	20.124
540.5	1.1981356980156128	40.62
541.0	1.803640279744067	141.341
541.5	1.7135349440012961	20.144
542.0	1.425498010907266	103.546
542.5	2.2140478770719008	20.15
543.0	0.781606741492357	142.918
543.5	3.010584623822142	16.329
544.0	1.6219758148440075	115.702
544.5	1.8725680568684628	80.573
545.0	1.8138902000311568	72.714
545.5	1.4503784206379426	30.333
546.0	1.0956460720163068	110.45
546.5	2.185431688586346	16.507
547.0	2.0530880398625153	20.438
547.5	1.8681908250654184	35.587
548.0	1.2135731674292165	40.255
548.5	1.6596852482796038	50.286
549.0	1.2040820502413427	32.053
549.5	2.06493599752303	17.325
550.0	1.6900068684144849	14.638
550.5	2.5758761751354875	20.119
551.0	1.690935776838169	80.591
551.5	1.2254638647319689	78.69
552.0	2.5007117175531333	90.573
552.5	2.0217269746544115	100.59
553.0	2.3355984190399184	80.666
553.5	0.9010251867361393	45.394
554.0	2.6775221157457016	60.264
554.5	2.0037071771876227	60.435
555.0	1.7856926917054436	80.384
555.5	1.8810215983147183	17.011
556.0	1.343861487154816	100.529
556.5	1.8806022985477993	80.477
557.0	1.8472954832447153	60.494
557.5	1.1480258978632123	70.551
558.0	2.0705864131338703	50.251
558.5	2.144379991997575	80.419
559.0	1.817664250040397	100.66
559.5	1.5395097812023675	35.456
560.0	1.5093786213617895	80.428
560.5	2.3565950421251762	88.726
561.0	1.4604770532651077	63.079
561.5	1.8631279000890968	76.737
562.0	1.7207559851566536	60.231
562.5	1.2820427187786452	37.383
563.0	2.7833121226067545	15.659
563.5	1.3575957581756803	80.591
564.0	1.0914631150934202	17.745
564.5	4.020907996990599	75.659
565.0	1.102167976928128	15.728
565.5	1.7386293055753657	31.688
566.0	2.051329472990475	80.42
566.5	2.3893837233670103	86.598
567.0	1.4601814021485682	20.103
567.5	0.933940820790005	25.971
568.0	2.5223443736347764	20.607
568.5	1.7447730075444197	20.255
569.0	1.6192150905810978	20.157
569.5	1.622592769832696	60.248
570.0	2.0814398378692758	96.076
570.5	1.4740567951236652	100.728
571.0	1.8878578822479208	113.538
571.5	1.4118279881860842	56.642
572.0	1.841164361081959	27.657
572.5	1.4493153746087197	70.515
573.0	1.8322248746631302	70.332
573.5	1.3514688265337431	60.45
574.0	1.7044638880681173	60.377
574.5	1.928724242258828	60.096
575.0	1.7183282385797203	90.544
575.5	1.9726650772087073	90.756
576.0	2.283619236707364	55.5
576.5	2.46730978621568	100.647
577.0	1.5943120876361043	90.459
577.5	2.3275166048940354	100.953
578.0	1.3846037022081341	212.432
578.5	2.81761455906067	115.017
579.0	0.8048260282422011	193.678
579.5	2.1372693945151435	126.631
580.0	2.589655061703243	18.696
580.5	1.787579376180031	40.368
581.0	1.657334124399386	60.435
581.5	1.7590183099964214	60.357
582.0	1.6888709906132395	42.609
582.5	1.9311464089200217	40.233
583.0	1.6546685618188557	60.467
583.5	1.8934882984399914	80.509
584.0	2.258764474661905	60.207
584.5	1.6944529944365816	99.906
585.0	1.7447359839978718	82.77
585.5	1.135332727352064	20.324
586.0	1.9685592902624938	80.578
586.5	1.7846708190099112	60.35
587.0	1.0578098913522813	124.558
587.5	1.3257529210912125	24.391
588.0	1.3858493680623778	29.197
588.5	3.2492523718380752	91.795
589.0	0.9432181629454598	37.904
589.5	1.595974702369706	23.82
590.0	2.3180383138307556	147.098
590.5	1.5886625803088945	117.452
591.0	2.516352339769817	52.093
591.5	1.697040811515425	17.538
592.0	2.3356238209045004	80.789
592.5	1.0546795215276419	20.704
593.0	2.1931925225711666	18.478
593.5	2.512373158240958	80.485
594.0	1.7734100613059267	90.679
594.5	1.5230860677756968	121.466
595.0	1.1105645251087044	90.329
595.5	4.303308078029328	70.817
596.0	1.8345522557392553	70.481
596.5	1.4972061663185428	80.676
597.0	1.867803397316733	109.989
597.5	1.4778261222160665	110.558
598.0	1.6362318746345237	151.065
598.5	2.185721126578209	70.417
599.0	1.9553297443328752	70.213
599.5	1.7995775188928895	47.067
600.0	1.5862237535080443	20.284
600.5	1.45526721432049	16.653
601.0	2.282365385382092	75.137
601.5	1.456946487003321	130.762
602.0	1.3898480165557128	60.435
602.5	1.7637666072067855	32.184
603.0	1.5987759314029026	117.534
603.5	2.0746317464254522	90.573
604.0	2.199698963882067	201.985
604.5	2.005616754873782	124.875
605.0	1.7804122935115478	110.634
605.5	1.0287604929532124	152.076
606.0	3.377214217027753	63.544
606.5	1.7103525548888319	283.133
607.0	3.0816961296567493	72.841
607.5	2.022615797925542	140.279
608.0	1.7733606624797116	90.786
608.5	1.4876677248852481	80.468
609.0	1.671553247516214	80.541
609.5	1.9873484302731454	84.262
610.0	1.417797426600107	90.552
610.5	1.6563424017525235	60.232
611.0	1.9691848243581205	60.394
611.5	1.3181273665963977	74.297
612.0	1.8749925533553167	578.587
612.5	3.3734945922212503	80.571
613.0	1.5959306656758958	130.861
613.5	1.197658512130791	114.456
614.0	2.620642388247098	90.879
614.5	0.9490458410264444	392.456
615.0	1.4372501074342514	473.93
615.5	1.8183662414825845	86.829
616.0	1.3913018828639816	89.301
616.5	2.9026695600978347	70.414
617.0	1.1214626959814227	100.408
617.5	1.470921056278659	114.818
618.0	2.1367465470164184	80.912
618.5	2.40401757873292	111.31
619.0	1.2057461372976306	50.277
619.5	1.6117630416113369	18.224
620.0	0.7809165005033006	411.55
620.5	0.12573781518443347	637.707
621.0	1.00809111994626	79.212
621.5	1.9381179716560435	44.805
622.0	1.9714884759610927	151.786
622.5	1.6458209195104108	80.566
623.0	0.8578832723832925	423.329
623.5	2.8400429653619024	222.753
624.0	2.3914336341691733	35.303
624.5	1.6025867271335061	282.888
625.0	1.0959106212367453	616.902
625.5	3.7238374914168055	60.964
626.0	2.449238923193662	25.057
626.5	1.9571275698600248	90.742
627.0	1.8356099977595774	50.554
627.5	1.818877044513577	283.659
628.0	1.9547407343761654	52.944
628.5	2.4768271792186147	50.359
629.0	0.8986351723315613	252.675
629.5	0.580722346295473	1027.123
630.0	0.8052690199986069	1504.266
630.5	1.7240062717440354	141.383
631.0	1.0181159496952592	609.187
631.5	0.11540856879648888	669.757
632.0	1.1398858880703355	1356.167
632.5	3.9545883382963227	73.199
633.0	2.976107856737117	78.027
633.5	2.4905162708257227	117.585
634.0	1.4782884219614467	252.642
634.5	1.2961564270029526	54.071
635.0	3.039943007555504	60.223
635.5	1.372519540869145	131.691
636.0	1.992638970012563	90.664
636.5	1.0991352691338387	212.114
637.0	2.353578690844819	80.36
637.5	1.731011729527646	90.653
638.0	2.260877470078001	80.728
638.5	1.6825613803141177	60.784
639.0	1.3829476511206458	100.57
639.5	1.8926505621780263	71.239
640.0	2.077079487724434	111.181
640.5	1.9172059655810056	94.177
641.0	2.219385466625989	110.813
641.5	1.4021333075705131	131.367
642.0	2.5634098945750186	90.784
642.5	1.0985702037017635	81.648
643.0	1.96445468521496	128.528
643.5	1.489578557919153	104.054
644.0	1.9180664583762508	86.653
644.5	2.059771771337967	67.263
645.0	1.9308149666035308	80.714
645.5	1.7749838084659906	541.511
646.0	2.6030410796571104	155.034
646.5	1.69266148696512	171.858
647.0	2.0256995087943603	48.652
647.5	1.865296667289791	177.542
648.0	1.9515390871393887	172.027
648.5	1.0722654153847024	93.688
649.0	2.3788717375836947	44.135
649.5	0.834396845033169	104.744
650.0	3.24407178421007	99.98
650.5	1.410092885173032	60.55
651.0	1.729417540934423	70.51
651.5	1.583819731591354	80.644
652.0	2.052355307997719	141.392
652.5	1.1274423793245363	120.829
653.0	2.758753108462884	65.202
653.5	1.6048139478406236	47.04
654.0	1.4068443429544575	92.931
654.5	2.593191623231704	141.15
655.0	1.319775136365726	70.428
655.5	0.9853944651148236	118.504
656.0	2.2732159689110034	133.217
656.5	2.4578241369605	91.662
657.0	1.620354211102325	102.047
657.5	2.1872656968012523	140.788
658.0	1.299530436830247	108.056
658.5	1.8073061681894673	151.317
659.0	1.9457920721165856	80.56
659.5	0.12979482598334602	14.181
660.0	0.9714837611281927	13.871
660.5	1.454826542655137	20.207
661.0	3.066994712225109	13.957
661.5	1.9835171055193455	80.53
662.0	1.5581439156862242	34.744
662.5	1.8189670531999331	80.643
663.0	1.6035327115436682	212.021
663.5	2.332673517537852	91.06
664.0	2.678456097485212	12.932
664.5	1.6861724192836118	383.752
665.0	2.882824072934055	70.502
665.5	1.9479857979624047	11.97
666.0	1.850386350543346	80.56
666.5	1.769505623983821	20.218
667.0	0.9135877996440578	40.307
667.5	1.657729518598859	10.984
668.0	2.0009991827745757	24.456
668.5	1.6360048835807741	35.97
669.0	1.8416417800884743	22.107
669.5	1.9533886020705764	20.144
670.0	1.933007982444945	70.725
670.5	1.4477390885776218	90.757
671.0	2.2856564409098516	159.602
671.5	1.8677085152166437	130.968
672.0	1.4840233606479478	117.364
672.5	0.14610572529961213	117.364
673.0	0.23341995512104835	127.182
673.5	1.8706593716577176	119.186
674.0	2.001567227159007	50.388
674.5	0.13186837339601762	139688347996.784
675.0	0.15875715283947103	15.672
675.5	2.5317983830457425	50.547
676.0	2.070343707555538	100.624
676.5	1.7446844093461027	12.35
677.0	2.1815262848851114	89.456
677.5	1.9121228154582475	30.139
678.0	1.7656614820190273	40.58
678.5	1.9548171380204304	50.24
679.0	1.8866274140157133	110.68
679.5	2.196969608808274	28.268
680.0	1.4116323431077193	61.262
680.5	1.7003166136673518	51.044
681.0	1.8910253300469313	30.173
681.5	1.31475070877989	70.562
682.0	1.3524229295814723	69.993
682.5	1.333334009880628	60.626
683.0	1.381589173153614	70.236
683.5	1.9137880218736363	20.145
684.0	1.7429174400084135	50.22
684.5	0.9102186164823667	11.609
685.0	0.17284977228345566	32.209
685.5	9.198043475865806	80.551
686.0	2.3456043685251173	35.854
686.5	1.7992988467711368	32.59
687.0	2.2686855298112367	53.431
687.5	1.6718281324886828	73.457
688.0	1.346288306146168	80.578
688.5	2.2190394759538794	60.226
689.0	1.3315348351257188	109.231
689.5	1.6269630267390105	90.632
690.0	1.6134366625509142	60.479
690.5	1.9163547210440772	98.126
691.0	1.673768726208971	28.479
691.5	1.5254615514778802	80.505
692.0	1.5119219796321868	50.406
692.5	2.0795688879090704	63.234
693.0	1.6726457957274952	62.506
693.5	2.3124981783187386	75.495
694.0	1.3655995309382438	100.719
694.5	2.243648950375994	88.372
695.0	1.818500123835285	71.398
695.5	1.2265757444824148	110.808
696.0	2.1976337620772797	60.439
696.5	1.925065871950289	141.22
697.0	1.8843216905933755	85.335
697.5	1.8480060515890648	104.173
698.0	2.318846244937452	84.147
698.5	1.8611252016356286	90.654
699.0	2.2609763737497173	60.471
699.5	1.4888648698184355	88.88
700.0	1.814882601549712	55.604
700.5	1.92428753020555	60.366
701.0	2.2287118659043186	91.576
701.5	1.4592251854256426	82.996
702.0	1.5015705525593779	121.001
702.5	2.137084083029216	107.312
703.0	1.3722792090704838	90.563
703.5	2.0058564791804896	50.347
704.0	1.9624309095805967	41.252
704.5	1.67896144406382	60.326
705.0	2.469473555970416	98.44
705.5	1.824705804887463	100.665
706.0	2.176649288056479	90.77
706.5	2.598641138862037	40.12
707.0	1.5327994440181942	111.039
707.5	1.902630988710996	50.613
708.0	2.033204330773861	100.658
708.5	2.3864207673327	50.442
709.0	2.090275019986082	77.071
709.5	1.4137937827304967	70.375
710.0	2.1892962507431255	29.71
710.5	1.969357345706726	90.889
711.0	1.6457074986906517	120.031
711.5	1.4594352299210136	90.386
712.0	1.8078851452507583	60.299
712.5	1.3334903896993007	77.218
713.0	1.9989427537474027	88.034
713.5	2.1610552885827987	30.424
714.0	2.0061166501310135	50.416
714.5	1.803830695837682	70.409
715.0	1.8902769813796214	40.391
715.5	1.4240821634610716	80.478
716.0	2.3008192509186487	80.608
716.5	1.9775698166060935	80.664
717.0	1.6508494395998086	69.613
717.5	2.165629690618289	121.276
718.0	2.0388534507812337	90.674
718.5	2.018872097204795	29.608
719.0	1.639756080326507	90.477
719.5	1.9707014036182526	89.118
720.0	1.5988029276913673	34.356
720.5	2.510090020241179	30.238
721.0	1.5498124827061888	59.515
721.5	1.8511845471126347	80.515
722.0	1.7055500410116287	80.616
722.5	2.137026597066679	71.883
723.0	1.7791033323014964	60.537
723.5	2.0193702519878216	110.614
724.0	2.350064290675219	60.363
724.5	2.0328589553749006	110.764
725.0	2.060505902880008	80.504
725.5	2.30351634876478	70.42
726.0	2.066678751953684	70.701
726.5	2.041291785191267	50.307
727.0	1.570614705383514	81.14
727.5	1.6812881265219477	100.785
728.0	2.293764690413754	68.594
728.5	2.173148937166817	36.763
729.0	1.0986317705014699	100.559
729.5	2.4998088916826737	50.179
730.0	2.2516343277448927	108.419
730.5	2.2433392184019976	120.584
731.0	1.3403290742671037	93.015
731.5	1.7515434696267245	70.086
732.0	2.048025109625535	90.616
732.5	2.1977681794357524	43.517
733.0	1.1781631650304565	80.576
733.5	1.6356171923690033	45.73
734.0	2.097752918656322	106.704
734.5	1.8231901572207805	70.551
735.0	1.3610337505985628	110.669
735.5	2.1249629580969382	52.133
736.0	1.5997651652170497	110.612
736.5	1.8276520324438879	100.738
737.0	2.1656758874465214	100.68
737.5	2.261348767285915	131.281
738.0	1.78531489246673	61.896
738.5	1.9478255339786361	60.385
739.0	2.206825412688088	50.35
739.5	1.599766837740639	80.71
740.0	1.9203693389778176	82.328
740.5	1.382105430347668	100.691
741.0	1.716052950977076	121.014
741.5	2.1002522272531716	57.486
742.0	2.206543828530222	121.389
742.5	1.5480970590435055	60.381
743.0	2.6794432190335153	50.424
743.5	1.9977383041184344	48.117
744.0	1.9139283631277204	60.461
744.5	1.7088687204093447	90.934
745.0	1.6483625724795103	90.596
745.5	2.477967547559927	60.41
746.0	2.3604993796232967	91.2
746.5	1.729028027358874	32.891
747.0	2.3467057710681654	60.184
747.5	1.5065952363959807	129.257
748.0	1.7794607219441494	100.788
748.5	1.6536051183548424	60.728
749.0	1.7526183506744784	81.809
749.5	2.30013008349588	61.507
750.0	1.5863872237698184	90.544
750.5	1.8574949629000872	63.723
751.0	1.4288550781561327	100.664
751.5	1.90657913454598	141.343
752.0	1.8052867095739196	55.89
752.5	1.4808908699955545	110.841
753.0	2.1075780527834214	80.599
753.5	1.811381689516688	130.794
754.0	1.645871520020001	98.463
754.5	1.4790899505088642	80.461
755.0	1.6347080730742223	140.9
755.5	2.082845786962936	100.604
756.0	2.054184981687091	54.456
756.5	1.662988425101446	90.624
757.0	1.613619066040874	83.232
757.5	1.6088407882092914	80.263
758.0	1.2813982174905145	120.9
758.5	1.4548897700979668	49.129
759.0	2.0735141908138157	70.58
759.5	1.1356909382119822	90.144
760.0	1.7395244362582143	62.325
760.5	1.679788335150738	50.187
761.0	1.6192050876784785	47.765
761.5	1.4313483749696332	104.749
762.0	1.1961121239378143	141.962
762.5	1.671472110146024	90.527
763.0	1.0390661352917776	67.863
763.5	2.0835732379417737	110.839
764.0	1.9875170332370602	50.361
764.5	1.72385850436086	86.082
765.0	1.3510948132499094	100.362
765.5	1.5142829505032656	30.392
766.0	1.8091694583714983	29.915
766.5	1.4814508296030109	73.88
767.0	1.9444838722909463	35.852
767.5	2.5026464035882916	80.567
768.0	1.306096735962007	70.26
768.5	1.5002087013328815	45.431
769.0	1.7479831465700522	31.936
769.5	1.9753676905625133	111.054
770.0	1.5283775728968687	80.646
770.5	1.5262512745982004	110.765
771.0	1.9551655432950845	100.532
771.5	1.3271370578791677	131.026
772.0	2.6860395593637323	87.726
772.5	1.8398733588639002	90.461
773.0	2.1474532729226956	64.012
773.5	2.1726544329717146	32.521
774.0	1.450378366377723	89.741
774.5	1.9285139430340854	80.678
775.0	2.1054971043530575	130.662
775.5	2.016362543632636	107.621
776.0	1.3578656604161492	98.812
776.5	1.733086966984114	90.641
777.0	2.0009250522119797	90.96
777.5	1.2338404761670008	80.388
778.0	2.2262320905732094	60.337
778.5	1.6034196225662254	50.44
779.0	1.8676430789121108	120.916
779.5	2.0198838402916324	90.4
780.0	1.703050991623246	140.876
780.5	1.6814652772103758	114.464
781.0	1.3881299572977113	99.937
781.5	1.810128493938609	91.911
782.0	1.5701344999206537	42.016
782.5	1.6735511505814038	60.889
783.0	1.644280774544261	70.585
783.5	2.2895425864888614	40.467
784.0	1.9107571087646953	82.972
784.5	1.8344935528413804	28.416
785.0	1.6819198651944482	80.606
785.5	1.6003853347682602	110.725
786.0	2.331933765480092	90.527
786.5	2.0255931259203326	60.387
787.0	2.069246008476193	99.8
787.5	1.607789099013116	38.789
788.0	1.9517458945164485	70.294
788.5	1.6298243322930857	120.678
789.0	1.8712639234230712	80.53
789.5	1.8370880004662027	50.283
790.0	1.8974857603567445	80.62
790.5	2.0984834208637184	70.195
791.0	1.473895260239708	92.207
791.5	1.8104613413495905	113.01
792.0	1.4825089363581943	100.715
792.5	2.1651208585736046	141.204
793.0	1.3276179165574118	85.908
793.5	2.3008610188456697	70.457
794.0	2.0545086346037227	71.335
794.5	1.945979257447667	31.91
795.0	1.3250096816613819	91.049
795.5	1.7139644737493318	80.666
796.0	1.6977093516902158	80.667
796.5	2.1949330429870137	30.47
797.0	1.8435615791913553	85.762
797.5	1.4493807126067755	44.364
798.0	2.5909224930045265	79.58
798.5	1.7936001743375347	60.414
799.0	2.158606129154664	88.926
799.5	1.7385005970699612	100.897
800.0	1.5236353707941028	55.086
800.5	1.9481535187611747	80.663
801.0	1.682119130528213	118.326
801.5	2.0686289988115436	40.45
802.0	2.3424130486885852	77.661
802.5	1.5240095752178024	54.085
803.0	2.024623958408379	40.244
803.5	2.111332818187435	40.439
804.0	1.5589429644156856	29.618
804.5	2.5084285406645126	70.551
805.0	1.7600539750376676	121.023
805.5	1.9870014468036878	107.327
806.0	2.0710268364969777	101.549
806.5	1.5504458528594571	90.612
807.0	1.6005904570928606	87.073
807.5	1.9173518390268605	80.622
808.0	2.0788217956714177	51.901
808.5	2.074000769953274	43.059
809.0	1.4112850398720524	80.675
809.5	2.0768658016743173	80.444
810.0	1.532420149720377	100.729
810.5	1.581778824202342	90.58
811.0	1.7522188026984453	60.4
811.5	1.8495007244563613	100.72
812.0	1.9996014855724547	40.363
812.5	1.7643008573767274	90.717
813.0	2.0410554285869718	59.202
813.5	2.2963963699810477	70.375
814.0	2.146475753908458	100.65
814.5	1.6447817404018634	46.861
815.0	2.0634372323459518	122.842
815.5	1.3439420173282122	60.35
816.0	2.345020709900209	60.332
816.5	1.382140227706144	70.556
817.0	1.7766621359656138	40.631
817.5	2.2442070321412078	90.529
818.0	2.0616864222831954	78.563
818.5	1.6750088169783288	80.52
819.0	2.367354347425177	60.376
819.5	1.9987422508617438	37.506
820.0	2.0606576209846743	29.775
820.5	1.1659127415467916	120.92
821.0	2.1664475184033996	130.851
821.5	2.2207828691722673	70.602
822.0	2.492748558818513	35.373
822.5	1.4447630129320217	120.866
823.0	2.294514306783858	90.83
823.5	1.6829876245928133	75.063
824.0	1.9637606416214495	110.812
824.5	1.9540543632731795	90.53
825.0	2.476548644343616	70.792
825.5	1.4062336397351483	100.779
826.0	1.4205926997871927	90.637
826.5	1.8387428501471474	70.394
827.0	1.7368243790070506	141.355
827.5	1.8809256888741852	44.087
828.0	1.676771444699003	60.391
828.5	1.6593400785498236	80.624
829.0	2.202538236225749	94.743
829.5	1.863011032968597	32.889
830.0	1.6051891761298331	40.316
830.5	1.614951573772635	78.862
831.0	1.926299959576333	52.982
831.5	2.019002657795446	47.113
832.0	1.6599820131087801	136.044
832.5	2.118689589102597	63.713
833.0	1.3460546058476364	50.353
833.5	2.6872476299503743	94.673
834.0	0.9888995459231977	64.482
834.5	1.9874998826948391	40.588
835.0	1.7045001718744688	90.771
835.5	2.202500578792481	60.676
836.0	1.299268806666036	110.692
836.5	2.5463452661083994	70.83
837.0	1.8446399986610467	120.894
837.5	2.1331357502431363	62.185
838.0	2.039185657616616	103.958
838.5	2.1755197695478854	26.437
839.0	2.1443709929503156	120.975
839.5	1.8575417935613139	80.236
840.0	1.6944407031753552	30.633
840.5	2.4784094050701184	113.972
841.0	1.6644803692379164	60.507
841.5	1.751700314192425	111.01
842.0	1.8576801609639548	139.026
842.5	2.4327270018349547	80.572
843.0	1.7886861985613545	80.753
843.5	1.772470647174768	30.297
844.0	1.3469543658874876	60.765
844.5	1.4802791737089338	62.527
845.0	1.7856512536113744	60.43
845.5	1.8145181542076352	90.683
846.0	1.3911320179601536	80.286
846.5	1.5355058052892236	70.547
847.0	2.5772839281516378	40.274
847.5	2.2331267664368446	80.65
848.0	1.938102712238418	80.61
848.5	1.854993607876524	35.979
849.0	1.3522791350022076	110.456
849.5	1.5325156578428116	110.727
850.0	2.0817346257922007	50.28
850.5	1.9105956006120557	100.78
851.0	1.7293664900742034	97.342
851.5	1.4952310604510417	120.88
852.0	2.266420927565043	31.407
852.5	2.0040927831451594	80.518
853.0	1.82427711608469	78.081
853.5	1.1560330819655216	52.042
854.0	2.1692711683811865	30.011
854.5	1.774678233054752	52.188
855.0	1.821744502424899	80.636
855.5	1.9204103489994506	40.171
856.0	1.5652609195503198	70.674
856.5	2.1213274836720117	107.39
857.0	2.251474582715698	93.601
857.5	1.367204353982899	90.643
858.0	1.9375337453314059	100.761
858.5	1.6546079815810335	100.798
859.0	2.2264844837336897	62.809
859.5	1.3686297503541516	71.045
860.0	1.422643454180896	80.455
860.5	2.1861363812254764	84.668
861.0	1.904189638793871	100.821
861.5	1.4351937609999341	27.819
862.0	1.9562488328242882	131.045
862.5	1.4850997770233438	120.716
863.0	2.154234244591086	69.335
863.5	1.6407818385635002	90.879
864.0	2.134014696168972	90.389
864.5	1.5837767579359823	79.304
865.0	2.435740242588153	40.337
865.5	2.1088138107121774	50.632
866.0	1.697083994767642	80.638
866.5	2.1943673281831084	120.758
867.0	2.0003534417328557	90.651
867.5	1.6331540399195221	90.582
868.0	1.9078456362590892	82.972
868.5	1.9157046290579114	77.117
869.0	1.7592640215063977	80.593
869.5	2.0053855032766488	60.949
870.0	1.9728388444534486	70.652
870.5	2.09820707088992	70.444
871.0	1.8972973692139936	72.327
871.5	2.191770713674128	113.908
872.0	2.196815845751728	40.059
872.5	1.5631616989140267	77.902
873.0	1.6981314389820943	44.274
873.5	1.7365802929393395	110.902
874.0	1.6904580491507801	52.183
874.5	2.1252766838112502	80.449
875.0	1.7082865126744227	67.81
875.5	2.2689702103555716	58.074
876.0	1.9880530303062645	110.676
876.5	2.0402358661897413	80.731
877.0	1.4600708867165073	70.601
877.5	1.6624358751351678	80.615
878.0	1.5715557920478072	81.115
878.5	1.739646377351262	55.972
879.0	1.608813185459981	84.289
879.5	1.9846491297264752	141.06
880.0	1.9856271738400089	49.824
880.5	2.4470225952918367	97.806
881.0	1.0751642956447207	27.527
881.5	1.8512377861130127	90.55
882.0	2.075855571045249	50.479
882.5	1.6946654650489128	100.716
883.0	1.3414824549922006	80.523
883.5	2.499436444148582	90.469
884.0	2.132394460413484	48.592
884.5	1.895785003621078	97.085
885.0	2.145016522156078	70.47
885.5	2.103616106200442	90.405
886.0	2.116681454934163	70.474
886.5	1.6099578778902803	80.714
887.0	1.3345268808395814	60.517
887.5	1.973669270175005	70.844
888.0	2.205670510100865	100.613
888.5	1.7799003183938684	110.841
889.0	1.5697646730819876	36.067
889.5	1.8919904211493623	121.331
890.0	1.6909057666680232	90.452
890.5	1.5677510119433762	50.336
891.0	1.7231770452748711	90.477
891.5	2.059735463361665	60.474
892.0	2.224539129104715	27.31
892.5	1.2176261004923694	60.492
893.0	2.49216777402223	77.497
893.5	1.6628886649973158	48.004
894.0	1.9630713540824563	70.358
894.5	1.570346685421915	86.013
895.0	1.6585488904260737	90.694
895.5	2.2019048421965897	60.424
896.0	1.9198735744767352	121.019
896.5	1.662770914506724	80.576
897.0	2.091480401352233	70.428
897.5	2.1222728755642692	80.575
898.0	1.7642038908483981	50.319
898.5	1.5177006740116237	86.557
899.0	1.7650411488633961	30.402
899.5	1.7302861860699308	72.758
900.0	2.4583743931012143	70.573
900.5	1.8003260413231459	101.143
901.0	1.6100811511500006	70.462
901.5	1.8128705326116954	60.46
902.0	1.560397521374417	29.345
902.5	1.8264203367472842	50.388
903.0	2.211835437992352	100.543
903.5	2.0402998637016543	51.914
904.0	1.5915870636545173	26.619
904.5	1.320111910664525	112.443
905.0	1.569282074809379	30.187
905.5	1.7207983806662683	27.796
906.0	2.3475594859827376	87.163
906.5	2.043140116287674	80.386
907.0	2.0544046694506446	87.852
907.5	2.1673621793130806	97.509
908.0	1.6185838151874892	110.854
908.5	1.8146551124825556	50.683
909.0	1.836222801897878	69.18
909.5	1.9276709524411888	83.773
910.0	1.610378134986861	50.3
910.5	1.3116745702991155	100.602
911.0	1.545634980004851	110.814
911.5	1.5256294963649157	36.216
912.0	1.1648251388505892	110.678
912.5	2.2612821299445955	53.445
913.0	1.599864989343558	78.55
913.5	1.8899147304443884	27.993
914.0	1.5678099132877676	50.406
914.5	1.282509546023385	86.633
915.0	1.3055606577134837	50.134
915.5	1.6545268394771355	123.001
916.0	2.195677992362244	86.298
916.5	2.035191973183355	35.89
917.0	2.4398216313703887	98.677
917.5	1.7073193531675142	50.339
918.0	1.4928522934430228	101.084
918.5	1.7987654914612863	100.986
919.0	1.6889172082384998	100.666
919.5	2.1870010692451842	148.018
920.0	1.5119363877947467	90.55
920.5	1.5316793406126283	130.804
921.0	1.7274102827598956	130.756
921.5	1.8065681512581409	29.004
922.0	2.4474802035902044	70.897
922.5	1.4610015068639088	28.619
923.0	1.8026019025008575	80.099
923.5	1.3962656958250672	70.863
924.0	2.0268923477777148	40.276
924.5	1.6742348268958098	38.428
925.0	2.0467613878257525	80.32
925.5	2.0536189245187266	84.42
926.0	1.4824324357074652	128.291
926.5	1.921924718001071	41.456
927.0	1.9356693887365952	107.291
927.5	1.4558557067935254	60.008
928.0	1.7917807739952396	90.544
928.5	0.1409058441128862	8.582
929.0	1.7214601637571247	60.442
929.5	5.512351686031468	10.774
930.0	1.368553950991471	80.649
930.5	1.9074169040792361	80.75
931.0	1.8376643094382121	60.39
931.5	1.9367452161507057	60.448
932.0	1.981316820996355	110.74
932.5	1.7324270922126546	40.348
933.0	2.0362819928295623	30.171
933.5	1.8822263016994616	109.432
934.0	1.8136566272316967	47.87
934.5	1.6175928485169875	30.315
935.0	1.5055125423359144	40.158
935.5	1.4845085220813956	106.464
936.0	1.4053144084606313	146.303
936.5	1.605440560618518	61.233
937.0	1.6168931207457395	48.618
937.5	1.7367212984522447	80.412
938.0	1.4676311540543971	60.656
938.5	1.0290224866330109	90.771
939.0	1.7106292116682078	32.68
939.5	1.4859452926879073	82.767
940.0	1.7668216776120642	70.396
940.5	1.6785546934714104	90.51
941.0	1.85193389191554	90.727
941.5	2.242910933595619	50.787
942.0	1.9702118060395994	56.748
942.5	2.218694543737556	58.738
943.0	2.6887688592897474	40.134
943.5	1.5924188432460373	103.488
944.0	2.280243935676362	50.348
944.5	2.426797912829047	74.801
945.0	1.737983515791366	27.374
945.5	2.0865264689166407	71.361
946.0	1.4661083554400527	110.702
946.5	1.5411393387432062	76.002
947.0	2.3394415816881033	108.785
947.5	1.8140128784984382	76.846
948.0	0.8983325028748759	90.632
948.5	1.7857062630616933	58.95
949.0	1.6285191237373269	110.485
949.5	2.0070062906298434	100.681
950.0	2.1189815442678905	50.186
950.5	1.9908347936041546	111.016
951.0	1.6212149602398274	70.476
951.5	2.3759145028977935	95.916
952.0	1.3403388579158795	80.623
952.5	1.999423077998822	40.292
953.0	1.9589614422664123	31.501
953.5	1.5663694661910035	37.163
954.0	1.56280924837563	95.448
954.5	1.4783636360717227	94.302
955.0	1.9133726401157423	60.307
955.5	2.3703643191608004	31.371
956.0	1.701182139853565	83.599
956.5	1.9087776100455307	60.428
957.0	1.6955850260366323	80.62
957.5	1.814099037373226	40.292
958.0	2.1638502784824643	113.513
958.5	1.4773769693107026	82.605
959.0	1.7629931449298915	40.327
959.5	1.924451817206406	40.537
960.0	1.2550969879180836	72.91
960.5	2.1243233097783456	56.554
961.0	2.222746999189795	80.622
961.5	1.6537875799428097	68.997
962.0	1.626181409109874	100.646
962.5	2.0905414291491837	27.798
963.0	2.2314747738342042	130.998
963.5	1.862621066643237	80.429
964.0	1.7362263447630306	104.658
964.5	1.9164917151595011	80.124
965.0	2.656622470247071	50.141
965.5	1.163173459815791	75.115
966.0	2.324924886385317	33.326
966.5	1.6215617025249969	100.618
967.0	2.074302298199697	60.48
967.5	1.5255988859337646	86.502
968.0	1.453870394502501	90.745
968.5	2.088582802696547	66.008
969.0	2.0435579215750477	50.857
969.5	1.368636180894373	51.921
970.0	2.225908998056917	110.997
970.5	1.997962627154197	60.76
971.0	1.8892370729149335	38.128
971.5	1.2440165978818956	100.796
972.0	2.0900936844990845	101.048
972.5	1.4211312354645853	100.607
973.0	2.2322227069805254	101.772
973.5	1.337022593077583	70.49
974.0	2.6806703512573287	70.495
974.5	1.7656517242819019	60.286
975.0	1.4978262768349653	70.764
975.5	2.3420042131065077	74.965
976.0	1.4990026519161097	118.457
976.5	2.0573708751890907	50.395
977.0	2.3805258982697426	118.504
977.5	1.642668106700149	40.349
978.0	1.810923234646709	40.124
978.5	2.551276996316355	81.085
979.0	1.7590538044485664	52.61
979.5	2.163245560791379	40.236
980.0	1.9993014869153332	141.061
980.5	1.7119892247651505	60.674
981.0	2.1984840174572295	69.296
981.5	1.4424115888763354	100.555
982.0	2.0098122722721916	90.697
982.5	1.8539027104152028	100.421
983.0	1.9915442437027076	131.605
983.5	1.6694395421269734	82.036
984.0	2.0989664717204826	140.979
984.5	1.9092587024568606	130.966
985.0	1.8551015483852655	70.482
985.5	2.00101321230935	29.707
986.0	1.7907366350929728	48.125
986.5	2.4582706484511547	78.463
987.0	1.2006544435006918	110.944
987.5	1.9565011258192817	73.833
988.0	1.905896380132223	110.605
988.5	2.140060476700974	71.563
989.0	1.88511341496739	100.552
989.5	2.1587930557506483	118.648
990.0	2.2915902469262677	80.123
990.5	2.2281734811090774	60.496
991.0	1.3416797713161122	30.03
991.5	1.9849186547957676	80.268
992.0	1.6484436946674368	94.616
992.5	1.6143221337820985	108.264
993.0	1.6629921995049102	140.863
993.5	2.1005379402382607	59.321
994.0	1.851868169421547	60.435
994.5	1.1892376698727878	120.785
995.0	1.4784412329792225	40.27
995.5	2.5596204658652963	40.479
996.0	1.8541971639352302	60.515
996.5	1.9070324746214353	50.453
997.0	1.7480852224320895	60.484
997.5	1.770320900503594	46.254
998.0	1.889518842854279	90.49
998.5	1.4305398613796438	141.045
999.0	1.593762334743926	80.64
999.5	2.453373400926417	60.737
1000.0	1.4952652264901334	90.526
