0.5	0.12978836181269132	21.082
1.0	2.3858828937964134	50.218
1.5	0.14412072806357515	30.325
2.0	1.4492434088045547	58.613
2.5	0.8608211472091848	70.611
3.0	1.008470411175015	40.28
3.5	0.809647889853875	80.621
4.0	0.8152944938223233	50.335
4.5	0.6059107801459082	60.514
5.0	0.15916559705993183	41.778
5.5	0.1725566344112874	21.39
6.0	3.305805500592483	40.259
6.5	0.9920144397063952	110.808
7.0	1.0991085181996418	134.959
7.5	1.2682809898820624	120.818
8.0	0.6941715285554171	90.557
8.5	1.3321694276975808	12.259
9.0	0.8758529627251568	16.354
9.5	1.0164642099370522	100.726
10.0	0.9893613857199177	90.674
10.5	0.835188516520543	120.759
11.0	1.1627766549004022	110.823
11.5	0.1590380020135466	16.348
12.0	11.071880303368468	252.449
12.5	2.5118188174933063	187.532
13.0	1.3595939325795698	456.13
13.5	2.691246302200019	54.43
14.0	1.2200073039919808	484.252
14.5	0.15754497739218357	484.252
15.0	6.705022275038601	60.474
15.5	1.4881657111253457	242.815
16.0	2.3877125389869094	56.41
16.5	1.8834495688889656	24.434
17.0	1.474992944487915	454.751
17.5	0.3521243596370869	1008.109
18.0	4.60445620915669	70.4
18.5	1.8077280205361992	91.769
19.0	1.8262741741738375	80.621
19.5	2.0036076118188393	71.115
20.0	0.6770337011160612	20.094
20.5	1.183942886467156	80.375
21.0	1.6059109793403377	120.685
21.5	2.60467227110968	120.926
22.0	1.0811239923005167	100.658
22.5	1.7226465403928886	100.749
23.0	1.8242009106280621	40.301
23.5	2.23607748265225	40.318
24.0	1.2175875222915302	141.611
24.5	1.38081472773249	535.611
25.0	1.696791912470294	93.434
25.5	1.629784389107273	50.446
26.0	1.5902694433414013	21.309
26.5	1.8758048091388957	59.549
27.0	1.291895100082328	90.525
27.5	2.279676119917652	37.911
28.0	1.7886405650733201	22.86
28.5	1.6481302548281238	18.183
29.0	1.9065019102922516	60.428
29.5	1.8075451781135314	38.435
30.0	2.8717310424187703	73.022
30.5	0.6129974916590119	20.345
31.0	1.9132682988507725	70.362
31.5	1.6095882203463208	111.066
32.0	1.8296475993953842	141.038
32.5	1.9802604607789613	90.597
33.0	1.5040265977063327	80.732
33.5	1.6620267252201923	35.962
34.0	1.6103337700540845	59.123
34.5	1.720226359473412	100.721
35.0	2.0289615731666037	20.365
35.5	1.5936559138764816	40.36
36.0	3.342319642908586	40.178
36.5	1.3434768690632746	63.185
37.0	1.9745671075121347	60.304
37.5	2.076035202558076	141.16
38.0	1.784879598434165	70.802
38.5	1.7257979981742504	30.007
39.0	1.7471865960705135	110.734
39.5	1.7524408487424274	63.367
40.0	2.888031644187361	43.641
40.5	0.9638666333260453	66.774
41.0	2.1109243007669782	63.087
41.5	1.8491141577309829	90.348
42.0	2.3372569889311787	73.907
42.5	1.154760856056062	80.429
43.0	1.5441696411678834	30.207
43.5	2.587955483973682	61.576
44.0	1.8649204780588013	56.27
44.5	1.5803988973415382	30.555
45.0	1.6513166845368037	100.947
45.5	2.5878021721224895	60.17
46.0	2.151349768772006	40.402
46.5	1.5807620914813405	63.348
47.0	1.737272129105589	90.772
47.5	2.2257043659486078	70.793
48.0	1.9318333360166147	40.453
48.5	1.6312901516150589	71.812
49.0	1.9540601884695044	50.706
49.5	1.7503518565423326	71.907
50.0	1.734550159128497	131.115
50.5	1.7769529557146007	50.2
51.0	1.5834077642701443	16.587
51.5	1.7007861802066044	93.537
52.0	1.9307500684857906	46.472
52.5	1.6000324492735223	60.42
53.0	2.1359620038350364	60.304
53.5	2.012405283364866	36.394
54.0	1.8187049835551015	18.579
54.5	1.9815694850661838	100.621
55.0	1.8562068881210267	100.739
55.5	1.5677664888674916	130.168
56.0	2.08067067281075	71.487
56.5	1.78243422099052	92.197
57.0	2.119892424080778	110.524
57.5	1.9042692483233652	60.545
58.0	1.5261541759464383	30.025
58.5	2.04689739890049	119.854
59.0	1.7310776686850584	80.428
59.5	2.526023629968789	110.551
60.0	1.8053353529576428	77.963
60.5	1.426393765941877	20.24
61.0	1.7472416811381075	42.967
61.5	2.4434899213629393	50.291
62.0	1.520234340174574	80.494
62.5	1.970202630277316	70.513
63.0	1.6972976701910771	90.529
63.5	1.9645503876077575	70.44
64.0	1.236343758672203	97.522
64.5	1.5823209817926487	110.574
65.0	2.4107925726485893	80.381
65.5	2.0940005122862924	90.681
66.0	1.0880718023980083	40.281
66.5	1.8257407198661921	78.927
67.0	1.7434434002731907	30.213
67.5	1.5702468733460413	90.618
68.0	1.9732417964308058	110.579
68.5	2.150357527119986	20.168
69.0	2.0787513075092083	163.855
69.5	1.276727136399048	45.655
70.0	1.6523136890235923	88.78
70.5	1.8969328106713272	80.41
71.0	2.3826978099016727	80.387
71.5	1.5180900195285163	80.517
72.0	2.0950557691998144	434.667
72.5	0.9495014294068459	24.038
73.0	2.844721356204985	50.243
73.5	1.580155054604216	80.597
74.0	1.5687474239984713	120.896
74.5	1.98829122315762	80.572
75.0	2.1723514923794074	80.447
75.5	1.3558262141991873	90.667
76.0	2.5393384761949416	50.579
76.5	2.0463007794196995	37.41
77.0	2.017197897112099	51.705
77.5	1.7182024358800336	25.1
78.0	1.9217002433260157	100.252
78.5	2.154032254880235	50.66
79.0	2.5014020027895953	24.405
79.5	1.0695399053645611	77.647
80.0	1.4743093797797069	70.584
80.5	2.2120288927344807	16.193
81.0	1.779673038402951	140.825
81.5	1.4390517496038429	60.865
82.0	1.988841616945096	50.207
82.5	2.33504033833029	40.269
83.0	2.4021404067810397	60.38
83.5	1.2077396067071624	40.429
84.0	2.068817464088984	110.707
84.5	2.245098190722817	30.191
85.0	1.7460166575469096	80.603
85.5	2.0209257808705967	56.597
86.0	1.9982135748580783	30.201
86.5	1.8361477224321296	110.479
87.0	1.9054162658133316	120.953
87.5	1.2236865966887	110.789
88.0	1.7028614237860389	90.525
88.5	2.090664870526774	41.776
89.0	1.9044639865817943	80.5
89.5	1.4503251045992211	30.249
90.0	2.502081380393257	44.15
90.5	1.5812248310594847	79.499
91.0	1.823438200428841	70.478
91.5	2.2011623792832036	80.131
92.0	1.9128125453244216	70.522
92.5	2.139697171298403	80.501
93.0	1.6108191354195978	86.187
93.5	1.7115535268945312	130.814
94.0	2.0556210369354937	20.204
94.5	2.101142460946597	20.266
95.0	1.6726679219388538	50.368
95.5	1.9905245362235777	38.039
96.0	2.197189904324088	81.362
96.5	1.6038375862295544	131.021
97.0	1.7095928552095754	110.844
97.5	2.6775055578384706	100.775
98.0	1.7714891730187217	20.323
98.5	1.4516522468577353	90.623
99.0	1.6435165327403658	21.962
99.5	1.7199022029879365	30.344
100.0	1.861495752867203	23.727
100.5	2.33389634133542	100.899
101.0	1.9961531978362945	46.907
101.5	1.5864410904664625	41.128
102.0	1.8363555207746631	59.902
102.5	1.7584093723292082	31.415
103.0	1.783763965895364	50.328
103.5	1.7600546431120576	100.627
104.0	2.1448273984520907	110.368
104.5	1.853484864415571	80.394
105.0	1.529729566212973	110.625
105.5	2.1614154123089584	80.466
106.0	2.163472756044863	130.965
106.5	1.854740028795756	40.201
107.0	2.1820737073315297	100.404
107.5	1.867730061853207	80.94
108.0	1.7073290063611435	90.719
108.5	1.8417743194451779	121.149
109.0	2.2356312821343853	110.535
109.5	1.8007219318368928	70.336
110.0	2.8604862989943873	20.79
110.5	0.837784928259807	39.073
111.0	1.8072314717282416	80.596
111.5	1.9331419974341084	43.909
112.0	1.9856168006887511	20.354
112.5	1.5430265582394078	20.162
113.0	1.7742372565346496	30.231
113.5	2.122272973930146	46.588
114.0	1.7688266849339653	21.066
114.5	2.327411223165624	263.24
115.0	1.1270048099315806	347.735
115.5	0.15431257019565492	485.094
116.0	1.1579271078060802	444.761
116.5	0.9657479803788275	197.529
117.0	3.482525222224618	179.473
117.5	0.9236685596042694	1096.388
118.0	1.770738598305214	80.414
118.5	1.8935672578835612	50.402
119.0	1.542336860218859	120.854
119.5	2.5371919304109696	40.28
120.0	1.229789208578404	32.792
120.5	1.8270581677164253	80.548
121.0	2.085019288403277	95.958
121.5	2.359843657122333	75.622
122.0	1.3014916702622203	20.148
122.5	2.195630001859775	96.616
123.0	1.6035387584613903	23.366
123.5	1.7642476372679152	20.759
124.0	1.205454644631145	80.5
124.5	1.8829391873487065	131.285
125.0	1.752602482570533	60.335
125.5	1.7269340486034785	119.618
126.0	1.4030648675705122	120.727
126.5	1.886746118990971	40.441
127.0	1.287511403980944	80.616
127.5	1.9047228475141853	68.275
128.0	1.666191830940441	30.143
128.5	1.6746697188672197	110.775
129.0	1.6711192841799478	80.467
129.5	1.6418276505195561	97.084
130.0	1.6039326806556236	86.521
130.5	1.7952513647390502	80.616
131.0	2.0068292738984694	50.836
131.5	1.6418522350238962	111.026
132.0	1.611669703316206	65.159
132.5	1.7032189534089384	30.245
133.0	2.285294462616724	141.716
133.5	1.6257756038783966	114.904
134.0	2.1835552901139006	50.508
134.5	1.6336292013614562	80.584
135.0	1.9253457072102818	40.418
135.5	2.019333460714712	20.133
136.0	1.4369128957416752	164.055
136.5	1.9706294424543298	180.251
137.0	0.6751814181911505	470.581
137.5	1.857471039346917	98.545
138.0	1.4535788903233222	70.577
138.5	1.6449030122780925	151.028
139.0	1.6688350600450603	69.778
139.5	2.3204223440525444	121.044
140.0	1.1992055823846532	100.722
140.5	2.0556987703749776	22.895
141.0	1.5294274771252283	100.446
141.5	1.4704372730286803	30.193
142.0	2.0252076745050562	73.203
142.5	1.6455092471489796	42.506
143.0	2.2497824484401803	116.239
143.5	1.1823835911341136	455.666
144.0	1.6124123406109412	36.363
144.5	3.053566481872182	90.605
145.0	1.3516977226082003	80.462
145.5	2.2557941261177934	80.718
146.0	1.3811304384957672	80.44
146.5	1.6325376456151102	80.647
147.0	2.3731201571795904	60.27
147.5	1.587028045715707	43.359
148.0	1.6510481213123325	80.635
148.5	2.181879776419152	106.579
149.0	1.5653973759160464	70.552
149.5	2.2288165608594643	131.304
150.0	1.265564635164488	60.398
150.5	1.8079801071672381	90.448
151.0	1.571417316085089	44.043
151.5	2.6182799734976365	161.525
152.0	1.2300428889918071	131.018
152.5	1.3997589739444336	140.77
153.0	1.6949278997347894	131.302
153.5	1.5979697607295682	100.699
154.0	1.2673114676407682	72.603
154.5	1.5766994506402907	79.289
155.0	1.5587224562277449	50.31
155.5	2.064218870448669	127.211
156.0	1.7036464640642492	50.36
156.5	2.352326940046265	80.582
157.0	1.7247499375535293	161.625
157.5	1.8197858777922242	120.699
158.0	1.9668716234852155	90.565
158.5	1.3083030843031356	46.928
159.0	3.5230312672090323	83.152
159.5	0.9207237784965336	80.658
160.0	1.7052263732319777	24.87
160.5	2.297914849117223	70.327
161.0	2.149804503880385	130.602
161.5	1.3611344320478014	434.553
162.0	1.5639090349940121	27.952
162.5	1.0014806387670931	20.155
163.0	1.6362863700503019	70.413
163.5	1.8405412446304221	80.587
164.0	2.0508361630135683	97.769
164.5	2.421895335745421	20.144
165.0	1.7377998958405079	18.622
165.5	2.327460724693932	100.616
166.0	2.531468282657948	33.292
166.5	1.4443584906874614	18.604
167.0	1.4095409406028976	20.183
167.5	2.398308544504038	60.185
168.0	1.4792803704797812	60.349
168.5	1.8870654497931258	19.644
169.0	1.4830632914349176	54.707
169.5	1.8194740769305517	40.195
170.0	1.7663395595750997	25.77
170.5	2.3750853140822517	130.515
171.0	1.3527015090522625	240.952
171.5	2.255677092070677	161.591
172.0	1.4717247103090976	151.517
172.5	2.033517680062299	43.305
173.0	1.3849389220172643	136.574
173.5	1.7525001322543685	80.578
174.0	1.419733399228441	87.847
174.5	0.8786632758046538	445.169
175.0	2.0965018764282304	87.505
175.5	3.3548363781787494	83.054
176.0	1.6929391214001634	90.729
176.5	1.8121500190644015	100.536
177.0	1.7228508176674615	100.653
177.5	1.243714141651538	464.201
178.0	0.15299251494781135	464.201
178.5	1.0817159219478651	186.097
179.0	1.9603761435358202	30.4
179.5	1.5978276472274573	22.991
180.0	1.9304799019049552	44.179
180.5	1.815729139005912	231.884
181.0	1.6670456804797273	247.096
181.5	1.6810866011472414	253.228
182.0	1.338033220802843	387.876
182.5	1.0559267208635912	600.946
183.0	5.117059617773507	45.307
183.5	1.3600360614813516	301.205
184.0	2.705449984121048	543.59
184.5	1.9594943984459658	224.365
185.0	1.1416801673281993	647.83
185.5	0.16949108726064266	647.83
186.0	1.4125483916232093	115.519
186.5	1.0918046680874425	427.709
187.0	2.53608358453084	120.752
187.5	2.1141983282656462	100.404
188.0	2.159966328734119	50.176
188.5	1.6578647748660518	84.626
189.0	1.8319696162039205	80.629
189.5	1.935833441965163	80.653
190.0	2.1914470788613984	62.785
190.5	2.107597731062423	120.782
191.0	1.8128512194819726	31.446
191.5	1.7571803505688104	80.62
192.0	1.6433243494303138	100.969
192.5	1.532175414260051	131.15
193.0	1.6201577389271848	111.163
193.5	1.6376618090016686	76.714
194.0	2.144381557483095	15.319
194.5	1.3710727708330253	15.061
195.0	2.2157933945231774	77.522
195.5	1.884880843123235	49.512
196.0	2.627222777826514	20.465
196.5	1.151467545790627	60.499
197.0	2.025591619653627	102.537
197.5	2.072771749517338	100.777
198.0	2.02591467905131	90.62
198.5	1.5910653733043572	17.957
199.0	2.6211639777421074	30.033
199.5	2.254526040847459	65.616
200.0	1.838817558753943	18.579
200.5	1.1715898323939977	68.212
201.0	2.3593913899818806	58.168
201.5	1.547864564802924	89.858
202.0	1.6408964141118587	21.778
202.5	2.226196257062968	110.69
203.0	1.8830319347777633	70.437
203.5	2.199452684846498	91.835
204.0	2.2316151091835112	81.556
204.5	1.950678823037813	107.994
205.0	1.614038525722351	59.771
205.5	1.6324805459136742	70.396
206.0	2.3312998555812743	80.605
206.5	1.7119371540080626	121.101
207.0	1.6006120708154676	70.42
207.5	2.32442451992171	116.861
208.0	1.534618399108344	70.553
208.5	1.8660859303759565	100.682
209.0	2.1193839344271845	80.367
209.5	1.8358784422891803	121.207
210.0	1.699081936058033	75.108
210.5	2.5088843153706613	92.089
211.0	1.7240400062488874	35.801
211.5	2.37663685517803	20.514
212.0	1.8114606885876767	90.838
212.5	1.5315332252748775	80.341
213.0	2.382702215324525	40.556
213.5	2.0177841717259453	60.504
214.0	2.052189044964298	90.741
214.5	1.6901859784700675	46.857
215.0	2.1132166729776696	120.933
215.5	2.1616838142479597	54.732
216.0	2.116118393747001	20.197
216.5	1.9177038888294866	80.455
217.0	1.8313761786970366	90.635
217.5	2.1934105123769796	100.388
218.0	1.50745175299501	90.746
218.5	1.747806733298094	60.347
219.0	2.330843313008619	71.988
219.5	2.6452120231168847	80.254
220.0	1.3233486249929727	87.409
220.5	1.809939392045335	110.606
221.0	2.0982291763369414	79.968
221.5	2.159508495590377	15.755
222.0	1.9528228735789097	131.555
222.5	2.2999618820923096	58.044
223.0	2.1520876182475037	18.585
223.5	1.9912504717366484	90.35
224.0	1.8913648923260322	22.112
224.5	2.0186711223591733	30.204
225.0	2.2178480983541458	90.979
225.5	1.686843094566821	22.345
226.0	2.034239793497387	41.151
226.5	1.6658500712109865	79.544
227.0	1.8629839971884252	80.718
227.5	1.9252367891812918	80.368
228.0	1.6953154259185093	90.713
228.5	1.7865336118230912	40.462
229.0	2.4311236140108403	110.655
229.5	2.001855907389669	106.623
230.0	1.6095614764785162	100.718
230.5	1.6815743997877464	30.216
231.0	1.7121096708613914	50.181
231.5	1.8441010059454381	19.332
232.0	2.250176974139891	110.562
232.5	2.2041981053914244	100.571
233.0	2.212134406704633	80.597
233.5	1.0615731745218588	42.617
234.0	1.7318641023670716	40.275
234.5	1.8124556393109938	100.636
235.0	2.2946720929161284	79.268
235.5	1.5267692003302695	20.289
236.0	1.443714775284537	90.439
236.5	2.236601463846303	60.405
237.0	1.9972665508284013	70.512
237.5	1.3283918280811686	90.626
238.0	1.5401500526598344	50.356
238.5	2.4607877152161817	90.515
239.0	2.059902504479082	40.288
239.5	1.3069113084226933	80.547
240.0	2.267847828451479	80.331
240.5	2.0866462642840626	100.759
241.0	1.5256455449661448	61.658
241.5	2.4180522276496235	70.296
242.0	1.79444765523199	120.776
242.5	1.9318132772352008	100.736
243.0	1.574637930934393	110.913
243.5	1.417038790778976	20.293
244.0	2.4366050638400516	81.397
244.5	1.8743814185609748	127.899
245.0	1.819158026418184	40.293
245.5	1.5852478566823742	18.405
246.0	1.9783793349100731	110.652
246.5	2.220180139831894	131.011
247.0	1.349436620852294	50.256
247.5	2.227285282910621	101.094
248.0	2.215889500193029	70.514
248.5	2.676589026425238	47.575
249.0	1.0127575410150076	101.606
249.5	1.960796799395969	90.72
250.0	2.7007476094410605	48.892
250.5	1.594187812698338	131.168
251.0	2.1244236408375565	70.604
251.5	1.4351490150488213	119.687
252.0	1.645073712781623	141.25
252.5	2.687963951390812	66.858
253.0	1.4979337646739463	21.894
253.5	1.8052940144148937	131.25
254.0	1.8552613281508679	100.447
254.5	2.1319571463195848	26.351
255.0	1.4885584580672429	40.245
255.5	2.3580637753842497	100.717
256.0	1.7899734377479704	73.655
256.5	2.189269239915726	41.666
257.0	1.5065333438151223	70.504
257.5	2.1522829489216626	100.713
258.0	2.0066733692136314	70.404
258.5	1.514358113919523	495.53
259.0	1.7407816210879987	23.93
259.5	1.4904199511276055	100.403
260.0	1.8280747756724887	449.643
260.5	0.8891640287349748	1060.159
261.0	0.12171151958903406	1060.159
261.5	5.706025804124061	47.737
262.0	2.885031926050879	70.892
262.5	2.3802036693567525	80.405
263.0	1.3800442706622607	444.646
263.5	0.1456721332127904	444.646
264.0	2.273874232055629	43.808
264.5	1.4952719741558285	1056.453
265.0	6.613773834155163	120.908
265.5	0.9744756170778421	340.999
266.0	0.02446174103361541	520.419
266.5	0.8238711522609744	1012.274
267.0	0.7486046416988881	1015.733
267.5	0.8799097253290485	615.63
268.0	0.04118321600161995	1160.407
268.5	1.8255269195853288	50.468
269.0	1.6981946177775964	31.955
269.5	2.2404565980996556	110.68
270.0	2.1249457560494593	70.491
270.5	1.70492613182773	89.589
271.0	2.4138280934920213	68.196
271.5	1.9754206199769504	40.071
272.0	2.166279310496761	75.36
272.5	1.2448529890953322	50.159
273.0	1.0042659859843892	110.975
273.5	1.5636484466732339	65.31
274.0	2.017136941249506	383.677
274.5	0.6280980940366782	434.379
275.0	1.9462288187575965	62.506
275.5	1.5629701252518509	20.13
276.0	1.5355244064375648	90.584
276.5	1.6752041205185313	475.148
277.0	0.14221154499560812	475.148
277.5	1.264423621483409	279.131
278.0	1.0750237731269876	94.815
278.5	1.7457117177914454	102.863
279.0	1.7587649947835235	110.816
279.5	1.9848383753909105	80.63
280.0	1.7770247809006465	14.593
280.5	1.8372007838367819	58.522
281.0	1.5916954548230147	100.611
281.5	1.6173916844869625	131.072
282.0	1.5639839848285653	424.892
282.5	0.1602518887270215	424.892
283.0	1.1369418130616842	483.357
283.5	2.0814870841595567	70.448
284.0	1.805585668243499	487.4
284.5	0.14363323759693264	487.4
285.0	1.7368122230688618	21.872
285.5	1.9258532002327242	130.784
286.0	2.1514408121584667	60.807
286.5	1.6713132117850107	37.687
287.0	1.5294662977844475	70.456
287.5	1.7817246040392989	30.677
288.0	1.9779737982047865	80.647
288.5	1.9492361275017729	130.895
289.0	1.7262981713929053	70.739
289.5	1.9959725208633112	70.312
290.0	2.627605639018021	60.821
290.5	2.197709181369276	100.701
291.0	1.3060716429913277	70.481
291.5	1.5255129928827145	23.416
292.0	2.7779197140905203	89.552
292.5	2.18178982133351	50.409
293.0	1.4253548552282918	90.469
293.5	1.96063275430804	41.233
294.0	2.291458581925833	140.769
294.5	1.4618926626268502	90.669
295.0	1.4200606995434804	60.319
295.5	1.8959317456362619	80.477
296.0	1.499986747093541	70.017
296.5	2.0351247783092665	23.777
297.0	1.820496905149706	67.525
297.5	2.381551458079673	100.549
298.0	1.727277192114997	92.74
298.5	1.9567993658683605	105.964
299.0	1.7134175670000333	60.42
299.5	2.175184136453018	161.403
300.0	2.1342700126680447	30.198
300.5	2.1121474143261865	80.701
301.0	1.4601481948029529	19.78
301.5	1.9352858962430612	51.652
302.0	2.385213766890309	20.932
302.5	2.17133033048305	110.834
303.0	1.4159497732488047	110.533
303.5	2.0962719740771814	70.505
304.0	2.1023994342314474	72.371
304.5	1.7087140873260882	48.123
305.0	1.7055206088494035	46.085
305.5	1.756929350432951	100.567
306.0	1.7268597135523596	30.27
306.5	1.9900348991925563	90.549
307.0	1.7720444664458386	89.713
307.5	1.8456649141013457	90.789
308.0	2.268277884416681	39.413
308.5	1.305405955525417	110.317
309.0	2.021210426895887	30.197
309.5	2.059771345303932	20.172
310.0	1.448666511711183	100.548
310.5	1.5777077804243413	40.397
311.0	1.3342357604893664	32.796
311.5	1.6434322646823722	29.007
312.0	1.8445543128629294	40.705
312.5	1.4123025961399465	30.2
313.0	1.6467936765370896	90.492
313.5	2.000133855048738	110.785
314.0	1.7052969439351686	60.41
314.5	2.135876827645828	70.439
315.0	1.9262677235025343	35.09
315.5	1.7522047127451428	40.891
316.0	1.6668724871459542	46.783
316.5	1.7040160358314844	87.079
317.0	1.9017046696280526	80.705
317.5	1.6643208517458445	15.315
318.0	2.6407425380271676	40.324
318.5	0.9523016675292871	55.042
319.0	1.7552066603630976	110.527
319.5	1.8826580337531562	20.407
320.0	2.460548000415553	90.211
320.5	1.434310878109133	96.38
321.0	2.0634465963596207	90.64
321.5	2.2327187623053075	110.62
322.0	2.4222251002654605	99.169
322.5	1.6966361597004773	116.701
323.0	1.8089990535205724	93.113
323.5	2.855644903856523	15.532
324.0	2.0922053786140533	93.276
324.5	1.8480155315991238	100.862
325.0	1.6563080212768893	93.557
325.5	2.0211329220930714	60.779
326.0	1.648110069814696	80.618
326.5	2.370559746556446	17.692
327.0	1.9402002281144046	110.699
327.5	1.7721117301451534	80.809
328.0	1.1755041877122303	130.88
328.5	1.6448151578677628	20.149
329.0	2.0797137485389054	73.133
329.5	1.6252049588522013	121.064
330.0	2.092546540664275	90.625
330.5	2.096064465685595	100.546
331.0	1.4695672799217467	60.693
331.5	2.103736080706523	64.966
332.0	1.9140243344006083	49.676
332.5	2.1824740594240306	18.251
333.0	1.5219083436810572	50.346
333.5	2.279100797422523	40.253
334.0	1.7483350604730388	49.057
334.5	1.6472003458635776	100.757
335.0	1.6449246842380623	70.341
335.5	1.7477410834106657	97.924
336.0	1.7186283560393092	36.094
336.5	2.732747647162355	90.386
337.0	1.9230308391361186	434.458
337.5	1.8322197982728192	28.244
338.0	1.3209224811731748	50.727
338.5	3.047306308463293	160.908
339.0	2.3394976584517133	40.238
339.5	1.6020035410966407	28.148
340.0	2.0562537162338095	16.146
340.5	1.1779634813281867	100.741
341.0	2.4166794400139278	110.633
341.5	2.0924097126671164	18.681
342.0	1.6680463116769035	29.633
342.5	2.061937929731964	40.29
343.0	1.6906551121584648	20.116
343.5	1.9747611123581503	69.148
344.0	2.39151961703235	30.189
344.5	1.6291881956905652	68.031
345.0	1.908541903290363	40.281
345.5	2.3278957846838897	86.542
346.0	1.493635429509216	545.629
346.5	0.12077687447055063	545.629
347.0	4.23897811274753	100.792
347.5	1.5475277121357625	28.253
348.0	2.456193229802189	18.793
348.5	2.957051100760201	40.274
349.0	1.863886661895243	90.62
349.5	2.0420705925994227	83.102
350.0	2.653195737942712	191.243
350.5	0.8615423246764672	473.84
351.0	2.000285122631989	41.852
351.5	2.387745486189154	41.648
352.0	2.179837070389343	68.424
352.5	1.71311646717378	90.51
353.0	1.8881378145786125	120.695
353.5	1.8482739910607378	90.914
354.0	2.1966001137732123	30.202
354.5	1.7963061897588013	20.256
355.0	1.5224600325094984	38.488
355.5	1.317537901018052	242.572
356.0	0.8826669807244448	445.247
356.5	0.9175484560817447	128.525
357.0	0.4150528307295417	660.009
357.5	1.562096284258916	21.26
358.0	1.6407650319959406	65.826
358.5	1.8516465361099794	18.546
359.0	2.059799366006213	90.608
359.5	1.3052071580058846	70.466
360.0	1.248280905281219	23.024
360.5	2.442584450697897	19.926
361.0	1.6290671108116654	128.397
361.5	1.6046591617422596	30.198
362.0	1.7532529665536511	80.591
362.5	1.5404346738691934	50.373
363.0	1.744278574668055	131.135
363.5	2.341858875029372	91.036
364.0	1.6485046568292507	15.417
364.5	1.5958738555243714	16.735
365.0	1.954290022774201	120.932
365.5	1.768813530719347	110.577
366.0	1.9540148950091392	16.302
366.5	1.6911752443914039	131.34
367.0	1.469115127248125	33.907
367.5	1.8790994776029324	80.569
368.0	1.4237305003121141	20.195
368.5	1.5595711897889177	47.736
369.0	1.889778469128574	78.964
369.5	2.045966749794493	50.503
370.0	1.7328980756246184	120.948
370.5	1.87014449638795	51.378
371.0	1.5966058122010829	20.236
371.5	1.6148752823151353	90.65
372.0	1.5918474908448081	50.346
372.5	2.1037742677712945	110.379
373.0	1.1595726053234106	40.572
373.5	1.982386832407458	20.155
374.0	1.5306391370264318	28.927
374.5	2.344689546148966	38.353
375.0	0.9444208050112435	63.646
375.5	1.79150386759069	20.246
376.0	1.936266648005071	80.583
376.5	2.285745061782292	80.539
377.0	1.4588425945752452	20.134
377.5	2.038091846180378	90.695
378.0	2.0878952948707403	90.565
378.5	2.9114254386624276	81.829
379.0	0.9249936952648375	68.736
379.5	1.9075207551996185	70.322
380.0	1.5538330931940567	70.396
380.5	2.089315931777609	90.366
381.0	0.8678857762327302	130.721
381.5	2.0813932152899786	22.775
382.0	1.4464418652416589	20.013
382.5	1.8865225309210754	36.255
383.0	0.9101556758326834	70.542
383.5	2.242914060607557	60.428
384.0	2.635669862245776	21.092
384.5	1.8509667601829378	80.601
385.0	1.553291447277222	40.402
385.5	2.0492938650548305	17.04
386.0	2.34685919522854	20.173
386.5	2.130865910887274	70.595
387.0	1.9200064421238854	101.286
387.5	1.5475115396537942	84.705
388.0	1.9441069316849546	40.151
388.5	1.5246296362373386	192.34
389.0	0.5838967708827946	464.578
389.5	2.753739560285792	118.511
390.0	2.3810861931927616	60.469
390.5	2.1949809355780188	70.469
391.0	2.1690305068390354	110.862
391.5	2.563626656308747	26.26
392.0	0.687564526010771	39.455
392.5	1.676094209226852	130.729
393.0	2.4313633920893865	123.112
393.5	2.585317947978945	117.338
394.0	1.3507529360887118	58.357
394.5	2.278025168227204	90.551
395.0	2.410665833455961	80.564
395.5	2.214612825956419	43.584
396.0	1.9150972221058487	110.704
396.5	1.890619440903134	87.294
397.0	1.5533407296117387	72.625
397.5	2.384803791106744	60.565
398.0	2.3831588235885013	21.192
398.5	1.925933493717465	60.462
399.0	1.7955897139579762	30.199
399.5	1.5296062416284937	17.395
400.0	1.8457026145203972	50.435
400.5	1.8481651392874292	42.282
401.0	1.735973292397786	80.658
401.5	1.4490667518269895	14.955
402.0	2.2748123211645694	81.754
402.5	2.10125354586453	30.207
403.0	2.4293716935581715	90.425
403.5	1.7317494953684787	29.989
404.0	2.226717783324636	65.973
404.5	2.1978115394158064	50.057
405.0	1.427165284254577	130.83
405.5	1.8183339375318008	48.288
406.0	1.6119192893953427	69.923
406.5	2.3102956106994785	90.535
407.0	2.697169591340234	54.448
407.5	1.2316031099293248	90.65
408.0	1.95924943238943	20.233
408.5	1.6734779418183368	131.108
409.0	1.79375792429356	110.409
409.5	1.4902265970119306	22.885
410.0	2.2783043022866516	20.209
410.5	2.3027137332593157	20.174
411.0	2.3002714608595367	50.393
411.5	1.6265576963779689	18.176
412.0	1.7551631738421238	130.963
412.5	1.8514115298505027	90.399
413.0	2.058090023455786	110.372
413.5	2.072860323857624	80.412
414.0	1.9135805309437421	38.109
414.5	2.252751714254318	120.871
415.0	1.4435224362675092	50.423
415.5	2.2894395160052707	97.868
416.0	2.2168530851451407	50.042
416.5	2.2503933465206516	97.775
417.0	1.4997066891133999	58.026
417.5	2.148376651414855	100.657
418.0	2.1949682858106643	98.874
418.5	1.5739745121496609	15.536
419.0	2.300734664648837	19.067
419.5	1.9440704719451882	30.274
420.0	2.2556944086640525	60.419
420.5	2.2797829472780777	80.762
421.0	1.4705022391935465	15.399
421.5	1.6283942296662834	67.106
422.0	1.8872687019367405	120.163
422.5	2.8833332967363887	39.166
423.0	1.3737365169332436	63.8
423.5	1.9803747205821554	60.531
424.0	2.3170944332096983	17.956
424.5	1.723187237368884	110.782
425.0	1.3547547089797864	20.259
425.5	1.5604567775430611	80.473
426.0	1.728141900085301	78.007
426.5	2.3527371695340897	59.09
427.0	1.5680113728887655	114.807
427.5	2.455281595810949	47.078
428.0	1.727038186718813	100.604
428.5	1.3821072782516248	80.581
429.0	1.9753596994143607	134.492
429.5	1.655671943227496	50.413
430.0	1.7115435145963536	70.49
430.5	1.971517753846271	113.185
431.0	1.8470065460726004	100.576
431.5	1.5738330929226854	111.706
432.0	1.5698423857257466	100.583
432.5	2.0104237507289637	82.208
433.0	1.3854232256237438	404.555
433.5	0.3309993042799612	1020.113
434.0	1.7647005160264284	20.222
434.5	1.4508794803389204	90.805
435.0	1.736836110218623	56.388
435.5	1.9739872136838041	90.675
436.0	1.5093155532119178	30.201
436.5	1.937965849833833	25.145
437.0	1.550512826782603	18.982
437.5	2.2438052138137516	18.602
438.0	1.5848280397328807	80.506
438.5	2.294396387079461	48.857
439.0	1.6534727182717517	100.683
439.5	1.7880091470072543	16.599
440.0	1.8311351408324943	77.738
440.5	1.734242646402424	20.221
441.0	2.215432654411266	18.391
441.5	1.9096253965153085	42.547
442.0	2.130733850791357	37.578
442.5	1.9139141142250182	121.444
443.0	1.9437081782075696	20.707
443.5	1.8066144034418523	100.7
444.0	1.248437289400157	444.268
444.5	0.9110454793394992	1080.067
445.0	1.5392214432070874	654.528
445.5	3.2485105628858717	121.713
446.0	0.28321263887304515	797.263
446.5	2.962609465903463	60.422
447.0	1.99132831639891	50.322
447.5	2.7951114096594103	37.485
448.0	1.2191719959033873	111.442
448.5	2.4078377889262517	47.823
449.0	1.7878612634614657	100.495
449.5	2.5678465540269637	26.646
450.0	1.0294655564787993	100.327
450.5	1.9078196841427233	454.631
451.0	3.277117552511714	35.803
451.5	2.619978164628376	30.187
452.0	1.3310228723636834	65.396
452.5	1.668659514938227	100.732
453.0	1.8302057547769974	100.58
453.5	1.3432986015628796	374.097
454.0	0.6616115501851221	434.907
454.5	0.9125019585827693	397.148
455.0	3.687793016552347	19.108
455.5	1.551308961139546	15.57
456.0	1.856482944501666	100.819
456.5	1.6543583161458464	40.303
457.0	2.2814753064487525	60.426
457.5	1.3648957802411414	464.893
458.0	0.14461978200040107	464.893
458.5	3.135838995238209	20.861
459.0	1.1461032790278385	80.635
459.5	1.557982714282866	69.79
460.0	1.7410422015114355	59.137
460.5	2.208922355045722	18.191
461.0	1.626917791769693	30.278
461.5	2.0444186940775775	103.626
462.0	2.0229135450700317	68.567
462.5	1.780440011202866	80.566
463.0	1.923095743380799	203.889
463.5	0.6822740867501323	465.137
464.0	0.922230618702527	27.744
464.5	0.8380900347001491	454.732
465.0	4.1286310668363555	26.667
465.5	2.5856912871198836	202.259
466.0	1.8629461768489943	168.368
466.5	3.741154896605125	100.715
467.0	2.0496009699548714	86.576
467.5	1.5630099426562554	20.249
468.0	2.292615568370536	111.064
468.5	1.296710463571615	453.901
469.0	0.15720935666104374	453.901
469.5	0.8037647443184391	457.023
470.0	0.6873308328210136	755.45
470.5	6.244385286856247	33.192
471.0	2.365198648667289	90.576
471.5	2.130162950802732	70.177
472.0	1.7617884037998794	19.192
472.5	1.5575589786697202	120.934
473.0	1.4832702756349916	242.691
473.5	1.5820415006907598	138.696
474.0	2.162458554919424	140.621
474.5	1.5176475783261665	403.954
475.0	1.3234934984159001	405.585
475.5	3.493056676273685	39.335
476.0	1.5698786634789308	100.232
476.5	2.0702117926481236	30.122
477.0	1.9037896134493948	100.646
477.5	1.2538290451936889	130.874
478.0	2.209509794295864	71.368
478.5	1.6600422878395444	56.777
479.0	1.788833025183116	88.166
479.5	1.7305067145130213	59.976
480.0	2.067835442408531	20.141
480.5	1.5705084589789473	90.642
481.0	2.0643013207629552	70.767
481.5	1.8314635993030572	100.721
482.0	2.3722824961764917	39.963
482.5	2.2135178201465466	103.892
483.0	1.642890860070459	70.452
483.5	1.454515363724292	124.167
484.0	1.8240086547386323	58.502
484.5	1.5986867153845414	28.148
485.0	1.8855279364173387	21.35
485.5	1.8619855736645012	40.584
486.0	1.9983752780686233	38.502
486.5	1.8360835026427105	18.563
487.0	2.4921997967913887	100.71
487.5	1.9518876992889216	82.129
488.0	1.973558201825981	100.648
488.5	1.6124196093767011	21.378
489.0	1.6298537647774696	70.434
489.5	1.9120893069289915	110.889
490.0	2.1142298892585725	50.305
490.5	2.6332344981834406	20.007
491.0	1.776658636373655	18.862
491.5	2.2824477646870633	40.296
492.0	1.6108567073358184	23.405
492.5	2.1570377525530544	70.636
493.0	1.5538566182696703	16.101
493.5	1.9961507837201622	80.468
494.0	2.05525255318529	80.424
494.5	1.4301195843600236	80.798
495.0	1.86543202305068	20.334
495.5	1.7826500646527583	100.611
496.0	1.5197086527104238	80.583
496.5	2.225890615884411	20.122
497.0	1.2558399463837941	123.332
497.5	1.6526338071054758	130.928
498.0	2.236934431128463	60.343
498.5	1.3960585716284262	424.177
499.0	2.9249628009596322	90.932
499.5	2.232695802372387	20.156
500.0	1.6582062209540505	120.751
500.5	2.488255039369328	20.225
501.0	1.090098280643765	90.713
501.5	2.1592275763593185	90.624
502.0	2.178337027359197	56.176
502.5	2.4478444838455227	35.457
503.0	1.162200193039447	122.946
503.5	1.8547229737922606	106.769
504.0	1.4230905607613886	90.598
504.5	2.472356765389821	20.203
505.0	1.202952519187909	130.905
505.5	1.7981629793661842	66.943
506.0	2.0218146655062603	19.699
506.5	1.8176464911024734	60.417
507.0	1.9348126244405917	141.002
507.5	2.6816835844319953	20.416
508.0	1.6472101713931766	20.111
508.5	1.5720364607932178	50.323
509.0	1.8718123513480431	70.552
509.5	2.1527819422375196	100.661
510.0	1.7611880033277747	70.76
510.5	1.4939199998386936	50.405
511.0	1.6669019866669506	100.774
511.5	2.0237027949928437	20.131
512.0	1.4551732728410973	69.358
512.5	2.112621767465744	80.31
513.0	1.921764632078142	202.608
513.5	0.3421166907822727	455.863
514.0	1.93535461214423	90.548
514.5	2.600875124081542	17.195
515.0	1.9512656687734309	120.668
515.5	2.0457276556264823	60.057
516.0	1.2557687525375376	90.643
516.5	1.6971615135811473	94.872
517.0	1.9716640600409716	100.675
517.5	2.713739286645922	50.347
518.0	1.9166769575503664	99.195
518.5	1.5710797601797766	100.526
519.0	2.144640114814652	15.923
519.5	1.6708150949804927	58.878
520.0	1.5636274520420488	80.469
520.5	1.6811072636374134	89.587
521.0	2.14892661202024	100.525
521.5	2.5256909635272975	50.44
522.0	1.3525144055964056	110.951
522.5	1.4343071409652146	100.647
523.0	1.5262255202676156	70.575
523.5	2.44106635403575	110.784
524.0	1.5009479055118469	110.598
524.5	2.182637683944446	110.593
525.0	2.255516326692736	90.42
525.5	1.7101676465711997	93.936
526.0	1.6906058727295687	66.42
526.5	2.347980080080135	15.334
527.0	2.338705509574136	30.184
527.5	1.6847187680319071	39.469
528.0	1.8239879420404317	70.492
528.5	2.3351508515731605	102.933
529.0	1.999529918270979	60.487
529.5	1.1660451649762253	465.25
530.0	1.231614514157528	33.274
530.5	2.0585188329290576	25.067
531.0	3.0426812472136753	100.699
531.5	1.6990699793315356	100.683
532.0	2.095943930958231	91.11
532.5	1.6554143019525698	80.403
533.0	1.5726020280453825	70.447
533.5	1.6300689474934367	130.988
534.0	1.7718170385470997	140.934
534.5	2.020388821190501	130.816
535.0	2.2866242575642284	131.324
535.5	2.0325347628260566	120.719
536.0	1.2960943583172204	475.079
536.5	2.0320269088695504	28.741
537.0	1.5943103128046339	74.767
537.5	1.9972271630735283	121.934
538.0	1.540161106346363	71.363
538.5	1.9339252787360188	131.126
539.0	1.6098141203374792	496.007
539.5	0.695549159339662	1018.331
540.0	2.320668083975862	40.162
540.5	2.9317595860348353	66.281
541.0	1.3581842313166288	212.849
541.5	0.8468563936216015	465.58
542.0	0.8006351771460684	152.666
542.5	2.5474294217204525	90.51
543.0	2.552492597440201	444.317
543.5	0.16033406305740042	444.317
544.0	2.089445151701317	22.181
544.5	1.775855611206509	130.792
545.0	1.6986381369325627	50.331
545.5	2.3654660997301686	90.475
546.0	2.02852251225875	50.414
546.5	1.4046979463172997	30.187
547.0	1.9732753715262956	130.929
547.5	1.7516247170526742	120.859
548.0	1.5206241094366029	425.128
548.5	0.8065659729905748	1021.791
549.0	1.5982176172623348	82.899
549.5	1.756269661343078	303.107
550.0	2.489788306750721	197.907
550.5	2.9952014292842786	181.898
551.0	2.008180240130596	212.773
551.5	2.026590252091855	23.007
552.0	1.0882157230339813	411.986
552.5	1.4531835469747645	566.59
553.0	1.5234177872230796	400.239
553.5	0.1447344706160582	12.144
554.0	2.1538363185925755	50.215
554.5	0.13581072796602017	14.124
555.0	6.547168286491611	150.516
555.5	2.1235483333029364	80.682
556.0	0.16142874694420073	15.502
556.5	7.9165276052652045	64.388
557.0	1.9733050594250345	50.427
557.5	1.6561967746189918	18.132
558.0	2.3999084266587456	70.559
558.5	1.1946176928605616	80.587
559.0	2.0380415348906182	70.44
559.5	1.9391040431275486	90.689
560.0	1.6722458354486067	76.148
560.5	1.6835135639460928	45.379
561.0	1.7063639897336187	135.988
561.5	1.7730340916693306	46.109
562.0	2.102237128154412	90.655
562.5	1.127483573293197	120.684
563.0	1.9417813829676627	14.192
563.5	2.4176394163360224	50.565
564.0	2.3500343567360242	100.621
564.5	2.127691143335862	14.235
565.0	1.542728075159804	115.212
565.5	2.3828972875739294	110.811
566.0	1.3311693288816913	127.244
566.5	2.217307588475747	130.46
567.0	1.6775729299836646	100.429
567.5	2.461000920182745	50.253
568.0	1.439216166108033	100.595
568.5	1.382610938165637	90.56
569.0	2.629861457342632	90.682
569.5	1.9934408551828757	110.871
570.0	1.4492895024890984	70.377
570.5	1.4991697769965615	110.719
571.0	1.973437787304292	96.719
571.5	2.3674445992039783	53.662
572.0	1.8474981748965094	30.271
572.5	2.508750376745262	74.653
573.0	1.645091490699273	110.52
573.5	2.435184578905287	23.966
574.0	1.8366752482871789	39.26
574.5	1.500769509925475	47.371
575.0	2.2429560202617544	60.434
575.5	1.866207510922073	50.332
576.0	1.8341652049930504	70.493
576.5	2.0109320194142724	30.234
577.0	2.188587026722261	40.211
577.5	1.7657153295902486	80.552
578.0	1.437768948230789	70.392
578.5	2.471089774973781	70.59
579.0	1.7641436690646395	110.582
579.5	1.827130899032461	94.029
580.0	1.7403088239458988	70.828
580.5	1.6368094572152576	129.294
581.0	2.1447297634434164	76.584
581.5	2.02671312350315	38.207
582.0	1.8106465332640072	40.154
582.5	1.9517402075208943	50.186
583.0	2.3005025379708535	103.152
583.5	1.8368788646478722	70.593
584.0	1.419977748892211	50.398
584.5	2.786640150652357	115.438
585.0	1.5007344710079988	16.075
585.5	1.9042001485781184	50.267
586.0	1.8282524484785385	111.015
586.5	1.5559950719054478	15.618
587.0	2.3077585984551376	70.623
587.5	1.7769083878869376	90.648
588.0	2.403583117140207	50.408
588.5	1.5258223155239505	80.467
589.0	2.230001972165829	91.573
589.5	1.3170165923395496	81.05
590.0	1.7731083791451512	90.417
590.5	1.9568201197637514	85.146
591.0	1.7486402443419904	120.575
591.5	1.3172723990305133	34.917
592.0	1.5887027180616233	45.457
592.5	1.7886123302861654	80.537
593.0	1.85867953119696	30.42
593.5	1.5703805048880375	90.686
594.0	1.9089916213820852	80.459
594.5	1.7488028555863497	40.219
595.0	2.403903564715416	120.972
595.5	2.01884137810379	79.225
596.0	1.8693330515092064	90.762
596.5	2.233632870484072	30.225
597.0	2.033614882423802	140.838
597.5	1.5413493117937376	14.713
598.0	2.686251379847487	30.263
598.5	2.3731453978522765	151.902
599.0	1.4287246646010558	17.352
599.5	1.7496581526688457	37.158
600.0	1.9431368757831127	101.554
600.5	2.027701003801667	22.767
601.0	2.0454796080392303	105.412
601.5	1.3359944969013093	80.565
602.0	2.017545063818656	91.974
602.5	1.5096949733576261	90.362
603.0	1.6457956558684332	64.425
603.5	1.500985847578318	121.187
604.0	1.5851200762206341	78.339
604.5	1.913727719285179	60.332
605.0	1.4294599105480617	110.799
605.5	1.3048312985219392	50.453
606.0	2.0807560253268065	100.519
606.5	2.0198290610702356	140.871
607.0	2.1060041296103424	15.661
607.5	1.894812278057925	106.076
608.0	1.7333178406197338	80.784
608.5	2.179875889080879	75.908
609.0	1.5319364188844478	61.315
609.5	1.9792179273794708	60.839
610.0	1.5495345199873312	90.673
610.5	2.2472302841058127	78.584
611.0	1.8227253392069969	68.807
611.5	1.6017934204485904	133.686
612.0	2.125518542588409	40.724
612.5	2.2650737678544353	60.591
613.0	1.4630366136608937	40.178
613.5	1.60108606521448	120.721
614.0	1.598158390025658	90.586
614.5	1.8600346510215215	130.798
615.0	1.6075412033701018	90.582
615.5	2.014300004999393	30.18
616.0	1.6805780417585985	100.645
616.5	1.8445198145474146	30.084
617.0	1.3795461897088483	40.296
617.5	1.890085018999139	70.481
618.0	1.9783414575633433	30.297
618.5	2.12638206275128	60.581
619.0	1.9976173016370327	60.378
619.5	1.6646967159026602	80.361
620.0	2.2853158189039418	90.477
620.5	2.314168527619529	18.368
621.0	1.2962301066799726	43.483
621.5	1.8897481799836924	60.507
622.0	2.157727128145044	66.001
622.5	1.706849659898278	74.387
623.0	1.5866531337854488	120.736
623.5	1.9176341225406028	110.683
624.0	1.7663060140525924	97.181
624.5	2.0191183750318795	50.401
625.0	1.67968153204304	60.551
625.5	1.7641141766201909	45.097
626.0	1.5913973049999919	43.034
626.5	1.7366417642639325	110.806
627.0	1.9249618106532538	70.53
627.5	2.293584246112828	40.28
628.0	2.0729907641404193	60.5
628.5	1.916367936685316	70.617
629.0	2.325985051170072	40.291
629.5	1.9489314871222942	30.344
630.0	1.8324311342696475	40.137
630.5	2.1565647208807257	40.311
631.0	2.063940108740062	15.854
631.5	2.097114772240092	60.452
632.0	1.9980432585904906	50.467
632.5	2.353124087039457	60.276
633.0	1.5715569279174761	53.022
633.5	2.241124157262302	60.437
634.0	1.84373502424927	30.277
634.5	1.8833056609928658	75.039
635.0	1.9758003523422816	95.782
635.5	1.674120547364723	70.4
636.0	1.5337425581115116	70.6
636.5	1.7266702341035631	60.472
637.0	2.0005818429919318	106.857
637.5	1.7819756918857204	70.533
638.0	1.9512282710608608	90.622
638.5	1.6039982561028467	30.027
639.0	1.4441763456823855	62.263
639.5	2.275387728307315	99.875
640.0	1.5612844601074545	30.226
640.5	2.228126142271745	30.284
641.0	2.219620956446777	44.874
641.5	1.5038166540439692	67.283
642.0	2.1892733114347123	20.279
642.5	1.0261915274246873	40.107
643.0	1.6658469532854248	88.355
643.5	1.9724833710568686	84.266
644.0	2.7376040396030805	53.366
644.5	1.2211363206462944	70.595
645.0	2.086325876786221	90.57
645.5	1.6910288054147011	70.193
646.0	2.4386992665432383	80.63
646.5	1.530557491672334	110.779
647.0	2.1810837069932454	102.766
647.5	1.5602997289501683	80.253
648.0	2.4310225760250734	86.656
648.5	1.3749831532219652	90.72
649.0	2.1372502807731095	47.853
649.5	1.9779419206110251	80.909
650.0	1.8347364387892835	70.621
650.5	1.3530796036341466	30.074
651.0	1.6968755688291044	24.194
651.5	1.5120977012155112	13.852
652.0	2.3304720966457975	20.257
652.5	1.8843154972252922	30.301
653.0	2.2812641683869734	70.348
653.5	1.8779963715081913	66.094
654.0	1.8031736290121918	30.184
654.5	2.0328303178134215	70.393
655.0	2.1753395545617824	90.577
655.5	2.0785943598942707	110.738
656.0	1.8344881307741017	70.401
656.5	2.2090740327264045	97.397
657.0	1.7990042432023805	14.472
657.5	2.2371515208401997	100.53
658.0	1.8735296761156406	20.214
658.5	1.976918191468988	70.504
659.0	1.6144994010689502	64.209
659.5	1.5552796033972778	130.94
660.0	1.6580887017943844	15.428
660.5	1.7083949070187963	80.355
661.0	1.8644589484245033	51.03
661.5	2.053662261549786	90.596
662.0	1.9893730065949768	60.304
662.5	1.9787999440483623	70.655
663.0	1.7083359732264531	90.427
663.5	2.4523763843920943	77.114
664.0	1.345497441643645	90.605
664.5	2.043955292792476	20.226
665.0	1.6412252611609903	52.147
665.5	1.5661524924615005	30.22
666.0	1.7044358332997693	91.623
666.5	1.6929122466182722	49.871
667.0	1.6857797625831485	49.706
667.5	1.7524986057825456	18.699
668.0	1.5479503059531354	130.768
668.5	1.7453923594223868	80.539
669.0	2.609764219687536	106.854
669.5	1.4187199526973011	110.816
670.0	1.6685728129216806	36.706
670.5	2.053565297598745	70.627
671.0	1.6862869047568962	19.942
671.5	1.0893649130634462	90.741
672.0	1.9615254709049472	120.82
672.5	1.7860859809960077	70.405
673.0	2.3529736041383553	20.25
673.5	1.4791200020949662	90.65
674.0	1.6195799860141462	121.193
674.5	2.0128231338051887	73.803
675.0	1.1983077044382382	60.548
675.5	1.7060595317018672	100.772
676.0	2.2426325918762617	205.231
676.5	1.3872130087286714	70.394
677.0	1.71062910864961	45.31
677.5	1.4119672714614433	30.185
678.0	1.9139923672820367	58.578
678.5	1.8590216111724802	46.116
679.0	2.5059990756092367	45.118
679.5	1.267514050051636	20.3
680.0	1.944621285590003	30.25
680.5	1.3411274006227532	30.235
681.0	1.3381300932329703	30.285
681.5	1.4230674918850936	160.965
682.0	1.620618175930151	110.7
682.5	1.5127577937480299	70.75
683.0	1.4951541917620987	140.973
683.5	1.6757873032851427	30.233
684.0	2.2630741471198346	30.262
684.5	1.627351503190241	30.231
685.0	1.7413037194467158	40.344
685.5	1.5316058421281649	126.775
686.0	2.178895719849857	90.606
686.5	1.4603307331782225	53.617
687.0	1.442496939426595	99.03
687.5	1.9879752095877485	19.993
688.0	1.4219084422250006	139.303
688.5	1.483950618691643	70.307
689.0	1.9302384320507744	20.117
689.5	1.4366444233273474	130.734
690.0	1.6325187738399478	20.245
690.5	2.1537951068103576	60.268
691.0	1.7227399054476498	90.722
691.5	1.8474580420234505	90.524
692.0	2.36566479882704	74.668
692.5	1.7820693132707446	120.73
693.0	1.7347847068877715	30.187
693.5	2.053585690519267	13.583
694.0	1.5910485959567395	14.905
694.5	1.9114060913818005	14.292
695.0	1.6817337790906797	131.045
695.5	1.8313220252711628	13.221
696.0	1.904169794331377	14.923
696.5	1.2970242528641391	30.277
697.0	1.8302972559958688	30.214
697.5	2.28019262390396	60.364
698.0	2.0596333135531997	50.445
698.5	1.6122012254613705	80.636
699.0	1.3828422176193942	100.962
699.5	1.4225431824844008	40.632
700.0	1.8314605318145534	60.407
700.5	1.1643504089100114	131.051
701.0	2.255294431701999	21.326
701.5	1.6777030938970416	60.51
702.0	1.9906580092467907	45.143
702.5	2.278347107546012	109.749
703.0	1.3309509566911404	30.22
703.5	1.4795074140892963	19.594
704.0	1.9536458343700696	80.827
704.5	0.8475774632123351	21.63
705.0	1.7342073091083043	30.282
705.5	1.2436433565644633	130.797
706.0	1.324596176842251	30.1
706.5	1.9576566325265041	139.396
707.0	1.630580428279584	99.556
707.5	2.1108754941693393	35.058
708.0	2.042241649498714	70.375
708.5	2.0358462077034485	110.994
709.0	1.513796177567593	30.207
709.5	2.058151033759898	17.734
710.0	1.6660396055376336	70.382
710.5	1.6312067210889791	80.603
711.0	1.8984670183747216	50.424
711.5	2.253008909386654	70.449
712.0	1.8764348779278375	70.091
712.5	1.3447801395821943	13.65
713.0	2.2735035159137076	70.555
713.5	2.239000877293204	80.631
714.0	1.6712264421408713	80.339
714.5	2.2205673122848033	80.645
715.0	1.7772117436451793	110.084
715.5	1.9266751958138635	14.147
716.0	1.99318879021417	20.221
716.5	1.2653433658125781	82.01
717.0	2.193069706311996	64.844
717.5	1.742736698258564	80.756
718.0	1.922563724128613	90.613
718.5	2.0315970272227033	40.106
719.0	2.3006313348708396	58.329
719.5	1.5413465861124973	110.598
720.0	2.0540600301748038	76.697
720.5	1.4965580464894042	60.301
721.0	1.7724624032892133	110.656
721.5	2.416528324667776	50.559
722.0	2.273002741272656	30.236
722.5	1.438245224823484	90.595
723.0	2.2162375901259446	50.286
723.5	2.2710205712244504	89.796
724.0	1.9352778215241364	70.126
724.5	1.6241586436623034	60.25
725.0	1.8203374711222255	59.221
725.5	2.5385832495383704	86.34
726.0	2.595891215101472	76.389
726.5	1.4893298806746293	73.416
727.0	2.304234866399319	35.674
727.5	1.7598832649815122	90.697
728.0	2.0917842451828754	129.322
728.5	1.7209453023697083	80.696
729.0	1.9551356195747567	30.261
729.5	1.7602072393473458	50.297
730.0	1.3763127278788765	51.813
730.5	2.0127058982546466	20.152
731.0	1.9677811771042661	30.131
731.5	1.8550570072478336	14.558
732.0	1.952848580092957	60.293
732.5	1.7373017211703494	130.811
733.0	1.5691156389290473	130.802
733.5	1.9016428249633595	50.485
734.0	1.3895725520629567	31.16
734.5	2.0072261125696658	80.733
735.0	2.0646647378462424	70.568
735.5	1.824843773057338	30.21
736.0	1.3912296278421843	101.114
736.5	2.3819081623243803	56.085
737.0	1.854213048309658	90.448
737.5	1.9468736324293352	44.175
738.0	1.2167791669285322	73.974
738.5	2.302993049794931	90.401
739.0	2.153211209571393	40.178
739.5	1.9003067535877236	110.847
740.0	1.3273102951792057	60.833
740.5	2.449497532684253	60.445
741.0	1.5138816989918118	80.618
741.5	1.7762907213404031	69.379
742.0	1.5993403755725073	64.426
742.5	2.583394331753979	21.812
743.0	2.03422424302957	60.475
743.5	1.716961607744871	55.272
744.0	1.3335310970119794	40.803
744.5	1.8209262764638137	70.423
745.0	2.236182619673048	30.075
745.5	2.3186889160795565	30.218
746.0	1.4075300558266826	60.298
746.5	2.0866282929229274	80.618
747.0	2.1707112343645467	90.399
747.5	2.536949191563077	48.303
748.0	0.9144692461191865	90.39
748.5	1.6569888852385408	75.778
749.0	2.440333395517666	60.42
749.5	1.674355860377944	98.079
750.0	1.31153113488629	138.115
750.5	2.0369532211624164	130.844
751.0	1.8972506202558768	80.656
751.5	1.7651483491195643	90.27
752.0	1.4870089658043362	80.918
752.5	2.072418314064552	70.571
753.0	1.4119866051933463	30.196
753.5	2.001502147033573	130.907
754.0	2.0255841176504967	70.547
754.5	1.585592814706846	111.057
755.0	2.1323326225483648	106.259
755.5	1.7954874542334678	17.525
756.0	1.0102919869932658	85.301
756.5	2.128820098206224	48.023
757.0	2.1104875564761856	80.431
757.5	2.3418458702817264	70.704
758.0	1.1063587726378594	70.521
758.5	1.557804336877435	148.872
759.0	2.3001719226330986	212.47
759.5	2.155971764453129	16.967
760.0	1.4851943873939244	39.028
760.5	2.1187062141369983	30.325
761.0	1.7462833934022282	17.065
761.5	1.8712541873505588	20.209
762.0	1.1434192195095731	33.162
762.5	1.96966983241376	130.797
763.0	1.904759162275776	30.225
763.5	2.077026679730735	100.648
764.0	2.7175837182151446	70.666
764.5	1.6271682656148554	90.823
765.0	2.4629877764753854	14.235
765.5	1.5345254955236904	70.386
766.0	2.481474612103823	30.174
766.5	1.6949130288974266	44.688
767.0	1.5692433492760633	130.967
767.5	1.6649023839156925	30.215
768.0	2.3436686742218384	90.527
768.5	1.7594630390129837	53.799
769.0	1.9953142173852902	53.898
769.5	1.3027444701024204	90.427
770.0	1.5857946815756976	80.683
770.5	2.2334688453311755	80.453
771.0	2.1911571443008393	67.224
771.5	1.1820245366086501	14.338
772.0	2.836629013386684	60.382
772.5	2.140666422032336	70.373
773.0	1.4938528454457607	110.793
773.5	1.6503836189304038	70.434
774.0	1.7390888571306535	80.543
774.5	2.0833170286667078	76.234
775.0	1.5391919343132228	110.758
775.5	1.8828867819729125	100.631
776.0	2.233215268458414	50.418
776.5	1.9531806652621468	140.973
777.0	1.951607487898301	80.544
777.5	2.471222134720871	60.269
778.0	1.8615096855429147	30.235
778.5	2.211780133733269	97.788
779.0	1.610628154165355	100.647
779.5	1.604697380873147	30.324
780.0	2.008641425227512	30.175
780.5	2.10875640990344	98.56
781.0	1.9712913858828036	80.6
781.5	2.1461569063351518	110.803
782.0	1.966792011364068	60.369
782.5	2.1019994475274983	85.988
783.0	1.5538240724690955	80.581
783.5	1.9638676471591463	65.685
784.0	2.1724373459298403	51.042
784.5	2.1378545697748605	60.523
785.0	1.5131090809220606	90.467
785.5	1.7810659605224954	13.524
786.0	1.594476964141837	19.775
786.5	2.1230022870152783	46.361
787.0	1.393628280169366	14.17
787.5	1.9675798541973701	110.605
788.0	1.8067734532010988	30.319
788.5	2.5560269903101265	24.154
789.0	1.3297925295933455	15.22
789.5	1.8696656413041248	50.25
790.0	1.9735998200526343	74.76
790.5	1.7896540491772022	110.837
791.0	1.913032058668707	70.328
791.5	1.8187021913848305	110.759
792.0	2.3807654396968263	20.268
792.5	2.0123543840456253	70.342
793.0	1.5816453462016575	90.554
793.5	1.9895808171588532	66.963
794.0	2.3079842758356355	110.777
794.5	1.893808989063411	44.268
795.0	1.8822420635121855	80.523
795.5	2.39096588448028	46.107
796.0	1.6966085645230482	47.716
796.5	1.4493601851440845	110.723
797.0	2.0765512665340435	30.201
797.5	1.708272380142686	110.567
798.0	2.304591262031082	30.447
798.5	1.354425838803895	119.03
799.0	2.039123824894914	50.157
799.5	1.6940421028121802	60.51
800.0	1.7086073265894501	44.652
800.5	1.977542503052146	66.481
801.0	1.895183162893907	62.783
801.5	1.553519093990739	95.582
802.0	1.8326653022091377	90.636
802.5	1.6624646523883502	30.253
803.0	2.4044914932557524	20.188
803.5	1.6611075463290237	90.511
804.0	2.548232045919656	30.289
804.5	1.7286815368321935	80.533
805.0	1.8460807356645552	50.754
805.5	1.9421237448781978	50.347
806.0	2.155860198941459	13.728
806.5	1.4837971907054155	40.249
807.0	1.7981155829861095	14.48
807.5	1.9139350198274694	30.201
808.0	2.2622752470110097	59.401
808.5	1.1925974408393583	30.176
809.0	1.7704160471311037	60.533
809.5	2.0935055784616985	16.834
810.0	1.997221068097096	50.476
810.5	1.847922564015684	81.607
811.0	2.0987364208266777	17.753
811.5	2.229338475926274	17.293
812.0	2.005454176645783	50.276
812.5	1.4305664303937016	50.496
813.0	2.188523282974467	60.272
813.5	1.4665626833337548	80.631
814.0	1.7827251877103067	100.72
814.5	2.559445217600347	30.06
815.0	2.0643317055099693	131.082
815.5	1.7772702168324457	140.887
816.0	2.2573538107614017	70.557
816.5	1.9015128107222061	80.573
817.0	1.8854353891243818	110.805
817.5	2.2228413179578785	167.554
818.0	1.4795165558626093	40.331
818.5	1.9141094155067102	80.413
819.0	2.0673980387129376	15.919
819.5	2.0705847631505785	25.313
820.0	1.5171484557238628	90.482
820.5	2.0524136623349016	20.036
821.0	1.924825671706694	20.186
821.5	2.2692682112736624	120.5
822.0	1.7047270597040165	13.656
822.5	1.6926371616507105	35.528
823.0	1.9967210800984556	80.472
823.5	1.9076401844168467	60.538
824.0	1.612786925276783	88.302
824.5	1.4883179706364582	100.469
825.0	1.5224060609876482	147.128
825.5	1.7203842602460413	20.291
826.0	1.4696056027879119	96.23
826.5	1.6349821534709343	50.231
827.0	1.6214733843976759	23.083
827.5	1.99050182895434	120.398
828.0	1.2717266198206796	28.123
828.5	1.4021678046263806	110.754
829.0	2.375948280538284	60.471
829.5	1.5678940210446162	90.686
830.0	1.5148729822646663	90.621
830.5	2.13135426312683	151.292
831.0	1.113697093057275	120.936
831.5	1.7620647227769932	20.121
832.0	1.4638106877596437	95.217
832.5	1.9771743924266778	101.415
833.0	2.2185141487851867	33.477
833.5	1.3096214190208164	18.485
834.0	1.6091532745790116	40.173
834.5	1.7967681345992514	100.662
835.0	2.1495650425304413	60.375
835.5	1.8710491499866992	20.191
836.0	1.8344261660536685	15.839
836.5	2.451489870595763	90.811
837.0	2.282789606921701	42.15
837.5	1.4697729336027583	46.628
838.0	2.2997615412016534	80.457
838.5	1.9730939296363639	14.285
839.0	1.3111367524971136	70.465
839.5	2.0196957130924496	14.94
840.0	1.9876231005244827	40.257
840.5	1.729589917265288	45.979
841.0	1.7809142824642517	106.077
841.5	1.6310482462864306	40.313
842.0	1.9038859949821512	50.714
842.5	1.9327802894848076	16.079
843.0	2.5400274655732105	15.231
843.5	1.0588236319252462	80.7
844.0	3.4431305284773233	148.937
844.5	1.829771327840164	80.615
845.0	2.364388422502185	57.998
845.5	1.2247847370034353	115.423
846.0	1.9394362376765908	16.208
846.5	1.6618338906939105	90.464
847.0	2.215096375297384	50.224
847.5	1.8490066427791612	70.33
848.0	2.3554852941332225	90.435
848.5	1.9554884972667204	64.968
849.0	1.341763285638715	40.356
849.5	1.2279129948596623	13.969
850.0	1.9877078791270577	60.375
850.5	1.8124883651794512	40.229
851.0	1.7518753699279217	120.839
851.5	1.7785974039299315	70.417
852.0	1.9088404875980138	92.647
852.5	1.7385518295781992	70.419
853.0	1.7546178471298841	60.394
853.5	1.0746884799655025	50.406
854.0	1.9460395641753354	60.371
854.5	2.092036346050247	110.749
855.0	1.8843610863847295	106.34
855.5	1.8183449643704341	80.623
856.0	1.6806577987152969	136.631
856.5	2.3354982155784096	46.524
857.0	1.3408176576300177	70.471
857.5	2.0083520580252436	30.125
858.0	1.8731413567360282	18.124
858.5	1.8034961831904337	31.76
859.0	1.926023553942135	32.376
859.5	2.1073526796215174	95.03
860.0	2.1529206417187052	30.239
860.5	2.7939375522225918	50.258
861.0	1.4455436530045975	47.582
861.5	2.089245674309026	30.192
862.0	2.4987731976384473	29.009
862.5	2.201848112229677	14.086
863.0	1.5885337865186784	90.583
863.5	2.180254966597056	44.21
864.0	2.201986645505502	54.994
864.5	1.9938511070772753	40.303
865.0	1.6853844662234645	40.208
865.5	2.060907145077963	69.293
866.0	1.4976923627876086	80.415
866.5	1.7768924452714379	120.855
867.0	1.2918894603743822	14.478
867.5	1.8509560053463525	20.199
868.0	1.4497607856325962	45.461
868.5	1.69084820396412	35.717
869.0	1.83813605270404	78.322
869.5	1.8704373634979083	50.364
870.0	2.2020008055958327	50.343
870.5	2.1851194736283017	44.159
871.0	1.780535079955041	99.512
871.5	1.6580921443918384	53.257
872.0	2.1702671153755855	50.407
872.5	2.4558361917235527	30.21
873.0	1.8584659744824088	15.381
873.5	1.8489467176861822	21.16
874.0	2.1622489733948957	110.813
874.5	1.9738161060814123	60.437
875.0	1.2548896557073288	80.604
875.5	1.967159138585583	110.961
876.0	1.9416841809016527	107.028
876.5	1.741901635773793	70.443
877.0	1.4683195988462237	70.298
877.5	1.5895739431749496	44.376
878.0	1.6077609952350866	86.304
878.5	1.6627539526102528	78.07
879.0	1.4573432642337931	30.234
879.5	2.7342370745280085	116.597
880.0	1.4297137900519428	70.513
880.5	2.016884193772509	14.617
881.0	2.010741257928473	20.094
881.5	1.4944356771804053	120.864
882.0	1.7013294329506958	44.753
882.5	2.0499983927763368	135.903
883.0	1.2976411576911844	100.732
883.5	1.4265136584309284	30.217
884.0	2.059969245403755	44.706
884.5	1.673851555602626	100.801
885.0	1.6468111654914743	50.423
885.5	2.7084947797235617	90.846
886.0	1.7599846654283076	60.416
886.5	1.7985472690054485	60.405
887.0	0.1389238870264042	25.472
887.5	3.2395610052854686	100.665
888.0	2.094304138376688	50.805
888.5	2.1730420668379025	50.249
889.0	1.2539689603420194	60.405
889.5	1.948035004761996	35.499
890.0	2.1773404570924906	83.316
890.5	2.3014547123182654	90.586
891.0	1.4846299377725316	49.185
891.5	1.6147533608434956	45.618
892.0	2.4040022854099314	50.452
892.5	1.4622180075271376	94.053
893.0	1.7211433896762112	20.387
893.5	1.377113948148619	110.849
894.0	1.7384791942231073	90.582
894.5	2.087536289175519	30.508
895.0	1.2372024044843792	70.383
895.5	2.0779331471803335	60.529
896.0	1.7304067461396642	110.743
896.5	1.9927312620310433	12.144
897.0	2.114109700904799	20.195
897.5	1.3870724431974313	110.728
898.0	1.941013142712517	69.679
898.5	1.9903624832017228	120.628
899.0	1.5923163199068424	80.464
899.5	2.1322200584195317	110.725
900.0	2.292067615204789	20.281
900.5	1.4432770732907487	42.948
901.0	1.6640334105651828	42.39
901.5	2.3901383354794037	50.146
902.0	2.1835421111071485	50.476
902.5	2.173745779513263	22.174
903.0	1.6442557373893536	50.489
903.5	2.193851166108488	60.529
904.0	1.6961174969365524	45.069
904.5	1.686179280085809	90.511
905.0	2.259430055768648	13.63
905.5	1.4620737188389636	111.018
906.0	1.831057359076479	120.75
906.5	2.450546508438699	147.422
907.0	1.8270530681810577	80.673
907.5	1.7694522603310812	80.508
908.0	1.7710577282596243	20.163
908.5	1.6064887518876112	53.809
909.0	1.52575044974184	50.323
909.5	1.5499110880819693	140.839
910.0	1.7803055408231767	90.542
910.5	2.0785974800953517	13.952
911.0	1.32912062302702	120.868
911.5	2.4241448426031824	80.504
912.0	1.8900127439303724	151.422
912.5	1.8876933939493188	90.653
913.0	1.7226836940798445	114.303
913.5	1.918098005457906	133.73
914.0	2.474199882531319	19.589
914.5	1.7962322018565335	60.523
915.0	1.740202737265226	70.485
915.5	2.1166229787173325	80.422
916.0	2.0332854255140127	13.687
916.5	2.1617010678708084	32.693
917.0	2.098157409266895	47.886
917.5	2.1036576616662694	60.335
918.0	2.1127612969172302	60.277
918.5	1.779749814809194	90.451
919.0	1.7859762704889337	191.869
919.5	2.336086308880208	60.953
920.0	1.5444652335162512	45.793
920.5	2.333484216296614	20.112
921.0	1.4126075674574377	161.524
921.5	2.1567597928653948	30.172
922.0	2.0067163073339436	60.325
922.5	1.6462583173036007	80.571
923.0	1.9900477827255956	30.213
923.5	2.437095246755377	21.646
924.0	1.350213850327693	12.781
924.5	1.4488301486491795	20.168
925.0	1.7729301952889056	42.877
925.5	2.1393372903213335	71.205
926.0	2.005417590549837	60.263
926.5	1.3714014606699132	201.82
927.0	1.687777796304431	15.359
927.5	2.023148705820757	20.186
928.0	1.8004770765307019	64.638
928.5	2.163363251404093	90.679
929.0	1.9252803942764214	80.413
929.5	0.14290098235514168	18.188
930.0	2.65250972532338	50.243
930.5	1.6350657774185202	100.819
931.0	1.3072258285863771	100.588
931.5	1.6288162734838798	131.204
932.0	1.9567433233531337	90.808
932.5	2.130654151811952	65.322
933.0	2.3825470306330594	91.029
933.5	1.7830887544016027	90.532
934.0	1.4693204590312299	11.958
934.5	1.5626065133127192	11.987
935.0	1.7055418522911545	100.658
935.5	1.356343440712142	14.169
936.0	1.5128041465136635	90.478
936.5	2.15027465001541	12.282
937.0	1.71450931064279	20.17
937.5	1.466170613361647	100.839
938.0	1.8963447929061998	50.48
938.5	2.044331231152708	60.202
939.0	1.3582146423410109	141.031
939.5	0.9339525690453295	140.291
940.0	2.5805017231003626	20.083
940.5	1.2956668481128608	40.375
941.0	2.1213049596274183	90.763
941.5	1.8298443918574319	40.378
942.0	1.5890738353548026	70.578
942.5	1.6431650743715256	60.44
943.0	2.016068619215912	95.825
943.5	1.7256506998071885	50.39
944.0	1.159690857963109	40.337
944.5	1.4864939955713634	121.197
945.0	1.5762528011435553	130.792
945.5	2.179203401267854	70.387
946.0	1.9477307716994645	100.486
946.5	1.7978091846870667	80.627
947.0	1.664816337525748	30.204
947.5	2.1986856749658243	20.205
948.0	1.4514598272830441	20.142
948.5	1.8651623586115882	20.025
949.0	1.9192103164695986	16.819
949.5	1.791430709852551	65.007
950.0	1.5396899326825657	32.97
950.5	1.8815093633362987	100.721
951.0	2.4205046927538523	120.687
951.5	1.571632881059392	90.668
952.0	1.6573977400976223	67.343
952.5	1.6834241357493558	40.307
953.0	1.7804461840365262	75.559
953.5	1.3822525970796231	43.758
954.0	2.063583535567669	40.213
954.5	1.2455223751777809	45.662
955.0	2.136714571939321	90.528
955.5	1.5724513370651232	45.875
956.0	1.3861390691141016	13.685
956.5	2.721897308711927	20.218
957.0	1.6835487260842117	60.449
957.5	2.023839035916131	19.997
958.0	1.245865440399621	80.519
958.5	2.164594323011471	60.304
959.0	1.6459645555756572	15.861
959.5	1.4665042057570536	70.556
960.0	1.7985888888605277	80.601
960.5	2.3437509116276574	104.671
961.0	1.986418410199	93.602
961.5	1.1165005523320204	100.774
962.0	1.9509815543913938	35.87
962.5	1.8017253598861591	120.583
963.0	1.9754901862019447	111.996
963.5	1.2955060220852825	121.009
964.0	2.1629372500796378	110.494
964.5	1.9340897737405105	70.511
965.0	1.968359011330123	14.431
965.5	1.2802544612258024	110.556
966.0	1.5506046328294296	95.501
966.5	2.0456327318562573	59.745
967.0	2.022038168346425	50.059
967.5	1.4010181872484546	40.283
968.0	1.5273759683230572	70.479
968.5	2.209115541193819	20.11
969.0	2.2696920834582417	70.297
969.5	1.4001747858843572	70.311
970.0	2.368604682601363	138.127
970.5	1.6418170843728885	60.341
971.0	2.6020013380031934	14.314
971.5	1.314241442702734	70.496
972.0	1.9682022674552846	50.406
972.5	1.7981849826301448	115.05
973.0	1.2530597619600004	32.837
973.5	1.7076689208514355	31.146
974.0	2.0569076170864986	70.38
974.5	2.177329445355762	47.245
975.0	1.7057672458421949	50.411
975.5	1.676986276145376	50.443
976.0	2.3561655868346363	80.416
976.5	2.1242658640097773	12.295
977.0	1.6694277569319385	80.581
977.5	1.6437957102457526	14.975
978.0	1.9720057475305837	74.63
978.5	1.8257276210489695	50.374
979.0	1.6440934774946228	37.218
979.5	1.3233877788437534	108.581
980.0	1.4515482151873194	50.411
980.5	1.4289132472328752	50.196
981.0	0.9645011483508035	28.628
981.5	1.1691040893562865	12.522
982.0	1.6565750993893624	42.596
982.5	1.9670730735594002	50.445
983.0	1.2650344985422848	83.7
983.5	1.9336093996940948	70.272
984.0	1.1159118752049992	37.924
984.5	1.8250312512441975	20.146
985.0	1.0994469505506965	120.809
985.5	1.4088284934793245	20.182
986.0	1.8664681010435913	60.485
986.5	2.228116168660829	66.711
987.0	1.5694081068102412	30.233
987.5	1.5605683341791179	40.405
988.0	2.3647074136927415	80.395
988.5	1.799609620773234	30.19
989.0	1.7194594313116047	110.634
989.5	1.5757272957661692	130.915
990.0	2.2853457955318124	50.149
990.5	1.6769707585656946	20.252
991.0	1.491970639166676	25.996
991.5	2.140391683662404	66.086
992.0	1.9750585953467155	80.474
992.5	2.193894123227518	13.18
993.0	1.3072911276742651	120.839
993.5	2.35164690913025	130.863
994.0	1.8480978938301822	70.367
994.5	1.5672704926440353	120.72
995.0	1.5499935183150642	117.023
995.5	2.053782605207542	40.396
996.0	1.6945227403542815	50.443
996.5	1.6157640898491366	93.417
997.0	1.7098845080958136	35.523
997.5	2.212586741118466	94.85
998.0	1.5760879904778249	42.539
998.5	1.6243029679246501	30.253
999.0	1.6301081498008794	35.511
999.5	2.0730431017047946	20.144
1000.0	1.3241081346517902	114.754
