0.5	1.4397144156843693	186.547
1.0	0.9909675253920123	414.046
1.5	0.6778273789033178	576.579
2.0	0.8111881107809709	543.484
2.5	1.5420214513695834	517.47
3.0	0.8853021899097447	497.651
3.5	1.208474453058325	410.895
4.0	1.9353182870814134	280.174
4.5	1.4917929717308123	909.681
5.0	0.5135530911354301	1061.698
5.5	1.3138523748371227	608.325
6.0	0.11017752803258757	1226.559
6.5	2.5014209024674336	446.827
7.0	1.4852350473471512	408.865
7.5	1.714130780950416	390.269
8.0	0.1283758483789851	573.555
8.5	0.660371070505515	291.958
9.0	0.6034932346660147	332.208
9.5	0.684524231850601	413.059
10.0	0.5212451059510391	513.666
10.5	0.8150946909048727	516.989
11.0	0.537261783849854	655.419
11.5	0.39390040489891665	395.231
12.0	0.4653579871157245	565.028
12.5	0.7877240556452221	534.188
13.0	0.4166257837571667	806.201
13.5	0.6944727622111804	585.607
14.0	0.5920234661148174	594.904
14.5	0.464847942744963	866.324
15.0	0.39361956844217827	45.648
15.5	0.5095690969783159	12.988
16.0	0.6426274059516542	354.089
16.5	0.3534252942555429	936.602
17.0	0.4869134989410688	434.198
17.5	0.6210863077792912	403.837
18.0	0.14135465309361311	2256.9
18.5	0.1324480471361554	2256.9
19.0	0.2780822904366882	2751.849
19.5	0.6036616011608418	2751.849
20.0	0.4356191172944443	2751.849
20.5	0.8260507729791612	1608.562
21.0	0.5842307687646082	1608.562
21.5	0.09917428728708967	1608.562
22.0	0.7588891186770993	1815.685
22.5	0.6537205408808213	1815.685
23.0	1.3841662371533903	643.887
23.5	1.5907348882154333	355.771
24.0	0.6450043778984368	181.5
24.5	0.4196533947271558	171.858
25.0	0.958692257460615	191.611
25.5	0.36728101812510644	261.827
26.0	0.5818023126152511	201.748
26.5	0.6424544333219729	242.011
27.0	0.5634899375621978	555.132
27.5	0.3256925459176321	565.069
28.0	0.46664368496224745	443.882
28.5	0.5200849502499613	534.014
29.0	0.3987559794100106	978.214
29.5	0.4520746914023159	1038.308
30.0	0.3973240901154725	834.472
30.5	0.42931315864976793	834.472
31.0	0.49266914030082426	735.969
31.5	2.3423461662635323	289.617
32.0	0.37046567907509553	150.975
32.5	0.289060574158237	130.808
33.0	0.39015040116464805	110.848
33.5	0.4772414928805824	181.255
34.0	0.7223666098655964	342.607
34.5	0.7620792942435364	161.047
35.0	0.3766050316315652	139.806
35.5	0.11686551653600813	2150.851
36.0	1.5589607036316326	1059.432
36.5	2.63615001746856	405.457
37.0	0.15508344047012895	405.457
37.5	1.1081454055142859	1270.77
38.0	0.6418626362283676	842.906
38.5	0.3866743013169196	1583.188
39.0	0.5197951771429076	1876.805
39.5	0.1490293427671745	1988.005
40.0	0.5106998515944817	2369.079
40.5	0.21458377026349118	2572.906
41.0	0.20588183718426947	2679.201
41.5	0.3350326584746852	3095.625
42.0	0.11491177510008975	3498.045
42.5	0.04182491372283926	3864.474
43.0	0.3266301071490718	2779.12
43.5	0.7192408051704239	2474.619
44.0	0.641904786489824	1109.54
44.5	0.6500703851973807	1076.678
45.0	0.4878364688711438	123.682
45.5	0.4243266296167263	66.954
46.0	0.7799114038164464	242.49
46.5	0.049353413182513045	474.012
47.0	0.4023286405765328	1538.357
47.5	0.3120552805008837	592.558
48.0	1.2366180572798335	221.751
48.5	0.3405197356142397	20.357
49.0	0.6597978239762059	24.875
49.5	0.7016090421294235	171.214
50.0	0.8231972535706231	262.112
50.5	0.46566641601297176	121.856
51.0	0.5699625846485248	20.476
51.5	0.723043080122586	27.541
52.0	0.6184177380438005	61.61
52.5	0.40556751970558663	121.004
53.0	0.4182545581425661	80.597
53.5	0.4113743498141132	34.364
54.0	0.7843501809622895	110.996
54.5	0.6578577816195487	111.125
55.0	0.3714867512090182	100.813
55.5	0.34495477299965227	161.176
56.0	0.3881573792384742	575.131
56.5	0.8977170608317889	20.844
57.0	0.8360376582120816	37.959
57.5	0.8635473960929264	100.704
58.0	0.17507744635164413	139700411212.4
58.5	1.4615620481635279	34.297
59.0	0.6155597303546612	110.747
59.5	0.42717862195196243	135.384
60.0	0.6932960972696052	120.314
60.5	0.6939651708595693	20.053
61.0	0.48805070084127006	30.376
61.5	0.6336657123983545	120.705
62.0	0.5992345223262607	129.757
62.5	0.13968487866570087	11.747
63.0	2.1908520956089697	66.8
63.5	0.1384945751461082	41.126
64.0	2.01218340808813	38.222
64.5	1.0676528808377015	48.881
65.0	1.0667832684794432	78.168
65.5	0.5182853508423072	50.409
66.0	0.8304124932035925	86.511
66.5	0.15058807444190214	56.044
67.0	4.015778723452587	165.202
67.5	6.949898873479013	57.208
68.0	0.14994400814774558	9.29
68.5	7.613577155451917	13.629
69.0	2.1616780586252067	103.365
69.5	2.828037394060067	10.667
70.0	1.9907745573269944	70.403
70.5	2.0020170976809526	60.678
71.0	1.046618767834353	70.596
71.5	0.47555422323891233	33.287
72.0	0.27451203071043484	20.31
72.5	0.9087809149107787	29.453
73.0	0.2694983023312746	138.395
73.5	0.30538727635656254	120.878
74.0	0.5513670871897539	20.385
74.5	0.15186996565583072	37.979
75.0	2.655659965589447	50.456
75.5	0.8229724630027926	130.834
76.0	0.1622811816684272	12.123
76.5	6.677549972275694	16.545
77.0	1.6071407091069776	50.674
77.5	2.3379738287875336	50.583
78.0	2.3398984883816376	100.621
78.5	0.8813851863625514	12.004
79.0	4.22615252080625	74.909
79.5	1.6214147724039316	32.017
80.0	2.229966100428112	100.492
80.5	0.6977813440530091	23.858
81.0	4.482883815048881	39.962
81.5	2.1780462101568716	130.716
82.0	1.9302129086194646	83.261
82.5	1.8906934563597788	70.7
83.0	1.4921380056394067	77.547
83.5	1.2458942931069812	15.004
84.0	0.5925275983929212	38.595
84.5	0.6422090693451938	53.905
85.0	0.5892825829934549	121.022
85.5	0.5403561105944075	13.508
86.0	0.7221442963754778	60.478
86.5	0.5532890670225534	30.333
87.0	0.3687562921855719	23.253
87.5	0.15062265302046188	81.532
88.0	2.1929257180864217	141.078
88.5	0.9654007761783525	90.843
89.0	0.939464524236767	145.339
89.5	0.8526434050463033	99.062
90.0	1.111312384040143	57.251
90.5	0.6700412119726491	57.881
91.0	1.8005964310663254	50.623
91.5	0.5747793301378794	72.345
92.0	0.44818604101781573	80.673
92.5	0.7419683620003137	70.802
93.0	0.8630714110640294	50.659
93.5	0.5717542990133327	110.792
94.0	0.4096543733185933	55.949
94.5	0.2893487210908073	32.226
95.0	0.6513915128932579	90.594
95.5	0.4027161441757925	52.696
96.0	0.37922682796962537	110.922
96.5	0.17034376245494356	12.546
97.0	4.465644649110002	50.423
97.5	1.8096523254122956	63.621
98.0	1.8654627094571579	90.433
98.5	2.029958054903552	60.351
99.0	1.6711393825441372	100.658
99.5	2.6172692139511184	81.09
100.0	1.321782577040767	50.487
100.5	2.004134363267921	80.505
101.0	2.417008426530919	117.011
101.5	1.7121381581723423	100.773
102.0	2.0965230251859994	67.147
102.5	1.8307447820904656	120.712
103.0	2.36680888725788	70.417
103.5	2.5106182211773294	20.263
104.0	1.0658734418420008	90.429
104.5	2.1363457805424906	70.565
105.0	2.0318959452457674	130.925
105.5	1.9355359160254546	70.197
106.0	1.6803763311747268	60.168
106.5	1.7808721140727952	70.34
107.0	2.2178915094399674	54.6
107.5	1.9256174745648889	50.497
108.0	1.3261000309334792	70.49
108.5	1.7568459210678615	70.259
109.0	1.853592410856918	130.925
109.5	2.6405169559889434	20.118
110.0	1.1740971269232983	110.635
110.5	1.9469279658239944	34.503
111.0	1.6819184022124383	110.681
111.5	1.7040486770270726	15.0
112.0	1.7279778375229835	70.654
112.5	2.3188322809546738	80.679
113.0	1.8790614284008171	90.642
113.5	1.939388260093458	20.213
114.0	1.9401639885938309	15.592
114.5	1.727292021830383	80.724
115.0	2.1152165097638407	80.514
115.5	1.597510785827191	70.576
116.0	1.8566081325133348	100.602
116.5	1.824752213436017	80.529
117.0	1.852190735711512	50.23
117.5	1.5143148824532233	80.632
118.0	1.3890890774561093	232.706
118.5	1.826417952444904	50.541
119.0	1.5759682838021878	90.622
119.5	2.3232526445375212	70.521
120.0	1.6948987630956056	80.719
120.5	1.910081744022093	65.292
121.0	1.5009065975653015	36.032
121.5	1.5297785915622097	70.59
122.0	2.6537135303222477	90.614
122.5	1.5571497637541523	80.69
123.0	1.517919991970205	20.267
123.5	1.8443507548898908	130.951
124.0	1.7027639405614345	20.066
124.5	1.7413808171245113	50.309
125.0	1.4710478226876984	100.654
125.5	1.7680921177321927	20.137
126.0	1.7848774700290484	50.287
126.5	1.7589992249406388	70.417
127.0	0.743108601175927	161.805
127.5	3.3432442929567934	20.106
128.0	1.6396552579587944	35.662
128.5	1.8987514891762403	85.643
129.0	1.7298632153736535	50.422
129.5	1.546005557364219	50.347
130.0	1.8953500737046634	20.149
130.5	2.0480515048763706	100.758
131.0	1.9816273503510327	20.035
131.5	1.6913262925215555	33.47
132.0	1.6512087319159037	60.437
132.5	2.223431285779244	80.985
133.0	1.4523787893914444	90.587
133.5	1.6149956037346649	50.52
134.0	1.8376060649290138	161.676
134.5	1.5571259291071569	70.611
135.0	1.6790671530890047	80.684
135.5	2.3450554611082937	80.113
136.0	1.7584782476346446	20.311
136.5	1.9544670979274967	65.522
137.0	1.7506340225372263	110.626
137.5	2.174133485293409	74.4
138.0	1.922171186041349	103.789
138.5	1.3018460436814043	70.536
139.0	2.2303821261293044	80.416
139.5	1.9952307294100835	84.829
140.0	2.0204127584157074	32.894
140.5	1.8185355219783692	84.272
141.0	2.3308363590690897	20.265
141.5	1.9221717237478222	100.726
142.0	1.9437309267194594	35.069
142.5	1.8498339242824517	94.019
143.0	2.258141404125294	17.039
143.5	1.9245954526649243	20.291
144.0	2.0681780449057685	14.357
144.5	0.9739723671384017	63.842
145.0	1.553961690808813	25.825
145.5	1.460167589724535	20.228
146.0	1.5511291769613826	90.594
146.5	0.9078324884417289	80.724
147.0	1.5015573156146647	120.726
147.5	2.1225952106805015	30.263
148.0	1.4561733318955026	119.278
148.5	1.5863957231063275	50.361
149.0	1.8425743036219067	33.319
149.5	1.2759021672167263	80.509
150.0	1.8836747680773944	72.538
150.5	1.503708053313854	66.747
151.0	1.4580177238314929	119.481
151.5	1.9969047722998379	100.634
152.0	1.4395125038647538	67.463
152.5	1.5616222843941006	100.596
153.0	1.496842841098623	11.772
153.5	1.7303205125829302	136.639
154.0	1.724803944423925	109.432
154.5	1.4899615756177185	23.333
155.0	2.3862311758490593	14.388
155.5	1.4443207719850397	61.198
156.0	1.5510225892518172	20.321
156.5	1.5602501020361144	20.132
157.0	1.2400570130034374	120.815
157.5	1.7058149814242831	90.82
158.0	1.5465344352251729	60.607
158.5	2.0412565783801977	70.416
159.0	1.6554126619135654	80.306
159.5	2.236558174300493	33.345
160.0	1.5708719179265491	36.84
160.5	2.3156097557199367	80.533
161.0	1.8262783821880741	53.999
161.5	2.546852821793221	17.668
162.0	1.828446614841625	20.155
162.5	1.6994257399284545	60.282
163.0	2.018382991539163	80.424
163.5	1.353024428821827	40.182
164.0	1.6331860756523593	33.947
164.5	2.0588265349071833	12.786
165.0	1.4969768541472588	17.752
165.5	1.749662831016495	56.392
166.0	2.0293700700238078	13.557
166.5	1.9608368228422148	42.85
167.0	1.266282393470384	20.115
167.5	1.3178369565095305	100.549
168.0	1.9447436554532143	50.328
168.5	1.483645370444622	120.923
169.0	1.7478963960831657	19.802
169.5	1.4949325695689635	100.506
170.0	1.2950054881965751	63.863
170.5	1.9170671324339963	80.516
171.0	1.8015289482182086	110.954
171.5	1.6975435863541497	35.17
172.0	2.087887044166661	81.638
172.5	1.0938237622630145	130.702
173.0	1.8494057798625494	90.68
173.5	2.084351643661028	62.562
174.0	1.4467556245935105	138.493
174.5	2.4007452118887027	90.63
175.0	2.560883752942307	121.078
175.5	1.1844248332051588	82.406
176.0	2.145616381243599	60.209
176.5	1.679490625420264	70.527
177.0	1.7274570430295213	53.596
177.5	1.3861561736744294	80.446
178.0	1.8095812214388018	81.183
178.5	1.464790762206454	70.576
179.0	2.1056319897176925	120.747
179.5	2.270389843500108	20.074
180.0	2.4877855772592774	20.126
180.5	2.0801114567025065	89.378
181.0	1.4818346873536878	20.145
181.5	2.1745664672303295	20.525
182.0	1.8793120757499773	44.798
182.5	1.9696189389725725	130.926
183.0	1.5297494942590992	20.184
183.5	1.863734024136684	14.164
184.0	2.7358281339155717	17.953
184.5	1.8746561748883785	100.697
185.0	1.8583570645595602	20.355
185.5	1.7821477082353945	92.529
186.0	1.7755396905839533	92.704
186.5	2.370273676573832	171.369
187.0	1.9634653508868378	121.057
187.5	1.4091097894682847	80.697
188.0	1.7405906245764393	88.99
188.5	1.7601809620823872	32.531
189.0	1.3835903769325235	454.941
189.5	2.9566790492807264	30.182
190.0	2.075020335559967	120.75
190.5	1.4215460767670312	70.507
191.0	1.7552081986542754	120.791
191.5	2.107209424877456	60.333
192.0	1.8817206173514822	60.281
192.5	1.5150969857385537	131.001
193.0	2.024435600252273	30.276
193.5	1.7471259036786029	83.448
194.0	1.580087799279131	80.398
194.5	1.6001017289638393	17.824
195.0	1.9222817407270207	130.936
195.5	2.0568470325655617	15.104
196.0	1.8157044203065034	80.515
196.5	1.2874630749722122	37.52
197.0	2.0754034741644816	70.429
197.5	1.6122297145535789	110.7
198.0	1.7739317731251	100.687
198.5	1.2972134224621354	20.114
199.0	2.4337404560694784	30.647
199.5	1.7719529330404364	70.393
200.0	1.8797067376954437	83.968
200.5	1.7900322030336369	95.045
201.0	1.755107836599708	70.295
201.5	1.7947830608660114	20.175
202.0	2.150422340353148	126.873
202.5	1.4613471623546637	80.305
203.0	2.3705955435098685	60.337
203.5	1.8724252544238673	104.442
204.0	2.2411633867045695	130.58
204.5	0.6595053247526066	110.748
205.0	2.0555792214933772	131.333
205.5	2.17502355415611	80.558
206.0	2.6628599118272454	20.206
206.5	1.6875104467137854	110.747
207.0	1.9204616416790148	70.507
207.5	1.9071081977515847	32.666
208.0	2.0212200559510403	110.925
208.5	1.6590130946853308	73.674
209.0	1.9168609824301894	60.524
209.5	1.523198000526264	100.787
210.0	1.6482340215608695	20.14
210.5	1.1900679119345918	39.348
211.0	1.3191083433834203	38.38
211.5	2.228710439862815	33.778
212.0	1.8385839619517763	14.711
212.5	1.5919573472213593	40.354
213.0	2.1304205209605844	101.314
213.5	1.599146724620773	60.486
214.0	1.5103472280917265	130.751
214.5	2.0697581455417327	80.543
215.0	1.4366386901432084	21.008
215.5	2.1449635883030895	60.445
216.0	1.4129704841364794	70.422
216.5	2.11065736787753	70.392
217.0	2.1215715517324365	12.045
217.5	2.202425752630481	99.678
218.0	1.534746043696475	56.69
218.5	2.289352134500192	33.405
219.0	2.1235013326724053	84.624
219.5	2.014310817095026	70.407
220.0	2.376533988023071	60.344
220.5	2.0039113999610794	110.775
221.0	1.7102459158584344	80.506
221.5	1.3988514103135306	110.709
222.0	1.4204406168550072	151.457
222.5	2.201126676983765	13.024
223.0	2.2733606139715374	70.571
223.5	1.294503330543349	130.753
224.0	1.374162694007298	70.534
224.5	1.541557049786595	80.543
225.0	1.8623849342209995	90.44
225.5	2.1382412927530714	70.821
226.0	1.515794520977516	116.336
226.5	1.9323227837707193	100.653
227.0	1.359066053782486	20.106
227.5	1.7949752400164811	65.367
228.0	1.2523877424178178	20.263
228.5	1.1266645306589032	110.756
229.0	1.9475223194804134	12.916
229.5	1.268645257541249	80.185
230.0	1.459447767073805	18.937
230.5	1.8469102458006146	11.969
231.0	1.5686817086297007	130.862
231.5	1.7581510749267224	50.331
232.0	1.62775742456117	96.947
232.5	1.5195013147054455	100.501
233.0	1.542395736818795	130.735
233.5	1.2153757836089774	50.493
234.0	1.4608464260713732	50.434
234.5	1.6558530950455888	70.365
235.0	1.326851778845104	100.487
235.5	1.6921602135487064	70.385
236.0	2.239345561044939	32.098
236.5	1.1022031994962624	60.353
237.0	2.09989778008294	89.107
237.5	1.342223780973992	33.708
238.0	1.6882396228940493	70.585
238.5	1.3428106491134568	34.532
239.0	1.5314162149131625	14.139
239.5	1.2775922667864372	464.202
240.0	1.8354599343676279	50.017
240.5	2.099120024065255	90.984
241.0	2.309801956274148	71.274
241.5	1.4887983470861075	90.709
242.0	2.765230912871409	90.598
242.5	1.6608772662635196	90.619
243.0	1.6682435534855995	120.963
243.5	2.0996020012635954	40.201
244.0	2.5547229146861037	70.24
244.5	1.5128633854994202	101.225
245.0	1.4816540064204704	24.469
245.5	2.1185169721600645	80.443
246.0	1.931323960366758	19.921
246.5	1.8669475381569072	50.392
247.0	2.2431900226302175	50.358
247.5	1.6389882072450666	60.239
248.0	1.6071862762914482	17.039
248.5	2.099595328481164	120.988
249.0	1.5722872981763873	40.251
249.5	1.6304313530805314	100.613
250.0	1.7756840917360357	110.76
250.5	1.7186082297488958	12.949
251.0	1.0197283347051647	17.028
251.5	1.4465106059404993	60.39
252.0	2.3451870543076003	70.334
252.5	0.9513253367672956	140.694
253.0	1.507297670486569	15.224
253.5	2.5229115017067856	29.925
254.0	1.6360363591400346	90.408
254.5	1.4966022623942394	120.921
255.0	2.280825060781077	110.528
255.5	1.5964077256728935	70.35
256.0	1.705277437444746	90.608
256.5	2.0120079463703995	60.349
257.0	1.7550069032603588	70.351
257.5	2.5936910695083153	60.344
258.0	2.3326724327048325	60.513
258.5	1.8458248960383146	74.437
259.0	1.7371873085343459	70.474
259.5	1.8654121508418757	13.182
260.0	1.7451646354743076	90.536
260.5	1.6873845304392359	17.975
261.0	1.9845664593939407	171.746
261.5	1.9223546191794516	35.108
262.0	2.037194158144488	50.24
262.5	1.3729700464283083	70.588
263.0	1.5192067352017768	70.447
263.5	2.250409910815572	80.532
264.0	1.594329914437669	20.123
264.5	1.5656414472475932	13.538
265.0	2.5351179296036883	30.088
265.5	1.6287179139474999	80.472
266.0	1.2569385489514806	141.724
266.5	1.4758930852100234	33.546
267.0	1.3902793738128891	58.724
267.5	1.2661055333273143	120.719
268.0	2.1662809624621677	60.239
268.5	1.9213700773560825	81.018
269.0	2.0206583479513487	100.712
269.5	2.097018540803041	13.032
270.0	1.6619453812016387	20.333
270.5	1.6601362239732682	70.594
271.0	2.3391706078784122	50.23
271.5	1.9240634535987953	32.909
272.0	1.8819672025933152	12.485
272.5	2.3084748885769404	77.3
273.0	1.6481254433370411	90.25
273.5	1.8599933560462452	50.458
274.0	1.6269883470204263	57.184
274.5	1.5738638479577052	70.428
275.0	1.4714480280528048	232.415
275.5	3.3117460908622465	20.166
276.0	2.1305311966336857	50.22
276.5	1.4675810371332865	32.606
277.0	2.1416434183751076	38.27
277.5	2.143145083063882	50.357
278.0	1.6153851389887888	108.566
278.5	1.511536919271203	303.312
279.0	2.992284176621665	50.342
279.5	2.1857929564531258	120.77
280.0	2.541576316554338	83.226
280.5	1.4815351352696475	70.493
281.0	2.0244769824130033	50.141
281.5	1.4541334082262967	12.39
282.0	2.2041309823358026	50.343
282.5	1.9301213917714866	50.602
283.0	1.9653682732002526	80.439
283.5	1.9956483564474428	60.669
284.0	1.8435850316922793	12.563
284.5	1.1725547870643218	118.565
285.0	1.9306436196469263	50.452
285.5	1.873823311748455	80.39
286.0	1.543982093002762	24.138
286.5	1.2222089837566794	60.341
287.0	1.8716271972334912	113.002
287.5	2.016486046349675	13.097
288.0	2.0339545111337993	21.52
288.5	2.333118168968013	70.384
289.0	1.5290465137683844	90.814
289.5	2.1111452374333757	94.229
290.0	1.9022454960199013	50.478
290.5	1.6790602206880938	77.685
291.0	2.2354812346400683	141.149
291.5	2.070958887033647	60.351
292.0	2.1322238233054547	104.318
292.5	1.260521507088575	32.943
293.0	2.2132157724562678	36.011
293.5	1.9959419816019077	30.093
294.0	1.8336550824165787	21.597
294.5	2.0327967185086027	67.985
295.0	1.9252935020054482	60.522
295.5	1.8554682979604846	70.498
296.0	2.247220524882267	90.769
296.5	1.8516490308002242	70.292
297.0	1.9272511817210833	70.447
297.5	2.1776377396687208	19.965
298.0	1.705671105111925	70.392
298.5	1.4410038101718607	126.766
299.0	2.030326565998204	42.267
299.5	2.0527018783913795	33.193
300.0	1.6978556407668937	110.848
300.5	1.5817687998919756	70.437
301.0	2.3188041934956276	59.673
301.5	1.7346669458156152	90.667
302.0	1.982368705902077	70.601
302.5	1.8606224473095705	60.494
303.0	1.6489702726570796	80.429
303.5	2.2932843630829023	50.198
304.0	1.078257615546669	100.777
304.5	2.248603787442546	20.183
305.0	1.780410358064236	40.154
305.5	1.5376705883808586	105.946
306.0	2.0410035873995853	131.077
306.5	1.7912876963275295	60.327
307.0	2.0075603109037115	60.291
307.5	2.2974813561898393	130.41
308.0	1.0329861700729146	90.653
308.5	2.625078818679115	40.193
309.0	1.9331733923307584	100.789
309.5	2.2698790546670855	222.846
310.0	1.6253884532575615	83.068
310.5	1.5458947464001578	24.609
311.0	1.8464570641278055	70.412
311.5	1.9452885287926305	70.575
312.0	1.7735781275904863	50.385
312.5	1.4597851611649764	286.13
313.0	2.2388471729185553	110.846
313.5	1.9405360410698733	250.365
314.0	1.9433871952517012	369.355
314.5	0.953704297729845	337.366
315.0	1.4773894537810925	490.027
315.5	0.45952938728220694	22.072
316.0	3.0965363681798825	192.412
316.5	1.804049317915528	33.271
317.0	1.6665957002199994	12.546
317.5	1.7077028303777069	93.642
318.0	1.5446938857682573	80.47
318.5	2.520529730160364	12.558
319.0	1.9860807670029186	70.477
319.5	2.3558951810257844	20.161
320.0	1.661878196165221	110.705
320.5	1.842557817882697	70.271
321.0	2.322158841379372	135.047
321.5	1.8354935935796444	80.592
322.0	1.6096493574179753	17.165
322.5	2.0234275692854546	55.378
323.0	1.7536636008426176	70.469
323.5	1.5938734166652724	78.883
324.0	2.029763556894203	50.498
324.5	1.9443898331077638	130.538
325.0	1.641221559011777	60.378
325.5	1.8284894939183107	33.611
326.0	1.756973856927552	70.603
326.5	2.266376478151403	100.585
327.0	2.2040491957261765	105.852
327.5	1.5570352981727693	54.319
328.0	1.907751408077808	40.491
328.5	1.7115426622999095	151.072
329.0	2.236782340658881	100.498
329.5	1.8398917070853584	80.477
330.0	1.800417196635828	100.715
330.5	2.315239715095431	70.474
331.0	2.0684401422365726	64.411
331.5	1.5054518010472284	88.618
332.0	1.8621612654908841	18.512
332.5	1.8635180405923413	20.11
333.0	1.5292261328448815	34.784
333.5	1.5215408668579007	82.195
334.0	2.3238908699056298	13.964
334.5	1.5844813937977689	100.72
335.0	2.8770752465550844	54.595
335.5	0.9356279479087992	232.425
336.0	0.9773430708774928	406.435
336.5	3.344405057460724	60.248
337.0	1.9033837205535926	141.334
337.5	1.7355388111303915	70.336
338.0	2.17773836497574	134.782
338.5	1.8620653072171451	130.946
339.0	1.6326420932302748	20.152
339.5	2.368404291957415	59.856
340.0	1.714676849502743	81.574
340.5	1.7837567143556396	80.271
341.0	1.633323304265382	60.48
341.5	1.6544624352131423	63.482
342.0	2.060423703376688	15.412
342.5	1.3786133583359028	110.453
343.0	1.6259136953728397	50.382
343.5	1.850822770099844	60.408
344.0	1.8125879644325729	161.236
344.5	1.7110908017239064	12.537
345.0	1.3146256479695961	100.649
345.5	1.8655409668398024	20.154
346.0	2.125122708324347	15.259
346.5	2.4406013038941374	60.442
347.0	1.7131131350671656	30.316
347.5	1.7723004952811958	80.601
348.0	1.6509161298944752	109.411
348.5	2.3314732779812353	37.377
349.0	1.2134984061880831	15.348
349.5	2.53136866096924	50.167
350.0	1.8858095328810223	80.432
350.5	1.652746937746044	70.491
351.0	1.4435819940381673	130.929
351.5	1.7754862572623882	192.335
352.0	3.364903762669536	60.413
352.5	1.734965380910278	95.09
353.0	1.6552765951423905	70.205
353.5	2.459272365221813	70.647
354.0	1.853843603410751	14.554
354.5	1.720341483913979	12.775
355.0	1.8426729486300224	50.303
355.5	1.5243088849852198	55.756
356.0	1.684153654921294	20.099
356.5	1.9749176512181885	65.813
357.0	1.3244299815644636	50.402
357.5	2.312213950918327	149.176
358.0	2.072356162175501	40.608
358.5	1.883226192684191	98.232
359.0	1.4036566539033233	111.822
359.5	1.7052608530628088	130.772
360.0	2.1148266279160612	20.133
360.5	2.7609211392719843	65.94
361.0	1.0499744270443288	80.733
361.5	1.6098045241562424	103.448
362.0	1.6859680940923916	32.981
362.5	1.9391973708835342	59.123
363.0	1.292717024859641	14.647
363.5	1.5944286836021078	60.455
364.0	1.8419274115307036	27.012
364.5	1.8357191446240784	80.496
365.0	1.669965953350305	80.504
365.5	2.079801928803416	70.58
366.0	1.632269570737882	90.567
366.5	2.285496791637279	14.819
367.0	2.1496561008557253	37.789
367.5	1.4913368744499944	62.811
368.0	2.7179788290431466	90.288
368.5	1.0539963717946321	80.518
369.0	1.7615465516707898	60.345
369.5	1.5498121304932426	131.021
370.0	1.8993872644902705	90.633
370.5	1.8558002834802063	70.54
371.0	1.7899195736136861	80.648
371.5	2.407705053738569	50.205
372.0	1.8333873882521876	63.68
372.5	1.2260442737509056	84.93
373.0	2.1206089070489362	90.416
373.5	1.8810567511542517	78.839
374.0	1.8031229410977632	110.873
374.5	1.3556831971336785	70.346
375.0	2.312507858972943	119.249
375.5	2.0774876382602954	110.952
376.0	2.5330764031450554	20.15
376.5	1.5833561092114903	37.675
377.0	1.75297874058747	14.074
377.5	1.8527477870695794	100.557
378.0	2.1954457610490903	80.621
378.5	1.3575542630686939	60.47
379.0	2.4648649556032134	54.673
379.5	1.3839803733055491	80.609
380.0	2.0547335357171366	37.758
380.5	1.7736342703068655	21.429
381.0	1.4222439466629773	60.461
381.5	2.024066994569607	70.364
382.0	2.030096743390417	20.182
382.5	1.436732534092674	20.15
383.0	1.8456342701468298	60.512
383.5	1.8515800102988114	74.505
384.0	2.0083237726436294	52.964
384.5	2.1512409829629138	88.886
385.0	1.9820677662798312	70.501
385.5	2.2343879209140955	50.469
386.0	2.1956075769074923	80.589
386.5	1.947476074025356	46.918
387.0	1.6463888441372223	50.349
387.5	1.7900450695711674	126.334
388.0	1.342919316803014	125.209
388.5	1.4701304529951682	17.562
389.0	2.0421837203367543	76.339
389.5	2.240729543600654	70.463
390.0	1.449997800755407	94.559
390.5	1.4313828674021347	40.342
391.0	1.703819283679491	16.681
391.5	1.66773889405309	16.699
392.0	1.2176203287858602	130.891
392.5	1.7826866242297053	110.884
393.0	1.9643887480211804	60.247
393.5	1.201659190597063	70.646
394.0	2.307442428978133	50.372
394.5	1.7025144474156881	110.658
395.0	2.0451521494569116	50.305
395.5	2.1183883316583576	15.958
396.0	1.4106516020859947	12.49
396.5	1.8153041188149557	60.363
397.0	1.560796080541743	70.55
397.5	2.8518508681640506	69.713
398.0	1.5073791716231622	93.577
398.5	1.7464519574870512	70.623
399.0	1.7456443914068362	20.321
399.5	2.5488693116944736	70.496
400.0	1.609287613794869	95.222
400.5	1.87462394858233	50.436
401.0	1.9752373298962533	90.637
401.5	1.532731160750127	100.608
402.0	1.6162755335724726	20.18
402.5	1.4833482703068337	79.24
403.0	2.0685581453365955	66.359
403.5	1.959225485471931	33.109
404.0	1.475252065897731	37.711
404.5	1.9152614345086307	93.977
405.0	1.6795917226124086	70.918
405.5	1.8047875389296226	100.957
406.0	1.6778794627806073	50.357
406.5	1.6130211341968879	60.466
407.0	1.7096203594968389	20.17
407.5	1.6003838421662036	70.551
408.0	2.086718252648096	23.766
408.5	2.203497982579737	60.317
409.0	2.0524771356828664	70.355
409.5	1.7984519341176273	20.205
410.0	1.9783366110021723	131.0
410.5	2.4464530948860013	50.257
411.0	2.0713416756863126	120.669
411.5	1.419560168152076	80.375
412.0	1.8573520458071715	115.51
412.5	1.8220957827457525	20.156
413.0	2.6689328561303305	71.718
413.5	1.2758150216059276	130.869
414.0	1.812183785883705	13.69
414.5	1.8040663977689932	40.166
415.0	1.208039507976433	20.142
415.5	1.9076998523975008	75.818
416.0	1.5692489297082266	37.197
416.5	1.8365322965350417	120.681
417.0	2.453801643656265	78.549
417.5	1.0051020757188525	70.392
418.0	2.5828311642807913	86.251
418.5	1.5593829408922373	12.317
419.0	2.1070354412966523	90.737
419.5	1.6178695839722859	20.238
420.0	1.4364451006934282	40.393
420.5	2.1485364876828457	70.457
421.0	2.3975396434535585	80.719
421.5	1.9345922432486902	35.535
422.0	1.408656255878349	282.977
422.5	0.2655805200414724	475.118
423.0	2.212997786102983	14.089
423.5	1.6556032215574041	100.453
424.0	1.1606372002848813	20.933
424.5	0.9752041971967834	779.582
425.0	3.7100085790935897	63.845
425.5	1.468314628247813	100.615
426.0	1.9901308153806094	86.14
426.5	1.949391164850335	221.943
427.0	1.086344573163341	434.484
427.5	0.7537013123522306	1168.602
428.0	2.9322341551433575	41.701
428.5	1.4037707472082952	33.064
429.0	1.8302504895976635	50.28
429.5	2.166367882553861	80.389
430.0	1.268257148222525	15.588
430.5	2.3248824489848774	60.355
431.0	2.222572469326937	73.521
431.5	1.53200129025442	16.178
432.0	2.4946865803338762	74.026
432.5	1.6835522937610499	80.432
433.0	2.525110664411856	50.424
433.5	1.5597417921218415	343.313
434.0	2.633051436575199	171.764
434.5	2.0751408515484013	120.809
435.0	2.1514162183229284	70.538
435.5	1.9150631428111147	60.382
436.0	1.8368003388674692	16.81
436.5	1.479298676605583	44.954
437.0	1.7914726825974328	33.649
437.5	2.0849096557685463	20.122
438.0	1.298479132822488	54.025
438.5	1.9919975763905962	23.734
439.0	2.0756036139707352	61.615
439.5	1.3731533082853133	20.108
440.0	1.9452861889380655	70.513
440.5	1.9720306026511574	50.408
441.0	1.7986903942969146	19.923
441.5	1.413932846462892	70.601
442.0	1.9265282391032854	131.067
442.5	1.606306293911819	133.989
443.0	1.3448466274375683	79.403
443.5	1.2944413120136389	11.035
444.0	1.975469646475797	14.279
444.5	1.918676257625482	62.014
445.0	3.0619755920208265	59.408
445.5	1.0265446701192742	80.488
446.0	2.255084065575385	90.532
446.5	1.8823678384817815	60.38
447.0	1.884043240190821	130.949
447.5	1.9033958562509792	80.577
448.0	2.088506452519229	50.283
448.5	1.7118632772922084	46.838
449.0	2.192934676792736	80.594
449.5	1.7001836364958234	124.844
450.0	1.7752724276310015	60.574
450.5	2.458911147705202	20.118
451.0	1.512225430564371	76.442
451.5	2.1485333600030683	202.47
452.0	1.6157154682151726	30.245
452.5	1.4233659783771522	70.24
453.0	1.8028247918063875	60.5
453.5	1.0282744454562986	25.991
454.0	1.415432733589318	73.899
454.5	1.59348979507195	50.369
455.0	2.0206504499711437	27.578
455.5	1.6709870996256952	50.316
456.0	1.7855106918445394	33.496
456.5	1.7368242026280107	13.323
457.0	1.9553079106359206	60.452
457.5	1.8788849863283124	70.434
458.0	1.783579387351182	111.02
458.5	2.04488618055569	20.153
459.0	1.9816987524044674	50.36
459.5	1.744120848855173	12.75
460.0	2.5018095743909976	60.438
460.5	2.0311702970677916	100.731
461.0	1.7798295773173336	12.619
461.5	1.7200038296914846	66.891
462.0	1.6255465768919617	120.894
462.5	1.7496783628553083	130.824
463.0	2.056023886883465	90.655
463.5	2.081451717681959	26.583
464.0	1.7790654987886365	20.144
464.5	1.6110455566796125	113.528
465.0	1.733237210445042	70.533
465.5	2.177027222191248	73.04
466.0	2.3040426757338457	80.488
466.5	1.6783478346114682	20.261
467.0	1.4846311895603086	50.373
467.5	1.7804585549480967	54.69
468.0	1.7758992278000068	20.158
468.5	1.7415977534634268	77.244
469.0	1.5810055357907655	51.41
469.5	1.9196219854226337	24.012
470.0	1.7943118816969197	130.175
470.5	1.8411353588766444	90.676
471.0	1.430387344606687	70.525
471.5	2.1817109840101634	44.442
472.0	1.4790010810852625	50.38
472.5	2.629182849896288	41.669
473.0	0.8939765601533699	110.727
473.5	1.697281367510838	100.685
474.0	1.5481264922089066	130.78
474.5	1.836547076148401	90.526
475.0	1.3492144686516436	80.737
475.5	1.5926915527614542	60.259
476.0	2.020941644420474	90.606
476.5	1.726626544401786	20.168
477.0	1.7424571326431813	40.21
477.5	1.4122042290914354	19.555
478.0	1.574221645430581	12.928
478.5	1.5240563686095538	25.589
479.0	2.5492723032930344	102.155
479.5	1.7011661122697614	52.908
480.0	2.1590357414228083	23.497
480.5	1.6401275606826913	70.464
481.0	1.6856758098982598	51.17
481.5	1.5795185246075725	67.99
482.0	2.6998753853739466	50.384
482.5	1.688900341188147	140.981
483.0	2.0035730072756803	80.323
483.5	2.4226001475442467	85.812
484.0	1.6015936051557706	131.034
484.5	1.3193047893601517	50.326
485.0	2.6438708226694936	50.303
485.5	1.2320247937907185	15.476
486.0	1.3147746753783733	20.148
486.5	1.7369388972867283	99.48
487.0	1.6778938738496327	20.05
487.5	1.8444654735524335	52.982
488.0	2.1750071123978265	33.082
488.5	1.5127844428634452	35.199
489.0	1.5593418206833456	34.342
489.5	2.218943781653885	82.604
490.0	1.3931860295287086	33.91
490.5	1.967396256234433	120.886
491.0	1.8597647338201428	50.353
491.5	1.9938559811157532	70.582
492.0	1.9662909219664013	103.683
492.5	1.9791371278271208	20.15
493.0	1.357118770384203	80.613
493.5	2.32543611744606	118.928
494.0	1.5152392763128564	26.272
494.5	1.8941963644704911	50.555
495.0	1.643427080064209	50.484
495.5	2.145747532618929	81.307
496.0	1.8008466135574592	50.144
496.5	1.4967951603060201	70.51
497.0	1.983145199092325	60.352
497.5	2.2363709574332318	80.531
498.0	1.4138687376689083	12.535
498.5	2.4373267200520137	40.2
499.0	1.7459633449672527	50.373
499.5	2.5822950156489477	49.793
500.0	1.0887950370744508	70.374
500.5	1.5380783648776484	50.406
501.0	2.015450592001684	12.337
501.5	1.9208956732880187	50.486
502.0	1.7498799548155544	100.72
502.5	1.5865439747607126	80.671
503.0	2.6979849978847126	77.984
503.5	2.0937552441525833	113.977
504.0	2.0118984786808545	60.393
504.5	2.114939262902691	120.704
505.0	2.2023565568413304	34.887
505.5	1.8103258223835255	50.507
506.0	1.7324946121939555	70.485
506.5	1.6992187683125581	52.382
507.0	1.8299212602523562	61.231
507.5	1.7497447787942169	15.52
508.0	1.8772256536027734	50.308
508.5	1.951771272587213	70.552
509.0	2.0875692044181053	70.468
509.5	2.4769300530436174	70.541
510.0	1.7323775862818376	33.918
510.5	2.428684239580358	90.575
511.0	2.0078914088299236	42.084
511.5	1.4789154637466697	100.936
512.0	1.0217902389342233	70.528
512.5	1.651691006486062	110.606
513.0	1.8920203876057877	50.315
513.5	1.957194776333663	80.436
514.0	1.9073513061245133	80.507
514.5	1.689083390591266	110.742
515.0	1.7070834331428029	41.65
515.5	1.7293216392793709	73.553
516.0	2.160388558971212	20.515
516.5	1.4658101270687298	60.594
517.0	2.3017664973118452	94.948
517.5	1.6219567316810233	66.86
518.0	1.8041065882236038	60.267
518.5	2.1082769490326436	40.308
519.0	2.3571478273656994	70.389
519.5	1.5255851607903974	130.96
520.0	1.43709559449803	70.63
520.5	1.8744197208111795	85.331
521.0	2.1847753455075902	130.886
521.5	2.1559509971687345	20.097
522.0	1.4757352450277545	120.897
522.5	1.4211016390962354	80.644
523.0	1.7735280402625369	30.193
523.5	1.9444516731417758	63.235
524.0	1.2497066602693834	63.235
524.5	1.896655859690996	83.031
525.0	1.6491348050807584	43.049
525.5	1.5224968778353902	100.786
526.0	1.2751383130383647	50.42
526.5	1.2706886005578701	84.848
527.0	1.4727939994686592	140.76
527.5	1.7995802909150749	80.61
528.0	2.8719473270742117	38.644
528.5	1.9578228818283427	66.023
529.0	2.128244729937147	70.816
529.5	1.8231691580192642	34.418
530.0	1.2799685608791025	70.345
530.5	2.0414497532874036	33.277
531.0	1.9142551777211736	30.08
531.5	1.4218652960814453	53.635
532.0	2.327340984030242	80.452
532.5	1.5263766270009391	70.547
533.0	2.112061787532317	80.364
533.5	2.0922012459554593	60.471
534.0	1.6500570225806566	33.176
534.5	1.8402253963883481	90.653
535.0	1.9429580911552438	84.863
535.5	1.3343100831561538	100.328
536.0	2.36778328688289	24.757
536.5	2.1054537177736354	110.844
537.0	1.8683844106429313	13.148
537.5	1.5754745554379423	130.86
538.0	1.9402610522522146	80.472
538.5	1.9988315568614419	60.25
539.0	1.444070248915248	182.169
539.5	2.5189918042934902	20.135
540.0	1.3368253268760062	36.329
540.5	1.3427816912241473	70.547
541.0	1.3688065079260991	129.124
541.5	1.5969458795156033	56.429
542.0	1.9188572109630695	70.685
542.5	2.1038226338289343	50.407
543.0	1.4765593879656826	14.62
543.5	1.3345104151756548	50.422
544.0	1.7036657453174253	130.799
544.5	1.864571666279074	80.628
545.0	1.553409534426092	120.885
545.5	1.3069230401870935	64.007
546.0	2.1970118287658984	110.707
546.5	2.0602627847657002	83.909
547.0	2.7772941740883534	49.769
547.5	1.0010243630624769	94.115
548.0	1.969374379202591	53.443
548.5	1.7725216370981074	50.443
549.0	2.1003281923636523	20.137
549.5	1.1017067102923335	126.532
550.0	1.5495426723586723	14.289
550.5	2.007472064172331	100.706
551.0	2.203196005738344	80.695
551.5	1.842320920664656	13.749
552.0	2.068236826542455	13.366
552.5	1.8204227258657841	15.811
553.0	2.199424803026522	77.905
553.5	1.6326262273046346	50.317
554.0	2.5576292835222767	50.325
554.5	2.2606065426582282	70.367
555.0	1.469714392167557	14.298
555.5	2.089490321360781	80.587
556.0	1.359537033443819	272.855
556.5	0.4327699624580574	435.127
557.0	5.090164511550026	50.353
557.5	1.640055524049507	13.539
558.0	2.80924469868241	70.553
558.5	2.4019591679121524	60.483
559.0	2.5073457817172446	48.148
559.5	1.97145652886323	131.007
560.0	1.342957950854045	36.338
560.5	2.10818310705748	80.606
561.0	1.5895065991181925	36.065
561.5	1.8827036396594368	70.542
562.0	2.1916165319331267	50.391
562.5	1.9208399060281025	50.371
563.0	1.6840540588089816	100.581
563.5	1.5688175255308234	80.548
564.0	1.751633638631244	50.405
564.5	1.6475849365132098	12.0
565.0	2.371003180606618	40.131
565.5	1.9469526908369652	30.242
566.0	1.819412685117131	80.55
566.5	1.8105676540113698	20.372
567.0	1.6070151476695884	72.652
567.5	2.202200738534749	70.574
568.0	1.9482026881164078	130.771
568.5	1.5776880883982827	32.437
569.0	2.1097828065712725	86.15
569.5	1.802335327559981	70.511
570.0	1.7434762640601136	38.708
570.5	2.5413911692971602	50.342
571.0	2.0210367559309295	70.707
571.5	1.9114864085679741	15.176
572.0	2.2076977947865437	70.462
572.5	1.7256497704286609	20.14
573.0	2.704259236920893	20.107
573.5	1.1731376875960033	33.152
574.0	1.549186409005297	60.353
574.5	2.077429727889071	13.144
575.0	1.780847845194903	130.875
575.5	1.9287356385097099	13.3
576.0	2.2767622294387855	70.446
576.5	2.5248907374281178	60.416
577.0	1.6267685829597862	50.445
577.5	1.2563986096467716	33.254
578.0	1.806698118127046	63.679
578.5	1.8809787270479326	70.439
579.0	2.173392079119892	70.323
579.5	1.2133718206806585	120.924
580.0	2.019585766930898	70.549
580.5	1.7238015985657897	40.408
581.0	1.2601918608874534	13.129
581.5	1.3829076453565514	60.473
582.0	1.5088525096921972	90.533
582.5	2.323933731731167	101.11
583.0	1.7498433555004766	60.532
583.5	2.3580099613906653	50.405
584.0	1.9774830099686564	80.575
584.5	1.8004073384139032	80.401
585.0	1.7648440006104782	14.384
585.5	1.5100797668918682	100.733
586.0	2.4918995361160152	12.628
586.5	1.8522793783333638	110.618
587.0	1.5187435275328105	90.712
587.5	1.9926889376555867	20.176
588.0	1.800799666998514	50.219
588.5	1.5924073663143972	32.953
589.0	1.3834580467627478	90.611
589.5	2.0057154575286016	50.242
590.0	1.9006834484428112	14.062
590.5	2.5315914110325894	20.076
591.0	1.3683766589955557	100.773
591.5	1.8224093515139919	90.703
592.0	2.689636527384371	60.567
592.5	1.2370647297792405	71.037
593.0	1.6198954485070824	80.388
593.5	2.3756574668830863	70.408
594.0	2.007483043086906	60.408
594.5	1.7724014721613386	70.195
595.0	1.694903671765774	40.128
595.5	1.5014865330612528	33.539
596.0	2.1021850539469344	90.749
596.5	1.604531808889419	32.835
597.0	1.81027471577845	60.43
597.5	2.891636835756831	40.182
598.0	1.9082051664471136	74.948
598.5	2.392456696928269	18.849
599.0	1.3425504497288046	70.628
599.5	1.5167768286638204	43.708
600.0	2.1432101914376154	37.843
600.5	2.451901820410811	70.608
601.0	1.6630840505200748	151.004
601.5	1.9422855434877753	20.208
602.0	1.7174547078907156	20.217
602.5	1.7017090371506958	73.916
603.0	1.6258484211030284	90.57
603.5	1.7168038018315315	114.805
604.0	2.3251249030656935	120.932
604.5	1.3500829599110158	73.465
605.0	2.0776210445579344	122.173
605.5	1.5580369991548246	80.506
606.0	2.1721208626958384	70.546
606.5	1.5373643422761107	70.644
607.0	1.551741835054862	40.156
607.5	1.8939354096019918	108.698
608.0	1.8267841280844057	120.821
608.5	1.4169138644369268	110.583
609.0	1.592014905924903	80.634
609.5	2.1028374322401553	60.338
610.0	1.5135106572392436	14.686
610.5	1.8026370985018976	50.171
611.0	2.4404676512361347	20.235
611.5	1.4062681063564766	40.981
612.0	2.2139900895041964	49.959
612.5	1.4295004664817634	50.353
613.0	1.9707367357142238	12.493
613.5	1.9787925685054346	13.28
614.0	1.8025726359741123	81.389
614.5	1.559997501857436	80.589
615.0	2.0793633398085163	20.239
615.5	1.4145077751264303	12.332
616.0	2.7970677633265795	80.404
616.5	1.2201626703222015	70.29
617.0	2.0190416290673454	70.389
617.5	2.679774633393434	12.497
618.0	2.3706176977121722	60.5
618.5	1.1633782457001383	36.011
619.0	1.465698045555029	22.651
619.5	2.12297987792481	50.342
620.0	2.088088989078703	100.67
620.5	1.1896472083830096	50.488
621.0	1.307643399666995	80.534
621.5	1.9266736893327545	14.21
622.0	2.2458544533936085	20.14
622.5	1.7479986425474627	50.294
623.0	1.8783665079356002	110.603
623.5	1.992481562679271	75.689
624.0	1.9480173703986834	60.423
624.5	1.4114954907098178	80.478
625.0	2.015282697313431	40.226
625.5	1.924717849424123	100.547
626.0	1.5773543179144411	15.744
626.5	2.5663140266553652	20.211
627.0	1.5941051027563116	50.406
627.5	1.7384144377881323	40.487
628.0	1.8675349042843035	16.258
628.5	1.5948436096871283	50.393
629.0	1.7182964793301205	34.46
629.5	1.835228126585187	90.772
630.0	1.5428542248884396	40.391
630.5	1.714920374871992	70.329
631.0	2.133557857804433	20.043
631.5	1.539094213927314	18.295
632.0	1.801231270282654	40.344
632.5	1.7462697344510887	141.002
633.0	1.9150266805271967	20.142
633.5	2.9172405330487505	20.78
634.0	0.9878067070634686	130.735
634.5	2.2818969952464494	60.358
635.0	2.2746797125577083	85.749
635.5	1.7140593183187312	60.089
636.0	1.130260897315881	12.622
636.5	1.877091682335971	70.539
637.0	1.7078209018627237	111.554
637.5	2.1077604038532822	60.443
638.0	1.607403077770994	26.773
638.5	1.9583050124629904	20.259
639.0	1.5080688224661132	15.696
639.5	1.8027808749146637	90.593
640.0	2.33800068471283	50.44
640.5	1.5313256846882426	80.56
641.0	1.9654881505312405	39.639
641.5	1.8799813119906166	30.385
642.0	1.6907218174135472	60.235
642.5	2.2410808035938454	50.27
643.0	1.6376231712662879	50.428
643.5	1.5101484574094355	96.213
644.0	1.977749968131867	80.948
644.5	1.5130537007211917	90.628
645.0	2.2371208733005448	60.446
645.5	1.6941864136421685	104.02
646.0	1.6330328730437556	80.559
646.5	1.7622969211062067	14.381
647.0	2.616606905082865	70.288
647.5	1.155901552618532	93.868
648.0	1.794226811471111	100.512
648.5	2.42361901058761	70.555
649.0	1.6154966945605072	132.259
649.5	1.7313184791735683	60.475
650.0	1.545999176397719	90.501
650.5	1.9655755063631795	12.667
651.0	2.2084389207761004	69.753
651.5	1.143878997965086	37.209
652.0	2.3732294593562004	13.232
652.5	2.0063597744251838	69.096
653.0	2.374173563004449	14.055
653.5	1.1167715256299193	37.253
654.0	1.6982073338687178	110.687
654.5	1.8204075989057609	80.52
655.0	2.020818645567499	20.12
655.5	2.01296372354104	70.397
656.0	1.544027279760361	62.427
656.5	1.646467272259515	12.826
657.0	1.8930270489624947	116.028
657.5	1.944249759594911	100.628
658.0	1.8070217713161245	70.344
658.5	2.1769851284919075	17.933
659.0	1.2857254054072014	100.74
659.5	1.6374121061469398	56.928
660.0	2.2518073953912006	60.679
660.5	1.6601644796409376	70.456
661.0	1.3063297645998462	42.848
661.5	1.8218732728552796	120.791
662.0	2.0982480222399476	80.561
662.5	2.2049682380916704	90.248
663.0	1.2929926252891502	90.656
663.5	1.5457930832275635	85.547
664.0	1.800413320856753	73.669
664.5	3.050593945546295	40.356
665.0	0.8421479132754753	100.748
665.5	1.7261659962393536	70.438
666.0	2.1413946586328914	70.506
666.5	2.0617853533131667	44.625
667.0	1.0395666930644982	60.464
667.5	2.2748459530424308	54.438
668.0	1.6695969268631816	90.591
668.5	2.1565247300866495	50.338
669.0	1.8005123348158112	13.113
669.5	1.8910967573478383	11.948
670.0	2.292178161735786	70.691
670.5	1.7934635229851597	35.619
671.0	1.9654942303440983	50.295
671.5	1.6082036186880133	130.789
672.0	2.0582676840332557	80.211
672.5	2.289882215798475	20.244
673.0	1.645694213982547	80.485
673.5	1.8686481774857155	20.128
674.0	2.6287339353962818	34.208
674.5	1.576706758484358	70.476
675.0	1.8037277134295107	70.438
675.5	1.9586630656414776	40.306
676.0	1.9736151886832873	90.435
676.5	2.4094028523071738	80.617
677.0	1.077217770555785	60.489
677.5	2.356889705708741	50.257
678.0	2.4773211323626474	93.455
678.5	1.8352943076104284	111.057
679.0	1.5410928725231405	32.57
679.5	1.684195969070553	110.736
680.0	2.1566689825116647	14.056
680.5	1.9626116683654287	94.323
681.0	1.9865750785798557	83.192
681.5	2.0431998415275134	20.152
682.0	1.8786548898619593	130.942
682.5	1.3073189105836864	12.703
683.0	1.8641099371518872	40.285
683.5	1.950951163976622	50.886
684.0	1.9622912489813686	20.105
684.5	1.5647812899994231	20.178
685.0	1.5119667791808706	40.52
685.5	2.155810600954048	31.471
686.0	2.3743602369388683	60.485
686.5	1.1791679307030891	34.17
687.0	2.259163029462893	14.071
687.5	2.037958316599401	38.758
688.0	1.4610484839834004	79.148
688.5	1.8065476026176768	85.822
689.0	1.807082374154124	60.353
689.5	2.3789170142036	50.311
690.0	1.7905285249587173	87.649
690.5	1.3301209327695411	98.985
691.0	1.658062909584054	100.95
691.5	2.176325017106106	12.995
692.0	1.841433170907928	130.826
692.5	1.6884834263285668	70.309
693.0	1.8812164804491438	69.083
693.5	1.8958396365953183	60.497
694.0	1.9682758952593882	40.426
694.5	1.5098194832612308	51.42
695.0	1.6194771632297158	23.497
695.5	2.238995048169796	12.194
696.0	1.481000913990385	18.865
696.5	2.096040649930407	12.512
697.0	1.7328510823977747	40.424
697.5	1.6746482437053574	70.48
698.0	1.9457045744003771	60.379
698.5	1.9008357139499101	60.457
699.0	1.6955552146245128	60.295
699.5	1.802263756905138	70.551
700.0	1.271708387638148	44.476
700.5	2.1953483569092374	50.226
701.0	1.5365118195278726	100.528
701.5	1.609631989494345	434.621
702.0	3.184677460158257	72.622
702.5	1.8464778968544233	110.554
703.0	1.9785435922002126	70.353
703.5	1.4735468058135819	140.964
704.0	1.9006004598229365	11.403
704.5	2.1349509359627583	70.17
705.0	1.459926861347423	90.586
705.5	1.8401990004937532	70.654
706.0	1.6324457636548946	120.768
706.5	1.6990758018905643	20.146
707.0	2.1022226824806896	60.343
707.5	1.8448569744234515	77.41
708.0	1.5044237601016202	70.418
708.5	1.9153544173623158	70.559
709.0	2.2849500318223135	70.433
709.5	2.681156801343388	137.259
710.0	1.1238713804497042	60.532
710.5	2.0532439095637183	20.275
711.0	1.590485844786088	34.199
711.5	1.8974525860209852	20.103
712.0	1.8697006175476503	85.995
712.5	1.7476835718529058	70.596
713.0	2.3045613845095647	110.602
713.5	2.130569218546341	50.433
714.0	1.4671139148132002	50.435
714.5	1.8564216047154265	70.397
715.0	2.203440170852055	20.226
715.5	1.425994398442922	20.176
716.0	1.9587982641543202	40.303
716.5	1.5932000589240298	98.141
717.0	1.7994501014268875	17.658
717.5	1.6569638709048615	83.557
718.0	1.4188725000827116	100.918
718.5	2.2509479817383533	15.162
719.0	1.5872154790112338	34.819
719.5	1.9062201479201477	60.486
720.0	2.326421680640752	112.476
720.5	2.0185935221416487	70.247
721.0	2.038645848655673	60.403
721.5	2.4093925074516234	15.962
722.0	1.6648068794531723	42.212
722.5	2.133327024398733	30.085
723.0	1.7065254641834022	60.388
723.5	2.147302243720826	56.945
724.0	1.9119610714375723	73.739
724.5	0.12614347232112744	14.154
725.0	8.786965355052198	13.972
725.5	1.795459985837934	60.548
726.0	1.6190270536664095	30.188
726.5	2.0537493684980004	70.486
727.0	1.958254782314532	130.776
727.5	1.4472876716676362	76.838
728.0	2.1553467254307854	40.236
728.5	1.8063067974412865	44.479
729.0	1.939154599028071	121.005
729.5	1.558816834226392	77.729
730.0	1.658779435161848	130.768
730.5	1.9740155783555684	36.073
731.0	1.696113614814753	13.976
731.5	1.200973584965027	34.429
732.0	2.181301203558051	20.295
732.5	1.6109624104744902	87.947
733.0	2.5255463039884387	14.644
733.5	1.1331027026349	41.248
734.0	1.608175115009933	20.106
734.5	2.2175932642785106	13.204
735.0	1.7475140437407337	80.541
735.5	1.5519270087556032	100.859
736.0	2.06725675406739	77.697
736.5	1.9068183471572888	40.186
737.0	2.012851362610286	60.485
737.5	1.596296838312444	110.778
738.0	2.3490326779160955	60.297
738.5	1.9350777352750441	110.682
739.0	1.970214643860994	110.779
739.5	2.1324501093672135	60.41
740.0	1.9252125631534776	13.249
740.5	1.7653956103287183	40.187
741.0	1.9254387201697194	90.604
741.5	1.9280884374528529	72.877
742.0	1.4761598824952935	54.079
742.5	2.412233299186854	60.239
743.0	1.35864435059924	100.684
743.5	2.0134119471177905	85.093
744.0	2.066384461076925	73.614
744.5	1.9620998237172	87.151
745.0	1.7608570945635726	50.187
745.5	1.6481415621425557	33.594
746.0	1.9618457943226035	20.22
746.5	1.701814133910049	120.718
747.0	1.9887752541098125	40.243
747.5	1.9612947320022236	40.28
748.0	1.855045452564765	130.898
748.5	2.18913254175924	51.924
749.0	1.7085799857740014	80.52
749.5	1.3669702192652569	130.886
750.0	1.9159469622775969	90.512
750.5	2.3980344862027434	15.04
751.0	1.2876962555153926	32.895
751.5	2.3033942668510936	39.095
752.0	1.8002520515184128	73.255
752.5	1.9342224681036926	104.406
753.0	1.4553028139599706	60.358
753.5	1.6834472218427943	110.858
754.0	1.9302177470523463	20.155
754.5	2.63939601949133	19.441
755.0	1.228581914564544	90.678
755.5	1.457068262021852	12.063
756.0	2.390481698734988	50.194
756.5	1.8137423225816083	70.483
757.0	0.12246807504591098	139700398002.8
757.5	0.17183920328502367	14.59
758.0	3.795404048406345	50.606
758.5	1.4658132687665122	14.413
759.0	1.9649781268292752	100.737
759.5	1.9401853188044305	114.945
760.0	1.6489898914816952	76.459
760.5	1.9046807986893042	13.502
761.0	1.9313555545016272	46.087
761.5	1.4788947621658879	20.574
762.0	1.8373604354191655	80.806
762.5	2.04352715888105	12.588
763.0	2.4197739535399236	94.349
763.5	1.9804744953026823	80.539
764.0	2.2634800793278886	22.961
764.5	1.3721363129269022	100.77
765.0	1.9478628745401705	110.611
765.5	2.010066365616012	222.35
766.0	3.2194611230301455	12.781
766.5	2.898421554252891	151.954
767.0	2.802984819091775	161.677
767.5	0.7971054014967373	16.926
768.0	1.2393411402981447	111.011
768.5	0.5238264731357428	141.112
769.0	0.5014330132172075	151.164
769.5	0.31218433746478697	231.703
770.0	0.4587804271881289	110.713
770.5	0.6194547263866831	87.078
771.0	0.3321699922938055	136.579
771.5	0.13395966722206387	13.05
772.0	6.4297525860671545	100.538
772.5	1.6883357571482482	17.413
773.0	1.5867679085604613	15.505
773.5	2.277938199212919	50.346
774.0	2.097737801178459	80.557
774.5	1.344703564522012	110.73
775.0	1.9495656038561266	70.43
775.5	2.6191035575837534	13.293
776.0	1.7284646450828463	90.816
776.5	1.9673258243659875	17.916
777.0	2.0399388136915073	52.391
777.5	1.3738394406896435	76.197
778.0	2.4963810437721	70.287
778.5	1.7949002475465428	30.077
779.0	1.6793931350587799	12.486
779.5	1.9146603327682408	80.722
780.0	1.6478348467386672	74.13
780.5	2.153846929693577	171.47
781.0	2.179049538669546	90.593
781.5	2.011549988402297	73.455
782.0	0.9740650507751133	145.922
782.5	2.397618671776303	120.894
783.0	1.94880692528185	90.587
783.5	1.7568451484290266	14.173
784.0	0.17099088138010346	16.62
784.5	1.7229964097780848	34.119
785.0	10.550891536612117	90.563
785.5	1.7107906146950007	18.225
786.0	2.052015930312757	50.6
786.5	1.8885329536208788	110.9
787.0	1.4001336332558112	50.585
787.5	2.3501440208892252	13.816
788.0	2.756914890689049	30.132
788.5	1.716273578085993	70.415
789.0	2.2232943292862477	80.394
789.5	2.2217630359642326	14.264
790.0	1.336169999079153	151.012
790.5	1.2957357855794103	12.983
791.0	1.71509718648002	40.34
791.5	1.8571204123722627	20.251
792.0	1.8173131550507953	75.167
792.5	1.2420635259924206	44.473
793.0	1.876594963813302	30.305
793.5	1.813283603907955	13.614
794.0	2.0268694621340697	91.278
794.5	2.4043917651817157	60.508
795.0	1.8895642897356768	70.65
795.5	1.8612624653236487	80.523
796.0	1.7669627034526354	50.377
796.5	2.1537328192277485	30.217
797.0	1.624055704636641	31.015
797.5	2.2732819705223557	60.567
798.0	1.4971587045108878	120.762
798.5	2.086179796850993	30.184
799.0	1.7553130220086517	30.241
799.5	2.078527248288067	42.477
800.0	1.2210555234434257	49.041
800.5	2.1140887089739153	90.504
801.0	2.576675841312606	20.12
801.5	2.2693758411346514	48.955
802.0	1.7012596971653764	60.369
802.5	1.7383025571271125	60.521
803.0	0.17252074903840647	36.865
803.5	5.412603979127155	294.112
804.0	3.1978624009546492	226.855
804.5	1.8728432632807053	54.892
805.0	1.639627089868729	50.482
805.5	2.1002917744805654	90.629
806.0	2.0781467567550016	94.201
806.5	1.671462024836573	44.573
807.0	1.8478385635894927	70.681
807.5	1.5784496085905104	64.9
808.0	1.5760967700004216	192.028
808.5	2.372094503233886	50.7
809.0	2.3306834563832077	60.714
809.5	2.2992399071678857	60.473
810.0	2.134894780665855	72.642
810.5	1.825320618660962	60.437
811.0	2.1620067414907638	80.585
811.5	1.9693830371107026	50.448
812.0	1.5510134849108608	116.545
812.5	1.6835759760057063	90.416
813.0	1.9096396719251516	70.524
813.5	2.023134503103199	50.414
814.0	0.1333329044532361	12.849
814.5	1.686215708568173	65.573
815.0	8.388923661415998	82.015
815.5	1.7121621060516554	34.964
816.0	2.26338426747143	100.719
816.5	1.451906270685544	80.729
817.0	2.385298633666686	60.863
817.5	1.9483568923280243	113.287
818.0	1.6875732448532692	40.309
818.5	1.8491157942248195	76.327
819.0	1.9255649675723183	30.216
819.5	2.0452126989901243	60.51
820.0	2.329242581314524	141.423
820.5	1.6295699584444248	35.113
821.0	1.8339998102583426	87.593
821.5	2.242360882657064	50.188
822.0	1.850102688328843	110.784
822.5	1.5771362994036564	35.083
823.0	1.8896085092807469	20.252
823.5	1.9884001901359372	60.286
824.0	1.3921515530921262	100.661
824.5	2.0094612652399917	80.788
825.0	2.2674812036412457	20.29
825.5	1.9236531529444207	101.336
826.0	2.0247802926534835	110.868
826.5	1.2530176549940062	100.568
827.0	1.7441726619877238	16.052
827.5	2.250357755028592	100.736
828.0	1.8055295499999109	40.13
828.5	1.5367433036261624	120.929
829.0	2.2047751777093514	30.215
829.5	1.866521545848492	60.271
830.0	1.4550840090207395	66.425
830.5	1.5742928655215105	60.415
831.0	1.9380026603737193	66.086
831.5	1.9448939378983703	51.202
832.0	1.8288200383466513	80.437
832.5	2.272501868584602	20.223
833.0	1.7891579505262365	110.971
833.5	2.0846054918137407	60.423
834.0	1.3723050567561248	120.787
834.5	1.8094089500526203	14.358
835.0	2.3951976976184475	20.228
835.5	1.8881804536618791	90.752
836.0	2.2016426647186753	30.188
836.5	1.764211141740845	13.243
837.0	2.4335032362613753	60.419
837.5	2.1433914642428484	30.133
838.0	1.6448364444824648	47.563
838.5	0.13143916892711735	13.385
839.0	0.1271749625781147	36.244
839.5	2.375338674421883	100.697
840.0	0.15764288396905887	33.267
840.5	0.12740130083332557	39.868
841.0	0.5735732161042515	142.142
841.5	0.4177648683161709	90.785
842.0	0.6625889740590988	80.765
842.5	0.7183979969592919	90.712
843.0	0.41876808683227323	110.85
843.5	0.6532208805328049	80.907
844.0	0.6340372287243651	61.06
844.5	0.5080438930274932	141.089
845.0	0.8691949747734754	140.952
845.5	0.8623683470030366	80.654
846.0	0.6641015881876021	60.425
846.5	0.5383714566451211	131.066
847.0	0.7677568577225561	120.802
847.5	0.6619266380105842	130.85
848.0	0.6880293454765257	40.398
848.5	0.44975514600576827	151.055
849.0	0.5374410435869512	39.092
849.5	0.613743445996853	30.22
850.0	0.5422538401870258	35.877
850.5	0.5025283836925508	31.806
851.0	0.53472159310851	110.745
851.5	0.41303731770135926	130.811
852.0	0.44798098020322863	80.612
852.5	0.45430665022156147	140.938
853.0	0.45702024568713906	110.812
853.5	0.3792588399596679	100.768
854.0	0.5998745043391913	90.648
854.5	0.47596726439823484	155.529
855.0	0.5754044890218797	50.444
855.5	0.5807649861841576	52.616
856.0	0.4379415623601795	151.137
856.5	0.7329859360891392	120.826
857.0	0.4850778970373899	47.055
857.5	0.514148016135637	50.413
858.0	0.5963183914045566	141.096
858.5	0.6675493015476427	60.502
859.0	0.5971585055010913	90.608
859.5	0.5191153402606933	45.332
860.0	0.17833651134828424	15.64
860.5	2.670790799975727	50.349
861.0	1.8977754573770034	100.682
861.5	1.493578720803257	42.205
862.0	1.706090382204123	12.44
862.5	2.313743354601957	90.167
863.0	2.0516338167198165	100.872
863.5	1.519098444114461	11.322
864.0	1.8572973874802459	30.403
864.5	1.331657499474199	76.862
865.0	2.402293709069686	356.491
865.5	1.7925575573173829	18.769
866.0	1.9018644076023385	11.102
866.5	1.5099289549252175	32.425
867.0	1.56931340636448	121.046
867.5	1.7762973634700585	80.567
868.0	2.1106500601588403	161.132
868.5	1.7438769318870266	40.31
869.0	1.9472655289521477	70.602
869.5	1.688627408873907	120.606
870.0	2.5267920801012242	60.613
870.5	0.8518211283631272	60.479
871.0	2.0113635576371736	90.563
871.5	1.6434984401404342	70.499
872.0	1.8883260773874535	26.72
872.5	1.8549302509625913	20.049
873.0	1.6810822968858798	10.643
873.5	0.12139723792464914	13.244
874.0	2.294512767486829	100.635
874.5	1.4193440695018524	100.686
875.0	2.080856613082431	100.817
875.5	1.6703445420808136	60.429
876.0	1.6492697772003464	60.42
876.5	1.848091777155229	120.905
877.0	1.6749004250031996	15.361
877.5	1.5659580886264701	40.312
878.0	1.6325216883804776	83.905
878.5	1.9435521965871496	60.458
879.0	1.8059159901189465	27.658
879.5	1.9525204413314812	34.55
880.0	1.247920266366828	40.23
880.5	1.9559110182288562	60.526
881.0	1.6301395800251242	35.873
881.5	1.2721298863183106	21.004
882.0	1.6570280305650638	90.743
882.5	2.171208830566322	60.666
883.0	1.5052488578748628	87.154
883.5	0.15494660626004264	21.974
884.0	2.3581783943755523	26.304
884.5	1.689941558003849	150.493
885.0	1.3546736678869984	100.706
885.5	2.0426808556535323	39.159
886.0	1.9007005775542196	90.507
886.5	1.976546446085423	18.342
887.0	1.8466489846147667	70.399
887.5	1.2109357366502729	30.164
888.0	1.3172721111335688	208.717
888.5	1.7555989287280305	127.746
889.0	1.214563571653723	161.815
889.5	2.134613997158809	27.184
890.0	1.2571896012122887	90.613
890.5	1.8034102816636348	50.465
891.0	1.4922940529703266	50.473
891.5	1.700015857287974	100.711
892.0	2.2580752762778094	110.844
892.5	1.50042768043806	140.913
893.0	1.5472137056543147	19.385
893.5	1.369590524697126	93.741
894.0	0.1680083035969766	60.801
894.5	1.1755678903509317	60.469
895.0	0.5959792802489982	63.193
895.5	1.576633997750949	129.972
896.0	0.570568516127829	90.645
896.5	0.6912289273592984	98.132
897.0	0.628142041311296	70.09
897.5	0.4465610844039722	120.808
898.0	0.5876854693724416	82.872
898.5	0.6226142224469859	150.971
899.0	0.5276025413671429	151.042
899.5	0.41536880262918224	46.228
900.0	0.9162930493842045	100.738
900.5	0.39663941007372555	90.762
901.0	0.7907941444855493	120.624
901.5	0.3599452792545741	120.835
902.0	0.5653510720185041	47.92
902.5	0.5660441131997705	49.044
903.0	0.4098160558603039	110.849
903.5	0.4424505164756001	49.238
904.0	0.15540625291041585	12.375
904.5	0.8043718395627565	23.897
905.0	0.13183232610165235	11.543
905.5	8.373443671670044	50.546
906.0	2.6895314502601004	50.428
906.5	2.4939311850474057	14.014
907.0	2.598041062098126	110.829
907.5	1.89847889322113	34.243
908.0	1.721344815685918	90.68
908.5	0.29904279932293654	34.787
909.0	1.649579669060819	14.316
909.5	0.7128914370842783	118.383
910.0	1.0688999285352638	44.53
910.5	0.7882293072506147	110.861
911.0	0.9625563904339133	43.078
911.5	0.8715360306683362	40.405
912.0	0.43727793497808765	133.168
912.5	1.0733664901012845	70.698
913.0	0.761234700003062	86.35
913.5	1.0480819116192945	14.921
914.0	0.9984552996508057	130.89
914.5	0.7514941341800822	110.863
915.0	0.9717766848372071	20.294
915.5	0.6317190801177024	19.024
916.0	-292295.8377624019	139688340071.024
916.5	1.3400873684196355	100.702
917.0	0.8061198406959772	40.29
917.5	0.5460456234542092	130.874
918.0	0.5843393084964625	126.833
918.5	0.6994444379686225	120.78
919.0	0.6437618754034676	40.301
919.5	0.3935421845983326	120.382
920.0	0.6745231548295915	10.328
920.5	0.5409000027128493	16.088
921.0	0.7809332926753701	11.257
921.5	0.6492397920348572	29.669
922.0	0.13154827036300465	138.819
922.5	4.9792274979527	242.219
923.0	2.560763589736879	188.215
923.5	2.9558595083117125	99.57
924.0	2.8298196020824493	160.445
924.5	1.622120163640179	70.533
925.0	2.571129122379778	80.871
925.5	2.1173769898408032	80.624
926.0	2.0767236466666703	100.617
926.5	2.8606119483650874	171.703
927.0	2.239619580746066	80.604
927.5	2.187066802652794	87.791
928.0	1.9105078373752746	27.066
928.5	2.3651051957964997	26.165
929.0	2.988480449803888	176.933
929.5	1.863903671417099	60.533
930.0	2.1165344881548505	100.684
930.5	1.8286667082249506	50.435
931.0	2.172726754609446	118.301
931.5	2.2676013143257503	121.081
932.0	2.558984591787289	87.175
932.5	2.069309912467727	91.624
933.0	1.8835156294184996	100.022
933.5	1.8961388519847822	70.172
934.0	1.4920977819370622	39.944
934.5	0.8758357025110116	28.173
935.0	1.2644380092516005	71.352
935.5	1.862098291969775	191.658
936.0	1.9094304284127475	80.694
936.5	2.4907818904994747	88.504
937.0	1.695859624392468	70.525
937.5	2.072583250083464	80.557
938.0	2.6912776005691152	60.413
938.5	1.674099252883902	111.664
939.0	1.1984982303965828	60.403
939.5	2.434474023373773	91.294
940.0	1.7254444457100815	42.856
940.5	2.065074116237293	100.979
941.0	1.5299256543806041	147.698
941.5	1.6909492432383413	192.922
942.0	1.5504522739155941	242.856
942.5	1.3981947067069447	120.912
943.0	1.8100762133811537	40.641
943.5	2.075308259778563	96.598
944.0	1.7676623111563552	90.809
944.5	2.1089125806396094	70.524
945.0	1.382779447487321	50.383
945.5	1.979250077138581	60.55
946.0	2.1254618323802523	80.758
946.5	1.8176939142510498	181.619
947.0	1.3293018308867193	232.578
947.5	1.7594105633238644	70.275
948.0	2.062700725255083	120.862
948.5	2.464412698104191	110.745
949.0	1.4908710698476626	50.449
949.5	1.5916717738256942	90.647
950.0	2.533946297756562	40.349
950.5	1.7231612214981673	70.556
951.0	1.2254849960839844	90.584
951.5	2.173416562858964	85.99
952.0	1.4385897974184687	90.653
952.5	2.21162575415723	60.382
953.0	1.740128629547679	223.596
953.5	1.9073809243113533	70.365
954.0	2.2353711479196186	49.643
954.5	1.7629138595425897	110.815
955.0	1.601653890916343	118.595
955.5	1.3667730412834196	141.009
956.0	2.129936084989369	81.075
956.5	2.6420166929969287	50.362
957.0	1.912760891993695	60.469
957.5	1.5816244190140587	86.562
958.0	1.8703679698381124	77.418
958.5	1.9186717191677438	124.148
959.0	2.1017265217535703	50.393
959.5	1.6690583929177039	111.199
960.0	2.162311033438929	90.576
960.5	1.5648783203078762	30.065
961.0	1.78215427944376	60.472
961.5	2.1472070254313835	20.143
962.0	2.4914566652189722	99.214
962.5	1.5144171140419274	87.259
963.0	2.1427730649269563	31.205
963.5	2.412961758723762	45.753
964.0	1.5696023379484367	72.061
964.5	1.8840474392346955	63.305
965.0	2.219303850818909	90.599
965.5	1.7692016024342927	80.409
966.0	1.4944304191915394	110.91
966.5	1.6611179840488486	62.235
967.0	2.378529815818467	80.494
967.5	1.802174501570093	39.47
968.0	2.2793519735086014	56.476
968.5	1.3476861519828833	125.768
969.0	1.8129424434968482	58.165
969.5	2.1826856357311613	80.552
970.0	2.2749849918670746	121.373
970.5	1.605971452253672	60.429
971.0	1.5630360596114106	70.36
971.5	1.5971775662747363	131.006
972.0	1.8379378029310771	90.725
972.5	2.4327903683685004	43.96
973.0	1.533195241123341	97.278
973.5	1.6345628903484353	83.543
974.0	1.476225862084691	114.392
974.5	1.622509287226401	227.814
975.0	2.502288814629687	505.312
975.5	2.7874191047345236	198.958
976.0	2.5636388425863257	140.999
976.5	2.0412262244416217	23.004
977.0	1.9177651800794546	141.565
977.5	2.0286909677954967	35.548
978.0	2.115058171936395	100.766
978.5	1.662254256833225	110.801
979.0	1.7048779219942714	101.007
979.5	1.8468236377339355	24.946
980.0	1.6281145794954999	141.068
980.5	1.5041248056136436	80.308
981.0	2.6363722490256505	161.493
981.5	1.923508433610081	105.85
982.0	2.1926112660536137	154.375
982.5	2.0615627573829647	25.914
983.0	1.3940621844219236	128.798
983.5	1.5756369368007777	131.062
984.0	1.777114118371243	80.615
984.5	1.9230852034746213	21.587
985.0	1.814479438598285	80.857
985.5	1.7702146204867613	104.969
986.0	2.55876205768166	158.279
986.5	1.538089396809318	130.962
987.0	2.1638292814201585	14.047
987.5	2.721818169430714	141.558
988.0	0.9419222706400447	84.421
988.5	1.7332949259468227	60.473
989.0	1.6988671991234856	83.892
989.5	1.895966949416087	120.945
990.0	1.851876384731397	131.858
990.5	1.944788999788502	151.577
991.0	1.5906774588869186	61.113
991.5	2.339145102223362	73.569
992.0	1.0673017957667652	60.501
992.5	1.7519947875989716	66.379
993.0	2.061398717903541	84.337
993.5	2.086549746371157	50.48
994.0	1.6138200175331778	92.785
994.5	1.6243649364982133	60.465
995.0	1.9483644310111243	282.566
995.5	2.722869069623262	110.73
996.0	1.4911724521452727	82.823
996.5	2.1200476614550907	50.175
997.0	1.93660917270765	130.87
997.5	1.9735901774075886	123.989
998.0	2.404862027806702	80.622
998.5	1.3324740444609449	110.746
999.0	1.8138648449089672	80.575
999.5	2.2113197714599204	86.115
1000.0	1.5471181165453054	98.541
