0.5	0.12914623385610885	16.611
1.0	2.127600860965979	159.976
1.5	0.7102044923868823	100.73
2.0	0.1329468401019107	8.983
2.5	4.325553561972705	60.309
3.0	0.9458174354799764	14.623
3.5	0.17870558717290422	30.531
4.0	2.1653878062000027	14.162
4.5	0.1352323745890995	8.492
5.0	3.23333655804898	11.408
5.5	0.12360372145656975	93.812
6.0	0.13924620429334922	18.941
6.5	7.2206802743042475	100.562
7.0	1.6857153710332196	50.539
7.5	1.923832966586583	60.318
8.0	1.5537498478963838	32.72
8.5	2.132099079138162	94.995
9.0	1.8691008355182275	20.131
9.5	1.401351647153225	20.207
10.0	1.7884549824217117	50.171
10.5	2.260236676041029	70.564
11.0	1.9004192717111692	96.974
11.5	1.9560114346023618	80.492
12.0	1.429531240137973	150.534
12.5	1.5051170912720835	80.504
13.0	1.6412556582971507	19.97
13.5	1.6789742388350635	30.302
14.0	1.6038603929376425	20.213
14.5	1.5377471746912585	60.373
15.0	1.7303237323581468	80.461
15.5	1.6738638026355126	50.277
16.0	1.725058381528111	90.584
16.5	1.7860201227614934	26.633
17.0	2.022876150654798	50.473
17.5	1.4411975468370666	130.749
18.0	1.6985222536118687	70.383
18.5	1.4921131078019352	20.139
19.0	1.4270334092010961	20.346
19.5	1.3649537549124335	80.6
20.0	1.7126797191767646	13.508
20.5	1.6403815596242761	110.902
21.0	1.932469325807621	12.238
21.5	2.4527312160005477	75.87
22.0	1.7219283413542636	100.709
22.5	2.257125998178485	110.773
23.0	1.9963539306030744	60.326
23.5	1.419246608116889	70.44
24.0	1.9291159065947647	70.5
24.5	0.16913990170270976	17.495
25.0	2.2741669417600585	50.535
25.5	2.056005177405633	25.512
26.0	1.6031888901837459	89.392
26.5	2.134694663532335	80.404
27.0	1.4353020089805517	31.792
27.5	2.0111806440042925	120.747
28.0	1.547882707539902	60.385
28.5	1.6206628902467102	130.84
29.0	1.920314493012087	40.173
29.5	1.4105238646756448	90.654
30.0	1.7737473113257105	80.537
30.5	1.9633140530122324	100.475
31.0	1.591231009872919	9.857
31.5	2.0339073609946405	30.194
32.0	1.4899931363614265	10.287
32.5	2.08876352858318	12.641
33.0	1.5683358104390612	120.682
33.5	1.9008195222681947	80.517
34.0	1.8896540801301251	60.011
34.5	1.2796182064694064	41.607
35.0	1.650243492253659	10.059
35.5	1.3071878649610713	138.621
36.0	1.967980956068703	12.122
36.5	1.6954030629161843	30.204
37.0	1.876511349546588	14.009
37.5	1.3819226031608525	11.603
38.0	1.947054563326667	121.032
38.5	2.031701561232443	90.492
39.0	2.390939725473921	104.589
39.5	1.81415582835243	130.937
40.0	1.7917763440314867	90.439
40.5	1.991138247341458	64.475
41.0	1.7984672657408147	70.467
41.5	0.17439500467925698	10.938
42.0	9.099512010611276	10.291
42.5	1.4983907575246957	50.413
43.0	2.0300160401116303	19.97
43.5	2.023529912374906	50.385
44.0	1.2362533349014138	8.737
44.5	2.615260296659105	70.433
45.0	1.73887583666675	100.732
45.5	1.5502063787481353	29.602
46.0	2.199611878422369	20.139
46.5	1.5438924859358458	70.543
47.0	1.8898067199064108	50.444
47.5	1.2679750979268527	70.562
48.0	1.928170567811447	42.855
48.5	2.5745259251257937	20.262
49.0	1.7359796563396555	75.481
49.5	1.8396894403410182	130.768
50.0	1.8217598394758918	80.431
50.5	1.7899665014390476	60.349
51.0	2.443788817601998	70.809
51.5	1.5903489599289387	20.208
52.0	1.7408270858868844	69.585
52.5	1.898244726616364	27.033
53.0	2.2496146731561666	20.188
53.5	1.5832049205808212	20.358
54.0	1.7569600388179745	11.034
54.5	1.5734352251442723	60.047
55.0	1.5788805073516166	12.539
55.5	1.9877957003042261	30.152
56.0	2.19030550670117	20.421
56.5	1.7220943350579008	10.622
57.0	2.2576560456167774	100.192
57.5	1.9540045952807974	20.089
58.0	2.0095971490895863	100.418
58.5	1.8191133560225554	80.5
59.0	1.6888515629747622	110.836
59.5	1.7458676574440135	80.549
60.0	2.204240428976102	19.994
60.5	1.7420464345210074	60.441
61.0	2.3593257646698356	50.285
61.5	1.88985952153675	8.637
62.0	1.6782701593407698	60.421
62.5	1.9525253815803212	50.366
63.0	1.5501094962583857	30.167
63.5	1.6428179559323972	50.214
64.0	1.8358084231768275	90.541
64.5	1.9735857751333223	20.234
65.0	1.8640238126440194	90.577
65.5	1.9391565892255436	120.927
66.0	2.189859558595467	129.852
66.5	1.634869504317128	90.705
67.0	0.14495309059842476	8.717
67.5	12.364976794831717	10.492
68.0	2.0969729097494185	50.629
68.5	1.420152879232966	30.212
69.0	1.7503697741146924	110.636
69.5	2.2910924863834405	20.226
70.0	1.8508715582582052	130.937
70.5	1.9810217163850279	70.466
71.0	1.8982993093256915	70.347
71.5	1.8268333767216434	120.645
72.0	2.2351591930808685	60.406
72.5	1.7038972572669207	30.097
73.0	1.9375012156761582	110.696
73.5	2.0584960835329733	9.134
74.0	2.3565381175855658	20.115
74.5	1.4454148155736557	13.497
75.0	2.270809800206003	40.351
75.5	1.6410708294769452	102.935
76.0	2.2579616172254	90.789
76.5	1.6609197461504712	110.57
77.0	2.3776653240836154	50.239
77.5	1.6977315082894	80.656
78.0	1.6928643890188497	31.931
78.5	2.2258241410065773	20.218
79.0	1.4630147442954062	47.737
79.5	1.5969453308121382	11.216
80.0	1.7402296191196063	50.426
80.5	2.1135078764316977	70.396
81.0	2.3323831537572377	40.198
81.5	1.9591384142824162	90.508
82.0	1.8949660662609589	91.742
82.5	1.7473505060708592	221.929
83.0	1.7169791908414798	70.598
83.5	1.8970624966636613	70.363
84.0	2.0789496322555183	80.605
84.5	1.6513750192837255	100.575
85.0	1.9971435695513318	30.22
85.5	2.0291731326080216	61.216
86.0	1.9351411926734836	84.183
86.5	1.5558643710280167	90.637
87.0	1.7492376236673943	20.234
87.5	1.9116139720729963	140.85
88.0	1.5151170430167311	80.214
88.5	2.1471924750728717	20.211
89.0	0.13690461475770907	24.947
89.5	8.559315812812534	80.688
90.0	1.7250374977389578	111.017
90.5	1.9007704515408832	70.583
91.0	1.8202258247173906	54.365
91.5	2.1489491948203794	41.089
92.0	2.0799187420414276	8.083
92.5	2.391107958510273	110.764
93.0	1.7686785319941223	39.169
93.5	1.8119615328610637	20.089
94.0	2.275220523429852	80.408
94.5	2.0745211369148815	80.291
95.0	1.8116272319677311	30.248
95.5	2.302135827304016	8.3
96.0	1.7383933154900981	31.335
96.5	1.8774672371416896	99.714
97.0	2.1702077073662123	9.869
97.5	1.6729311843654597	63.521
98.0	1.7103565249011403	80.606
98.5	1.8589041822753976	20.056
99.0	1.4138893078585522	80.652
99.5	2.0493043745235364	9.004
100.0	2.412331994503882	19.104
100.5	1.5897682598546676	79.186
101.0	2.250816440111972	80.519
101.5	1.8074751119466372	30.206
102.0	1.4755587434331983	30.463
102.5	1.622637494488321	30.21
103.0	1.4915385347311754	30.12
103.5	2.0061064205456005	50.266
104.0	2.0589185736919955	60.276
104.5	1.4673649713656185	60.359
105.0	1.2858618894796054	37.615
105.5	2.0573062034566925	39.148
106.0	1.6226595355498616	70.31
106.5	2.4921567098789614	80.985
107.0	2.0645594638754945	111.232
107.5	2.3233111674362372	59.638
108.0	0.12334487547405851	47.36
108.5	2.984507924635097	150.546
109.0	2.6576672613617234	50.314
109.5	1.235200513151033	50.436
110.0	1.552051243228196	50.524
110.5	0.14169827475188487	14.889
111.0	0.15450164203973596	15.195
111.5	7.16553536951602	100.682
112.0	1.9177898043622417	127.317
112.5	2.8195184107230298	37.672
113.0	1.3509444745470758	100.722
113.5	2.1000483968968555	40.138
114.0	2.187378876368945	50.453
114.5	2.8266658600825756	100.743
115.0	2.0188547879673244	127.832
115.5	2.309895708733422	100.807
116.0	1.990083773859544	93.417
116.5	1.2708879289162152	41.943
117.0	1.8775148598504858	87.311
117.5	2.3217577451528584	119.973
118.0	2.6446520299409007	65.936
118.5	2.3155031910430033	50.447
119.0	2.028020985548173	60.459
119.5	2.4123143523983703	25.932
120.0	1.9161791955962175	70.529
120.5	2.678542800491281	40.156
121.0	2.4449851660482893	67.917
121.5	2.1896977284958283	130.999
122.0	1.6974758047721217	15.556
122.5	2.193899691241246	15.38
123.0	1.9388607228804	55.052
123.5	1.5533026709689515	70.531
124.0	1.6639841707009466	106.287
124.5	1.5067315338994252	17.677
125.0	0.15736803389002718	19.257
125.5	0.17740561214789566	8.413
126.0	6.213422586828157	100.824
126.5	0.1603441521481916	139688372830.832
127.0	0.16677925573354074	18.375
127.5	1.3303433642297828	80.585
128.0	0.12948972508508336	121.841
128.5	4.7748203336246	88.95
129.0	1.9319426250143708	70.564
129.5	2.3816859893672597	14.709
130.0	2.309052088652023	80.113
130.5	2.15896618645559	21.602
131.0	2.102602290685624	70.422
131.5	1.5723329569849158	120.768
132.0	1.7256663649870803	15.907
132.5	2.4562758383268988	20.236
133.0	2.624028571147784	20.497
133.5	2.231549926212425	14.963
134.0	2.469321696157758	60.342
134.5	1.8146794022821147	110.774
135.0	2.1287918524855742	34.955
135.5	1.660902708651506	50.412
136.0	2.702961963185902	60.273
136.5	2.8364202759880284	60.512
137.0	2.5827978845696227	18.215
137.5	2.765971334422848	60.449
138.0	0.9121345325140441	14.994
138.5	2.2075072717481317	120.948
139.0	2.084083051548818	80.512
139.5	2.0760971548040033	15.57
140.0	1.5115159596260923	80.547
140.5	1.4402274663269692	50.315
141.0	1.9571363311095453	65.276
141.5	1.840058933895286	50.416
142.0	2.1623134223773453	107.876
142.5	1.7738238617662698	58.658
143.0	1.9949047641830167	18.375
143.5	1.8645645166116034	40.229
144.0	1.9922305527452235	90.581
144.5	1.7966727543110077	61.285
145.0	1.9237607124833283	100.808
145.5	2.2028661816514328	80.454
146.0	2.421180739645607	131.04
146.5	1.4567903469226817	27.642
147.0	2.071422645401592	17.388
147.5	2.3080748954282946	60.344
148.0	1.9430872309414973	20.275
148.5	1.9112420477283274	110.712
149.0	1.8388919945762172	18.875
149.5	2.3808371077473156	72.669
150.0	1.8699168050234791	90.749
150.5	2.0585268089100275	70.542
151.0	1.4563390865898234	120.685
151.5	1.9790900447936988	80.422
152.0	1.722984421315296	150.626
152.5	1.1887228928016684	34.913
153.0	1.8259565122945038	15.88
153.5	1.9675824435275202	36.467
154.0	2.2689341365285816	95.995
154.5	2.042123010806199	60.392
155.0	2.1605759480432893	34.295
155.5	2.3252711808862467	20.14
156.0	1.5472987918693946	75.126
156.5	1.6454480896707901	76.418
157.0	1.9972391889616665	80.442
157.5	2.3301396772810485	20.274
158.0	1.8438603594659506	17.256
158.5	1.793126271750667	60.156
159.0	1.6963489523561477	90.732
159.5	2.2485300373046075	41.665
160.0	2.295050219528897	50.335
160.5	1.4379762848261892	90.855
161.0	2.0298073436606576	36.072
161.5	1.7496617367397114	80.476
162.0	1.3479905879669687	60.454
162.5	1.3351117274997826	16.473
163.0	2.3191650130626966	50.251
163.5	1.8313467318286427	15.674
164.0	1.52981997359088	80.587
164.5	1.8630170402446793	60.434
165.0	1.621311741843087	100.619
165.5	2.393545617124962	20.066
166.0	1.5830896095905311	60.559
166.5	1.6521803349549529	60.39
167.0	2.164279624780209	80.437
167.5	1.586035069808356	117.749
168.0	1.5381459185544892	140.711
168.5	1.8028171047134791	107.89
169.0	1.120919146408243	110.747
169.5	1.6136117805146102	70.545
170.0	1.9721941375903038	92.644
170.5	1.7927386277781376	80.542
171.0	1.3767631951800574	80.65
171.5	1.171280515161104	130.857
172.0	1.5289559447778098	62.283
172.5	2.3179537225174998	117.192
173.0	1.4237810512124955	79.408
173.5	1.8478664856329023	40.342
174.0	1.953174110537661	80.262
174.5	1.4024903220605018	70.647
175.0	1.6656313238114469	120.758
175.5	1.3003793160803068	70.379
176.0	1.473518361679041	60.408
176.5	1.458887576457913	100.117
177.0	1.05686636522747	90.557
177.5	1.2919389032220696	84.408
178.0	1.7870238510717387	130.765
178.5	1.655227907999367	110.624
179.0	1.482091130576647	120.743
179.5	1.3000242160682105	40.412
180.0	1.0969198953067854	106.395
180.5	1.6846008564997006	90.967
181.0	1.1733777250879294	70.621
181.5	1.2557190327146013	80.814
182.0	1.5113862876375377	60.379
182.5	1.2868818134427098	80.505
183.0	1.294180818085069	110.619
183.5	1.6794820552519554	38.962
184.0	1.473890735415804	70.661
184.5	1.6081511325003366	80.372
185.0	1.5258020307064253	70.5
185.5	1.520976442464559	98.587
186.0	1.5578592673175566	80.46
186.5	1.320589392571249	88.877
187.0	0.9534714703711763	100.733
187.5	1.8626995520761862	46.596
188.0	1.651755691681722	80.562
188.5	1.8151962521493037	70.677
189.0	1.3036526516319766	160.868
189.5	1.6300205862531205	117.337
190.0	1.5784049547855734	60.646
190.5	1.4319593982398173	60.376
191.0	2.0153292407651637	60.187
191.5	1.8469979664368121	100.661
192.0	1.5998867251496405	40.628
192.5	1.2990392122994234	80.624
193.0	1.1062400508174461	130.724
193.5	1.7142034647122864	70.57
194.0	1.5710456551502712	98.9
194.5	1.5218226307201703	123.791
195.0	1.371269670776234	109.094
195.5	1.4473558263844493	33.201
196.0	1.3191179095657735	110.662
196.5	1.300382482636707	50.51
197.0	1.5054163910583411	118.097
197.5	1.1797774424986351	80.702
198.0	1.1245919469068932	138.273
198.5	0.9898329258155023	93.083
199.0	0.5372151048546283	138.676
199.5	2.763677958997974	70.845
200.0	1.3932725613594301	50.397
200.5	1.3483816727808406	80.455
201.0	1.3963840416153552	110.7
201.5	1.679842686532404	80.472
202.0	1.7862685703175945	28.072
202.5	1.8319600166557872	130.806
203.0	1.7280198912322464	108.095
203.5	1.6205444380996366	50.493
204.0	1.9557324813533652	80.575
204.5	1.6857928389199162	100.546
205.0	1.56246330334823	100.57
205.5	1.776355030116031	56.821
206.0	1.875826629552456	162.152
206.5	1.7712107083647628	151.12
207.0	1.2548100601301122	80.589
207.5	1.4513654688581787	113.082
208.0	1.6737398488825164	45.911
208.5	1.422091099209451	60.666
209.0	1.6008280979177563	120.854
209.5	1.4615061525724737	69.881
210.0	1.3378023248051598	62.649
210.5	1.5823211049956876	90.688
211.0	1.6539219586190081	63.701
211.5	1.566000127036409	141.352
212.0	1.3789035466934945	69.836
212.5	0.8337180163892599	36.534
213.0	2.049827974173429	70.512
213.5	1.8384104125261336	83.845
214.0	1.258851275600052	80.512
214.5	1.687701066063109	114.21
215.0	1.2649490657460971	110.626
215.5	1.7878079697672984	42.924
216.0	1.4065740955826143	47.406
216.5	1.9254802849945325	32.25
217.0	1.4642613978799202	128.103
217.5	1.4625758296923659	59.957
218.0	1.7198930543028113	60.592
218.5	1.6028928991738534	90.438
219.0	1.2661413382117643	50.423
219.5	1.6138470862473204	70.295
220.0	1.2549179862212423	60.396
220.5	1.7638462205351049	71.05
221.0	1.6330758335186222	34.187
221.5	1.9724975671034761	80.557
222.0	1.3049373767913561	104.637
222.5	1.6465667493132774	80.5
223.0	1.4731631651452906	114.667
223.5	1.5339522298459143	120.637
224.0	1.4440891293363687	100.768
224.5	1.7701851910438093	100.73
225.0	1.8649853032149173	90.418
225.5	1.7958736540646607	88.101
226.0	1.3912144331260579	70.517
226.5	2.001423907941621	116.5
227.0	1.6030380005340392	70.462
227.5	1.6109879259246458	50.418
228.0	1.5975557611658138	49.866
228.5	1.5479595616587833	130.909
229.0	1.761742421440147	130.756
229.5	1.5172300537522223	130.797
230.0	2.0701234978072187	70.464
230.5	1.6891747581694112	110.644
231.0	1.8927097309972658	120.877
231.5	1.1689371274790963	61.785
232.0	1.7545562521139244	80.546
232.5	1.8011605726811595	90.664
233.0	1.1077726978424067	114.488
233.5	2.3788480414264743	118.506
234.0	1.4938306182104224	140.724
234.5	1.9446234496495884	46.72
235.0	1.2474320006351605	80.552
235.5	1.9095669214771425	161.447
236.0	1.4048508828633033	151.891
236.5	1.5755765476657306	126.129
237.0	1.8434315932012066	29.993
237.5	1.9339498504950545	110.638
238.0	1.3503921909364753	29.003
238.5	1.8677930642950653	47.175
239.0	1.3433849072909936	141.081
239.5	1.796921592474846	63.682
240.0	2.0155431663566317	108.651
240.5	1.7486007984857563	108.264
241.0	1.2302016365581734	70.467
241.5	1.6772885051576276	70.267
242.0	1.4810283832310622	110.765
242.5	1.8718091523472329	80.388
243.0	1.2705280515111197	141.011
243.5	1.5745688190930398	121.283
244.0	1.6004852469638846	50.362
244.5	1.8804436416875137	70.524
245.0	1.4355599683321385	105.614
245.5	1.3842161888404465	29.532
246.0	1.5252783900864115	60.397
246.5	1.5520860595492685	70.542
247.0	1.2390102273412835	60.754
247.5	1.4112083342634394	130.815
248.0	1.438404223296305	110.667
248.5	2.015942689716331	121.031
249.0	1.6068054134560523	80.582
249.5	1.4344340881431854	110.754
250.0	2.086235647727988	120.653
250.5	1.3986022669971363	130.823
251.0	1.9383906901261412	80.603
251.5	1.4610108161315978	54.158
252.0	1.575936857489834	151.206
252.5	1.2407809606026892	60.437
253.0	1.6397303405019272	88.976
253.5	1.9309928355957575	121.102
254.0	1.9762934818457998	75.725
254.5	1.7404887229284238	100.59
255.0	1.6625193043293718	40.62
255.5	1.7020376781260094	60.303
256.0	1.4494878168009862	100.615
256.5	1.4831547328373238	120.735
257.0	2.1106042833898537	110.86
257.5	2.1025421956693164	51.547
258.0	1.781195466793359	87.175
258.5	1.8355052427128709	70.616
259.0	1.9046079567802723	80.553
259.5	1.5361724644005073	80.677
260.0	1.2497370532051673	60.367
260.5	1.906883898357063	60.483
261.0	1.6549950636341904	144.813
261.5	1.8177168068353546	100.862
262.0	1.6574509637170034	120.774
262.5	1.383369028767514	80.624
263.0	2.0677602830955455	49.751
263.5	1.7648002975760355	50.622
264.0	1.495056206263836	60.367
264.5	1.4702805481181396	113.773
265.0	1.6018354471309608	90.362
265.5	1.2094268794497567	70.427
266.0	1.5277928024627372	97.304
266.5	1.2214341692570803	63.617
267.0	2.306180982767577	70.675
267.5	1.232265609573849	80.469
268.0	1.5842283208985346	70.611
268.5	1.9572916271250276	60.449
269.0	2.2099602909829885	70.28
269.5	0.7037612009109819	41.103
270.0	1.8591161161300747	70.465
270.5	1.6072436285319398	140.785
271.0	1.3260840504084679	70.453
271.5	1.7372290057315034	70.639
272.0	1.4911995567852645	140.871
272.5	1.3759635604620233	138.774
273.0	1.6198173561705052	122.737
273.5	1.7422244558580582	46.708
274.0	1.8219110549770376	130.956
274.5	1.8273911390298008	80.429
275.0	1.3559231624806574	60.421
275.5	1.777438315421487	90.728
276.0	1.567486211987937	80.661
276.5	1.2111443950974172	120.655
277.0	1.2615345976967756	28.54
277.5	1.3696522259113535	43.705
278.0	1.7252800580085517	80.852
278.5	1.682432228734529	41.683
279.0	1.5836154436473266	117.141
279.5	1.365680485528606	31.312
280.0	1.744466070098328	107.294
280.5	1.810910364956731	51.371
281.0	1.7360285279091394	70.583
281.5	2.1608750145467974	60.286
282.0	1.75637481600579	110.613
282.5	1.3784919114365626	80.62
283.0	1.7560092974064225	84.776
283.5	1.4378121904755794	118.653
284.0	1.9460472458568079	110.964
284.5	2.029282069385924	73.978
285.0	1.2597817436648626	50.584
285.5	1.4174787242109406	80.603
286.0	1.861643675891448	112.433
286.5	1.4535239255091783	40.25
287.0	1.4437460271575424	110.654
287.5	1.9751341434925396	64.804
288.0	2.01409213226458	80.38
288.5	1.6245415720481864	70.625
289.0	1.3943515280326644	60.724
289.5	1.575010016710561	64.43
290.0	1.4480928169246867	65.361
290.5	1.9077714437424687	42.865
291.0	1.3964178627646098	67.983
291.5	1.6924431064158023	120.671
292.0	2.027106115394609	120.795
292.5	1.3261823055211222	122.031
293.0	2.0427066194764727	141.172
293.5	1.581560483171554	70.445
294.0	1.3857056601445266	90.499
294.5	1.6892220682814862	39.901
295.0	1.3451095590572495	100.627
295.5	1.799904400613689	48.625
296.0	2.1341917329751516	50.348
296.5	1.8511344937927805	90.578
297.0	1.725367235425972	60.399
297.5	1.8649453902914837	55.513
298.0	1.4340545077181137	100.609
298.5	1.749305348017639	102.756
299.0	1.510133540397289	110.666
299.5	1.7612899821251806	120.66
300.0	2.0285775159474677	84.759
300.5	1.3604922783526703	82.284
301.0	1.5306545063308739	60.366
301.5	1.7282438047104198	140.744
302.0	2.1964221179649868	140.475
302.5	1.2102840331327438	90.72
303.0	1.3703713163719293	75.631
303.5	2.0751823523817583	69.678
304.0	2.112252854388844	44.691
304.5	1.2602503897873238	59.259
305.0	1.2648895673513318	100.77
305.5	1.73642412643408	48.491
306.0	1.8234099405887436	60.412
306.5	1.4036949083315293	68.352
307.0	1.9203334808800328	83.808
307.5	1.1343113506150917	128.187
308.0	2.163471457619007	41.945
308.5	1.4613660109867246	118.026
309.0	1.6317443952626656	120.902
309.5	1.950522020114659	120.909
310.0	1.300724822761597	131.023
310.5	1.6706041788430934	50.337
311.0	1.6621191048651034	46.755
311.5	1.5379481554812497	130.955
312.0	1.468559333936587	110.538
312.5	1.33193940539388	140.928
313.0	1.231880271315597	44.992
313.5	1.8800165521157173	129.879
314.0	1.8777427667118944	100.817
314.5	2.03903743850256	70.555
315.0	2.47601662566985	102.845
315.5	1.4241462492330261	110.95
316.0	1.3434971373932745	102.936
316.5	1.7317471886030043	120.975
317.0	1.5631809565065373	61.876
317.5	1.4194629476010951	97.296
318.0	1.6715206821471442	112.09
318.5	1.570525194933771	90.53
319.0	1.995784702812715	102.508
319.5	1.2081311779465054	60.298
320.0	1.6006347025248844	41.811
320.5	1.2391498240504766	127.278
321.0	1.4742333617694088	140.805
321.5	1.394641518505122	56.05
322.0	1.8694271123128567	150.998
322.5	1.7718545265709067	80.48
323.0	2.2300416729698442	60.051
323.5	1.0330453261797141	113.427
324.0	1.6913615749372646	37.607
324.5	2.3932909607694337	112.691
325.0	1.679215222188524	26.402
325.5	1.1519763724006402	141.378
326.0	1.9212480388349418	116.072
326.5	1.3485440170662586	110.7
327.0	1.4284186989793781	166.376
327.5	1.2820015644250107	59.744
328.0	1.370788210957824	74.792
328.5	1.749025312204888	59.596
329.0	1.3809607335428937	64.113
329.5	1.0815262151301044	59.041
330.0	1.8667975745014835	50.25
330.5	1.5301017190100985	120.677
331.0	1.203192250942228	100.675
331.5	1.5763036461371038	80.556
332.0	1.1390694018141425	111.276
332.5	2.0034135917160887	60.403
333.0	1.1542838557227364	141.042
333.5	2.138273496685114	143.984
334.0	1.678705406898998	69.086
334.5	1.39495686948677	122.751
335.0	1.5019578116617236	50.24
335.5	1.386204445075149	80.526
336.0	1.9920370017100864	108.538
336.5	1.2052935462074903	80.569
337.0	1.2332614527541612	70.6
337.5	1.6805922492402483	53.529
338.0	1.2514496252908625	47.456
338.5	1.7962854453726433	100.953
339.0	1.2025789465591121	50.621
339.5	1.270269938140958	90.505
340.0	2.046644776122898	80.602
340.5	2.2267507230101806	80.62
341.0	1.5360253453251766	65.877
341.5	2.407232152272158	29.811
342.0	1.7069515901180816	112.321
342.5	1.941836130118135	110.73
343.0	1.3588903376116601	102.845
343.5	1.5673282175428505	80.726
344.0	1.484994978968912	90.524
344.5	2.0092558567852206	84.006
345.0	1.164289655342367	88.704
345.5	1.5519010894905476	70.494
346.0	1.5231666569901776	119.596
346.5	2.0605545546730952	131.008
347.0	1.5572098224948971	80.735
347.5	2.1385196253120626	50.584
348.0	1.489594718537293	68.7
348.5	1.7091677803915484	122.811
349.0	0.1689156165581622	91.804
349.5	2.9367490710724464	101.888
350.0	1.1359899426269016	120.749
350.5	1.1332609023711309	120.724
351.0	1.2823568771718479	100.728
351.5	1.9540411992227102	80.645
352.0	1.2397590686798683	110.716
352.5	1.77915533990838	100.82
353.0	1.432023909783797	130.918
353.5	2.093577064165808	161.028
354.0	2.0470861866037855	122.93
354.5	1.738307628327171	140.76
355.0	1.980231913996538	102.793
355.5	1.5287672101672236	137.2
356.0	1.808957624698342	101.286
356.5	1.3965035255056484	80.373
357.0	1.971349265874552	50.295
357.5	1.4962145341497224	80.395
358.0	1.5500445261253482	30.921
358.5	1.5123260073833074	66.188
359.0	1.7911011689025662	121.215
359.5	1.8020612716342441	90.735
360.0	1.4025172075120311	81.071
360.5	1.7186219674069618	110.658
361.0	2.1676740870519957	126.973
361.5	1.435170139096421	63.578
362.0	1.4490821196392578	120.599
362.5	1.512701463941805	50.364
363.0	1.3223190525693325	90.658
363.5	2.0014384546416126	100.39
364.0	1.3066469703371257	80.574
364.5	1.6681829140042754	101.591
365.0	1.7761681279009602	25.013
365.5	1.3913732843124968	131.198
366.0	1.4646917870402258	60.511
366.5	1.5968324745836864	80.605
367.0	1.6336461492642447	130.914
367.5	1.7819192413193001	50.252
368.0	2.0427030916873563	100.648
368.5	1.718527356678772	110.692
369.0	1.6496507536204974	70.536
369.5	1.8144650700138223	40.383
370.0	1.5339501388312677	110.649
370.5	1.449965946362415	80.534
371.0	2.1086446353664523	65.133
371.5	1.6524297879720855	132.794
372.0	1.4769404872190446	60.567
372.5	1.955404610611846	62.326
373.0	1.8512925178229418	100.96
373.5	1.9750862043978217	101.237
374.0	1.6305986135099149	130.915
374.5	2.1036957122617883	120.132
375.0	2.103202244733651	52.721
375.5	1.0062516687226433	130.942
376.0	2.0836795147515654	53.878
376.5	2.0284643198848076	127.252
377.0	1.8481507554758594	60.444
377.5	1.4761512613691732	100.724
378.0	1.917093556875737	100.631
378.5	1.5136114720406768	116.127
379.0	1.7099186791241583	151.065
379.5	1.6741434806156938	70.353
380.0	1.5053369021058844	109.92
380.5	2.098949423781959	120.939
381.0	1.5572604341212684	99.589
381.5	1.508317900338784	130.921
382.0	1.7300467597076157	130.671
382.5	1.4463693665072546	30.865
383.0	1.6809830751672592	35.04
383.5	1.6001777113567321	130.884
384.0	1.9967739030803748	110.74
384.5	1.6022370835642628	90.507
385.0	1.479673178223888	111.006
385.5	1.146895833118572	140.832
386.0	1.4461169689946178	70.476
386.5	1.5695069612152086	70.572
387.0	1.4872199668694284	60.753
387.5	1.926857496781305	74.144
388.0	1.6760401471386748	60.389
388.5	1.2375171905002804	83.63
389.0	1.3004582831540825	80.639
389.5	1.9890153219447673	70.471
390.0	2.199634899352912	110.256
390.5	1.2491913314297522	44.748
391.0	1.7537743748274746	110.688
391.5	1.999147578664896	123.037
392.0	1.9276002984504808	131.076
392.5	1.2061917288891326	50.98
393.0	2.071983221844508	110.77
393.5	1.5239002912972244	110.675
394.0	1.7494497628720345	61.286
394.5	1.8704032398914843	100.487
395.0	1.9898738177427495	81.725
395.5	1.3268830601545136	47.285
396.0	1.115141877020702	120.788
396.5	2.3545867725471537	107.116
397.0	1.35614826096454	110.597
397.5	1.7666987265411742	110.504
398.0	1.1634192571200803	111.287
398.5	1.597292713307535	117.963
399.0	1.915675975709531	130.824
399.5	1.591499696964167	60.652
400.0	1.4172815124624651	110.794
400.5	1.3508841132354399	62.922
401.0	2.3873470487064936	161.409
401.5	1.0938638883504554	130.89
402.0	1.6028591543224515	80.574
402.5	1.5327495873014407	110.671
403.0	1.7507838543378929	54.369
403.5	2.2014612581081527	153.801
404.0	1.2043705078331246	100.663
404.5	1.487570425022954	107.675
405.0	1.3490120871971485	80.532
405.5	1.5419947282325135	130.969
406.0	1.8291095248582199	50.345
406.5	1.6293279307803477	140.75
407.0	1.9116740119308882	124.059
407.5	1.5753391353784687	89.13
408.0	1.9334638149711885	53.617
408.5	1.810783216306141	58.039
409.0	1.9013140065000842	58.199
409.5	1.1933699351411653	143.673
410.0	1.743708516658313	120.88
410.5	1.48409008928288	80.621
411.0	2.339020425257784	107.82
411.5	1.399118447318577	120.731
412.0	0.7070470334269213	31.337
412.5	3.7412233041084035	108.916
413.0	1.4063551286361768	95.769
413.5	1.2618975828112373	78.792
414.0	1.4518890438550984	80.661
414.5	1.7694266340692015	110.897
415.0	1.7945557801736096	131.349
415.5	1.600681409809503	110.688
416.0	1.7067293343745367	140.928
416.5	1.9144269894719934	34.932
417.0	1.5861127991948452	110.753
417.5	1.446977553614648	110.638
418.0	1.352861998846207	110.968
418.5	2.1546032002435895	83.289
419.0	1.503057735125716	80.54
419.5	1.5153818338614387	112.839
420.0	1.5224896391609222	97.342
420.5	1.4081722947731525	69.814
421.0	2.217454194858157	100.833
421.5	1.8518582126675476	48.858
422.0	2.115667999288263	92.972
422.5	0.8801188243681228	116.065
423.0	1.5633930963479437	120.817
423.5	1.889664652391094	80.405
424.0	1.9471655754266775	90.493
424.5	1.1841664611155205	85.537
425.0	1.294150566308598	110.645
425.5	1.6835428800642072	140.774
426.0	1.7417731069117521	80.974
426.5	1.6614904059920912	50.289
427.0	1.8455833048041026	36.916
427.5	1.8695303048028862	150.993
428.0	1.8812344547482696	106.896
428.5	1.486700207174522	30.272
429.0	1.4348750904195788	100.629
429.5	1.6473902890077758	80.58
430.0	1.5566423624821624	130.744
430.5	1.7860857594568018	58.056
431.0	1.8590638252097762	41.35
431.5	1.7252805120220023	35.569
432.0	1.6418217773446921	52.444
432.5	1.238467069502249	104.143
433.0	1.2721852733533392	60.439
433.5	1.8817297875817522	140.863
434.0	1.34106146565459	62.848
434.5	1.2050416731241662	80.382
435.0	1.492568746819076	103.893
435.5	1.2674388332900903	136.982
436.0	1.0843865879795496	114.345
436.5	2.0539540645234213	60.282
437.0	1.3404979288009444	60.412
437.5	1.6987008384994917	110.474
438.0	1.4418879464166545	57.342
438.5	1.8266667177321987	120.694
439.0	1.520050678014371	36.915
439.5	1.2910999356372381	161.048
440.0	1.7419120171315086	70.606
440.5	1.7736793831466644	80.603
441.0	1.6051795557488728	131.11
441.5	1.9328843902518156	120.45
442.0	1.8740454078585884	140.948
442.5	1.4495998079739423	140.889
443.0	1.7343584862080703	100.625
443.5	1.4425383851736817	58.281
444.0	1.698502755124558	109.636
444.5	1.6351550014455032	65.602
445.0	1.3183998608966985	80.575
445.5	1.817965116206223	85.865
446.0	1.1845179969515094	70.446
446.5	1.6039129813023134	50.43
447.0	1.2679997626065371	50.365
447.5	1.2036206738024355	70.488
448.0	1.706591584537029	70.473
448.5	1.6023194622673695	90.592
449.0	1.45874350304155	52.773
449.5	1.7518090399622603	80.898
450.0	1.01686255440555	80.629
450.5	1.7942061483246927	36.142
451.0	1.3416926296133105	80.735
451.5	1.3591848710983507	80.517
452.0	1.3659432526448243	140.993
452.5	1.6478743342273392	120.659
453.0	1.4363506813438287	60.245
453.5	1.5320877139156759	70.415
454.0	1.639092783012103	70.613
454.5	1.6411619664760435	100.735
455.0	1.69371835581174	141.003
455.5	1.846932132785884	130.783
456.0	1.6937609039575894	65.098
456.5	1.7662546892559223	100.789
457.0	1.4635437486942104	80.598
457.5	1.9526150061551186	70.322
458.0	1.6675200021966117	90.366
458.5	1.5358825380717154	60.306
459.0	1.294655727450131	131.141
459.5	1.9016132880857077	80.522
460.0	2.1869526176927327	111.233
460.5	1.3369598866637122	80.45
461.0	1.6542744141361476	90.62
461.5	1.2479145694227725	120.865
462.0	1.5709542377780958	100.671
462.5	1.8696045449492056	108.712
463.0	1.6703032557975357	100.465
463.5	2.0633105561627887	70.485
464.0	1.1783911698688472	53.372
464.5	1.5373902448747092	38.507
465.0	1.5315651442483187	71.698
465.5	1.5979269978283583	68.538
466.0	2.098713227297608	101.946
466.5	1.4662588161191292	100.86
467.0	1.698926887328034	63.545
467.5	1.7202730676977995	60.292
468.0	1.4920159457726394	90.553
468.5	1.5108325177195898	100.583
469.0	1.4535644984802942	104.475
469.5	1.3168135778429533	110.588
470.0	1.4225259109702233	120.696
470.5	1.4314661027052458	50.354
471.0	1.4269838009862046	90.655
471.5	0.4396783435913932	42.253
472.0	3.4759769341534477	40.189
472.5	1.568222287740849	80.501
473.0	1.361389531199635	110.752
473.5	2.0209248224210135	96.837
474.0	1.230998856366775	100.687
474.5	1.6302489059627252	100.598
475.0	1.5448737532857713	90.552
475.5	1.8366257329118727	70.606
476.0	1.5504590350288914	110.024
476.5	1.9128618219623796	131.017
477.0	2.0715817856823904	96.441
477.5	1.4792503869812226	120.608
478.0	1.5679754490312987	70.427
478.5	1.5540045467828874	65.614
479.0	1.5494977189012986	70.478
479.5	1.4179034074865917	110.649
480.0	1.5184668170936042	80.647
480.5	1.9524602208040487	50.41
481.0	1.2661696874136636	100.642
481.5	1.720123428074832	30.183
482.0	1.6531523969760857	120.754
482.5	1.4541173423736635	90.666
483.0	1.57129923425693	110.923
483.5	1.7938294776139123	130.357
484.0	1.4627489192168992	141.016
484.5	1.7607532741129512	65.889
485.0	1.6950059917167255	110.706
485.5	1.5519115762678055	100.685
486.0	1.9512651575217463	140.971
486.5	1.5616411384238336	130.887
487.0	1.7824845051236775	120.741
487.5	1.5987321136818382	120.856
488.0	1.5728655916464676	140.942
488.5	1.6451536270563591	80.565
489.0	1.6981980225105442	134.222
489.5	1.3236309430046618	70.561
490.0	1.7848594029929932	60.676
490.5	1.6566678352599826	90.341
491.0	1.4490860655355562	80.478
491.5	1.742528735231316	100.775
492.0	1.8813256475028384	131.117
492.5	1.2772858838514114	130.896
493.0	1.6624756217988974	93.934
493.5	1.6046008676476533	60.422
494.0	1.6793316156204152	252.513
494.5	2.0298730070386246	135.562
495.0	1.2975034810419237	130.834
495.5	1.3026811407699503	124.885
496.0	1.315027789862103	151.054
496.5	1.2869652222691383	111.119
497.0	1.5173472855335077	40.772
497.5	1.3244025307505083	110.62
498.0	1.880516917326218	120.663
498.5	1.4200929091127112	60.094
499.0	1.5921110064338124	117.234
499.5	1.1695715038060546	131.171
500.0	1.7556049563153528	46.537
500.5	1.5092365764409783	40.985
501.0	1.543632841855782	126.072
501.5	1.593195273646772	40.201
502.0	2.3749720620220462	161.577
502.5	1.0431497708903532	43.968
503.0	1.8100230759105171	51.987
503.5	1.4115322820884029	50.333
504.0	1.4852124053564193	63.139
504.5	1.6321658849587497	88.448
505.0	1.6868673325106158	70.457
505.5	1.620787101428303	110.69
506.0	1.7078260474795608	91.556
506.5	1.5937075603200619	151.283
507.0	1.4366130855288894	70.531
507.5	1.473345857862475	134.363
508.0	1.6451709954510303	130.782
508.5	1.5076409857137039	100.855
509.0	1.9841021148213078	80.683
509.5	1.3796428442927482	90.554
510.0	1.666271112109355	161.032
510.5	1.4387806632949578	94.991
511.0	1.8166553436842252	30.825
511.5	1.268520541431703	100.887
512.0	1.752340206868288	90.017
512.5	0.9890556948340428	65.925
513.0	1.7631272912423563	60.685
513.5	1.337559254677945	100.631
514.0	1.5854779592622414	60.588
514.5	1.3580983412825995	80.684
515.0	1.4089745979881274	70.447
515.5	2.1059113426266576	60.273
516.0	1.80633849647448	105.586
516.5	1.2119407110074825	61.491
517.0	1.3693283065697233	50.321
517.5	1.3799508362166113	50.383
518.0	2.0502088281542834	131.039
518.5	1.3654788907359712	80.667
519.0	2.090985373981125	131.303
519.5	1.4649464680943127	120.812
520.0	1.7101987751138685	70.599
520.5	1.5387811662653432	51.216
521.0	1.2295599548966725	100.645
521.5	1.4702303640593926	110.578
522.0	1.243738900682602	64.204
522.5	1.4385013918538	100.766
523.0	1.7911634280688147	90.499
523.5	1.6365197946998515	60.698
524.0	1.0790477104560645	82.866
524.5	1.7911126574326106	56.906
525.0	2.027052956747878	61.366
525.5	1.4080337522238966	140.805
526.0	1.5708088833963274	130.823
526.5	1.3723023903996536	130.915
527.0	1.7279539899394836	140.67
527.5	1.6808702006369243	32.627
528.0	1.645172182119982	90.624
528.5	1.810476050016806	110.847
529.0	1.7428906997658336	37.599
529.5	2.1267632238872114	70.385
530.0	1.6846695839414774	70.478
530.5	1.761211165597678	90.574
531.0	1.5455124504571616	63.208
531.5	1.553144881840425	110.858
532.0	1.502733948682217	120.696
532.5	2.020788524000909	132.546
533.0	1.6491226815102749	110.711
533.5	0.8805875995396618	62.448
534.0	1.5687712231175561	80.33
534.5	2.252645375352269	81.189
535.0	1.8020323070830102	57.206
535.5	1.1207219605530443	120.792
536.0	1.739980733442183	60.466
536.5	1.7437296545871752	60.722
537.0	2.0385340194809793	70.468
537.5	1.0953653528272476	50.982
538.0	1.542732429815495	45.001
538.5	1.7389498355361832	110.851
539.0	1.981966223955302	62.281
539.5	1.537206888729377	60.309
540.0	1.3281272630647507	80.769
540.5	1.4515755466289517	80.7
541.0	1.48013642353174	80.567
541.5	2.009190208608413	58.244
542.0	1.4905575725969735	140.681
542.5	1.4924096429631848	80.759
543.0	1.1666753651816868	80.496
543.5	1.3571620819809773	120.937
544.0	1.716943119888557	70.377
544.5	1.4795471798669484	60.442
545.0	1.4368431821411958	100.771
545.5	1.826988979677312	50.471
546.0	1.7470520421944555	50.28
546.5	1.6980073521806063	112.3
547.0	1.3927413467132395	37.922
547.5	1.874678986778234	52.167
548.0	1.5384313036462351	110.787
548.5	1.2395356106542217	120.766
549.0	1.6967984378184413	70.48
549.5	1.6133601451845285	107.568
550.0	1.5949816467489413	120.892
550.5	1.39011298852599	110.746
551.0	1.5344585444381031	70.478
551.5	1.526465034323063	80.507
552.0	1.7935532993528502	80.606
552.5	1.8173466947564443	92.729
553.0	1.075191231636368	120.901
553.5	1.551774798712126	70.506
554.0	1.442645896118154	130.981
554.5	1.7375735183970287	130.344
555.0	1.6858247453883817	115.603
555.5	1.3816909315337484	60.487
556.0	1.8723970236619232	116.236
556.5	1.0414663159830926	121.079
557.0	1.9524928192236086	126.395
557.5	1.9471545285689553	99.825
558.0	1.3397881425313367	80.543
558.5	1.2900702644870512	140.807
559.0	1.346765065885076	80.536
559.5	1.4324695322213523	120.869
560.0	1.7221599837739179	151.119
560.5	1.3025305054505651	90.583
561.0	1.5733554882780079	90.745
561.5	1.5018838945912925	37.075
562.0	0.8664707927057372	50.347
562.5	1.0489027686672245	125.127
563.0	1.8078572039547776	80.441
563.5	1.939455840162474	80.667
564.0	1.5178253189710866	141.019
564.5	1.7841971281888314	54.365
565.0	1.6118300459658643	66.844
565.5	1.3657431562713807	80.518
566.0	1.3566526413855793	141.065
566.5	1.4969540452861745	79.828
567.0	1.5875882912627663	120.63
567.5	1.6168970706974395	130.792
568.0	1.3842950742281441	50.331
568.5	1.8994336700044687	82.018
569.0	1.9145853127945656	110.416
569.5	1.5306482236066057	80.547
570.0	1.8306332606079785	134.226
570.5	1.4439412688772049	80.539
571.0	1.1991312154663425	120.991
571.5	1.5250825255346436	110.716
572.0	2.074867209503835	71.56
572.5	1.4260253858835028	90.586
573.0	1.9099180342650426	101.753
573.5	1.42778332607081	25.803
574.0	2.1178115501106745	110.654
574.5	1.6208472871911859	104.278
575.0	1.5140540437970742	80.546
575.5	1.35644067315871	95.318
576.0	1.8990157015662414	50.373
576.5	1.3925348206121826	112.904
577.0	1.5390509806809376	129.456
577.5	2.468584350496864	51.145
578.0	1.5443380198682002	90.663
578.5	1.1135226290437885	80.531
579.0	1.6656463401952404	63.968
579.5	1.5662679947812468	100.591
580.0	2.2732009750204387	141.097
580.5	1.5833369776391115	110.682
581.0	1.662050298620978	110.637
581.5	1.5318720954912914	60.424
582.0	1.4704654970425826	110.594
582.5	1.8441477547207956	120.817
583.0	1.7255923650985492	70.461
583.5	1.7725633181254543	70.558
584.0	1.5222648015169606	50.336
584.5	1.3787532098187865	94.32
585.0	1.733506182526102	110.625
585.5	1.5252543807052485	73.713
586.0	1.2957779622356436	38.397
586.5	1.639737397156435	110.676
587.0	1.994265943014066	110.587
587.5	1.549438876433751	74.477
588.0	1.677294617569745	60.473
588.5	1.7047938737694983	70.461
589.0	1.626396986951903	57.967
589.5	1.1000956726924493	100.674
590.0	1.9574899908684322	96.727
590.5	1.299645624141812	90.506
591.0	1.5661281804815341	55.617
591.5	1.977636539910647	60.409
592.0	1.6979292827512913	120.757
592.5	1.9542565945902175	60.353
593.0	1.8506946293716022	110.81
593.5	1.281651433977434	140.763
594.0	1.4578462781252657	70.692
594.5	1.5298627613394082	80.602
595.0	1.3294568475186361	51.142
595.5	0.7381020695077043	178.006
596.0	2.8762045689566023	100.688
596.5	2.371015625879697	64.117
597.0	1.4111118443468211	70.642
597.5	1.9876196319475168	124.393
598.0	1.4519654555081831	110.756
598.5	1.9624289160581343	90.489
599.0	1.4081708868892346	57.351
599.5	1.689673188436028	80.924
600.0	1.610658219651592	54.868
600.5	1.2505278474840216	90.663
601.0	1.4544518379125866	130.896
601.5	1.4991819366637738	118.979
602.0	1.8661870998188255	130.998
602.5	2.2123057047787573	120.748
603.0	1.2403552695480278	122.277
603.5	1.811870770789123	95.952
604.0	1.232213496386539	130.788
604.5	1.4250026200169998	70.323
605.0	1.7467145737904328	50.496
605.5	0.16787714716539437	107.633
606.0	1.2993038106106187	60.626
606.5	1.4744147346088896	120.947
607.0	1.424944663804757	70.438
607.5	1.4112593875920498	120.75
608.0	1.4599271257923245	60.427
608.5	1.478376537390144	120.81
609.0	1.8197207844043253	120.698
609.5	1.8668474925229015	120.936
610.0	1.231317167367178	53.815
610.5	1.4786600707202768	37.42
611.0	3.019377099110445	97.722
611.5	1.8530963127467561	14.185
612.0	2.131991817053532	70.498
612.5	1.536400833500564	63.408
613.0	1.4369710619648903	50.333
613.5	1.6830458349631696	111.013
614.0	1.8070492979129724	10.525
614.5	1.79934528764249	30.233
615.0	1.7657137776905099	130.956
615.5	1.5525331973961722	120.707
616.0	1.8988225010764854	100.612
616.5	2.1506445948982154	90.47
617.0	1.6722737751292194	77.463
617.5	1.5424901844600236	90.518
618.0	1.797070396457705	10.74
618.5	1.7290280841079082	121.026
619.0	1.78791969203497	32.288
619.5	2.220405986909572	90.605
620.0	2.127739405329813	75.723
620.5	1.5318311183986677	54.104
621.0	2.1707961569516536	40.172
621.5	1.7180107953151318	67.383
622.0	1.9088180836699897	80.42
622.5	1.7490276566522094	110.653
623.0	2.341457365778859	90.612
623.5	1.9850315688889428	64.432
624.0	1.8633120506010625	50.329
624.5	1.358720311149332	40.215
625.0	1.793691403577342	40.277
625.5	2.283852529377091	120.655
626.0	1.5763748421891794	140.874
626.5	1.627739606701399	51.219
627.0	2.315547801012659	70.543
627.5	2.0198737680074625	110.725
628.0	1.9498189594426558	74.171
628.5	2.0464421387095975	64.264
629.0	1.629659089505207	107.846
629.5	2.5022086255588456	70.518
630.0	2.1013188516236663	40.369
630.5	1.586117770064268	60.459
631.0	2.330740986498619	24.206
631.5	2.0805256196034128	30.189
632.0	1.9942394370998568	12.526
632.5	1.7201788604722557	30.184
633.0	2.11165618644508	70.426
633.5	2.322602182242167	110.695
634.0	1.4440392126748984	14.131
634.5	2.0164987755896804	100.574
635.0	1.713078422457926	74.372
635.5	2.0276973722859295	73.643
636.0	1.4816747712740401	110.734
636.5	2.3394157322810596	42.357
637.0	1.631083912800511	62.315
637.5	1.640348043706892	80.51
638.0	1.8939615201529452	20.133
638.5	1.88693591900729	62.569
639.0	1.615530045150729	60.331
639.5	1.5671587177558846	77.052
640.0	1.358902298527759	151.117
640.5	1.8828624904898599	42.813
641.0	2.069699323378997	40.321
641.5	1.3675960121503619	31.203
642.0	1.4635293315136524	76.58
642.5	1.8265401008809798	33.349
643.0	2.1046299341610695	51.965
643.5	1.5498271091330849	110.892
644.0	2.0208930333789175	50.333
644.5	2.0528407755497704	90.461
645.0	1.9070253547266645	15.138
645.5	1.6613748467343776	60.396
646.0	2.006845879338641	11.385
646.5	2.0720753637943656	80.467
647.0	2.221508324432862	90.729
647.5	1.4548653491538504	70.387
648.0	2.168660512315012	93.599
648.5	2.1766504018920285	60.346
649.0	1.8289175791528387	50.246
649.5	1.2576652712152092	100.579
650.0	1.6360107529788859	90.658
650.5	1.7868327919872486	120.748
651.0	2.0787494946576452	52.483
651.5	1.7494128835459966	60.327
652.0	1.6452264664117986	91.483
652.5	2.27613279368704	40.233
653.0	2.4669513999950055	83.34
653.5	1.6705974214296326	80.414
654.0	1.6779830327285024	26.739
654.5	2.0730210687187927	20.169
655.0	1.6114543951051727	20.181
655.5	1.9860253569061914	20.036
656.0	1.720758941937152	69.873
656.5	1.9811898963224401	44.455
657.0	1.6952120445826346	42.393
657.5	1.5604520823359234	34.144
658.0	1.7992880445297479	30.323
658.5	1.6636689126184174	64.801
659.0	1.5301233799585867	100.639
659.5	1.9577961518728069	30.228
660.0	2.2227126032204	90.793
660.5	1.9554769857862666	100.575
661.0	2.0283985562503393	80.589
661.5	1.6587391987832103	62.011
662.0	1.6432928401069373	42.716
662.5	1.6716683324186294	107.074
663.0	1.6239594464459108	62.016
663.5	2.3298206759707294	10.817
664.0	2.3923076244919366	70.381
664.5	2.0579409513215547	100.579
665.0	1.5886906158565453	100.594
665.5	1.8096020846355167	9.841
666.0	2.025263786198513	80.453
666.5	2.4134207284625973	20.179
667.0	1.3647624699522358	80.378
667.5	1.8862664785805334	101.088
668.0	1.3968072508036553	90.496
668.5	1.8528337659182545	52.575
669.0	1.8846356372778954	11.523
669.5	2.1988107712479996	30.51
670.0	1.8904636108339854	63.504
670.5	1.9210922793415697	102.543
671.0	1.7244200268912468	120.811
671.5	2.008227183100942	53.518
672.0	1.8116960132359612	90.473
672.5	2.2630600706417416	70.394
673.0	1.4209780869542206	100.842
673.5	1.7609348526612372	40.367
674.0	1.8666731395859968	71.961
674.5	1.6301570140799413	90.517
675.0	2.382475591903195	50.455
675.5	1.5914487914269149	80.467
676.0	1.9426660742810316	40.279
676.5	1.6885528799277494	80.706
677.0	1.1214701608597097	74.793
677.5	1.568565492661636	113.525
678.0	2.7740674597222594	20.156
678.5	1.4146511160511586	32.234
679.0	1.2864188272227874	20.165
679.5	2.063417591707343	70.285
680.0	1.753779566121387	90.579
680.5	1.2149029780743033	70.516
681.0	1.4781797750428312	20.143
681.5	1.9956769000094927	90.564
682.0	1.7239734858252882	49.737
682.5	1.8333511717345379	14.627
683.0	2.329310496829437	70.294
683.5	1.998510122123327	12.399
684.0	2.2388053801928915	40.325
684.5	1.5527680002637154	50.409
685.0	1.789260260353162	130.83
685.5	1.8118222121638856	70.393
686.0	1.8549611524935297	90.742
686.5	1.251303677688574	32.17
687.0	1.8947415899691145	110.595
687.5	1.7896579806619055	95.629
688.0	1.9161444305425495	130.76
688.5	1.9006012081693977	90.512
689.0	1.6764420339660806	100.632
689.5	2.1316499084084706	10.903
690.0	2.076973775955315	49.97
690.5	1.2553520982040147	11.687
691.0	1.6088403414391845	100.423
691.5	1.7458243694682876	11.318
692.0	1.895378778501968	49.389
692.5	1.8781800125838974	11.818
693.0	1.6239150840349212	18.417
693.5	2.2539063015215732	120.598
694.0	1.4622113413171096	125.441
694.5	2.020410206218973	60.446
695.0	1.883681445257979	83.015
695.5	2.101940017176978	80.579
696.0	1.430865798271368	20.139
696.5	1.794765135927729	100.947
697.0	1.5703429646110998	10.713
697.5	2.030911042451081	12.678
698.0	1.3328745214899147	50.453
698.5	2.4285200515733933	48.513
699.0	2.1264679296621223	33.203
699.5	1.9270398905790274	100.658
700.0	2.0829812081768377	80.649
700.5	1.9560107782889422	30.065
701.0	1.640146355628403	50.265
701.5	2.080951815267879	110.748
702.0	1.8021420266775972	86.659
702.5	2.098775903768143	32.529
703.0	2.10910975346618	33.056
703.5	1.4133111042228046	61.106
704.0	1.3143976340796117	32.594
704.5	2.1370556751813075	85.283
705.0	2.0374327113812365	76.107
705.5	2.014627491196234	110.782
706.0	1.7926057017765027	100.862
706.5	1.6567218318146464	60.509
707.0	2.1845553256703285	72.709
707.5	1.9550113558573972	100.627
708.0	1.8189222788060246	37.627
708.5	0.15375482863186563	30.663
709.0	7.069232232594035	150.883
709.5	1.8460462767799026	100.733
710.0	1.6034418276708737	90.578
710.5	1.8079817018979096	80.704
711.0	0.15162418846586287	41.247
711.5	11.581169778541078	50.513
712.0	2.0958183123621743	32.41
712.5	1.3257719473316083	100.674
713.0	1.6238589889809487	110.745
713.5	1.8379693414970093	130.928
714.0	2.02511287508246	54.687
714.5	1.9727718140616872	124.164
715.0	1.381883932587034	50.701
715.5	2.230918880240075	85.284
716.0	2.0161969065158463	30.784
716.5	1.5678675792786199	110.758
717.0	0.1204342622853206	16.106
717.5	1.1754275302176929	22.694
718.0	2.4678523919774458	50.424
718.5	0.6132997656120505	20.743
719.0	2.4844567468484122	142.431
719.5	0.1601429264670807	32.961
720.0	7.819330038307308	79.826
720.5	1.1535189280312812	72.737
721.0	1.833655432217196	72.475
721.5	1.4508155192610224	91.66
722.0	1.5484224729311864	29.52
722.5	1.364468879598517	80.634
723.0	2.1821637009061083	110.676
723.5	1.943895161589165	98.32
724.0	1.7799526433471995	110.623
724.5	1.4206608876387088	140.937
725.0	2.3052290322121065	70.531
725.5	2.8982680940783254	131.994
726.0	1.4814288966589744	141.022
726.5	1.9199480273170595	60.285
727.0	2.389391014411674	120.922
727.5	2.519872161926955	161.699
728.0	1.3734774081335979	130.927
728.5	2.388213264927119	120.843
729.0	1.8098310708436793	111.011
729.5	2.0606012710784953	80.59
730.0	1.6314692495070215	49.742
730.5	2.309308228556789	90.695
731.0	1.9477656933788392	136.21
731.5	2.4727661890715806	120.888
732.0	1.861543089353264	65.312
732.5	2.2755340571147857	50.234
733.0	1.9208263991628718	84.433
733.5	1.971449769613462	63.944
734.0	2.249102338116306	121.259
734.5	1.2288226722891646	120.936
735.0	1.9857108872044742	121.026
735.5	1.4978675856692698	111.353
736.0	1.4180787224735008	90.468
736.5	2.2657670750416474	51.118
737.0	1.835646851478051	140.989
737.5	1.5989668096644483	100.703
738.0	1.4699432212174148	86.657
738.5	1.6453221438385368	120.693
739.0	1.7679896133897337	70.395
739.5	2.1963140292692636	116.277
740.0	1.7901153019251739	52.654
740.5	2.045417298356785	80.663
741.0	2.3689213824367754	48.445
741.5	1.0565952485981782	130.925
742.0	2.1336528958363927	110.827
742.5	2.1090443441752718	100.685
743.0	1.9519370208967655	111.348
743.5	2.113937865469149	171.957
744.0	2.0067881694283884	60.661
744.5	2.1615584508424965	80.48
745.0	1.6196472667972028	120.792
745.5	1.5374658695982115	141.149
746.0	2.40121804171152	106.651
746.5	1.686472873151587	48.355
747.0	2.06594251732714	100.738
747.5	1.498878801994084	80.53
748.0	1.8492486463165194	60.419
748.5	1.591192972219506	180.771
749.0	2.14678533564013	90.697
749.5	1.8454055443070732	187.246
750.0	1.6540810581777845	67.131
750.5	2.0831578491540212	81.803
751.0	1.932844527576906	70.71
751.5	1.5131066718437933	103.99
752.0	2.675677015092416	64.791
752.5	1.46453344155624	80.686
753.0	1.8093057545892428	100.697
753.5	1.5775609733020262	64.918
754.0	2.12421186070919	69.359
754.5	2.459972286316921	88.108
755.0	1.817222225211092	108.077
755.5	1.7667217160902557	70.438
756.0	1.8730118357646117	56.702
756.5	1.8024203148587579	118.637
757.0	1.6958642840217644	80.579
757.5	2.170589499081333	83.784
758.0	1.7023413150115192	100.617
758.5	1.882285578188917	31.603
759.0	2.2289987267405054	66.186
759.5	1.6319871892844056	86.356
760.0	2.0983763939025954	50.303
760.5	1.650530371126651	74.054
761.0	1.5841068675939745	111.073
761.5	2.033811111331912	120.773
762.0	1.8116168146522609	93.188
762.5	1.6323888911672502	58.492
763.0	2.1922602700999105	101.16
763.5	2.1183865821594696	151.605
764.0	1.3551974974951555	70.278
764.5	2.366624980857689	133.85
765.0	1.3766787452783749	49.096
765.5	2.208470647212024	103.953
766.0	1.828895280817841	116.166
766.5	1.7797148611085012	120.607
767.0	1.6400157457018807	70.882
767.5	1.6947466431475477	111.305
768.0	1.3740253787460257	115.282
768.5	2.2569533526956547	70.414
769.0	1.6432205790293464	80.717
769.5	2.296504111608421	31.124
770.0	1.9615758937065622	100.463
770.5	1.6534359912408214	130.756
771.0	1.7848453755401452	43.083
771.5	2.5653860795663537	121.261
772.0	1.403488259877194	80.527
772.5	2.440994438756948	70.861
773.0	1.5769464227301437	151.352
773.5	2.0679503509972714	48.483
774.0	1.4947846487570748	112.085
774.5	2.1900129612771737	90.663
775.0	1.8429418306459038	116.279
775.5	1.5776294258888548	90.79
776.0	2.21366039903846	70.376
776.5	1.9449704666614607	111.15
777.0	0.1582320993741977	48.825
777.5	1.833247951681065	80.904
778.0	0.5877776796369077	18.705
778.5	1.2417872256242184	60.325
779.0	0.7685516078957265	37.255
779.5	0.17815281396977803	22.822
780.0	0.13802833118073102	14.388
780.5	0.043729422558726964	22.495
781.0	0.046661518113699035	14.165
781.5	0.4383800071578498	40.052
782.0	0.5051638604724389	75.022
782.5	0.460894137192242	40.437
783.0	0.5148596837326198	145.003
783.5	0.44471784783940205	30.472
784.0	0.35819879668988386	41.311
784.5	0.5511227928258625	31.045
785.0	0.5848539773846118	41.84
785.5	0.4402377312408522	143.264
786.0	0.4852566127212985	70.512
786.5	0.5578778064248694	101.021
787.0	0.5764638811197786	10.309
787.5	0.6286549003914342	110.801
788.0	0.5017315140376493	111.041
788.5	0.458105058273084	100.762
789.0	0.3993467550513968	100.757
789.5	0.44481665170540075	109.183
790.0	0.4206907317816177	22.671
790.5	0.8870895411999183	70.582
791.0	0.8734470097849246	11.419
791.5	0.44446137160752514	90.725
792.0	0.36895573205026705	90.6
792.5	0.5480852049715899	31.722
793.0	0.6036969739884119	34.883
793.5	0.3640374981474145	110.72
794.0	0.43158507672713803	29.855
794.5	0.4264449866324102	90.631
795.0	0.4564635002602652	90.686
795.5	0.5219508045231671	90.894
796.0	0.5870311294573687	90.894
796.5	0.42846204320892584	121.126
797.0	0.48002943670919973	40.394
797.5	0.35427411515590557	110.911
798.0	0.3839481946070672	110.926
798.5	0.6230266582620501	110.82
799.0	0.5501115684328983	44.68
799.5	0.424488799229054	110.813
800.0	0.3217315331086359	110.834
800.5	0.5386537716747803	60.752
801.0	0.5815165709915987	60.694
801.5	0.7058296909270356	110.866
802.0	0.7453014605301983	111.819
802.5	0.5014038209560235	90.637
803.0	0.5992564121001193	10.028
803.5	0.5129157019436084	100.784
804.0	0.4198790796376915	100.757
804.5	0.813787752646313	121.969
805.0	0.8900826905296115	151.151
805.5	0.5535296085283654	90.657
806.0	0.41895570833685136	50.269
806.5	0.5824255487012857	110.725
807.0	0.4789372595009395	28.494
807.5	0.6833788234361786	110.871
808.0	0.7520495929023027	110.819
808.5	0.44478922456080683	42.137
809.0	0.5378834698858088	123.445
809.5	0.7235463929311542	90.798
810.0	0.5278139569243737	39.608
810.5	0.6100749759261404	61.341
811.0	0.4539188372726452	50.426
811.5	0.49396957109567324	120.968
812.0	0.5917091130946236	100.747
812.5	0.6630107819906933	38.706
813.0	0.42364086487564334	131.309
813.5	0.439454555726701	21.257
814.0	0.6615335558550622	100.705
814.5	0.4432849628872208	20.008
815.0	0.5413901633814202	20.898
815.5	0.42421677652992784	56.768
816.0	0.13326942801755148	16.844
816.5	1.737631154648222	100.323
817.0	1.467292412788056	22.422
817.5	1.8927301427990557	40.288
818.0	1.7853361092087792	30.237
818.5	1.4971003668689051	50.188
819.0	1.1523556193145377	133.098
819.5	2.0137990146726743	88.593
820.0	0.14143375367853392	113.794
820.5	3.880600970661323	32.638
821.0	2.694042897493789	73.687
821.5	2.846089433624783	128.998
822.0	2.3491558631725002	104.332
822.5	2.4664895284997503	12.205
823.0	1.1424926961344717	40.28
823.5	1.8427450525442295	12.138
824.0	3.005677146727564	70.609
824.5	2.8771361535714646	80.356
825.0	2.725150046030401	11.861
825.5	1.688227392634514	61.515
826.0	1.629896666363144	110.78
826.5	1.6128113528727963	70.22
827.0	1.5587048683685902	110.868
827.5	1.8832768799683943	68.746
828.0	1.8852415732701628	40.158
828.5	1.4086104558902202	34.539
829.0	1.9980347226244877	30.973
829.5	1.5970069228974506	29.079
830.0	1.837184096520806	30.144
830.5	1.6728784765168825	70.706
831.0	1.7196494122637618	80.699
831.5	1.2428792797564236	60.49
832.0	1.9261327455182076	30.177
832.5	1.6185837952766442	80.648
833.0	1.7305409739783177	20.164
833.5	1.3338687809731782	31.986
834.0	1.9978148620209875	50.296
834.5	0.7984938120894076	100.624
835.0	0.7970304105300346	12.72
835.5	0.8288825096308255	443.507
836.0	0.7061302450466137	1253.704
836.5	0.15946477682344085	21.917
837.0	8.41882660132496	30.295
837.5	1.886700747648158	17.199
838.0	1.8040025561065074	20.132
838.5	1.8886341745029864	16.936
839.0	0.13669626486514883	19.629
839.5	0.14955263194462187	12.281
840.0	4.040437706346671	15.987
840.5	3.243527237977795	61.938
841.0	2.288122473930696	92.415
841.5	2.0928829072918225	38.701
842.0	2.099534728882374	80.565
842.5	2.629731600441782	12.321
843.0	1.9060892575090151	110.687
843.5	1.463556485955107	110.526
844.0	2.7854804766334946	70.256
844.5	2.2566526894891776	70.301
845.0	1.446581390164867	74.139
845.5	1.2300550886489419	151.429
846.0	1.3370666365291064	22.592
846.5	1.5538089479561235	101.514
847.0	2.4654466240786324	28.381
847.5	2.26617572664692	90.645
848.0	3.0396821598698516	100.681
848.5	3.2355385698684604	63.51
849.0	1.9599342738385954	30.285
849.5	1.8463014511257154	14.454
850.0	2.620944445270637	31.323
850.5	2.701049260505259	90.851
851.0	1.8906772211528906	41.013
851.5	2.5787535295258714	84.563
852.0	2.6453380137301763	59.785
852.5	1.9732323154449567	51.257
853.0	0.980108739285102	20.473
853.5	1.051017526515004	13.442
854.0	3.7238247623563128	92.277
854.5	2.759330372608446	91.63
855.0	2.2775627979410715	42.38
855.5	1.8393955041629384	10.467
856.0	1.9627231632113118	71.309
856.5	2.544889655941058	20.308
857.0	2.175113259476533	80.611
857.5	1.828665854770019	102.101
858.0	1.9744029824339522	32.084
858.5	2.491934369900923	140.834
859.0	1.516871670665033	93.953
859.5	2.363378768536356	37.021
860.0	1.7685615603096196	10.84
860.5	1.490279262254634	13.629
861.0	1.1798872174289632	110.717
861.5	2.134587628681235	70.42
862.0	1.8953847896072589	30.252
862.5	0.513683227281734	42.683
863.0	2.5242649551529546	80.551
863.5	1.980111942663471	131.038
864.0	1.5841866710951953	242.789
864.5	1.5513510912352795	30.227
865.0	0.8130478654960777	445.506
865.5	2.026614488897046	123.23
866.0	4.080646558596138	64.856
866.5	1.7214705590673434	44.738
867.0	1.9453790759847844	100.338
867.5	1.5903456897696913	120.728
868.0	1.5169608929955314	11.404
868.5	1.8620305286012955	114.443
869.0	2.076170263809697	130.978
869.5	2.281187020682997	50.343
870.0	1.798978968042012	49.158
870.5	2.0788744329058417	20.13
871.0	1.7077490003936855	21.295
871.5	1.881480024778648	23.531
872.0	1.799834307334874	60.424
872.5	2.1483227472285074	120.716
873.0	2.4348425597107863	19.487
873.5	1.589102093187076	130.828
874.0	1.589005659020267	100.526
874.5	1.8930140012902092	60.602
875.0	1.3887868549993876	142.709
875.5	2.446006353930687	101.052
876.0	2.105429604181732	120.75
876.5	2.111743737936425	22.319
877.0	2.3863051473296295	54.51
877.5	1.1198274530415009	106.611
878.0	2.186607192755344	40.788
878.5	1.8610345487773798	80.543
879.0	2.227259758605824	90.755
879.5	1.3950104369830005	100.621
880.0	1.6731210009918578	50.523
880.5	2.054233726548792	65.019
881.0	2.1097659815202205	42.485
881.5	1.905018403470882	130.769
882.0	1.8257181798397406	110.845
882.5	1.9464172907261899	20.805
883.0	1.8453475228946528	80.448
883.5	1.548599955924128	82.238
884.0	1.9871730066978546	91.44
884.5	1.7297600828555302	40.243
885.0	1.3071956247787078	20.898
885.5	0.55331014760282	52.007
886.0	0.7559709604574864	90.731
886.5	1.1403000334748241	70.693
887.0	0.8949730173529579	70.493
887.5	0.7891066060375973	80.538
888.0	0.973976225729973	81.297
888.5	0.8345221412476633	110.684
889.0	0.7164011376252786	110.83
889.5	0.9736843636998737	28.194
890.0	0.6000899790157277	20.972
890.5	0.6108952059193196	90.646
891.0	0.9186240274679913	70.708
891.5	0.19427922362385555	117.065
892.0	0.17259175821187933	117.065
892.5	0.7211411740297087	11.439
893.0	0.9536973361246259	30.099
893.5	0.8303104964257371	110.87
894.0	0.4248635836208905	110.941
894.5	0.3593163472954926	11.665
895.0	0.3420073725090275	30.973
895.5	0.2987010254025165	112.014
896.0	0.4260044698124348	119.998
896.5	0.3937459294853389	70.509
897.0	608498.2597112242	139688358036.08
897.5	0.47024183032009237	70.5
898.0	0.48168298577117385	70.546
898.5	0.5685836941791232	130.91
899.0	0.5501930824879573	22.497
899.5	0.3555485249411468	12.427
900.0	0.3347299974571864	45.946
900.5	0.9393573913230093	107.178
901.0	1.0316729189502627	107.641
901.5	0.28135555959140396	130.934
902.0	0.2580424386557137	19.106
902.5	0.6416423807505637	113.087
903.0	0.5364060935051357	20.049
903.5	0.6847043315185983	22.114
904.0	0.6637728015366786	20.114
904.5	0.7629758163431481	100.593
905.0	0.891758972620459	22.649
905.5	0.13003208561501367	24.111
906.0	9.635401155484047	92.091
906.5	2.4282168938268094	80.711
907.0	1.7689236594356683	20.116
907.5	1.645253406906425	20.207
908.0	1.6886459949480017	10.72
908.5	2.2941014047916046	20.005
909.0	1.392152819725999	30.196
909.5	2.0554045106080245	70.421
910.0	2.15559154953607	20.192
910.5	1.4921890003151437	71.466
911.0	2.431456608132389	80.424
911.5	1.8977690502546487	41.97
912.0	2.1133224057906106	30.29
912.5	1.5253023598966198	110.874
913.0	2.1185102343849826	30.209
913.5	1.9213855751815192	20.214
914.0	1.8075457503741448	60.538
914.5	1.7656554620353209	110.685
915.0	2.2233307162183524	13.915
915.5	2.3076898196315883	51.048
916.0	1.6259279453745425	80.668
916.5	1.7938597525133895	60.309
917.0	2.0413223639345746	34.552
917.5	2.074593226937764	60.394
918.0	1.2824714351607172	110.813
918.5	1.8251668623911064	100.7
919.0	2.315465198296991	71.263
919.5	1.930586218461028	90.652
920.0	1.963394680316918	30.236
920.5	2.5073204673707394	20.274
921.0	1.6871388653958441	100.729
921.5	2.141481781217186	40.942
922.0	1.4956673199001775	97.715
922.5	1.8644149803316992	70.43
923.0	1.9581193726231705	20.188
923.5	1.9511221635255909	30.282
924.0	1.6986787648712098	41.99
924.5	2.5320497483554014	10.837
925.0	2.0167284296196675	58.61
925.5	1.9321871086338542	19.943
926.0	1.5364980573282767	110.859
926.5	1.4075704452766895	16.377
927.0	2.325020624961584	51.19
927.5	1.7121159467552751	91.134
928.0	1.2250859157545306	64.389
928.5	1.7908800634286217	40.304
929.0	1.7029960111521087	52.42
929.5	1.6680224776431205	30.291
930.0	1.2466739159200786	12.108
930.5	1.2975115911099093	85.011
931.0	1.885694243603855	41.182
931.5	1.484302124663365	70.425
932.0	1.6477985226179768	20.668
932.5	1.777604792491431	90.488
933.0	1.509540510348182	30.224
933.5	2.3635895616881144	30.339
934.0	1.9046796962087924	30.152
934.5	1.5249167212099182	80.583
935.0	1.3816495056552716	90.677
935.5	1.9999471058781313	34.04
936.0	1.4860848793392014	20.267
936.5	1.9939847774809727	34.174
937.0	1.7271092454250223	37.012
937.5	1.8677548500527554	70.599
938.0	1.5579109261202433	70.349
938.5	1.5688875716152086	41.614
939.0	2.0468217379774876	100.483
939.5	1.2360948901045394	90.683
940.0	1.651848575216213	47.789
940.5	1.800511266310012	12.255
941.0	1.776862812487649	94.043
941.5	1.6690949161508226	96.508
942.0	1.8239286259939866	11.734
942.5	1.3574214082000473	90.722
943.0	2.3962339359239744	30.392
943.5	1.5691599413637825	111.125
944.0	1.8763124570507217	11.964
944.5	1.5394690236271136	30.179
945.0	1.273159276542995	110.842
945.5	2.1729665517507732	31.068
946.0	0.9768124258902425	90.808
946.5	2.1004081855087477	50.446
947.0	1.6366345995455447	63.679
947.5	2.0548491161671527	40.272
948.0	1.8220412575892748	87.319
948.5	2.3311293553674726	70.387
949.0	1.9736618215602852	11.36
949.5	1.5329092438700174	80.686
950.0	2.0609028820138504	25.226
950.5	2.6212678005411423	15.836
951.0	1.5753712163922728	40.386
951.5	1.8109652906922742	30.191
952.0	2.0145797359237783	110.502
952.5	2.2373041598125103	70.647
953.0	1.5557820570323098	70.318
953.5	1.4905022001560848	70.347
954.0	1.608929709885971	62.03
954.5	2.1163891025495536	50.285
955.0	1.1338717525914415	60.194
955.5	2.02941088961706	30.174
956.0	2.0754844210876806	90.637
956.5	1.737182418256027	71.974
957.0	1.2036479853460276	77.225
957.5	1.8366356521189635	60.41
958.0	1.7214062847241913	93.19
958.5	1.7205858622819885	120.444
959.0	2.071019010570752	30.174
959.5	1.6791473884212718	33.609
960.0	1.8392729473857035	40.265
960.5	1.9161275318257174	110.634
961.0	1.547060813163941	90.717
961.5	1.46574965579271	50.415
962.0	1.5098358161293637	113.556
962.5	1.521245831308192	80.062
963.0	2.164068666874067	80.576
963.5	2.302452936087189	70.33
964.0	1.801856830229583	113.813
964.5	2.0235905387348017	30.23
965.0	1.6075002901670807	60.534
965.5	2.071686990534668	50.418
966.0	2.32414554131546	95.906
966.5	1.635027412989778	30.196
967.0	1.4989921651971945	35.826
967.5	2.1058425881713774	12.213
968.0	2.216499313858953	70.451
968.5	1.8483083794199326	50.657
969.0	1.3372875339751757	42.713
969.5	1.4138553121864856	30.234
970.0	2.2161182769104157	40.444
970.5	1.480333393871906	100.767
971.0	2.004511419328209	70.571
971.5	2.5447530500217637	30.269
972.0	1.445358071700052	90.691
972.5	1.7133209427272373	34.451
973.0	2.3953883445332043	120.8
973.5	2.3137803019172867	95.011
974.0	1.6576895831214655	30.217
974.5	1.9435634891677473	70.451
975.0	2.040641790648496	46.029
975.5	2.0648207586466114	21.283
976.0	1.6429011795391335	80.611
976.5	2.0292482155495484	85.699
977.0	1.6953559856037073	70.549
977.5	1.987383268355908	32.236
978.0	1.7337362606060833	120.517
978.5	1.6144788358847628	80.663
979.0	2.238033726591303	110.711
979.5	2.292850968660917	93.629
980.0	1.6123598337442318	41.638
980.5	1.6373281256390906	104.715
981.0	2.175046285719763	90.689
981.5	2.439251246894547	43.164
982.0	1.7214212726312341	59.887
982.5	2.3623299419451884	95.135
983.0	2.0302924639458313	11.72
983.5	2.4169318526351975	41.483
984.0	1.9119498890417095	60.376
984.5	1.7409463971379822	40.567
985.0	1.6684902159199495	10.992
985.5	1.8433896633501392	42.422
986.0	1.985009857524299	60.989
986.5	2.879558010775842	32.024
987.0	2.0191455642506937	11.38
987.5	1.745561986213843	100.882
988.0	1.8283474844295509	103.56
988.5	1.846317463087616	40.384
989.0	1.1711190978057202	90.77
989.5	1.793553155679439	17.994
990.0	1.6620464160337016	110.579
990.5	2.00520851257284	110.56
991.0	1.6813341725952229	60.326
991.5	1.9264522991438107	63.563
992.0	1.9750482098986286	20.234
992.5	1.6877447161973196	80.46
993.0	2.06926222011147	40.128
993.5	1.6241998736279286	90.871
994.0	1.7386831445156883	61.701
994.5	2.127013173099208	12.872
995.0	1.534431213250502	40.253
995.5	1.7570906407048794	30.198
996.0	1.9224874031945471	110.419
996.5	1.9929174609449507	60.31
997.0	1.4834926814626597	10.163
997.5	2.358229897536004	40.277
998.0	2.1086202284318314	10.662
998.5	2.4271550291505553	80.567
999.0	2.3913695042813314	20.117
999.5	1.498806684382756	41.531
1000.0	1.4623719711407064	40.35
