0.5	2.517261910593851	201.515
1.0	2.8873089600438924	112.124
1.5	2.046137030263231	62.621
2.0	2.031081192626614	158.224
2.5	2.286542355721212	65.084
3.0	1.2181377311693193	100.711
3.5	1.7587302679166041	162.033
4.0	1.7428906667928041	120.858
4.5	1.8395628117718883	100.732
5.0	1.9897749196677605	70.888
5.5	2.4143525005422704	127.711
6.0	2.0034248540425406	82.774
6.5	1.925985209289969	80.872
7.0	1.6726074534839281	90.53
7.5	2.155579728948282	121.293
8.0	2.2265774538664416	95.047
8.5	1.068130669304239	70.431
9.0	2.121355096216668	151.943
9.5	1.9610155631853645	90.705
10.0	2.4853762533655503	96.013
10.5	0.6874717612424402	55.057
11.0	1.5822147965732825	151.299
11.5	2.2470043209580037	80.528
12.0	2.4546782744382796	54.978
12.5	0.6402810740047535	76.004
13.0	1.5610976281860476	68.647
13.5	1.955243622640782	110.68
14.0	2.106163782999695	77.853
14.5	0.8526162426735016	142.393
15.0	1.5976039351519111	117.484
15.5	1.9458482576311498	150.806
16.0	2.564521672247662	177.508
16.5	0.7291349067977	129.742
17.0	1.5844551175194046	90.644
17.5	1.5350169379364702	58.244
18.0	2.11358930854741	63.678
18.5	0.7726691979841894	121.066
19.0	1.724477499774584	54.961
19.5	1.6405389810749822	109.979
20.0	3.4707245471558554	131.044
20.5	0.9528439124208904	90.55
21.0	1.6367457980348112	54.051
21.5	2.1623783995596035	111.134
22.0	1.75196244062345	191.997
22.5	1.71394809343905	60.668
23.0	1.4498714139870466	80.508
23.5	1.7788969230574885	161.607
24.0	2.1354708713315786	90.756
24.5	1.17626104783886	80.517
25.0	1.6330092016435687	70.631
25.5	1.892688569244625	82.029
26.0	2.003788922058201	130.893
26.5	0.127373727771418	73.754
27.0	8.396970182906621	100.56
27.5	1.8099049815400565	87.383
28.0	0.6134119330251254	60.942
28.5	1.2997778569328304	60.456
29.0	1.652814855279328	106.963
29.5	2.24892583952054	91.603
30.0	1.4806330990521566	110.747
30.5	2.027011158865368	80.611
31.0	2.333906313143043	23.823
31.5	2.614389623937721	35.58
32.0	1.4774493131809308	141.071
32.5	1.4734193808054408	120.496
33.0	2.2155917240981244	50.268
33.5	1.9023288328729264	100.894
34.0	2.0384441919405987	110.844
34.5	1.8930895918561519	38.508
35.0	1.7073685836375856	80.573
35.5	2.405783980395815	60.424
36.0	1.7238050791266755	77.116
36.5	1.6502937989549902	40.153
37.0	1.7062418640050068	24.747
37.5	1.925667688707118	60.269
38.0	2.0457466718623443	80.447
38.5	2.1907339491961357	70.592
39.0	1.5838930741564157	80.615
39.5	2.302809961092698	15.589
40.0	2.311243229666409	70.488
40.5	1.260735585015851	100.582
41.0	2.018236339886369	30.234
41.5	1.6741290165683507	130.927
42.0	1.561674372387284	90.568
42.5	2.3950829354742647	106.122
43.0	1.4074602557760885	70.478
43.5	1.8417451273973244	100.668
44.0	1.6779586282916532	50.313
44.5	1.65680734624137	50.385
45.0	1.5166024882228526	45.7
45.5	2.417373361768244	86.968
46.0	1.5044055205067355	68.132
46.5	2.01447023218937	120.769
47.0	1.7124477993190275	50.43
47.5	1.8643478209770736	60.246
48.0	2.0111211937433273	192.602
48.5	2.367787651416267	84.609
49.0	1.3999442864036007	90.465
49.5	2.045630831196695	201.743
50.0	2.1014474954534044	96.899
50.5	1.4844027123951173	32.642
51.0	1.751690267174816	90.56
51.5	2.3615278802849144	80.444
52.0	1.9490751433734634	60.336
52.5	2.3302086247132343	87.022
53.0	1.8708411571199532	70.441
53.5	2.674335860174176	17.406
54.0	1.5595982943475695	17.362
54.5	1.8176294887531215	20.264
55.0	1.4064293473122265	120.731
55.5	2.464360517375454	50.299
56.0	2.240631927755747	78.078
56.5	2.1597943283832883	70.336
57.0	2.0900359561868878	70.549
57.5	2.1058541316222104	40.292
58.0	1.8826632274019757	80.518
58.5	2.1463722919372277	78.751
59.0	1.8967080429976384	35.104
59.5	1.758670527296303	47.518
60.0	1.8289972385403317	34.774
60.5	1.9176198940572577	29.024
61.0	2.328468076852404	22.293
61.5	2.0381408989462035	50.332
62.0	2.185050222851854	75.81
62.5	1.9318691504566539	70.486
63.0	1.8753918345237972	70.479
63.5	2.2389763068392723	60.417
64.0	1.5441453327651335	90.508
64.5	2.0157023089055874	22.362
65.0	1.9461633727133165	100.766
65.5	2.2978817704443655	67.007
66.0	2.08180673708769	70.475
66.5	2.822958590684885	66.362
67.0	1.630754326737948	80.437
67.5	2.02175378895604	60.471
68.0	1.1627081333766647	130.789
68.5	2.5053539748403413	60.248
69.0	1.7034313195142647	81.088
69.5	1.9993512026189542	60.342
70.0	1.7371680191827374	130.871
70.5	1.9311197859913372	70.311
71.0	2.338669941344481	60.445
71.5	1.5814055292608564	70.443
72.0	1.5061897584690105	65.849
72.5	1.6847774448581763	60.455
73.0	1.8270415787722603	125.567
73.5	2.191706051797113	86.547
74.0	1.571345438820892	120.935
74.5	2.1518419552324928	14.493
75.0	1.9890688856156147	80.666
75.5	1.2755686842298006	130.861
76.0	1.9522563240833815	100.59
76.5	2.105995525515612	80.385
77.0	1.6645882033128303	81.347
77.5	1.781603024588087	42.999
78.0	2.2737439867440763	40.165
78.5	1.8597141359062002	70.549
79.0	1.9418281316504853	80.163
79.5	0.9657778148227332	50.4
80.0	1.859957589559785	93.107
80.5	1.9664914780155949	98.439
81.0	2.5515357538380488	15.886
81.5	1.8699891847903265	30.436
82.0	1.6824111148192757	122.934
82.5	1.7886599789761664	60.4
83.0	2.180037458518843	140.684
83.5	1.5200424057451185	95.97
84.0	2.0185916222688274	70.468
84.5	1.79083470478829	20.112
85.0	2.3914668018708642	75.438
85.5	1.2702194059640621	100.722
86.0	1.806202864735761	27.306
86.5	1.4653122286063676	15.78
87.0	1.904934956619693	143.107
87.5	1.2336283517171804	27.789
88.0	2.3331578177872294	50.255
88.5	1.540016750192753	60.509
89.0	1.628303068937409	56.248
89.5	1.466144168557598	149.241
90.0	1.9606962794431453	130.901
90.5	1.8130660660530018	20.517
91.0	1.4369963235483372	90.326
91.5	2.107701608941961	130.958
92.0	2.229111966137562	25.465
92.5	1.9431506818018376	70.53
93.0	1.586786435068229	84.858
93.5	1.912655007453733	80.379
94.0	1.44988936435504	20.156
94.5	2.0821011349371763	37.182
95.0	1.524821393146708	28.896
95.5	2.53574742862431	100.623
96.0	1.6958299928890694	14.102
96.5	2.266516117812387	70.149
97.0	1.659131451662429	50.476
97.5	2.006198034824828	15.095
98.0	1.8643750526384595	181.031
98.5	1.7917283592737245	130.766
99.0	1.3028991566263834	90.611
99.5	1.7836613698105903	130.649
100.0	1.7460190358635326	140.961
100.5	2.211439643923172	60.456
101.0	1.7991152951411344	64.55
101.5	1.389123909197185	110.724
102.0	1.3841968153412565	100.647
102.5	2.2504526801630584	18.636
103.0	1.4132628213824752	70.617
103.5	1.743579082937367	130.797
104.0	2.0815553539133567	119.204
104.5	1.7496603961456154	130.679
105.0	1.573179535100353	110.539
105.5	1.578907720168819	109.465
106.0	1.6897284332391223	40.169
106.5	1.9263134291094153	100.535
107.0	1.4461115130154658	136.04
107.5	1.7106370338721562	100.527
108.0	1.5762697359063502	15.617
108.5	1.8309049365275867	34.718
109.0	2.3371801870482676	20.294
109.5	1.802207669767315	81.21
110.0	1.8894733217642743	110.627
110.5	2.079082359705281	110.487
111.0	1.7000480480386164	107.541
111.5	1.7759439151592893	76.264
112.0	1.6197048615861172	95.681
112.5	1.3206786065741583	100.608
113.0	1.6734690951388136	70.506
113.5	2.4803211140088597	130.53
114.0	1.4722410486731399	130.728
114.5	1.9562955546425893	80.414
115.0	1.9180361269480193	25.561
115.5	2.983419786035165	20.258
116.0	1.476965725511005	36.021
116.5	1.6728478968440261	140.962
117.0	2.022572722120359	120.769
117.5	2.0719556280960183	130.984
118.0	1.6207018296565676	80.583
118.5	2.1985661806545913	129.209
119.0	2.1183204730224854	90.732
119.5	1.9682815716024291	90.582
120.0	1.9116146137792673	80.333
120.5	1.9781964558821972	60.315
121.0	1.5233609576478757	80.405
121.5	2.2089562015212287	50.395
122.0	1.8237866533919493	16.876
122.5	2.242077301907672	28.34
123.0	1.2983611894144624	137.878
123.5	2.273615156887634	19.515
124.0	1.9161213896984188	31.722
124.5	2.050609901026528	132.103
125.0	1.8552582126596866	140.964
125.5	1.6184101042158532	30.151
126.0	1.5295846996795261	41.186
126.5	2.104813378117124	130.816
127.0	1.7518973202092811	88.332
127.5	1.7050570806552603	60.36
128.0	2.153265496755371	70.617
128.5	1.7303949179800642	80.628
129.0	1.9283368868444282	80.509
129.5	2.5742366836393398	50.404
130.0	1.406244235898051	14.307
130.5	1.7382249987317613	103.18
131.0	1.6461879181360806	131.118
131.5	1.7001071831780752	90.491
132.0	2.022488278313186	80.442
132.5	1.8298692106334593	130.861
133.0	1.862478614899968	14.515
133.5	2.063923540839083	100.719
134.0	1.85853084871618	14.958
134.5	2.0725723181592386	57.972
135.0	1.4451964573278278	70.481
135.5	2.3274239488882915	53.094
136.0	1.8133696971250557	17.605
136.5	1.9426435694585207	56.369
137.0	1.7950198391386878	120.501
137.5	1.8593759338113052	95.558
138.0	1.6193275164259258	129.327
138.5	1.4275029285349585	120.893
139.0	1.813334621357497	140.575
139.5	2.148701366770568	63.518
140.0	2.5417498551794484	15.336
140.5	1.5194250413536088	22.38
141.0	2.1474234605656375	85.436
141.5	1.7719736986150483	60.303
142.0	2.27914888501715	33.804
142.5	2.492614024753294	50.24
143.0	1.5504492886987193	70.47
143.5	2.416409500799802	90.554
144.0	1.8912639723504714	50.134
144.5	1.7739737730640543	35.198
145.0	1.7661497431173172	25.524
145.5	2.310828962839081	29.904
146.0	2.0551102812157187	30.169
146.5	1.8230632639861144	100.632
147.0	2.2251002044346673	80.548
147.5	1.5897182827506395	13.865
148.0	2.052958538077675	100.683
148.5	2.013647882221882	50.279
149.0	2.2069676961963087	18.781
149.5	2.0950562090067564	80.526
150.0	1.8632638442117018	130.762
150.5	1.864183966915133	90.614
151.0	2.3593211586859404	50.372
151.5	1.6212266973735283	100.699
152.0	1.9688650806740515	97.493
152.5	1.6015584051829785	70.551
153.0	2.236732922153201	90.718
153.5	1.8475441219052056	70.461
154.0	1.9200691360752724	100.689
154.5	1.9120400814595655	17.705
155.0	2.1477502370874597	90.606
155.5	2.3783561961751767	342.88
156.0	1.7846515512707324	20.203
156.5	1.3858193912158727	130.837
157.0	2.190871466916104	63.983
157.5	2.1560447748341356	30.225
158.0	1.8008635644370092	79.672
158.5	2.1723926035200516	110.62
159.0	1.9720168659973267	120.66
159.5	1.9169312378685415	110.906
160.0	1.5431994387930363	14.0
160.5	2.6182411007237283	96.952
161.0	1.5139629116848454	130.877
161.5	1.8526448988463253	68.012
162.0	1.4418652403578964	125.511
162.5	1.5991804592956171	110.761
163.0	1.8371136346772634	93.568
163.5	2.4482495124106167	66.646
164.0	1.5843993444752842	70.428
164.5	1.9960490465114593	70.366
165.0	1.9095123064288684	110.586
165.5	2.4529010594795757	80.587
166.0	1.6273822119413546	60.463
166.5	1.987183564922525	90.608
167.0	1.8174989117201708	98.625
167.5	2.4235775591191158	60.408
168.0	1.6067461060681039	130.86
168.5	1.9595711540228102	90.616
169.0	1.7029371353487122	50.437
169.5	2.239878555553226	70.504
170.0	2.33114296676564	60.479
170.5	2.0813519712712742	70.414
171.0	1.720333213555975	19.719
171.5	2.316549204705252	20.205
172.0	1.4618584832095565	80.497
172.5	1.7668879325145643	80.404
173.0	2.041070934686295	70.616
173.5	1.5844242657890466	30.263
174.0	1.4950729938328937	50.303
174.5	1.5574318321927338	120.749
175.0	2.261485382681128	121.197
175.5	1.893747713641106	130.757
176.0	1.8550899172051851	131.014
176.5	2.1506732011743352	110.673
177.0	1.8040945142111384	50.309
177.5	1.271723688826627	13.55
178.0	2.199497408419651	60.405
178.5	1.868156999563635	80.503
179.0	1.5962129697731848	80.672
179.5	1.610895550696236	120.8
180.0	1.6143169832182263	70.302
180.5	1.7206779319789829	87.692
181.0	1.3866558737782322	80.544
181.5	1.9966565380007675	93.703
182.0	0.17190878459747194	326.856
182.5	1.8784662440655757	100.581
183.0	2.487291292771603	66.875
183.5	1.3856038169863585	605.644
184.0	0.5570170912809567	810.258
184.5	1.5078259384166928	30.902
185.0	2.402278554256584	20.375
185.5	1.3590326772283188	80.393
186.0	1.7620568018781813	34.684
186.5	2.099116883095947	100.684
187.0	2.3590890398927176	57.338
187.5	1.5999495823384786	60.35
188.0	1.7844220722807498	39.252
188.5	1.4732473677468663	120.816
189.0	1.5923482942055298	130.729
189.5	1.8670619471501448	120.692
190.0	1.4762280377738437	90.633
190.5	1.5854764859015276	80.643
191.0	1.882932637436756	70.31
191.5	1.7284534775079154	98.235
192.0	2.0990539433007593	80.524
192.5	1.8835226916627428	130.788
193.0	1.9529618807433027	85.685
193.5	1.6581720160136186	60.656
194.0	1.63523305715301	14.394
194.5	2.1006435760524687	80.518
195.0	2.0577750686141503	130.757
195.5	1.748121866569913	100.569
196.0	2.243403318890803	70.54
196.5	1.925327518098033	100.636
197.0	2.5927458602615894	89.871
197.5	1.3190764775475456	100.64
198.0	2.1293250206576073	130.731
198.5	2.239480665607228	80.485
199.0	2.576862745356997	50.382
199.5	1.6116360271903143	77.509
200.0	1.449192773442806	19.366
200.5	2.141942558730379	57.569
201.0	1.8403078210636277	56.705
201.5	1.9709752617032985	20.176
202.0	2.0287283477305125	50.22
202.5	1.7093527514562565	15.478
203.0	1.9011385041328241	120.695
203.5	1.8624894073608833	50.348
204.0	1.580294937254752	13.845
204.5	1.8037652995655824	14.015
205.0	1.7323343738495007	80.684
205.5	2.27779461780238	70.339
206.0	2.5047978030897187	20.286
206.5	1.7699467408213627	97.005
207.0	1.911165424178783	60.414
207.5	1.4205873653405892	79.951
208.0	2.3780341636053643	80.51
208.5	1.81028894987026	19.541
209.0	1.8962401629104073	120.679
209.5	1.583763916633069	110.746
210.0	2.27195642576901	130.819
210.5	1.505416687733977	69.322
211.0	2.127033622852699	94.453
211.5	1.7024201717460679	90.671
212.0	2.2077711578097867	77.91
212.5	1.316881005085125	130.804
213.0	1.913654193987667	130.696
213.5	2.067039638632404	60.285
214.0	1.400109335990322	14.699
214.5	1.7193092441465976	115.879
215.0	1.9002545062080989	83.76
215.5	2.0798351695909845	100.531
216.0	1.7850512966912835	60.549
216.5	2.066948837723186	20.122
217.0	1.8228361711656893	80.803
217.5	1.864882185800013	42.434
218.0	2.439544033908621	92.22
218.5	1.6096632576584415	120.869
219.0	1.793830901699642	49.532
219.5	1.7125009598938168	80.537
220.0	1.901222956367485	130.756
220.5	2.05635141612383	201.129
221.0	1.6138899104626152	60.332
221.5	2.1380296804117016	121.341
222.0	1.5539493061577967	28.956
222.5	1.8968456445971051	38.657
223.0	1.656981463023878	121.172
223.5	1.383301974233602	30.197
224.0	1.935754165075731	101.772
224.5	1.7559533398255318	165.781
225.0	1.701270456758279	70.42
225.5	1.8247300190433349	98.413
226.0	2.3446119481039824	50.387
226.5	1.5614996125026395	161.167
227.0	2.260960880480796	20.216
227.5	1.4938143261090355	60.454
228.0	2.073096024398951	100.66
228.5	1.8282651582183511	60.376
229.0	1.659508781313409	100.659
229.5	2.146787676907434	14.707
230.0	1.9946081622088119	13.421
230.5	2.0503151057759124	100.644
231.0	1.2375724843230724	21.024
231.5	2.497585117906031	30.087
232.0	2.15560640516579	70.539
232.5	1.4430283652418998	90.54
233.0	2.1922448896867346	60.879
233.5	1.1703803211907184	49.048
234.0	1.3404708129642078	120.282
234.5	1.0372811461255467	100.741
235.0	1.501044018266673	37.672
235.5	0.9024460097091941	115.973
236.0	1.9277309447552602	50.349
236.5	1.3454156624906297	107.114
237.0	2.209705041627704	60.513
237.5	2.145879392009189	63.937
238.0	1.4538941494643634	22.683
238.5	2.356585456930146	110.702
239.0	2.4978677719900415	15.162
239.5	1.6880754882572027	110.635
240.0	2.178853535757188	130.798
240.5	2.043527807721941	16.069
241.0	2.130242529297124	99.865
241.5	1.8936602775448432	81.074
242.0	1.9675477853892893	214.374
242.5	2.1413395822412236	130.777
243.0	1.6031106288578825	130.825
243.5	2.043438229725532	50.278
244.0	1.8128577441394513	75.593
244.5	1.7494060549689072	37.797
245.0	1.5041822748053255	130.925
245.5	1.6419772033626279	87.546
246.0	1.2289296429659358	120.659
246.5	1.4359400007296788	136.245
247.0	1.9255754888372723	82.725
247.5	2.0349120717602687	50.237
248.0	1.6064109933878394	107.088
248.5	1.6761760328158581	87.993
249.0	2.4051605268924154	21.12
249.5	1.6670960183046541	20.086
250.0	1.6572298177088438	50.331
250.5	2.0318046832538093	50.42
251.0	1.6246600840986678	110.661
251.5	1.4571775409586891	69.323
252.0	1.9272858219814917	110.603
252.5	1.3071165573448056	120.913
253.0	1.8782264051022541	141.094
253.5	1.7354917592814103	90.626
254.0	2.1441887272821876	50.512
254.5	1.3639408709512877	80.492
255.0	1.6508916119977828	70.496
255.5	1.9826839355486696	50.428
256.0	1.616693785048244	70.756
256.5	2.224616259759457	44.684
257.0	1.9603442873134753	60.279
257.5	1.8287517946822807	130.827
258.0	1.9289223865272052	101.841
258.5	1.397682472805445	130.709
259.0	2.123420238117366	130.883
259.5	1.8919030734878772	130.625
260.0	1.6717194347980868	90.648
260.5	1.77937503589893	30.823
261.0	2.082353494454941	201.23
261.5	2.4363893252376148	120.87
262.0	1.6571344737646387	181.699
262.5	1.42770639094224	666.496
263.0	0.1736895244754464	666.496
263.5	1.9002557129248052	115.381
264.0	2.4219705757049903	97.225
264.5	1.3345703923968422	140.829
265.0	1.6412356192620636	90.581
265.5	2.0986732749414183	130.783
266.0	1.897853212468649	100.722
266.5	2.389161778798001	25.559
267.0	1.6666742459775152	100.705
267.5	1.3983721280845531	24.541
268.0	2.2135570441856824	120.649
268.5	1.9732142150351524	18.361
269.0	2.3550276644944375	110.503
269.5	1.2477923136742983	100.519
270.0	1.9385687033080916	125.946
270.5	2.5888973430704074	78.257
271.0	1.6427835412411131	90.571
271.5	1.4218818092389505	70.758
272.0	2.2572042838469546	110.557
272.5	1.782573290033086	40.196
273.0	1.6094061925914271	70.47
273.5	1.5030098952427497	30.181
274.0	1.7421273262920776	80.471
274.5	1.9158854325215113	100.435
275.0	1.5922969954161381	525.566
275.5	1.1796232913491014	35.345
276.0	1.68185638147808	100.507
276.5	2.2770780864045848	59.246
277.0	1.7025815460812068	70.656
277.5	1.9009740698217343	70.512
278.0	1.8978428009611465	23.096
278.5	1.7079160017568578	100.599
279.0	2.384789305909736	30.882
279.5	1.5824883791269115	20.18
280.0	1.4120648280428807	70.457
280.5	2.2593245070840062	140.739
281.0	2.2182332026545577	110.694
281.5	2.245937328285391	24.689
282.0	2.126921756790726	107.213
282.5	1.644153218098034	15.43
283.0	2.13996149873346	50.235
283.5	2.173439599695008	120.78
284.0	1.383120835708383	120.754
284.5	1.737544402416523	70.346
285.0	1.8408196199387363	80.62
285.5	2.1713784484930962	90.333
286.0	1.9361850310190156	20.113
286.5	2.03837662837077	104.31
287.0	1.7777744686768164	90.486
287.5	1.5390149105152753	140.89
288.0	1.9205621631931329	19.471
288.5	1.676977979018407	201.477
289.0	2.0088554419853573	18.89
289.5	1.8008155806560093	171.629
290.0	1.5755852553152336	73.95
290.5	2.3121840230197126	262.987
291.0	2.00291708521659	120.734
291.5	1.3974028283708435	110.731
292.0	1.826826197694189	120.745
292.5	2.3271489212224084	60.383
293.0	1.9967793318886935	80.674
293.5	1.467870517954684	96.204
294.0	1.8482815546768316	34.196
294.5	1.4913272999940224	130.886
295.0	1.7309101036913654	130.968
295.5	1.6478686947946994	130.751
296.0	1.5369128059114054	130.793
296.5	2.16077480075143	70.303
297.0	1.3051869097297653	90.552
297.5	2.211478004489728	95.652
298.0	2.005357461179039	50.188
298.5	1.4493021591249076	80.613
299.0	1.6370733579779642	70.53
299.5	2.0044373877244914	50.383
300.0	2.1013366098877233	15.145
300.5	2.452329207607078	40.289
301.0	1.1941661411935118	40.241
301.5	1.5303110186703566	110.748
302.0	1.6834177453441646	110.661
302.5	2.0348160923214156	130.762
303.0	1.8383544891492365	15.587
303.5	2.3926804652977207	60.346
304.0	1.9698151685531229	60.503
304.5	1.7546432044868538	27.802
305.0	1.7157372869904595	70.501
305.5	1.8669481449465086	100.607
306.0	1.8730922907461418	13.511
306.5	1.194682144239965	14.55
307.0	2.0528349061553803	90.634
307.5	2.6248347680977604	79.269
308.0	2.3753616538159448	150.753
308.5	1.7127157497357306	110.782
309.0	2.2643906741611626	70.477
309.5	1.8319825989188603	40.321
310.0	1.9624639806030135	60.507
310.5	1.496356101492615	80.437
311.0	1.6575111755441294	88.675
311.5	1.5444525014076047	50.413
312.0	1.8899254257346054	80.501
312.5	2.3976428962919205	102.238
313.0	1.7141936276154905	15.051
313.5	2.3239750226094418	141.053
314.0	1.934929657522218	115.221
314.5	2.557948964543129	104.722
315.0	1.6957434276263044	80.496
315.5	2.1516268615989076	15.172
316.0	2.0827460951493184	70.416
316.5	1.8259151880856666	130.776
317.0	1.7173456455738836	80.486
317.5	1.8818207020761621	17.858
318.0	1.7940408895780966	80.605
318.5	2.0165171054199478	20.131
319.0	2.141395866084004	89.822
319.5	1.6377229904162838	18.852
320.0	1.6233521682553256	60.517
320.5	2.21803740451021	40.313
321.0	1.9288083579944084	110.792
321.5	1.971550933772529	120.758
322.0	2.0416188959282278	130.73
322.5	2.250384013988953	130.722
323.0	1.9863937875232316	18.642
323.5	1.5321348119695424	42.828
324.0	1.937189902912602	70.573
324.5	1.7667209682813154	15.804
325.0	2.3363555229424557	130.923
325.5	1.436245040825614	80.516
326.0	1.8909364712023604	60.399
326.5	1.6884413602545008	130.527
327.0	2.2053178361834047	76.943
327.5	1.8696054100678132	66.526
328.0	1.8339019147205264	60.831
328.5	1.7495568403772745	81.292
329.0	1.7370585087452506	57.173
329.5	1.7556827394279524	80.384
330.0	2.4522309606004864	18.332
330.5	1.508926858988391	80.495
331.0	1.7920847807252975	130.732
331.5	1.7495855801058806	70.496
332.0	2.186770988311391	50.384
332.5	1.1900492604990833	130.774
333.0	2.1436559420956343	120.7
333.5	2.245386992185193	80.521
334.0	1.560110885685155	28.472
334.5	1.4638830690428883	70.531
335.0	2.0823787533159295	70.456
335.5	2.0318147846827146	80.646
336.0	2.4422964154172484	20.121
336.5	1.7386835591359713	60.564
337.0	1.961204356382263	80.659
337.5	2.266353177453848	20.282
338.0	1.9305463081275789	59.962
338.5	2.0323441045785793	90.458
339.0	1.8155490202598386	70.556
339.5	1.9439462198822859	70.742
340.0	1.9652877662760881	110.739
340.5	1.7661401194112962	60.415
341.0	1.6394558809126603	130.66
341.5	2.26260579722769	50.267
342.0	1.4845097494349735	99.852
342.5	2.416932854879786	141.278
343.0	1.6478391523961928	30.893
343.5	1.9557143929860976	95.161
344.0	1.2613698901210117	47.588
344.5	1.9497442409769243	171.125
345.0	1.8288544529183455	262.468
345.5	2.2357383786043687	97.939
346.0	1.6408593203989266	236.999
346.5	1.9443861322970948	70.443
347.0	1.7624191444315866	130.833
347.5	1.4913981208972449	17.209
348.0	2.078260216172602	52.887
348.5	1.8676590160880364	20.106
349.0	1.9664138990709377	151.271
349.5	2.200099169690632	20.253
350.0	1.8926387371236937	120.769
350.5	2.053922783076048	282.623
351.0	2.2314397055587865	235.563
351.5	2.9334606825265914	80.636
352.0	1.6101014561863092	50.131
352.5	1.622974555303793	13.912
353.0	1.9238995782410833	80.506
353.5	1.5911742430524782	73.49
354.0	1.6256942722181533	100.659
354.5	2.0308446881757383	80.673
355.0	1.6073776157232076	90.934
355.5	1.5948057119431125	157.862
356.0	1.6624743291210045	50.175
356.5	1.8888752663933777	241.999
357.0	1.0946247387936447	816.535
357.5	2.896474320178835	100.362
358.0	1.9779653036350322	15.332
358.5	1.8501034999380017	60.292
359.0	1.921985242105135	100.718
359.5	1.8766049931838642	130.896
360.0	1.5104464905457673	27.044
360.5	1.6239208131738398	130.688
361.0	1.772643873211645	80.601
361.5	1.91393897347113	70.385
362.0	1.5078470948608549	110.781
362.5	1.9984145105316458	189.809
363.0	2.1203463212744245	282.835
363.5	1.289617072291236	408.271
364.0	1.9539245103038076	70.773
364.5	1.3930664479247186	485.385
365.0	1.2524381449382056	232.744
365.5	0.7420323417393585	989.813
366.0	0.13922375566838321	989.813
366.5	1.8400902250810216	427.713
367.0	2.3436309707237375	304.96
367.5	2.2015388899517085	107.131
368.0	1.5014788459158703	89.098
368.5	2.462539597543671	90.744
369.0	1.8841334519743653	80.716
369.5	1.707482567141771	91.215
370.0	1.355278484942433	80.549
370.5	2.372507074706928	130.656
371.0	2.211105526617644	42.017
371.5	1.9057344444504207	29.505
372.0	1.759844074492675	110.575
372.5	1.614196046792459	112.997
373.0	1.6659477480297784	47.697
373.5	1.5937569746212366	70.384
374.0	1.2177379316137358	38.159
374.5	1.9365932350075041	80.828
375.0	1.5966085862731272	120.668
375.5	2.0025782189144943	90.779
376.0	1.6934118512945293	70.383
376.5	2.20219284750634	92.141
377.0	1.714966829651573	110.656
377.5	1.8891295685086869	69.781
378.0	0.1518851532651191	57.923
378.5	1.3339004355336967	13.609
379.0	3.8102117092166914	60.645
379.5	2.063059567306538	40.016
380.0	0.4576604318438153	50.312
380.5	0.5801891541950865	61.156
381.0	0.8573071590868784	48.177
381.5	0.395322401497488	131.045
382.0	0.552117213875897	31.746
382.5	0.5569981134059263	100.714
383.0	0.38070270273342804	40.109
383.5	0.5115011427614694	140.937
384.0	0.12984507765455786	9.223
384.5	11.158345207846565	60.32
385.0	1.8923191061890432	62.079
385.5	1.6806645024245102	60.527
386.0	2.6497058028938834	110.626
386.5	1.7623651892381857	20.115
387.0	2.173921156430702	70.151
387.5	1.5101643661547461	120.877
388.0	1.8234083065879343	20.142
388.5	2.017373492518087	60.169
389.0	1.5790471202981413	90.719
389.5	1.9485781866694245	48.974
390.0	1.964912346124969	90.589
390.5	1.9685929287901294	30.366
391.0	2.3002004850053743	20.211
391.5	1.8544167333387929	60.198
392.0	1.6373652659418396	110.722
392.5	1.9228848380713226	60.228
393.0	1.8798664293398002	30.019
393.5	1.6454536560238757	50.3
394.0	2.088602943890492	100.501
394.5	2.27701398634634	104.265
395.0	1.7415410871232448	70.827
395.5	2.150238684493207	84.801
396.0	1.7717093703984312	130.829
396.5	1.748591203044775	60.417
397.0	1.9389487532699405	84.105
397.5	1.749116814890684	150.545
398.0	1.967409750326199	20.155
398.5	2.2657288994257154	40.271
399.0	1.3904827604815602	60.55
399.5	2.5740178207691344	20.234
400.0	2.174273826594491	57.544
400.5	1.4710315092142787	40.319
401.0	0.9601367156071213	10.842
401.5	1.7853514458184545	435.403
402.0	1.0662300559543485	13.926
402.5	1.2101661057114372	50.391
403.0	1.7379580772860719	28.849
403.5	1.0838421082627512	92.601
404.0	3.556654227231048	232.272
404.5	0.6573198844546178	444.189
405.0	0.12372585389076261	55.522
405.5	10.622335265146729	50.324
406.0	1.442157387896273	100.626
406.5	1.9022275520998089	50.221
407.0	1.5434678707220628	229.569
407.5	1.8825422155224119	191.007
408.0	1.94115067259301	70.353
408.5	1.7016674269039032	90.901
409.0	1.8814728996231365	30.271
409.5	1.9917443728638327	35.627
410.0	1.8289893161059776	110.654
410.5	1.7887217272026168	124.328
411.0	1.9849164077633237	78.68
411.5	2.061347814312743	14.444
412.0	0.17703574534580793	103.952
412.5	7.25731073905367	156.952
413.0	2.364590666530574	150.636
413.5	1.3961936519740696	138.365
414.0	1.8623380787159571	258.252
414.5	2.55017433639017	201.481
415.0	2.4583521931717636	41.896
415.5	2.0442446875544316	60.951
416.0	1.398323832222563	70.956
416.5	1.125288303914217	57.69
417.0	1.8015150496839771	58.594
417.5	2.03452801586093	70.404
418.0	1.6619680529144516	50.489
418.5	1.1751845302610504	52.175
419.0	1.3250396685761903	106.918
419.5	2.062675895268865	152.905
420.0	1.6014212525736016	61.854
420.5	0.5209714288335987	141.042
421.0	1.5162760921616685	47.588
421.5	1.833944501448791	142.751
422.0	1.6053412711358728	121.092
422.5	1.6959808455000158	201.707
423.0	2.244783530274344	161.261
423.5	2.393815566401059	56.037
424.0	1.2929459803023482	50.728
424.5	1.7784751693948713	110.9
425.0	1.6469527120140393	49.646
425.5	2.305065063456542	129.856
426.0	1.6075043815739203	50.753
426.5	1.8710498782445304	139.002
427.0	2.6844142230596373	71.45
427.5	0.8665656782847305	70.657
428.0	1.1077446374182762	53.854
428.5	1.74007299459825	80.73
429.0	1.3631035725733385	43.903
429.5	1.6126512131202875	45.814
430.0	0.9693786520411742	41.725
430.5	1.3003904432814977	142.585
431.0	2.691736611528423	38.921
431.5	2.325236948463826	58.957
432.0	2.155597975711257	121.622
432.5	1.4290656280394902	46.847
433.0	1.6670679915343316	62.84
433.5	1.9363661663363378	121.158
434.0	0.9737502464202	59.109
434.5	1.1106741318141964	55.5
435.0	1.460080533707756	47.899
435.5	2.127778410856083	300.014
436.0	1.690796183561881	296.223
436.5	2.611722662267696	362.014
437.0	1.314027003380783	55.372
437.5	2.3283544088129102	60.559
438.0	2.611573984715769	137.623
438.5	1.647708626657217	70.607
439.0	1.3008339948172334	78.465
439.5	2.4954344921252734	43.714
440.0	2.612870211568572	171.386
440.5	1.7090002079707851	217.276
441.0	2.601415964114355	65.089
441.5	2.117549949146998	145.85
442.0	2.7198219535592374	53.01
442.5	1.193831788473866	100.703
443.0	2.5298226368103722	181.032
443.5	1.3843021716243327	55.38
444.0	1.077503956874164	50.259
444.5	1.6578862985385912	211.737
445.0	2.037481985250401	70.952
445.5	1.3489788417236825	141.454
446.0	1.8975396460867235	53.523
446.5	1.4549075977261203	53.9
447.0	2.452114713832415	43.998
447.5	1.4736499717029519	55.782
448.0	1.5853905507715005	55.507
448.5	1.855898058204875	100.455
449.0	1.8938510226648746	151.932
449.5	1.5746769920259363	57.947
450.0	1.7176202389828665	61.422
450.5	1.7880274209531744	37.111
451.0	1.8006547305425096	162.947
451.5	1.9365209156762817	43.054
452.0	2.006730630800168	62.981
452.5	1.4087112660974876	51.902
453.0	1.289618889558222	52.78
453.5	2.51761480991455	145.37
454.0	1.6086414499597084	49.738
454.5	2.013688292136722	147.351
455.0	1.9042579286851147	248.581
455.5	1.9988276054235175	161.215
456.0	2.105336116455345	91.179
456.5	2.024747805161744	60.648
457.0	1.672744414558308	97.035
457.5	1.8023079413151155	48.015
458.0	2.5924661226612336	100.651
458.5	1.4825082466790462	61.942
459.0	1.8677811666631998	59.063
459.5	1.9807064945239656	66.942
460.0	2.002750999772902	100.802
460.5	1.5698038512165764	173.45
461.0	1.6641822786189813	38.044
461.5	1.307419013286539	170.623
462.0	2.107782955018636	63.413
462.5	2.572090571125242	100.722
463.0	0.7639752007829956	181.348
463.5	2.3222612774858056	120.889
464.0	1.2233192045197083	59.595
464.5	0.8451400520525804	90.83
465.0	1.5786586307531105	131.09
465.5	1.7117907798906564	110.87
466.0	2.228836724288613	72.744
466.5	1.8082016493626587	131.085
467.0	1.759243013636314	56.022
467.5	2.375948952605256	120.807
468.0	0.5006212130434051	141.064
468.5	1.7225299872442243	79.239
469.0	2.180177259483799	159.085
469.5	1.4296965717295513	47.383
470.0	1.6135625438352466	157.232
470.5	1.4236291700439248	110.913
471.0	1.6359961398980554	60.497
471.5	2.5135595751751616	84.252
472.0	1.4552675327260132	110.694
472.5	2.2168262256921767	48.274
473.0	1.144413333468593	130.904
473.5	1.0864110627486094	55.872
474.0	1.5495948548775895	121.254
474.5	1.4273517947606555	75.623
475.0	1.4505462604333286	211.797
475.5	1.7510947341883183	80.09
476.0	2.204977088614107	121.556
476.5	2.2029096472139087	191.335
477.0	1.8492927843225404	161.245
477.5	1.838286268698643	120.986
478.0	2.5855203562195883	88.79
478.5	1.2675983843292564	63.877
479.0	1.8246035384266233	57.55
479.5	2.004207283411138	62.104
480.0	2.5283349561666215	171.383
480.5	0.9929920086608803	151.193
481.0	1.9373795326764602	100.763
481.5	1.50247289003952	101.309
482.0	1.9390558966285718	100.888
482.5	1.0559616790857485	76.163
483.0	1.2252138527567416	66.195
483.5	2.482118791186973	74.282
484.0	1.0021838790042055	96.431
484.5	1.6129608353778875	131.066
485.0	1.870973855785878	181.692
485.5	1.5483224600845655	201.549
486.0	2.1016301014704863	53.239
486.5	1.6275737104774908	100.976
487.0	1.9723351409135272	100.446
487.5	2.5055650007011105	64.672
488.0	3.162677196738315	151.222
488.5	2.130665243719201	54.626
489.0	1.801532523459324	127.931
489.5	1.747744095861015	99.565
490.0	2.2960134573189017	61.892
490.5	2.8952004206787416	151.157
491.0	1.43123109098099	183.446
491.5	1.6933424671673396	110.867
492.0	1.1305134492495914	201.362
492.5	1.1081126509199857	67.537
493.0	1.8448504218694834	73.003
493.5	2.7327346608114538	78.689
494.0	2.0044240288406296	191.446
494.5	3.113018330222652	188.916
495.0	1.7242974498880075	161.101
495.5	1.9357724991738257	201.502
496.0	1.5948942857275372	171.678
496.5	1.3007550370358087	50.4
497.0	1.3083242900859375	141.074
497.5	1.4748274010883897	50.037
498.0	1.7340966222003888	60.489
498.5	2.0306341573641795	44.661
499.0	1.9806903817799393	49.029
499.5	2.5707615339944923	37.044
500.0	1.3725583204171996	58.435
500.5	2.446616161099062	50.645
501.0	1.1752676180790083	110.965
501.5	1.9906902036018446	110.715
502.0	0.7208281601958934	57.772
502.5	1.6905390238076945	65.898
503.0	1.4496364486124105	170.48
503.5	1.0943680256980395	64.589
504.0	2.227664024573352	89.169
504.5	1.3829454166697335	101.257
505.0	1.627222265732274	52.393
505.5	1.4277057640168513	150.978
506.0	1.5775306574305976	148.954
506.5	2.1905860368989827	143.574
507.0	1.0198185036957637	75.018
507.5	1.9587099065022013	43.01
508.0	1.6033731133853395	55.158
508.5	2.043154438087288	40.403
509.0	1.6397662898739838	100.419
509.5	0.9477773145158751	120.871
510.0	1.417246484700113	141.087
510.5	1.0347060128351488	151.278
511.0	1.4280893157517927	100.692
511.5	2.2567674857527917	161.128
512.0	1.9508868108051307	101.125
512.5	0.5782114847557709	151.296
513.0	1.599505896766227	81.186
513.5	2.2435625792027643	112.311
514.0	2.7553806135946037	67.298
514.5	0.8056442177994533	54.17
515.0	1.7755409714705233	53.835
515.5	2.0212280907120124	229.362
516.0	2.0586467001627775	58.813
516.5	1.6864534680574677	90.852
517.0	2.058679451637426	161.422
517.5	1.614213876136718	196.395
518.0	1.806986550487803	178.824
518.5	2.1617780184895397	235.556
519.0	1.9818668782509385	130.935
519.5	1.51043255603771	96.907
520.0	1.512160789894684	60.613
520.5	1.4401663362968153	43.367
521.0	1.8431073160825793	152.213
521.5	1.5537308035593353	88.365
522.0	1.487921874086173	110.796
522.5	2.1368656924409914	151.168
523.0	2.266767547566785	131.096
523.5	1.9640603477087915	60.648
524.0	2.091968911141556	111.445
524.5	2.039969430868844	133.178
525.0	1.590634686297943	161.197
525.5	1.662557231574527	48.858
526.0	1.9365709271379576	131.389
526.5	1.9921069009459724	160.927
527.0	2.2882648271884163	90.551
527.5	2.365291877087274	100.933
528.0	2.614726789166796	90.939
528.5	2.4074988626674396	61.786
529.0	2.4035274514642495	131.952
529.5	1.2469703827331946	141.008
530.0	2.084088413177181	60.527
530.5	1.8684776906746818	58.019
531.0	1.806610080203924	151.123
531.5	1.5979608968672354	172.824
532.0	1.6846666986032133	141.176
532.5	1.8638445518349083	121.346
533.0	1.7592447265767894	50.651
533.5	1.8333800222538035	137.343
534.0	2.1441231546353294	100.984
534.5	1.9643782771966543	110.9
535.0	1.4531027961567982	204.977
535.5	1.8573014036601698	161.155
536.0	1.9064050323386783	77.302
536.5	2.648944294420009	122.436
537.0	1.4687651073041614	141.051
537.5	1.6129172549009119	80.391
538.0	1.365338966076681	130.845
538.5	1.8673793557694327	45.772
539.0	2.2063395240446257	114.803
539.5	1.9166727023238035	120.948
540.0	1.7687276838392387	252.969
540.5	1.0489991925430167	48.007
541.0	1.169144436660273	90.621
541.5	1.3388046353194871	96.888
542.0	2.2970362427020397	51.532
542.5	1.1977086197860047	55.3
543.0	0.7606981635389355	49.072
543.5	1.223423721966654	79.752
544.0	1.7854478759673291	109.082
544.5	1.7602001153169358	91.119
545.0	2.099728138187845	53.796
545.5	2.310307265887167	91.114
546.0	1.4943116113435675	80.689
546.5	1.5870455028207833	56.724
547.0	2.151553963368322	151.25
547.5	1.7603559622278224	58.412
548.0	2.1405513427207303	58.793
548.5	1.784302131536159	151.231
549.0	1.5063096424571971	61.705
549.5	1.40307169057908	69.975
550.0	1.458249385004968	179.881
550.5	2.1413569292132903	191.142
551.0	1.6155330472137819	69.789
551.5	1.312483441612508	110.922
552.0	1.9778443645135555	50.093
552.5	1.9590398903943445	60.743
553.0	2.5928557375417176	59.753
553.5	1.548670444956891	121.793
554.0	1.5053863025103698	60.552
554.5	1.4100849504513944	48.667
555.0	2.2403478052642805	57.775
555.5	2.072625785024322	43.862
556.0	1.815271320336319	110.917
556.5	1.65180877163133	45.86
557.0	1.502659766114615	101.396
557.5	2.567202516260932	101.727
558.0	1.5362544377947813	168.208
558.5	1.6502560545587246	52.824
559.0	1.7342897773672648	54.71
559.5	2.2613816721364493	80.251
560.0	1.1777900646241743	52.625
560.5	2.843891197200423	57.334
561.0	2.0809026953868583	53.997
561.5	2.144914442295623	80.722
562.0	1.54710800887884	85.184
562.5	1.9677966541913723	151.583
563.0	1.7493440925762531	101.455
563.5	1.363976602460332	66.88
564.0	3.1758473930681097	100.832
564.5	1.6347406316893163	81.223
565.0	1.895270514442951	40.293
565.5	1.7187849542481906	110.992
566.0	2.085149258305721	60.995
566.5	1.1615636989458846	100.889
567.0	1.830812853132111	170.593
567.5	1.9884214053329927	145.504
568.0	1.3806397240577994	38.847
568.5	1.8009231941242803	74.969
569.0	1.241578935788345	110.935
569.5	1.322867677822564	161.047
570.0	1.6192369759392742	110.903
570.5	1.9042894229744636	130.925
571.0	1.8982229247048734	66.654
571.5	1.448233079264389	181.053
572.0	1.7383590232876076	111.088
572.5	1.9621122636874042	141.254
573.0	1.0677349104233973	141.357
573.5	1.4272743032431177	45.814
574.0	1.5206194772249289	90.7
574.5	1.066915632841898	48.829
575.0	1.131089650300311	151.008
575.5	2.04216190439005	75.053
576.0	2.24213332207051	40.935
576.5	1.115090098166123	160.892
577.0	1.2363801510904024	181.986
577.5	2.399508597431481	42.512
578.0	1.0062450792275366	46.193
578.5	1.389765253342057	54.55
579.0	0.9926934221553424	66.327
579.5	2.5214762559302715	202.019
580.0	1.0330814770540253	61.26
580.5	1.6506457076103296	70.671
581.0	1.571356135752524	101.333
581.5	1.659432219161528	55.223
582.0	1.1893546267410704	134.664
582.5	1.557271766000484	56.971
583.0	1.1264673055088366	151.209
583.5	1.5735460301969737	59.044
584.0	1.4952692109318837	57.685
584.5	1.4691480739576914	49.702
585.0	1.812521510266123	161.222
585.5	1.9582923245236588	60.533
586.0	1.9389437987543086	181.163
586.5	1.9533483360327906	100.864
587.0	0.7783533987352734	75.584
587.5	1.469134737443929	130.981
588.0	1.6800051411666752	45.531
588.5	1.978755406963765	56.185
589.0	2.0009333480841685	49.654
589.5	1.331722635001871	80.693
590.0	1.205908811483795	41.31
590.5	1.414768851956159	54.975
591.0	1.134425570580415	151.098
591.5	1.609545327158345	73.988
592.0	1.0766873224292508	43.034
592.5	1.5166178756642217	55.446
593.0	1.0390552728802758	57.065
593.5	1.0470972750846128	43.568
594.0	1.5053774860513525	50.29
594.5	1.2716572758011926	90.81
595.0	1.9083077755275577	241.647
595.5	2.570013957644517	161.348
596.0	1.9183734025025352	52.575
596.5	1.60542538566647	56.149
597.0	2.5101219422956573	54.887
597.5	1.9597876027696843	90.927
598.0	1.8080728729912883	68.824
598.5	1.9409182157933471	88.839
599.0	1.4916103876767823	191.515
599.5	1.2909365289884676	100.949
600.0	1.487578820942119	121.0
600.5	2.057987092595527	151.227
601.0	2.1807797059580563	80.607
601.5	1.278000791634928	156.962
602.0	1.6987761213800405	56.84
602.5	1.271273923128701	62.247
603.0	1.7159011447109886	84.449
603.5	1.8881049756321415	131.523
604.0	1.9854458973938365	59.733
604.5	1.9262650733432347	66.769
605.0	2.2913337912752807	100.796
605.5	1.8712843438618392	66.77
606.0	2.2140752565437096	116.716
606.5	1.1198461904285402	107.045
607.0	0.9621054391472479	120.978
607.5	0.8514525577961393	43.525
608.0	1.1440393490255745	69.843
608.5	1.3303983776128046	180.321
609.0	2.181276880806518	52.912
609.5	1.3952399335665218	52.33
610.0	1.268266912450173	67.848
610.5	1.8204538118189992	42.971
611.0	1.5076460098835245	52.231
611.5	1.6570506210081162	46.455
612.0	2.6157948679959646	131.243
612.5	1.8400814159463823	67.193
613.0	2.6347438492409396	158.455
613.5	1.3008307341787904	181.383
614.0	1.631072164324538	89.957
614.5	1.1082914364200884	47.297
615.0	1.1883725045920999	100.971
615.5	1.7256755090415214	111.128
616.0	1.7538116591302901	157.939
616.5	1.134699193116398	200.984
617.0	1.296025318603749	57.048
617.5	1.8329034311651877	70.133
618.0	1.291307290155786	59.265
618.5	1.360310097359247	141.034
619.0	1.0852402853503536	172.547
619.5	1.8062844026670735	65.706
620.0	1.6623994983763428	60.579
620.5	1.4819724336773292	216.252
621.0	2.4783718037726334	54.061
621.5	1.6248745726290637	54.323
622.0	1.8907435020763765	134.962
622.5	1.713441630295875	49.012
623.0	1.0681707756575334	56.495
623.5	1.5676466484826426	65.287
624.0	0.6368900986865976	110.94
624.5	1.8342294837010016	194.642
625.0	1.8135983959889412	61.482
625.5	2.014758057066897	121.247
626.0	1.1027238994770332	56.259
626.5	1.3632212848838396	165.613
627.0	1.1321524749865148	55.023
627.5	1.1447226633260603	141.054
628.0	1.419970752245667	63.096
628.5	2.7438559819707544	333.849
629.0	1.611926046651619	54.17
629.5	1.9087050305190627	159.674
630.0	1.8900236947669056	70.598
630.5	1.286330721997662	56.338
631.0	1.4934450395409828	80.767
631.5	1.3981742470267724	55.79
632.0	1.6724930463470191	57.989
632.5	2.2303070216450593	129.192
633.0	1.9104086331134256	54.905
633.5	1.5032405468304952	151.284
634.0	1.0805377957796323	66.553
634.5	0.9539677380820879	50.401
635.0	1.6492678883679794	121.185
635.5	1.3051163024493821	151.109
636.0	1.4914514082811172	79.388
636.5	0.48759525554516175	87.379
637.0	2.1636804030065937	137.903
637.5	1.3514534967911238	80.619
638.0	0.8983233930712234	45.964
638.5	1.7620809518052831	110.715
639.0	1.9565001176869845	45.944
639.5	1.7217179122382757	50.351
640.0	1.9650916838612893	70.772
640.5	1.3804068408142502	53.891
641.0	2.958630547096405	141.183
641.5	0.7685765987435097	100.684
642.0	1.2749640701581255	181.561
642.5	2.354694890458712	231.748
643.0	1.8561997583072924	80.666
643.5	1.0894591542814738	47.916
644.0	1.6837705677609434	70.094
644.5	1.9031125013429875	65.309
645.0	1.8601153686972158	105.668
645.5	0.6137498518338542	54.738
646.0	2.2688035148090626	74.347
646.5	1.456157003576065	53.135
647.0	1.5590940796198551	62.234
647.5	0.8310777725280676	130.989
648.0	2.5758292570201653	141.088
648.5	2.108531937459538	47.078
649.0	1.8856496613204574	70.964
649.5	1.5603925228052655	78.461
650.0	2.611583361328034	130.895
650.5	1.3329232247528469	63.349
651.0	0.16799128337304867	50.665
651.5	3.563610920483026	60.616
652.0	0.983728521645587	110.991
652.5	1.409432816095102	130.95
653.0	1.4168342746614802	58.811
653.5	1.899824477514621	101.191
654.0	2.907043251899658	62.83
654.5	1.9495993085454892	54.978
655.0	1.9364039222814677	65.832
655.5	2.0574897782241086	140.704
656.0	1.438654256484086	151.263
656.5	1.8985583688891616	80.748
657.0	1.5410522112627292	80.885
657.5	2.2008696871902074	150.803
658.0	1.8269616358208105	120.922
658.5	2.91238897902156	181.296
659.0	1.9933003759913999	70.429
659.5	1.3354073954661778	59.908
660.0	2.2233675106735022	129.969
660.5	0.7075889497693812	44.794
661.0	1.112794529368841	57.867
661.5	1.8523703232579007	81.022
662.0	1.6491305585066272	39.332
662.5	1.3713233727503327	61.227
663.0	2.202727149573696	67.567
663.5	0.9809482314082307	60.508
664.0	1.4923563835978726	71.047
664.5	0.9259927999708905	106.624
665.0	0.5896702602626593	90.731
665.5	0.9501761484174881	67.525
666.0	1.554188335382966	187.169
666.5	1.341137708840596	181.411
667.0	0.6656675919700797	73.826
667.5	1.4611669010072956	181.78
668.0	1.2287798155118386	75.828
668.5	1.6933620867627612	171.158
669.0	0.5147160416502474	111.973
669.5	0.7627646113812968	63.189
670.0	1.7033989092707105	43.844
670.5	1.0565368892233533	87.775
671.0	1.0588662488926905	149.879
671.5	3.2000064549234675	67.751
672.0	1.41913486490756	45.065
672.5	1.2788886144639802	60.726
673.0	2.5194919865492604	49.996
673.5	2.1706832855337383	130.699
674.0	1.4952488017772727	53.058
674.5	1.6063345047410067	141.217
675.0	1.0547068423290737	90.741
675.5	1.7719604595170064	101.226
676.0	0.9290838465164889	52.063
676.5	1.2338068100025337	141.437
677.0	0.6114474758865824	120.797
677.5	1.3412024747716962	123.969
678.0	0.413887117088115	70.85
678.5	0.9187266259700498	56.989
679.0	0.9694824682263842	49.596
679.5	1.1819171890796398	44.101
680.0	0.6061331298939093	49.846
680.5	1.8257885698754126	44.263
681.0	0.9930393854609563	55.097
681.5	0.5097314103004339	53.301
682.0	0.7781444421838197	60.24
682.5	1.744615096182466	44.642
683.0	0.9779615067741649	50.751
683.5	0.3542722911884037	60.45
684.0	1.1072700211823683	191.244
684.5	1.6821466957752844	114.649
685.0	1.6177124835411505	140.883
685.5	1.8684765802405319	110.916
686.0	1.3412898311629924	57.361
686.5	1.1918273081604858	52.116
687.0	1.2069018729266296	157.755
687.5	1.1693132486575957	100.758
688.0	1.71936667194627	57.746
688.5	0.4282851807283456	139.373
689.0	1.7082800442959445	62.402
689.5	2.0152571222714073	44.094
690.0	0.8819392958246888	131.046
690.5	1.6112893045503296	70.592
691.0	1.3804512056204297	43.271
691.5	1.0820092916232147	121.04
692.0	0.678337055149733	74.682
692.5	1.2981403785619976	91.309
693.0	0.8557686062466375	83.763
693.5	1.1913901507298479	58.884
694.0	0.5235302214374731	51.548
694.5	1.0645263501836408	67.476
695.0	2.273339392329303	56.831
695.5	0.34326665938583023	59.438
696.0	0.9556675490277378	70.865
696.5	1.0283869544417452	40.058
697.0	1.8243427818592135	65.019
697.5	0.7026551063745902	165.935
698.0	1.0247252991303697	130.918
698.5	1.5513161395741075	56.765
699.0	1.1312433688113341	68.199
699.5	0.4861475218959014	50.648
700.0	1.1673879449531597	111.153
700.5	3.1380342116547935	122.02
701.0	1.096843010229455	55.281
701.5	1.0985433576006143	60.428
702.0	1.5247171809528364	181.499
702.5	0.8636830764539379	105.519
703.0	1.6776494075980297	141.22
703.5	1.4462608107077495	60.596
704.0	1.499550728513807	155.22
704.5	1.708665936697455	76.897
705.0	1.1391334288283528	100.883
705.5	2.1877291411876114	121.138
706.0	0.9833869444057736	110.762
706.5	1.6275874595215538	55.456
707.0	1.8231083052544275	51.014
707.5	1.1205507449493033	126.669
708.0	1.2523845184615396	48.101
708.5	1.3062824706523282	131.042
709.0	0.7178947982584838	137.109
709.5	1.6008061702291039	57.218
710.0	0.8523142262501804	55.988
710.5	0.6369051465413682	118.936
711.0	0.952351892431655	64.465
711.5	1.4103532135066785	60.341
712.0	1.0177977010027421	38.229
712.5	1.0474825236372964	159.429
713.0	1.9726382956055561	52.981
713.5	1.901442698091707	35.894
714.0	1.3823931305695831	130.895
714.5	1.4741686136073215	66.998
715.0	2.051569198767766	82.036
715.5	2.1030332408240677	178.649
716.0	0.6496977497995645	70.857
716.5	3.0144411164826335	135.167
717.0	1.624517830120933	53.85
717.5	1.499466419950728	81.015
718.0	1.0055466153044954	71.297
718.5	3.722829000549368	102.709
719.0	2.714252331062988	202.162
719.5	0.40434697616029097	90.998
720.0	1.0779504218485543	151.153
720.5	0.9310742911269292	62.259
721.0	1.2830065905114554	43.156
721.5	0.540887219548166	56.714
722.0	1.1822621663516988	161.13
722.5	1.4894623456772218	71.078
723.0	2.77200598370291	178.412
723.5	0.5691534023782228	151.241
724.0	0.7685806099231469	111.431
724.5	1.105946298591683	63.384
725.0	1.5785299439529212	69.99
725.5	0.396888046620498	161.012
726.0	1.1182819050175263	262.269
726.5	1.2612637113514211	181.333
727.0	1.9411646635248219	191.261
727.5	1.1687860661678435	71.288
728.0	0.7409434742475821	161.268
728.5	2.9523464757474973	178.032
729.0	1.4103814600442748	80.6
729.5	0.8715189406845311	64.356
730.0	1.9993144251555748	52.744
730.5	2.6032295717492047	160.721
731.0	0.8938888654960581	101.231
731.5	1.0877788254994196	82.257
732.0	1.3604764906348867	61.984
732.5	3.2364166159152266	48.019
733.0	0.747460950931281	130.822
733.5	1.0942121660654254	143.506
734.0	1.7527785471918296	52.882
734.5	1.4144837399234158	131.015
735.0	0.4142299001457273	49.678
735.5	1.4711228380241108	57.084
736.0	2.4324373975433815	86.811
736.5	0.4903579693025343	44.084
737.0	1.4275852558363853	241.556
737.5	1.4180558606100369	138.242
738.0	1.8340789002988662	80.534
738.5	0.42231936746945975	121.121
739.0	0.6017970895005411	59.533
739.5	1.616739604486073	40.313
740.0	1.3044012919954266	151.493
740.5	0.9832429391715881	51.425
741.0	1.789919513055115	138.532
741.5	1.3539722621847896	127.03
742.0	1.266818607024576	87.02
742.5	0.6072514616438961	161.157
743.0	0.9407718994241019	100.823
743.5	1.1432783536491438	82.858
744.0	0.8084086841150637	48.286
744.5	0.44005796470605646	120.935
745.0	0.9859503059961813	74.3
745.5	1.455458863501643	120.943
746.0	0.24086928139077	90.8
746.5	0.8073056117695466	151.423
747.0	1.66647170828114	55.967
747.5	0.6852534601243035	140.903
748.0	0.41379657369028394	52.189
748.5	2.5274255815285347	130.678
749.0	0.9608025266518767	80.64
749.5	1.2094923419849786	120.905
750.0	1.280629947644205	130.964
750.5	1.8343990643031853	57.03
751.0	1.2346425790030056	62.189
751.5	1.0557549766761145	90.772
752.0	1.6289012293942697	87.82
752.5	2.984941159636532	120.967
753.0	0.5952225698829575	51.202
753.5	1.076285575812734	63.952
754.0	1.681106696546942	49.224
754.5	2.5952636261775646	172.745
755.0	0.8406271638936	101.026
755.5	0.8475075322821909	64.824
756.0	1.5901681083468302	77.936
756.5	1.2919584967843514	101.103
757.0	0.6663091957066819	111.163
757.5	0.8269435556854924	62.757
758.0	1.7410201721788994	131.227
758.5	0.9718433488308268	72.474
759.0	0.614908504156322	49.04
759.5	1.3642888911795787	47.859
760.0	1.7716147593058404	81.978
760.5	0.9059689869216041	130.933
761.0	0.6886425526834723	131.662
761.5	1.7391798691649272	80.75
762.0	1.3140648336333505	46.795
762.5	1.3685226981017344	60.191
763.0	0.9753734251602786	73.676
763.5	1.141864364365787	59.393
764.0	0.8609996761186244	109.777
764.5	1.170572742637173	141.263
765.0	0.9396237964418028	91.391
765.5	2.125133711216316	73.669
766.0	0.9704687122042293	52.886
766.5	1.0967749381022278	130.976
767.0	1.5172479359165978	60.504
767.5	1.836954031346777	84.17
768.0	0.5586500627510084	111.353
768.5	1.2296451410132818	73.068
769.0	1.661901364684599	62.426
769.5	0.8257895436944012	122.403
770.0	0.7180072686941169	63.014
770.5	1.271582796580443	101.343
771.0	1.8171215434173391	110.714
771.5	1.233119587202573	52.752
772.0	1.413347455912134	131.066
772.5	1.8929511384942612	126.864
773.0	1.1463052314031468	62.542
773.5	1.1566253115504026	145.758
774.0	1.6630344190441033	101.163
774.5	1.8735197693758425	110.766
775.0	0.3028136669851924	101.822
775.5	0.9854545924737806	131.03
776.0	1.843791668341909	67.248
776.5	1.9227967471341383	150.873
777.0	1.553564458712693	131.121
777.5	1.3926705752036892	74.853
778.0	1.725899083145863	94.291
778.5	0.596737376626452	100.77
779.0	1.454308296973295	58.124
779.5	1.5802487489545092	74.093
780.0	0.7691543454285582	72.342
780.5	0.8292751627432451	52.004
781.0	1.5690988461500162	71.961
781.5	1.3460295209377962	182.954
782.0	0.7377776841568351	212.237
782.5	1.411026418156365	54.341
783.0	1.8245084376088456	121.39
783.5	1.9352512855403174	71.992
784.0	0.5650854024577427	47.996
784.5	1.441467712375059	73.695
785.0	2.1131090483646853	55.682
785.5	1.4060093542429342	120.997
786.0	1.2077473702524915	101.332
786.5	1.6132228453122088	131.154
787.0	1.929858444834908	125.089
787.5	0.851134254692972	201.078
788.0	2.247098711767463	70.601
788.5	1.7629129862577242	100.534
789.0	1.3609980791013747	54.262
789.5	0.7546053405526879	65.433
790.0	1.8690972997565523	64.08
790.5	2.3072562820652927	42.997
791.0	1.3219251297463979	80.743
791.5	1.5755974644955164	182.18
792.0	1.9122921425696762	56.747
792.5	1.3823034704613184	135.303
793.0	0.809750177043077	111.229
793.5	0.678917349361344	131.072
794.0	1.4004097438663834	71.157
794.5	1.0953532651504871	68.187
795.0	0.6684678625109259	51.833
795.5	1.745648121960791	57.858
796.0	1.3305324029178924	150.982
796.5	1.4262655591396423	76.573
797.0	1.1735226134216967	54.409
797.5	2.148859284584307	141.126
798.0	1.6902069955695735	54.012
798.5	0.6357595701306007	53.906
799.0	1.1265883510784953	121.168
799.5	2.0781234748574153	81.886
800.0	1.2822158253632234	76.097
800.5	0.8208766474459935	43.857
801.0	2.0949601719048228	139.753
801.5	0.9417172661975151	54.442
802.0	0.7519952085061549	151.472
802.5	1.3499832238986633	58.476
803.0	1.2861938233728294	54.056
803.5	1.519023372404569	48.109
804.0	2.0954438502395534	81.162
804.5	1.8693034081552666	161.118
805.0	1.3020505878976383	191.223
805.5	0.23046239514495515	151.146
806.0	1.1424088115627906	161.751
806.5	1.765755539309139	199.32
807.0	1.5510686567929617	131.03
807.5	1.0158136215791913	60.256
808.0	2.1714632933479643	150.45
808.5	1.621917049752608	50.791
809.0	1.6959020004707102	59.146
809.5	0.8341668713557994	51.508
810.0	2.0276968879538075	121.711
810.5	1.4496632397982085	116.216
811.0	0.6463325774789555	63.281
811.5	1.2664435174142938	125.033
812.0	1.9596036269671795	231.866
812.5	1.1755734179549027	90.648
813.0	0.6677458242535143	100.748
813.5	1.1885586159422772	50.987
814.0	1.6641109425978564	161.108
814.5	0.9120147354229778	151.316
815.0	1.3612644737457857	101.229
815.5	2.3722740877872472	90.873
816.0	1.25411175811913	63.133
816.5	1.154633816098223	342.86
817.0	0.7331365353081252	178.895
817.5	1.7285153330594871	192.816
818.0	2.102030978552137	151.385
818.5	1.0013657969034409	130.877
819.0	0.9524057903208419	43.935
819.5	2.6055643584068515	46.861
820.0	1.0702715325094758	159.131
820.5	0.8380550564668708	88.075
821.0	2.0426395310587	50.778
821.5	1.6074500347749325	61.204
822.0	1.2408048181335871	65.865
822.5	0.8949928559103647	51.768
823.0	2.009949183119463	60.873
823.5	1.8181140845161075	45.861
824.0	0.996809250255176	69.723
824.5	1.2382071946967672	70.287
825.0	1.889096007358226	131.17
825.5	1.83365202180802	48.331
826.0	0.7946152560830806	54.223
826.5	0.8759469143798801	100.739
827.0	1.488989235094567	101.012
827.5	2.606350223414861	100.69
828.0	0.415296588844748	54.537
828.5	1.3007067025647139	80.588
829.0	1.2442584678423108	80.976
829.5	1.2429068269748258	62.166
830.0	0.43576658235203264	110.877
830.5	0.7597367713091822	151.716
831.0	1.0907327424372573	129.638
831.5	1.289343332215418	52.211
832.0	1.0967251065290895	50.397
832.5	1.680311735101613	70.736
833.0	1.3649343317788183	146.674
833.5	0.688063051237857	80.678
834.0	0.9911773428377397	191.367
834.5	2.0085458889895658	151.142
835.0	1.5238991532373234	60.455
835.5	0.6918519246484132	60.865
836.0	1.3827520877574933	52.114
836.5	2.5262260829302754	156.439
837.0	0.7895747727114036	62.08
837.5	1.2574558080887286	47.425
838.0	1.479840547504837	100.84
838.5	2.4931869924026775	54.748
839.0	0.8251338691821294	100.792
839.5	1.5671621639012903	54.683
840.0	1.5662687766404684	59.507
840.5	1.2964493979673626	63.291
841.0	0.35566572844218475	90.74
841.5	0.982620247053667	110.877
842.0	1.5490730389720626	64.134
842.5	0.46357225966926946	58.819
843.0	0.9688349296157057	55.73
843.5	2.068475282433488	110.838
844.0	0.9515191250134012	51.716
844.5	0.8521414049936603	161.469
845.0	1.501912515841634	82.049
845.5	1.360789491285862	54.587
846.0	1.264129076521599	54.47
846.5	2.0536636348852553	49.763
847.0	1.7442375120728881	60.857
847.5	0.8493908884518485	101.108
848.0	1.038233976997207	60.484
848.5	1.954277354382069	53.089
849.0	1.4443677215564148	111.719
849.5	0.7230150495645067	87.535
850.0	1.4201097756635752	54.576
850.5	2.0039967314360667	69.829
851.0	0.5585448427828966	68.313
851.5	1.540901542091903	80.893
852.0	1.3870190759160368	53.953
852.5	1.4605856660168615	67.832
853.0	0.799373882764566	121.159
853.5	1.8613331903705754	65.928
854.0	1.1389064438400864	141.052
854.5	0.5757980668341569	157.486
855.0	1.3221471271463006	80.91
855.5	1.357992570536546	150.872
856.0	0.6949494955829184	46.373
856.5	0.733579760920217	63.009
857.0	1.587818823806669	59.258
857.5	1.1035065986633972	163.615
858.0	0.7291434989822698	130.747
858.5	1.0298435108345747	111.007
859.0	2.077712372288827	172.103
859.5	0.8104503284380549	59.044
860.0	2.121959092932939	106.09
860.5	1.8280343754111192	100.877
861.0	2.4573292190601133	101.099
861.5	1.050219316737224	75.599
862.0	0.9936555597882909	161.294
862.5	1.465088807040416	70.689
863.0	1.369139954188131	62.865
863.5	0.5795224589917368	65.769
864.0	1.6703916257312441	50.881
864.5	1.1995723577836375	53.334
865.0	1.0034330321233191	62.896
865.5	0.6920462509443199	50.564
866.0	0.9153255562719929	45.638
866.5	1.733377234587788	174.265
867.0	0.7482999751540809	54.464
867.5	1.1453098561823964	92.034
868.0	2.6964294600453114	131.419
868.5	1.3695426879206807	167.406
869.0	0.604564717627252	141.15
869.5	1.0343829870835741	53.181
870.0	2.282563875737318	60.105
870.5	1.0167125806501227	50.629
871.0	1.1222434614864898	75.738
871.5	2.8814741815374716	70.622
872.0	1.1649558605835233	62.243
872.5	0.81537432082386	80.575
873.0	1.2191275614301105	131.691
873.5	1.2489818147962877	51.394
874.0	1.314173805934507	121.119
874.5	0.7475990820970287	64.886
875.0	1.8246631622017158	75.967
875.5	1.8626097835289115	62.878
876.0	0.583988545480479	131.148
876.5	0.9790722696731676	131.034
877.0	1.2494661148898505	52.306
877.5	1.2460876803351666	60.368
878.0	0.5609155568638622	54.153
878.5	1.13478366154075	50.426
879.0	1.5452578130569654	73.725
879.5	0.6022393408692374	100.815
880.0	1.2571851514714205	110.797
880.5	1.1996233936847742	140.877
881.0	0.745820790889652	62.515
881.5	1.2101360901587288	135.214
882.0	1.585860555675733	149.527
882.5	2.3773402671111947	229.673
883.0	1.0950916458379583	169.192
883.5	1.2605871988592101	55.952
884.0	1.448459846360387	48.767
884.5	1.6901019541798177	88.653
885.0	0.38665382901826434	58.639
885.5	1.0885731946265311	90.702
886.0	1.6780178955712453	63.631
886.5	0.2503775124312007	73.061
887.0	0.8562437476640896	211.373
887.5	1.7542378056673764	50.085
888.0	1.3640019351722872	159.752
888.5	0.7190001647407587	71.185
889.0	1.1638311577893192	54.121
889.5	1.5812776009019915	59.866
890.0	1.4568731953866225	48.138
890.5	1.1111616789479262	241.531
891.0	1.830704486309347	114.775
891.5	2.257939305951128	140.988
892.0	0.7074114113214582	57.421
892.5	2.1285294413802602	91.294
893.0	1.551327138409515	59.911
893.5	1.3789489502210353	56.532
894.0	1.210637546776327	45.38
894.5	2.695394561326032	110.814
895.0	1.3766090025899491	50.677
895.5	0.7558859765101018	67.739
896.0	1.4016543546793943	127.413
896.5	2.8079896920471072	60.639
897.0	1.1468018217188842	70.198
897.5	0.6784982238979703	47.401
898.0	1.1749589695418632	65.36
898.5	1.5349946766728404	53.772
899.0	0.395193733717796	53.723
899.5	1.2132738147699456	177.951
900.0	2.006157355528762	58.81
900.5	1.1019996813868145	65.431
901.0	0.7240628899046018	50.741
901.5	1.6166118824382294	149.958
902.0	1.5959312118110216	110.985
902.5	0.8073207901650064	80.772
903.0	1.226780237368218	52.453
903.5	1.4400325976387114	78.183
904.0	1.451691067766914	139.096
904.5	0.5635529563751214	153.507
905.0	0.9417862588728156	50.378
905.5	1.4627316482081305	53.374
906.0	1.8947149315842258	85.591
906.5	0.9116294630462972	68.293
907.0	1.1731540012167074	99.378
907.5	1.3245916002387477	181.382
908.0	1.3598138074022321	66.756
908.5	0.7198802162221845	73.0
909.0	1.1428714393671482	44.63
909.5	2.382852776235561	57.933
910.0	1.1261334371103358	151.138
910.5	1.132427393162326	90.704
911.0	1.1497167469693357	72.448
911.5	2.671550852499221	49.96
912.0	0.5438542152872994	131.278
912.5	1.1631111278825792	161.57
913.0	2.420930103673503	69.58
913.5	1.3993711019597477	65.493
914.0	0.49224662857416457	181.164
914.5	0.7506699885386967	34.142
915.0	2.299374768758455	100.704
915.5	1.5408257637577496	93.738
916.0	1.2467995159839202	80.022
916.5	2.169431379488559	176.092
917.0	1.0764163519454057	71.801
917.5	1.2068392599615132	45.848
918.0	0.7150837982611382	53.524
918.5	1.606487128978728	57.336
919.0	2.06598113873264	149.309
919.5	0.9599214922214949	80.529
920.0	0.7608210174821969	151.1
920.5	1.3857755359593948	56.852
921.0	2.1309819044877427	191.184
921.5	0.759316030813385	68.743
922.0	0.8757166780871088	94.957
922.5	2.5537383209657425	70.515
923.0	0.564871958613096	56.164
923.5	1.5352311065798412	48.694
924.0	2.08561257914728	59.265
924.5	0.8837750494575418	48.617
925.0	1.5473803360699068	52.308
925.5	2.485590992522666	80.587
926.0	0.9357443430073162	110.927
926.5	0.7025192074580465	100.777
927.0	1.8601899858731987	131.329
927.5	1.302862034776786	55.507
928.0	0.5871638902244728	157.036
928.5	1.4499100747310782	54.212
929.0	1.7418928501463977	149.676
929.5	2.2596029392226447	61.357
930.0	0.9068477504238227	39.003
930.5	2.1583259536448236	71.191
931.0	1.4177785745090594	180.095
931.5	2.2443932162386426	60.702
932.0	0.6040724688433473	64.123
932.5	1.364012487874762	130.845
933.0	2.722952962503751	44.532
933.5	0.7192083692456069	130.994
934.0	1.3750626494656382	141.129
934.5	1.8216945832751326	69.976
935.0	1.9210562539211393	42.153
935.5	0.3755330232090298	68.778
936.0	1.3276388624804278	80.583
936.5	1.4285146182368467	121.193
937.0	0.7149727736538312	121.032
937.5	0.5812817865909802	181.224
938.0	1.3654911713941111	75.539
938.5	2.1284570989229628	60.976
939.0	1.1243051731136797	76.771
939.5	1.0819129325823285	65.08
940.0	1.8190191232478772	170.809
940.5	0.7788148652358291	41.159
941.0	0.38088621429437314	82.868
941.5	0.9630764089177287	131.466
942.0	1.493767552282228	65.786
942.5	0.9454291287862542	69.928
943.0	1.0613121553604479	40.326
943.5	1.753043668960393	141.066
944.0	0.5896713723330452	130.851
944.5	1.2957600337431339	143.22
945.0	1.379575290449052	60.598
945.5	2.143121384520908	57.065
946.0	0.7579173861951982	58.229
946.5	1.7093613816937883	171.219
947.0	1.6266897394092141	137.018
947.5	1.3672380871858971	73.94
948.0	0.90719680642568	72.702
948.5	1.0888292448777428	130.576
949.0	1.6172825566557587	53.278
949.5	1.4641354762022434	141.003
950.0	0.9859797282670963	69.261
950.5	1.2887207061790353	99.375
951.0	1.2181732153477183	54.636
951.5	0.6315282451801071	87.554
952.0	1.1515045067210532	130.978
952.5	1.6116074718011915	120.991
953.0	1.3850190984660782	139.84
953.5	0.8473657285498001	59.639
954.0	1.2675190208194675	53.201
954.5	1.3589825120724441	60.409
955.0	0.5644416668033738	45.717
955.5	0.9353206800763663	161.226
956.0	1.257110671144637	70.573
956.5	0.8112266839274357	66.473
957.0	1.7124778583477638	80.621
957.5	0.715217628532054	64.978
958.0	2.0490181431052696	78.405
958.5	1.1806333053952196	159.629
959.0	0.9680384276851957	55.51
959.5	0.7552966380804372	44.644
960.0	1.8344250200641437	46.711
960.5	0.3150406684059559	100.837
961.0	0.6700235274047944	90.795
961.5	1.639644921093229	130.827
962.0	1.8960270607796998	120.965
962.5	0.413551583013157	120.855
963.0	0.9281380768503299	131.045
963.5	1.7971113526060196	92.443
964.0	1.6323349566596344	120.859
964.5	0.6515908327635656	156.781
965.0	2.8206553876312412	62.08
965.5	0.47645557212774986	58.563
966.0	1.4964326768624225	62.967
966.5	0.37340967899926	131.236
967.0	1.3159744215265154	53.848
967.5	1.5005056943517017	121.038
968.0	0.34030673519407695	100.76
968.5	0.5325680483103348	46.387
969.0	1.9067529556916294	79.954
969.5	1.2256118764945336	61.285
970.0	0.5354056814159629	69.482
970.5	1.4929742455865795	87.995
971.0	0.8070627045870366	49.69
971.5	1.2137643589423914	63.432
972.0	0.5911020309104741	48.14
972.5	1.184251267410388	50.443
973.0	1.8712776128179118	97.776
973.5	0.2234738361387793	113.863
974.0	0.8919704934257582	141.028
974.5	1.635042458994754	63.902
975.0	1.181913174224641	70.662
975.5	0.5009739696711655	47.684
976.0	0.9656941833560474	55.856
976.5	1.5336682328358606	57.367
977.0	0.5922675351643025	130.934
977.5	1.0091736292514681	140.969
978.0	1.2665392523605308	141.181
978.5	0.3415631452733823	130.914
979.0	1.1490129782934537	131.652
979.5	0.8942576921315835	64.545
980.0	1.2429717822900097	57.469
980.5	0.4238535612797957	73.475
981.0	1.0781755253665692	168.182
981.5	1.2931260182583812	171.257
982.0	1.2001175970751163	90.591
982.5	0.9462613085360368	151.072
983.0	0.9228695895708942	64.327
983.5	1.6473598187466325	53.992
984.0	0.8255576261471134	121.028
984.5	0.587292592608891	81.208
985.0	0.842681278767202	53.522
985.5	2.026758641717641	65.856
986.0	0.4118151406559648	44.947
986.5	0.7230041521999597	56.77
987.0	2.256680844266052	82.911
987.5	0.9585200920363505	131.059
988.0	0.6291561495614899	53.438
988.5	1.6539016896324419	48.651
989.0	2.3247395037870304	69.869
989.5	0.4042372396342808	57.238
990.0	2.977022314947224	91.356
990.5	0.972157107950234	100.908
991.0	1.0879546647007132	59.346
991.5	0.8029594892113404	131.618
992.0	1.6145804387034275	81.087
992.5	1.5224678477450238	197.087
993.0	0.6984582337622876	64.986
993.5	1.502858896718788	130.888
994.0	1.4652722899389745	130.954
994.5	1.569655082642087	96.855
995.0	0.6802674313449606	70.877
995.5	1.5096153305830984	130.891
996.0	1.259204683459824	131.111
996.5	1.0929652975953392	77.078
997.0	0.9036429683866435	83.102
997.5	0.7046279022685439	171.224
998.0	1.108283596780685	125.705
998.5	0.4141643230129243	67.567
999.0	1.3356374125701391	66.06
999.5	1.6438970269066682	221.297
1000.0	0.8065753227238518	81.083
