0.5	0.14658797971512202	27.036
1.0	1.1712533340614217	22.448
1.5	1.5179592541656795	60.03
2.0	0.3980771323531843	90.841
2.5	0.5441612100457198	18.777
3.0	0.6989551645153482	131.006
3.5	0.5475249813593696	80.669
4.0	0.5262339206599383	30.779
4.5	0.7494895196538323	51.699
5.0	0.3964958696496521	38.269
5.5	0.4197251737879654	46.762
6.0	0.5314144385895273	30.694
6.5	0.5851109125499145	61.056
7.0	0.47163379751836143	120.885
7.5	0.5784272537913513	16.95
8.0	0.5427472070608629	137.275
8.5	0.5209408508330025	131.022
9.0	0.7758445653041766	110.854
9.5	0.4901156841277164	151.034
10.0	0.7084374154599099	27.125
10.5	0.0494742275174771	933.964
11.0	0.9459328610591597	593.554
11.5	7.100802215764673	94.905
12.0	0.6795741062263525	50.362
12.5	0.4446679452577085	151.159
13.0	0.46631687818424283	70.814
13.5	0.6472527091247665	35.075
14.0	0.2978202792928432	84.851
14.5	0.6449103834594544	130.932
15.0	0.4303122228334249	130.595
15.5	1.3380119937238537	100.722
16.0	0.44282564471638614	373.092
16.5	0.5030838424524643	114.383
17.0	0.4669844246021433	39.704
17.5	0.4085011361913061	72.379
18.0	0.7088346617478878	36.038
18.5	0.8374562592029363	38.986
19.0	0.6907642566212013	70.5
19.5	0.4392580279019567	70.56
20.0	1.6819718065308633	104.503
20.5	0.4670835926832662	130.829
21.0	0.42831897997043106	16.877
21.5	0.5833218295503584	113.481
22.0	0.3754609061630015	89.072
22.5	0.36907785736339516	120.905
23.0	0.6109020413154937	26.675
23.5	0.3443658431134468	130.619
24.0	0.24602145125899602	138.727
24.5	4.411791263097068	32.946
25.0	0.43273923546319876	49.716
25.5	0.44540585333018057	120.422
26.0	0.4891382123892625	216.075
26.5	0.792276261474078	523.927
27.0	0.41121563126753435	826.426
27.5	0.4809771299950043	23.452
28.0	0.6333821161046204	151.193
28.5	0.46606216677268025	139.687
29.0	0.6513791933382697	19.563
29.5	0.45860109504250446	134.959
30.0	0.6036486627030632	26.901
30.5	0.7241379720947282	120.807
31.0	0.596894931260778	105.958
31.5	0.17840346723787973	18.945
32.0	1.1404638466150974	150.565
32.5	0.14689117927337977	10.53
33.0	2.0230927754607824	31.47
33.5	0.5163953423004666	132.043
34.0	1.4024712592432058	52.078
34.5	1.8228207465711017	80.361
35.0	2.1599301396494077	50.489
35.5	2.046986459272111	80.546
36.0	2.1618051818129786	68.766
36.5	1.9234012940944805	60.492
37.0	2.4604919217203443	60.445
37.5	2.1852775117854573	70.557
38.0	2.324246956744185	90.597
38.5	2.25978657071736	60.306
39.0	2.142278433861554	100.624
39.5	2.0540787506506266	30.373
40.0	1.803564914494068	18.296
40.5	2.3477006734626387	36.665
41.0	2.4095969768018692	20.324
41.5	1.963799967518175	70.522
42.0	2.4043271430122903	41.983
42.5	2.3628436744359846	70.83
43.0	1.910398333122284	20.158
43.5	2.488770067834402	70.551
44.0	1.6793614635609897	70.559
44.5	2.7041165874029836	114.925
45.0	1.9022382707740866	60.49
45.5	2.2454250190487492	95.866
46.0	1.6059282866240736	80.554
46.5	2.824976825409134	70.437
47.0	1.802966891913259	75.512
47.5	2.5634823200553045	20.165
48.0	2.6233671546245323	70.487
48.5	2.205690921854349	100.751
49.0	2.2778411809145886	70.549
49.5	2.449930497925395	95.16
50.0	2.132678031489549	70.591
50.5	2.2623755419750906	40.377
51.0	2.563665023525555	70.368
51.5	2.118138671817596	48.066
52.0	1.8412666561118813	110.547
52.5	2.2907720489574017	110.875
53.0	1.8068544863783484	77.971
53.5	2.055982534528684	171.317
54.0	2.870072815245306	119.052
54.5	2.1911862378929334	121.045
55.0	2.0056078716934933	120.989
55.5	1.945914860741212	191.739
56.0	1.632613543411359	13.326
56.5	2.359368851189658	13.919
57.0	2.3203550951055893	30.545
57.5	2.6677745957540857	70.559
58.0	1.9277404419021837	100.542
58.5	2.483240476016237	40.158
59.0	1.7108132845571542	110.802
59.5	2.254656699823422	80.572
60.0	2.2538922155534724	60.59
60.5	1.728498981094354	141.002
61.0	2.7990936914496394	141.393
61.5	1.877114500576319	55.567
62.0	1.9994315592802028	201.774
62.5	2.140171777351262	80.594
63.0	2.7137478816013427	85.651
63.5	2.009923818397948	79.83
64.0	2.0487366888509806	91.111
64.5	1.9042221119190506	102.315
65.0	0.12239750416779911	16.052
65.5	14.249371696807039	70.001
66.0	1.8206983831576498	23.5
66.5	1.9381516175853162	34.819
67.0	2.2432666609677563	31.356
67.5	2.1613351244791117	100.622
68.0	2.056863155241374	20.191
68.5	2.150572814957681	110.781
69.0	2.197401691448622	70.317
69.5	2.9391616793838526	80.42
70.0	1.6360202422356713	120.832
70.5	2.4961053509743425	60.276
71.0	2.6211157331716177	119.385
71.5	2.1698090374904435	74.348
72.0	2.7306907296998286	27.047
72.5	1.6051098452708379	50.302
73.0	1.7630643970769733	90.146
73.5	1.7534288999651726	100.612
74.0	2.435057388834085	99.249
74.5	1.8323748946128227	47.429
75.0	1.910335078096588	118.693
75.5	2.0110302532064526	130.75
76.0	1.3612702067865172	91.28
76.5	1.9592682742625938	151.431
77.0	1.791769115466511	120.8
77.5	1.5606657121031846	110.805
78.0	2.066159394077353	141.541
78.5	1.901876225869495	196.761
79.0	0.17459165950581057	12.447
79.5	4.622452122159458	10.64
80.0	2.581651693249745	28.233
80.5	0.12032685333356948	9.698
81.0	14.84101172221909	50.283
81.5	1.8103171672769747	100.371
82.0	1.876207709786525	10.056
82.5	2.5835296799580854	80.887
83.0	1.877528604885977	80.63
83.5	2.344913804912334	60.607
84.0	1.5807503919271724	19.897
84.5	1.601205890547195	120.86
85.0	1.9825997726886804	90.632
85.5	2.219471220557811	60.043
86.0	1.6187281603358101	14.366
86.5	0.8550758015579811	15.304
87.0	0.38716457424762113	111.259
87.5	0.41011537092555267	142.423
88.0	0.6926860833603846	80.548
88.5	0.3426931939627416	16.216
89.0	0.3504288135322661	15.059
89.5	0.6066090042093286	50.407
90.0	0.3898292953352135	120.652
90.5	0.3696972962376434	124.603
91.0	0.14081959912588446	52.96
91.5	1.4300963320661277	70.443
92.0	0.17194611284756764	37.887
92.5	4.092680685550551	100.502
93.0	0.5981199461111613	50.298
93.5	0.16599786808435996	17.602
94.0	6.079519297847749	14.301
94.5	1.2879199316436012	54.331
95.0	0.17272811591967532	68.097
95.5	2.938253551730057	92.87
96.0	0.738674326352945	38.929
96.5	0.1758594411148356	14.979
97.0	0.9657050814290105	214.506
97.5	6.784248085084249	16.668
98.0	1.6270788188570495	20.2
98.5	1.7857977470387674	25.651
99.0	1.9395796361749378	40.412
99.5	2.2689730469023335	27.656
100.0	2.4755225283271876	46.425
100.5	1.477982230625942	21.036
101.0	2.013431351334035	15.248
101.5	2.557679983067764	60.463
102.0	2.3321067033742398	70.407
102.5	2.195628141253125	70.332
103.0	1.8051910458102858	70.343
103.5	2.676725068251598	20.021
104.0	1.2196292717790163	50.177
104.5	2.378585802257711	121.224
105.0	2.7606178515235005	130.836
105.5	3.1222944192709674	15.203
106.0	2.3102535000181983	70.364
106.5	1.608011277002653	15.193
107.0	1.792132007567813	90.322
107.5	1.8785527784975535	140.962
108.0	1.8933034871256995	60.47
108.5	1.8447872429567655	100.533
109.0	1.8708792803267524	80.618
109.5	2.1252474061643456	70.304
110.0	1.6308366296492314	16.403
110.5	1.6326525575303945	17.623
111.0	2.3376953476898064	130.841
111.5	1.7903272344695202	61.477
112.0	1.807635518656145	100.494
112.5	1.408893735463599	36.114
113.0	1.9743698765710502	90.619
113.5	1.2512320779616577	494.612
114.0	1.2471214182098707	51.48
114.5	2.8874239699779185	60.285
115.0	1.690569319751748	36.392
115.5	1.9939181446665595	16.564
116.0	1.780763961817338	17.072
116.5	1.6187002425842818	16.914
117.0	1.9971934516199106	20.59
117.5	1.384949274062859	20.156
118.0	1.6802421921194548	20.166
118.5	2.027106792044637	20.164
119.0	1.9766731706508858	35.081
119.5	1.9936680334149857	106.375
120.0	2.3899475995859576	19.952
120.5	1.3886169025844726	60.075
121.0	1.6746376984634666	60.396
121.5	1.9930769787383633	40.059
122.0	1.5313352818509989	156.609
122.5	1.6081217892029578	35.728
123.0	2.5425645933029335	35.264
123.5	2.6910707388098607	80.537
124.0	2.4451652833121993	86.272
124.5	1.4071583649503618	100.565
125.0	1.5721533814833832	90.584
125.5	2.956354483165478	49.821
126.0	1.2824474535013595	80.366
126.5	1.8135575658968126	80.672
127.0	1.9106384908342398	40.395
127.5	2.159207745557643	20.135
128.0	1.525453059050724	86.074
128.5	2.098080011545665	50.399
129.0	1.9959764060041338	37.335
129.5	2.603142833198136	50.211
130.0	1.5125214652251497	90.499
130.5	1.8357845016910768	48.078
131.0	1.9025855950681132	36.312
131.5	1.7545545515156395	70.516
132.0	2.1235819319539293	80.301
132.5	1.5623047194093662	60.44
133.0	0.13364879136009694	9.503
133.5	5.015494306785172	100.672
134.0	1.4432655569644326	15.109
134.5	2.141375585282419	77.257
135.0	1.2505442722726767	53.836
135.5	1.8237603818068011	38.815
136.0	2.1058823770858095	60.982
136.5	3.8684477532894226	60.416
137.0	2.5434796165283378	45.35
137.5	0.4567181476359053	167.664
138.0	0.16808316273486912	12.567
138.5	0.15469118762223333	110.016
139.0	4.609307042915494	50.48
139.5	5.379411092965717	139.915
140.0	2.3301045717496343	110.588
140.5	1.8801333955422044	140.929
141.0	2.4950752752200698	60.484
141.5	2.1781621022136224	38.01
142.0	1.6880086163990886	90.745
142.5	2.5092471054728214	99.227
143.0	1.7562378051814882	30.208
143.5	1.1042974223780069	60.444
144.0	2.1612068738359973	40.319
144.5	2.223006067876684	80.574
145.0	2.1249056188769915	20.054
145.5	2.9821250862195074	69.085
146.0	2.0299512547345397	60.317
146.5	1.8434875559675694	83.321
147.0	1.750810435281407	76.979
147.5	2.280313618616941	40.275
148.0	2.495437679839507	80.247
148.5	2.004451040708823	11.155
149.0	2.0547483902025965	100.937
149.5	1.5568762904910531	100.949
150.0	2.0116419865962762	100.469
150.5	2.1215606546493873	100.548
151.0	2.039458686238156	18.169
151.5	2.0155628656964084	29.99
152.0	2.630895076472438	35.709
152.5	2.111090762061621	30.152
153.0	1.8485459978701724	50.183
153.5	2.0440282430514998	20.278
154.0	2.4694584315443273	50.561
154.5	2.1671115018480687	82.442
155.0	2.4312943037841968	17.533
155.5	2.4279053770538424	11.212
156.0	2.68310695608897	100.576
156.5	2.5802180412581044	22.202
157.0	2.5179360815377456	30.069
157.5	2.0473277934274554	30.118
158.0	1.860171394419653	60.477
158.5	1.782008226221379	30.695
159.0	2.03188707023771	56.051
159.5	2.3158620541195196	41.458
160.0	2.470601798267077	111.083
160.5	2.436822685919379	30.517
161.0	1.8997388583278532	60.39
161.5	1.8527035649011439	120.851
162.0	2.2192647696486913	90.63
162.5	2.063840849770352	20.135
163.0	1.7409828235066633	82.073
163.5	1.5554631183883052	73.181
164.0	2.484466257154624	100.494
164.5	2.296831171457486	61.729
165.0	1.4866605410049902	120.719
165.5	1.7864450015692408	59.929
166.0	1.8325130703210075	120.615
166.5	1.514356536671119	60.335
167.0	1.482346947962292	41.539
167.5	1.816936776833849	50.183
168.0	1.53394508974112	10.402
168.5	1.8064779072686346	59.256
169.0	1.5617019770217802	80.699
169.5	1.4756331373313694	80.566
170.0	1.8687550345847825	30.201
170.5	1.714860197081317	70.429
171.0	1.6676397135767274	90.649
171.5	1.838922968305903	42.722
172.0	1.4219090671404433	18.112
172.5	1.9618945517353414	80.421
173.0	1.848073820786304	30.101
173.5	2.2650716830233297	29.968
174.0	1.302526241399775	47.5
174.5	1.3687222810904893	30.233
175.0	1.8750864996432226	70.383
175.5	1.9969016751179496	70.277
176.0	2.2129050360565055	100.654
176.5	1.7325788875032753	40.839
177.0	1.6300931773607699	30.223
177.5	1.9950361411326216	90.522
178.0	1.9805138590159745	30.203
178.5	1.7927437712794918	30.194
179.0	1.7064627014408353	30.338
179.5	1.8923189587056433	11.02
180.0	2.0493485329407073	90.671
180.5	1.8287755394502638	60.475
181.0	1.8965779802018792	150.92
181.5	1.778137476449441	60.512
182.0	2.05902198888549	60.405
182.5	1.6842694625749557	60.444
183.0	2.209672795941236	20.017
183.5	2.0453467766581297	10.388
184.0	1.782349335666301	50.714
184.5	2.065922945265651	72.32
185.0	1.5117251530954625	20.246
185.5	1.569314016221987	110.739
186.0	2.312274924183851	60.73
186.5	1.7426477248166603	10.964
187.0	1.4368861783375502	90.656
187.5	1.8579567716872694	30.161
188.0	2.009336989996991	30.25
188.5	2.3719767563874066	93.356
189.0	1.5056649139058345	120.706
189.5	1.6600374419501198	48.803
190.0	2.080752256871733	60.208
190.5	2.4113267244575076	60.25
191.0	1.7184086972864137	72.275
191.5	1.7542304589624538	41.609
192.0	1.4127092927991833	40.361
192.5	1.2289555301914852	42.012
193.0	2.34292575303409	30.432
193.5	2.007730900063586	30.467
194.0	1.5743341219231297	150.892
194.5	2.0329328327484135	116.235
195.0	1.5167366964944566	51.366
195.5	1.502347548041176	134.927
196.0	1.712681960274167	161.102
196.5	1.8582932599017195	89.749
197.0	2.1105601651046775	17.755
197.5	1.8870468968085097	40.282
198.0	2.10559594628079	30.426
198.5	1.6404615620400689	91.019
199.0	2.0508990622804144	12.823
199.5	2.308228843621476	111.155
200.0	1.5425270393528654	110.741
200.5	1.8228214653524717	110.767
201.0	1.8340222681395781	110.642
201.5	2.018407553830013	32.26
202.0	2.12194404080905	40.574
202.5	2.1897255913159195	55.958
203.0	2.030827334064993	50.39
203.5	1.7932025491402428	106.925
204.0	1.513912890504196	71.426
204.5	1.5543986901087796	60.491
205.0	2.035456437063085	82.052
205.5	2.504896031452652	29.233
206.0	2.0060296496275654	41.042
206.5	1.7059734693453266	80.416
207.0	1.904324631672493	80.537
207.5	2.0324144196575644	80.561
208.0	1.6105930447023948	110.853
208.5	1.6353737277181695	110.855
209.0	2.122737723715751	41.1
209.5	1.9714903513970004	49.714
210.0	1.7797535637523234	30.159
210.5	1.6571020965225844	70.36
211.0	2.3326364002356947	20.168
211.5	2.049954001692965	24.426
212.0	1.396559431122662	19.895
212.5	1.7565108060345977	50.544
213.0	1.9935473789245666	50.279
213.5	1.6349776080405074	79.039
214.0	1.8608601241469689	130.99
214.5	1.4915944789508326	31.405
215.0	2.072669298972147	50.332
215.5	1.6835213205083508	10.915
216.0	1.6144480791058013	19.415
216.5	1.811361592990319	50.151
217.0	2.221495278454039	60.746
217.5	2.058166879853653	19.994
218.0	2.100633178555874	30.287
218.5	1.480758098792843	30.454
219.0	1.5879863534883167	70.53
219.5	1.330569871571798	120.95
220.0	1.5150063390620945	40.709
220.5	1.6644412690335435	80.38
221.0	2.447522395137707	21.222
221.5	2.2588630111888914	30.272
222.0	2.2018082122290843	20.689
222.5	1.8520629542452756	11.195
223.0	1.4058838663812951	90.555
223.5	1.4399458905516171	10.917
224.0	1.6258554393128128	40.246
224.5	1.7198081047858158	40.275
225.0	1.605925486815258	130.673
225.5	1.818348798503987	83.513
226.0	2.312264744257035	30.188
226.5	2.3263472579942053	90.508
227.0	1.7043079139418598	50.3
227.5	2.3575494714714154	20.107
228.0	2.0115934131052504	30.604
228.5	1.9782225178676576	85.189
229.0	1.7314945199636171	30.177
229.5	1.6467746422607867	80.58
230.0	2.150568670442157	80.992
230.5	2.1087674314862626	41.252
231.0	1.8399873628450218	80.703
231.5	1.9592611535653859	100.618
232.0	1.6502326272789805	60.336
232.5	1.9479731069431478	60.326
233.0	1.4394706665332075	42.134
233.5	1.2974124076430023	17.437
234.0	1.5197261535749902	40.454
234.5	2.1686289220804595	70.709
235.0	1.9300003995785113	80.368
235.5	1.791229676955985	31.6
236.0	1.670323813225197	60.324
236.5	1.5352332107607118	60.276
237.0	1.8456317191208762	110.85
237.5	1.8150256152276683	110.896
238.0	1.6993551115485586	30.524
238.5	2.190840321747588	22.837
239.0	1.4857287584096983	90.6
239.5	1.1516319655045075	30.187
240.0	1.6063950206692947	11.486
240.5	1.5246670765386394	60.396
241.0	1.9881113774500487	130.726
241.5	2.0728309386638535	60.482
242.0	2.316594290680786	90.623
242.5	1.6818660318411691	60.493
243.0	1.8657771070458278	50.457
243.5	1.9321547226404712	50.343
244.0	1.9479283557549525	60.457
244.5	1.9459004657090317	100.748
245.0	1.4634783099002509	60.511
245.5	1.6503024251814329	101.264
246.0	1.6080563739354439	81.94
246.5	1.3064969236692097	124.394
247.0	2.0504708618577285	50.632
247.5	2.228852054402032	10.956
248.0	1.6041934527307598	40.254
248.5	1.3136723772114982	100.76
249.0	2.2677651588618306	12.289
249.5	2.4421104733689334	59.372
250.0	1.500106303538679	121.308
250.5	1.4851939636710207	41.491
251.0	2.034020701725418	20.05
251.5	1.935256171065939	20.113
252.0	1.6133768634381795	62.922
252.5	1.9606919831907377	76.985
253.0	1.8252862698051546	30.212
253.5	1.5863545604663232	60.321
254.0	2.169753374032626	71.072
254.5	2.5153404122722103	90.84
255.0	1.2855156801349308	70.52
255.5	1.8428692282970054	70.53
256.0	1.7140340331845056	61.083
256.5	1.915138417077503	100.893
257.0	2.169260192982195	30.292
257.5	2.500460465591508	23.198
258.0	1.7601215184029417	151.261
258.5	1.5409850599185682	80.214
259.0	2.380147297625281	29.912
259.5	2.270383819679987	50.924
260.0	2.0515928488203823	91.044
260.5	1.7079649348803754	70.404
261.0	2.3316365487491924	42.478
261.5	2.3576005584507325	48.983
262.0	1.480571142675496	71.435
262.5	1.7874522610763774	90.683
263.0	1.7901625499928073	90.577
263.5	1.5058692203246988	93.736
264.0	1.735080206649157	70.386
264.5	2.2352585529559494	70.207
265.0	1.8474145403122768	80.588
265.5	1.9121495887565374	80.524
266.0	1.6633119820153324	71.213
266.5	2.0501133671403338	151.095
267.0	1.518477235054655	60.424
267.5	1.8476668206874134	71.327
268.0	1.9790331666405068	20.24
268.5	1.8475890018462182	60.263
269.0	2.574562933149826	30.375
269.5	1.9265686768864865	30.303
270.0	1.861681718873484	10.87
270.5	1.4727314350838596	50.348
271.0	1.5516626514224703	144.44
271.5	1.4460361446760377	71.061
272.0	2.0916799302241555	60.513
272.5	1.7774863892662764	151.306
273.0	1.881527591628048	10.787
273.5	1.8748671487442174	60.255
274.0	1.582084679158797	100.743
274.5	2.0969067410936697	30.266
275.0	1.4289318747259518	110.739
275.5	1.3997966313490235	17.088
276.0	2.204067990200295	90.667
276.5	1.9500160889066938	90.692
277.0	2.1546843293809714	70.508
277.5	1.611124597601771	70.525
278.0	1.6880249370142695	11.238
278.5	2.158185000668966	20.55
279.0	1.857894039970309	40.127
279.5	1.8545872296027457	55.608
280.0	1.8234226939635503	20.186
280.5	1.7782619271908933	20.199
281.0	1.7300036341520484	20.033
281.5	2.3381862285572375	30.355
282.0	1.6295918961494218	63.395
282.5	1.402009125960514	16.391
283.0	1.6776069930638695	30.226
283.5	1.5863712323057297	90.601
284.0	2.1782145620032676	30.224
284.5	1.7913196389522312	30.134
285.0	1.8184403238452218	140.568
285.5	1.799468477610968	50.38
286.0	2.389470568847009	17.18
286.5	1.8275571636822285	11.567
287.0	1.7242247189314244	12.595
287.5	1.845115741005432	30.323
288.0	1.785827429646556	90.753
288.5	1.9803932936321034	90.786
289.0	2.0483189139827225	110.78
289.5	2.3901904002650394	50.47
290.0	1.85091444355964	23.729
290.5	1.7468257445880517	28.989
291.0	1.8687003575084458	60.507
291.5	1.7665701101487545	60.523
292.0	2.018633161321328	126.721
292.5	2.08748419922585	18.915
293.0	1.6032976375434935	80.302
293.5	1.8917342631273057	80.444
294.0	1.6209973043757617	16.355
294.5	2.026999449234498	92.98
295.0	1.3696452437201863	40.236
295.5	1.7743383950561364	90.503
296.0	1.7536137662746538	28.118
296.5	1.5863071830414894	10.758
297.0	2.4644396340877357	102.124
297.5	2.1589853060945203	19.167
298.0	1.2661158777551969	60.488
298.5	1.447441507774689	30.271
299.0	1.8314933396677884	40.234
299.5	2.404009238509086	30.169
300.0	1.7487621281475603	252.85
300.5	1.5233258606722042	80.673
301.0	2.0914227333124478	47.93
301.5	1.861200916901328	40.355
302.0	1.6143341843507937	82.189
302.5	1.7594555740495934	59.7
303.0	1.5359310426269717	60.448
303.5	1.453537877978908	25.096
304.0	1.7744171500080705	30.63
304.5	2.5097080402520517	11.628
305.0	1.3167066318984884	65.508
305.5	1.786718281419492	103.574
306.0	1.9972564873813607	12.402
306.5	1.705941600167559	30.191
307.0	1.3723890638172476	90.706
307.5	1.4200839517786896	69.97
308.0	1.9172909047717526	46.628
308.5	2.078117547561405	20.137
309.0	2.047907551081222	20.213
309.5	2.269938689839395	17.17
310.0	1.6736995980952232	90.63
310.5	1.5421781145102362	53.089
311.0	2.1095330408865207	16.326
311.5	2.0581494207802935	81.869
312.0	2.0327132965917416	100.937
312.5	2.0534609615334145	20.207
313.0	1.9053759824224272	78.413
313.5	1.3402486511206406	70.268
314.0	2.242108930313663	11.28
314.5	2.189846356147563	70.28
315.0	1.5663475771954034	110.654
315.5	1.4946894223915983	60.417
316.0	2.175963057009363	30.294
316.5	1.93951984779881	60.525
317.0	1.8302537068063445	171.206
317.5	2.1477431810484497	71.445
318.0	1.9006698796307546	10.542
318.5	1.9336528281009844	100.679
319.0	1.5982491394637213	110.484
319.5	1.5308459909256416	110.659
320.0	1.9153311589186368	70.471
320.5	1.7370028941503644	42.679
321.0	1.7041381004572231	30.193
321.5	2.184144955887697	90.53
322.0	2.576268383622928	20.227
322.5	2.1800525079457276	30.252
323.0	1.6866138893401033	111.55
323.5	1.8576810995135802	120.792
324.0	1.4951038167477002	111.174
324.5	1.703297289119666	50.95
325.0	2.369095689944646	40.265
325.5	2.1566068560452383	40.288
326.0	1.9234751862898016	20.188
326.5	1.9503144912355284	80.537
327.0	2.306874519423953	20.677
327.5	1.906707728747831	29.293
328.0	1.8944087732205304	81.763
328.5	2.142188739596548	20.129
329.0	1.5280974499109656	161.003
329.5	1.4800544837127758	11.739
330.0	1.7013829828141616	41.417
330.5	2.034314266527265	110.634
331.0	1.728809797868925	114.034
331.5	1.7339989326637368	90.583
332.0	1.8476014665510672	181.256
332.5	1.6323279042222967	62.813
333.0	1.8644562983187396	11.129
333.5	1.973171016982598	141.035
334.0	1.5613766210301063	50.152
334.5	1.7497973789927983	50.22
335.0	1.6335697116791807	47.597
335.5	1.7159844935376993	64.878
336.0	1.5903009272861168	96.299
336.5	1.7970811979729917	61.229
337.0	1.8158888823754495	60.355
337.5	2.174637537502526	30.233
338.0	1.6276938242233399	60.724
338.5	1.8220892666221287	20.055
339.0	1.9611044652106147	50.352
339.5	1.579284172978927	70.923
340.0	2.0172580186604963	60.258
340.5	1.9757095881480802	60.4
341.0	1.3168929285955742	80.581
341.5	1.5518287319019106	80.576
342.0	1.339807229757541	82.45
342.5	1.7542973460954636	10.748
343.0	1.8852291515236375	17.114
343.5	1.8344172159136132	62.697
344.0	2.3755248920023906	29.227
344.5	2.102572607124094	21.979
345.0	1.4477092590477063	73.197
345.5	1.5948507074981142	81.738
346.0	1.8862458635436488	60.345
346.5	2.017895097920924	60.371
347.0	2.0667769044177597	10.961
347.5	2.5035790985804374	30.244
348.0	1.7315000023326081	16.796
348.5	1.53730048289249	60.441
349.0	1.5868912161572801	130.821
349.5	1.8995337494768543	11.812
350.0	2.5647446065636683	30.318
350.5	2.0281650964366067	30.173
351.0	1.947116616077642	72.014
351.5	1.7283201558379557	50.62
352.0	2.076484610023241	30.176
352.5	1.4764513854591987	30.161
353.0	1.0610718951362454	97.705
353.5	1.0892390053585181	56.84
354.0	2.099313631475073	56.826
354.5	2.0185469666693083	99.82
355.0	1.9019077792653685	71.801
355.5	2.206709898355464	61.183
356.0	1.74489567057402	30.23
356.5	2.165196517595098	70.474
357.0	1.3641060358860475	40.299
357.5	1.9009970137946473	65.802
358.0	1.6062779317120024	46.709
358.5	1.4716082157909098	39.774
359.0	2.0285224316548627	46.745
359.5	2.104813894118406	30.297
360.0	1.7345342865476825	20.162
360.5	1.8732141138862377	86.261
361.0	1.5221930141548108	30.198
361.5	1.906149905437065	26.621
362.0	2.3912529042959996	11.267
362.5	1.33851513447535	182.315
363.0	1.6257060411784876	10.627
363.5	2.13193565119814	70.529
364.0	1.9562864859343707	17.561
364.5	1.9774686552192928	20.265
365.0	1.239675268402861	78.614
365.5	1.2875899067094296	50.428
366.0	1.7568536661089231	30.178
366.5	1.8102160063749106	60.291
367.0	2.2116531724805326	20.242
367.5	2.4667368545448904	50.431
368.0	1.7509227384898567	28.957
368.5	1.8042017412445688	90.867
369.0	1.5473739556731463	90.489
369.5	2.072544834205299	10.839
370.0	1.8079103657333946	50.355
370.5	1.8585561478391923	12.954
371.0	2.088433040644948	52.735
371.5	2.261537670805774	75.167
372.0	1.6963732975184966	52.102
372.5	1.6936727036823023	60.382
373.0	1.4803157377308858	50.422
373.5	1.5905328276653783	12.766
374.0	2.04335372889995	63.833
374.5	2.176693401535547	100.902
375.0	1.5633683113659287	20.125
375.5	1.4942117757004258	20.169
376.0	1.9198096276561594	72.12
376.5	1.626343680157261	78.079
377.0	1.6945158109478426	60.331
377.5	1.506372974271834	69.735
378.0	2.445862624168937	50.403
378.5	2.2672177777325953	50.329
379.0	1.8576813304435722	16.879
379.5	2.1598573605011455	25.134
380.0	2.0346793534518883	31.832
380.5	1.701621926772605	39.592
381.0	1.915106742115869	73.669
381.5	1.8363206616953809	120.969
382.0	1.742196082450634	47.053
382.5	1.6539975464582621	30.192
383.0	1.8421888635576806	40.294
383.5	2.3741463588399294	60.337
384.0	2.017397638298967	20.205
384.5	1.6156454164291625	20.195
385.0	1.7407538258324358	134.472
385.5	1.728877935276988	50.336
386.0	1.4771334195238304	90.613
386.5	1.4633734675676615	60.458
387.0	1.486508382877582	107.844
387.5	1.7569402979537627	131.04
388.0	1.9866952299584824	120.64
388.5	2.6627412212918977	50.933
389.0	1.6656808093980664	30.491
389.5	1.5902950780142928	30.468
390.0	1.7522653028295256	50.216
390.5	1.8220159493829373	70.439
391.0	2.192044173165361	36.805
391.5	1.6635383852565375	30.167
392.0	1.8537227973474752	80.599
392.5	1.971992927897499	192.065
393.0	2.132723276177551	90.495
393.5	1.7651793395603335	90.446
394.0	1.60475383914408	60.484
394.5	1.8587140997102098	80.462
395.0	1.4833916678445656	90.524
395.5	1.4705129883791734	90.513
396.0	2.010469349908361	50.323
396.5	1.442896008008547	80.466
397.0	1.6450471697767286	49.831
397.5	2.1520809152184794	40.27
398.0	1.891060854801462	31.054
398.5	1.5383283674529342	72.52
399.0	1.7012311053531564	90.687
399.5	2.0089699584086658	90.569
400.0	1.877038414595516	110.724
400.5	1.3927673689822662	137.155
401.0	1.6412773535397946	50.239
401.5	1.9323936164937296	50.215
402.0	2.0457937331543468	60.283
402.5	2.674980431931232	15.781
403.0	1.6241621536891222	47.079
403.5	2.077108810534848	45.99
404.0	1.9505859253607796	30.244
404.5	2.142280379797122	60.383
405.0	1.5550218336404436	94.016
405.5	1.4788253852704112	19.932
406.0	1.6415661329987443	60.431
406.5	2.21324404349732	11.606
407.0	1.7728039740481283	66.325
407.5	1.7590046523960787	110.384
408.0	1.8184706545364626	110.667
408.5	1.5635657146486925	110.677
409.0	1.5904024758147735	20.195
409.5	2.263437062669027	40.776
410.0	1.4480787044185706	100.466
410.5	1.9729008754859871	100.6
411.0	2.285668730791347	30.276
411.5	1.9826275375247084	50.591
412.0	1.635325121511829	121.176
412.5	2.0027985406117015	20.121
413.0	1.928103337367318	30.203
413.5	1.7348129422389267	60.159
414.0	2.9720692184886817	141.267
414.5	2.3709742864780226	20.042
415.0	1.714665258887789	100.687
415.5	1.4467137306134341	21.889
416.0	1.9465037370337919	102.259
416.5	1.685238944087504	41.143
417.0	1.7823275275314248	130.982
417.5	1.8106000544879246	30.318
418.0	1.8651167974402216	10.641
418.5	1.8052463395304421	22.374
419.0	1.8706012889501151	80.433
419.5	1.8497142119436463	80.448
420.0	1.474855148820198	80.827
420.5	1.650367722474405	20.089
421.0	1.7125177750709322	16.383
421.5	1.5081334795254355	116.191
422.0	1.70308785701108	41.329
422.5	2.1147846887122133	111.034
423.0	1.8876681644496685	30.21
423.5	1.9590011322457093	30.191
424.0	1.57797031428787	80.309
424.5	1.519451761638863	41.423
425.0	1.9178863272515199	72.792
425.5	2.244830653557613	110.954
426.0	2.149812176756206	47.094
426.5	2.2931074454763727	71.245
427.0	1.7897279452949393	30.065
427.5	1.5895492670804268	18.073
428.0	1.3630774718794827	70.265
428.5	1.7024099830387334	70.262
429.0	1.6575232984184773	60.264
429.5	1.692803409907241	60.335
430.0	1.8154120334622237	73.085
430.5	2.04197709456008	49.596
431.0	1.8280290391313712	30.251
431.5	1.546221602904625	30.198
432.0	1.8786267437655766	30.337
432.5	1.5024978897972494	30.184
433.0	2.0955369290885417	83.08
433.5	2.2170477373839503	71.627
434.0	1.5790285179667933	72.643
434.5	2.0073221017919014	80.918
435.0	0.15751199854139172	21.861
435.5	0.13863312497760505	19.886
436.0	4.014293226509202	50.265
436.5	2.897499511823235	19.38
437.0	2.938558396967021	20.152
437.5	2.2318865110229766	19.957
438.0	0.9619228891179424	106.505
438.5	2.404613122525135	60.443
439.0	2.473130909004499	80.372
439.5	1.9858177302905986	80.42
440.0	1.3104318980061431	31.718
440.5	2.1996628006775665	20.133
441.0	2.580127311957671	40.171
441.5	2.068160407997872	83.422
442.0	2.0673407519125306	52.217
442.5	2.303350622362784	92.498
443.0	2.2665035010024286	10.949
443.5	2.056114498675112	50.303
444.0	2.093242930519667	120.629
444.5	2.162094204948274	19.091
445.0	1.834296576843326	16.995
445.5	1.8207868465005195	10.789
446.0	2.1207570534556033	20.038
446.5	2.116520390688147	20.103
447.0	3.1728316200003333	70.567
447.5	3.3140731311369147	70.576
448.0	2.40413764497061	90.61
448.5	2.1164008351630708	90.598
449.0	2.250073968261552	30.304
449.5	2.0774876349090365	30.214
450.0	1.7796565417059527	71.155
450.5	2.0728511587222673	61.648
451.0	2.7105074266907265	20.094
451.5	2.6304329668258744	40.265
452.0	1.4784193363826768	70.367
452.5	1.5557554881114068	40.755
453.0	2.084504915173823	80.412
453.5	1.7126614772806295	80.462
454.0	1.5640951629038389	100.782
454.5	1.9394830822689637	91.336
455.0	1.527380265555352	141.101
455.5	1.7137529991300058	114.697
456.0	1.6246356963797057	90.478
456.5	1.3744497168115404	10.816
457.0	1.9362746220667582	22.308
457.5	1.6738985974686023	27.857
458.0	1.3575255545077172	90.479
458.5	1.5845202718480969	90.492
459.0	2.0283270595889515	70.358
459.5	1.8141580788260572	15.198
460.0	1.1568233062804283	40.335
460.5	1.318858082390246	60.251
461.0	2.079205066033223	80.037
461.5	1.963003491765924	60.489
462.0	2.1241819801142694	80.564
462.5	2.1407344316329446	31.699
463.0	1.7765933257286888	70.668
463.5	1.6247385332693636	70.442
464.0	1.8976795911445081	70.241
464.5	2.0983150957226853	61.773
465.0	1.6883753312633938	20.145
465.5	1.4604848212351904	60.15
466.0	1.6657079121763294	68.506
466.5	1.828443326574012	71.49
467.0	2.158608002775359	70.545
467.5	1.74794655321436	42.874
468.0	1.6766677566000565	110.635
468.5	1.624260469677182	110.564
469.0	1.6312734804868656	102.16
469.5	2.337371503016106	20.113
470.0	1.8102194140393764	51.251
470.5	2.2025953829395757	61.42
471.0	2.0453935965148524	50.255
471.5	2.267934136017921	10.524
472.0	1.9090722487876965	161.066
472.5	1.6126962764146895	76.668
473.0	2.471706686623568	82.611
473.5	2.094443032652432	91.076
474.0	1.8709565380812876	97.767
474.5	1.550591708134091	61.548
475.0	1.7944184921046356	100.391
475.5	1.8007668042182956	100.367
476.0	1.5668387747010517	120.784
476.5	1.5731310326173908	20.142
477.0	1.8042031506359548	90.536
477.5	1.5660391210526063	90.514
478.0	1.684656973209497	100.698
478.5	2.041648569296206	50.413
479.0	1.7165628884506325	40.123
479.5	1.8599270542779676	102.009
480.0	1.5232017435920546	90.476
480.5	1.9703551584243908	257.689
481.0	1.8982053765638711	50.363
481.5	1.9202622916620247	42.637
482.0	2.08736714116842	110.726
482.5	1.9771008640412886	110.722
483.0	1.4799800710863396	32.854
483.5	1.6614076140167948	36.776
484.0	1.6262192686520904	16.505
484.5	2.149377424632224	10.797
485.0	1.7681219995599362	50.211
485.5	1.729926520044939	50.206
486.0	1.516955367864283	100.65
486.5	1.4436270934454145	100.712
487.0	1.9179200322788217	50.233
487.5	1.9150813637248285	50.19
488.0	1.5559441009689268	70.558
488.5	1.8513753312475627	70.566
489.0	2.306781328694462	76.64
489.5	1.671341693594487	62.096
490.0	2.092817236669149	10.998
490.5	2.0593301776578343	19.713
491.0	1.505939999208255	100.681
491.5	1.5688487807651463	100.919
492.0	1.6680333156341893	30.201
492.5	2.2288457749057815	80.324
493.0	2.202014763515897	70.453
493.5	2.0494559568014283	70.49
494.0	1.7185592772110523	64.174
494.5	2.0523749516564407	81.617
495.0	2.090957764932479	16.031
495.5	1.9849717874891446	10.341
496.0	1.4523638915352195	10.93
496.5	1.4084969023026703	32.874
497.0	2.035053450492027	29.823
497.5	2.219656848495257	30.051
498.0	1.7877907679702965	80.384
498.5	1.894804211403418	80.44
499.0	2.0099778398030193	86.175
499.5	1.6925019408694053	80.255
500.0	2.107725340454298	11.342
500.5	1.902285085900207	37.812
501.0	1.9540988992568098	70.506
501.5	1.7209289711233535	70.503
502.0	2.1312663713033695	75.483
502.5	1.6280272317514184	62.672
503.0	1.6178398873988828	40.266
503.5	1.6084742481637835	40.249
504.0	2.258572180384727	20.333
504.5	2.338617941226778	42.859
505.0	1.412513633986072	103.261
505.5	1.7541297447855524	90.421
506.0	1.9372257806641406	171.227
506.5	1.9198726336866179	50.548
507.0	1.7301039518716474	110.763
507.5	1.4698649167137148	70.453
508.0	1.6727795864508812	28.354
508.5	2.2032087183184506	80.42
509.0	2.2279947293189934	52.705
509.5	1.9978415097794346	40.421
510.0	1.6601722928146712	78.153
510.5	1.984325714809929	40.145
511.0	2.331556516576901	131.662
511.5	1.628654685342871	40.224
512.0	2.2512426165320774	66.341
512.5	1.680950417630631	58.824
513.0	1.947983561500448	40.259
513.5	1.926114920463355	40.221
514.0	1.9301562995607564	20.548
514.5	1.8246349504447092	11.966
515.0	1.6094530138530714	110.536
515.5	1.8743923083148841	90.651
516.0	1.7588970130280133	30.482
516.5	1.5760337445784383	80.684
517.0	2.329482805015522	102.373
517.5	2.3370595495951196	82.91
518.0	1.8050289235403256	15.748
518.5	2.041695135932974	18.083
519.0	1.65819287256584	129.767
519.5	1.6570465890151762	107.707
520.0	1.8509174673404072	60.315
520.5	2.14592547791063	60.607
521.0	2.0038724847193707	50.307
521.5	1.9638523987738765	50.276
522.0	1.2684879140845593	11.638
522.5	1.4293182548762715	19.018
523.0	1.8797138190750542	90.263
523.5	2.0751153245689964	90.083
524.0	1.9914025240420425	100.622
524.5	1.5127630561633	100.663
525.0	1.8799625936832856	124.331
525.5	2.2386173788417096	90.774
526.0	1.7060443466406536	80.521
526.5	1.6173762733573511	80.545
527.0	1.8888289940590541	106.145
527.5	2.0314697874222083	100.735
528.0	1.9288427937123975	80.799
528.5	1.5007294980065917	100.949
529.0	1.6518865459510126	120.843
529.5	1.7932165237686595	10.758
530.0	1.7709393268469826	232.18
530.5	1.7651259459596338	11.606
531.0	1.7219566243349858	20.184
531.5	1.8940299627791817	61.338
532.0	1.8982658640188987	80.574
532.5	2.2579836398333284	80.475
533.0	1.5688203700186973	49.624
533.5	1.823759417980331	41.242
534.0	1.5183011056436888	40.259
534.5	1.8443747919427733	40.202
535.0	1.6915952542801855	100.456
535.5	1.8818395141388418	100.505
536.0	2.2152970107185928	92.971
536.5	2.0620259588250938	41.654
537.0	1.4718770987237626	82.518
537.5	1.4631712832703403	72.723
538.0	1.4362956668969717	174.672
538.5	1.9937071869377383	9.781
539.0	1.979075181388132	52.55
539.5	2.1159321793182424	60.869
540.0	1.7820511904159986	70.477
540.5	1.3382602058425233	70.435
541.0	1.9420031891446161	19.915
541.5	2.0208841315399337	21.171
542.0	1.8810786378518995	90.045
542.5	1.9560157948354508	80.267
543.0	1.8221081816280966	40.248
543.5	1.9489292924039474	40.28
544.0	2.234077212345317	120.889
544.5	1.7518631476136857	40.924
545.0	1.3268110214958992	82.173
545.5	1.8391046624033738	64.084
546.0	1.6367489564593776	24.659
546.5	1.3570440971440012	11.636
547.0	1.764699192069238	71.285
547.5	1.895721653983891	60.457
548.0	1.3218979215667226	164.727
548.5	1.558232585354027	10.623
549.0	1.6783169302948007	150.977
549.5	1.621396037776287	101.807
550.0	2.4300942448190406	20.212
550.5	2.11609886989649	12.167
551.0	1.4238895202794284	105.789
551.5	1.8165599283774736	10.74
552.0	1.7466481699792167	60.47
552.5	1.2750111455320807	70.492
553.0	1.6748792864950126	11.635
553.5	1.6583609039767302	20.074
554.0	1.3370980136097896	100.847
554.5	1.2230323225942612	80.346
555.0	1.5981090235537432	71.419
555.5	1.2964235095604575	16.166
556.0	1.4799930339305623	36.979
556.5	1.9056237236034335	32.308
557.0	1.6708741857495006	10.888
557.5	1.4104594460994118	116.997
558.0	2.2089767226690227	11.251
558.5	1.9762489589676189	100.892
559.0	2.097186164579876	60.207
559.5	1.7600174117554164	60.03
560.0	2.061528857571509	70.322
560.5	1.722291003236388	103.132
561.0	1.591438247475492	18.273
561.5	1.421904706611828	12.623
562.0	1.6645852686979616	130.571
562.5	1.8508719132085316	41.422
563.0	1.7574610242484086	80.905
563.5	2.0380831963296706	30.175
564.0	1.5696018997314471	25.884
564.5	2.037527649528899	72.939
565.0	1.3641306981464976	54.688
565.5	1.4304822279231788	20.731
566.0	2.174967105156746	33.363
566.5	1.6589919784120468	28.272
567.0	1.553574912206063	79.581
567.5	1.3764494011184691	35.529
568.0	1.9339619386134115	44.354
568.5	1.7767507699223974	10.731
569.0	1.5965526700557091	31.692
569.5	1.9712281690951887	80.449
570.0	2.592386932945108	60.717
570.5	2.485569984798494	80.841
571.0	1.6367463705407521	100.613
571.5	1.7246324911197495	11.522
572.0	1.9206305209604844	90.609
572.5	2.3747700582022264	90.521
573.0	1.9668162961842601	90.53
573.5	2.6843162615816705	81.721
574.0	1.8959783943983728	47.655
574.5	1.8529031778578477	50.401
575.0	1.568282267139605	40.306
575.5	1.5082601120148766	103.337
576.0	1.9265267842077178	100.704
576.5	1.933872060834117	100.781
577.0	1.2476238162762554	134.257
577.5	1.4219074879035165	120.456
578.0	1.936826104376685	120.957
578.5	1.716204074980732	120.984
579.0	1.5864093408490068	100.635
579.5	1.626284870794683	100.58
580.0	1.7523880283967155	30.194
580.5	1.7309744836047447	30.247
581.0	1.8954935986648684	10.341
581.5	1.4100907850342954	18.985
582.0	2.2800709679635274	91.053
582.5	2.2806124223028323	81.549
583.0	1.2032643387499182	11.168
583.5	1.1332874815058556	16.321
584.0	1.7495275734361317	110.545
584.5	1.5676891875097216	110.488
585.0	2.927796650053189	32.237
585.5	2.1831241534309047	50.269
586.0	1.4807846038894028	90.47
586.5	1.2120440169066955	41.415
587.0	2.080736503861266	75.036
587.5	1.5685409996116593	63.611
588.0	1.804874820401734	34.318
588.5	2.2015323563222453	40.316
589.0	1.128963439193017	27.11
589.5	1.5648155447877057	20.36
590.0	1.5732042022428563	53.453
590.5	1.5674553606703594	120.795
591.0	1.1326422593535705	20.794
591.5	1.5872029442974516	20.149
592.0	1.4735201459637586	30.373
592.5	1.6017268399497226	60.58
593.0	1.923319600090438	130.877
593.5	1.727204648552748	70.554
594.0	1.8592158403720749	100.451
594.5	1.9874299193230553	100.4
595.0	2.119964879995221	50.436
595.5	1.8171252842873797	50.435
596.0	1.4195548850607151	40.345
596.5	1.6143533586179004	47.746
597.0	1.4270766687096135	72.082
597.5	1.6229038961768047	83.273
598.0	2.395548076303541	151.267
598.5	2.097907435020728	80.869
599.0	1.3807961082744855	50.342
599.5	1.596790117258922	50.273
600.0	2.377819658631453	20.206
600.5	2.1252095659538646	50.38
601.0	1.8150257470919462	40.4
601.5	1.8522856786115938	40.324
602.0	1.8526803107452168	41.669
602.5	2.3809024508700043	31.291
603.0	1.7953404706492846	72.356
603.5	1.6886945613362034	74.404
604.0	2.4547074944401905	91.838
604.5	2.427869819446512	90.393
605.0	2.6799683450265666	151.438
605.5	2.286631952273697	129.717
606.0	1.2172075395646975	31.125
606.5	1.5409332348397429	80.578
607.0	1.9203718065559727	80.106
607.5	2.0822136984356954	72.363
608.0	1.5027334288556642	105.254
608.5	1.310907950559245	10.856
609.0	2.0849612642075783	100.457
609.5	1.5580505564709501	100.467
610.0	1.4865226943132097	39.615
610.5	1.970154378238266	32.241
611.0	1.4009920722761324	80.481
611.5	1.514215425090963	80.491
612.0	1.7460388457287137	110.509
612.5	1.7594603677500849	40.983
613.0	1.514742227636751	60.243
613.5	1.4238083655388074	60.285
614.0	1.3282003510252403	80.443
614.5	1.5299509957290065	10.965
615.0	2.5002092675499292	50.318
615.5	2.265503051880198	50.346
616.0	1.891060539857497	41.456
616.5	1.9445765203718506	30.224
617.0	2.0994082466122146	34.144
617.5	1.8525686136034747	80.484
618.0	2.0907211469111293	97.438
618.5	1.6213869610609974	62.093
619.0	1.423612402361054	37.403
619.5	1.210181311246498	140.087
620.0	1.9722746500308839	62.457
620.5	2.107433629147362	53.98
621.0	2.1047485050801127	70.53
621.5	2.1482706135164773	70.533
622.0	1.5195127711863567	90.546
622.5	1.6968270360044413	90.6
623.0	2.0047381140949607	101.026
623.5	2.1625080747722683	101.086
624.0	2.0390059257653674	110.68
624.5	1.9313204425907615	128.395
625.0	1.8272137375913562	130.864
625.5	1.559697083640337	130.701
626.0	2.1892492540340354	20.093
626.5	2.0166564081175706	28.403
627.0	1.617140965500182	110.721
627.5	1.7939650780685323	110.746
628.0	1.8131618339698117	64.526
628.5	2.041144240854659	30.595
629.0	2.1833119580540794	97.448
629.5	2.245424551862816	11.493
630.0	1.3886973628048702	140.522
630.5	1.9130954755987928	88.373
631.0	1.8274087159377588	80.549
631.5	2.120448015431841	100.553
632.0	2.7848048805132923	197.553
632.5	0.8788744372349921	99.917
633.0	1.5922667093789196	60.447
633.5	1.4534516930044725	90.638
634.0	1.6414279349995442	90.669
634.5	1.2930211613964928	60.421
635.0	1.8689982727109224	90.596
635.5	0.1593111695052224	13.977
636.0	1.1659961629755087	16.919
636.5	1.3888578185206835	20.214
637.0	0.3309900011429615	112.647
637.5	0.21814336588049002	13.981
638.0	0.09771227704310279	16.454
638.5	1.6408881986588089	15.141
639.0	0.22979566614592042	15.543
639.5	0.17146711654693733	25.683
640.0	1.4362131155532736	20.2
640.5	0.29512119644890294	14.938
641.0	0.1519656462910299	32.861
641.5	2.1313231952980813	116.553
642.0	0.3274366998138369	148.211
642.5	0.1330203163157065	169.139
643.0	2.239585967226746	39.059
643.5	0.2518226370919557	101.642
644.0	0.1417613624999448	25.308
644.5	1.9211933155305363	118.657
645.0	0.14475427242320577	33.628
645.5	1.3297986178057928	15.747
646.0	0.3569539154278517	143.303
646.5	0.20242661609082546	128.731
647.0	0.0907727214915521	13.946
647.5	1.821737346170234	20.154
648.0	0.17474058050463784	13.907
648.5	0.17141729472528913	20.683
649.0	0.1235764555157079	53.805
649.5	2.6755070458379384	239.767
650.0	0.13754968721660013	139700407513.712
650.5	1.86619247978679	70.828
651.0	1.748702513422709	30.287
651.5	1.3365709412797906	90.651
652.0	1.778320635184786	40.234
652.5	1.7978625374005808	42.859
653.0	2.5505360059597137	60.39
653.5	1.5499076284737237	78.1
654.0	2.1246191287971694	70.451
654.5	1.9319290569113732	60.368
655.0	1.4499812098721354	49.559
655.5	2.172898716276106	9.019
656.0	2.135356394607447	90.301
656.5	1.6127576264773167	90.682
657.0	1.6866788750747832	9.11
657.5	2.0669225751607363	92.589
658.0	2.0993301703805543	16.665
658.5	1.8917756796498308	12.355
659.0	2.012826741317294	30.32
659.5	2.0291081044066415	50.334
660.0	2.1867241008586973	30.226
660.5	1.296289422270845	50.407
661.0	1.346028143294596	80.462
661.5	2.0749766363824524	80.422
662.0	1.9949032103988347	19.456
662.5	1.8937091895124856	90.503
663.0	1.5042873992532446	33.306
663.5	1.699812893456473	80.665
664.0	1.9016765174036587	59.891
664.5	1.5959024511990616	100.705
665.0	2.2003585277166406	70.412
665.5	2.497995105194041	29.943
666.0	2.087056345202469	80.27
666.5	1.7069102413371966	30.398
667.0	1.4915181418831218	60.468
667.5	2.334525310125367	9.38
668.0	2.504943866598512	80.523
668.5	1.9613575712114986	41.951
669.0	2.2241176911311396	11.485
669.5	2.4672652868716716	30.164
670.0	2.038350423900642	130.938
670.5	1.5038440680665774	70.42
671.0	2.3607288651597877	90.493
671.5	2.3553545691331137	30.187
672.0	1.662278228246914	30.177
672.5	1.3729278236417766	80.6
673.0	1.914907736748977	80.51
673.5	1.9171397383910427	70.654
674.0	1.7463619552033827	7.902
674.5	1.8508008076165219	30.314
675.0	1.5038030096606003	72.369
675.5	1.7179428170053748	10.966
676.0	1.6705373655813525	40.032
676.5	2.180974643886515	120.823
677.0	2.280208746049824	80.386
677.5	2.4520984577692273	30.527
678.0	1.4335125261668007	30.189
678.5	2.060440669062519	100.526
679.0	1.5417257939513564	50.381
679.5	1.87292207900173	90.88
680.0	1.6640062449284752	30.203
680.5	2.227366524247797	40.241
681.0	1.6875772234502286	120.802
681.5	2.1285206614727072	81.217
682.0	1.6125227250952043	131.111
682.5	1.6434895080294492	32.684
683.0	2.716894203704448	19.906
683.5	2.0508181574934814	40.526
684.0	1.3122564981618479	60.443
684.5	1.8281068184493556	40.464
685.0	2.373450975060367	60.323
685.5	2.373114244352456	34.482
686.0	1.4998237804858192	37.552
686.5	2.24518656534946	60.353
687.0	2.0035731815181923	39.844
687.5	1.9909565695740679	100.103
688.0	2.3618166168989614	50.145
688.5	1.9718984434787126	30.239
689.0	1.9777242087774716	90.75
689.5	1.7062588780499492	70.447
690.0	2.1895388204228223	61.116
690.5	2.1163302781160267	39.563
691.0	1.9366583169662197	30.209
691.5	1.649439846453718	130.865
692.0	1.929567525239652	80.614
692.5	2.2758415794602533	70.355
693.0	2.3357111324707343	8.945
693.5	1.8384996728135838	12.278
694.0	2.0727660442257885	71.073
694.5	2.0724654812803363	120.953
695.0	2.476907006812329	100.704
695.5	1.2670737621504333	90.822
696.0	1.8720604849340385	62.594
696.5	2.3435935465743136	20.25
697.0	1.8029585780169226	20.199
697.5	1.167806790396402	131.125
698.0	2.557533531839155	92.862
698.5	2.22995562105076	39.743
699.0	1.7701041406983584	13.122
699.5	1.6321717596073528	80.564
700.0	2.2735972995794205	70.862
700.5	1.681473595753112	30.309
701.0	1.8790372196182767	90.621
701.5	2.1436059006934935	80.417
702.0	2.1458395515342903	80.504
702.5	1.6888440762431782	40.169
703.0	2.154015334831705	60.954
703.5	1.5130361764939253	60.553
704.0	1.81363332307521	10.121
704.5	1.5409162621047778	49.298
705.0	1.7441219646161708	30.225
705.5	2.0438915246310874	34.469
706.0	2.120064369301319	60.398
706.5	1.665551601098656	30.294
707.0	1.6453014946974376	60.52
707.5	2.1128825265770175	41.176
708.0	2.5279162506574395	45.133
708.5	1.4977384007496526	46.031
709.0	1.8669440491445093	30.333
709.5	2.1458503459334133	50.169
710.0	1.7548798703659636	30.214
710.5	2.4867026022459813	60.645
711.0	1.9596772182812943	10.18
711.5	2.02199194761828	60.486
712.0	2.150358509833564	100.62
712.5	2.426629668877601	60.917
713.0	1.302380289761043	80.468
713.5	2.5161672096372074	80.385
714.0	1.9445117777803116	60.349
714.5	2.9888594765217134	31.68
715.0	0.316476349424633	20.188
715.5	4.509822519533281	73.836
716.0	1.7766498981864918	60.446
716.5	1.5499237994061097	90.498
717.0	2.422481919766244	192.208
717.5	1.7702711038941081	28.004
718.0	2.4214240107400635	106.704
718.5	1.3185635585924298	101.537
719.0	1.3779573049320863	70.438
719.5	2.4252695023926334	60.379
720.0	1.8353487927226175	127.277
720.5	1.369264520334689	90.575
721.0	1.7030205045690823	80.431
721.5	2.0390850231543984	80.612
722.0	1.7992477830775406	60.417
722.5	1.6969066516525617	20.163
723.0	1.842133515022766	80.741
723.5	2.2784651360864223	80.424
724.0	1.5713233642464088	100.782
724.5	1.7123139534907121	30.45
725.0	1.5981172800931944	9.314
725.5	1.8326851324917577	40.836
726.0	1.5345506618306486	50.52
726.5	1.2145674413254255	75.605
727.0	1.5355073480092536	120.769
727.5	2.1971784916516293	39.846
728.0	1.3329940266163829	16.482
728.5	1.560411871120576	16.797
729.0	1.6509018148969632	40.518
729.5	1.6329273784921308	30.363
730.0	1.4599893994847712	9.076
730.5	1.66817504788047	100.806
731.0	1.888199411393564	80.436
731.5	1.9097887567913028	100.907
732.0	1.9628328943179365	80.495
732.5	2.24906087891603	122.463
733.0	1.823093089550321	20.153
733.5	1.6451797203141139	30.242
734.0	2.3086109418308336	57.085
734.5	1.7187912321666612	63.171
735.0	1.448038837012751	80.669
735.5	1.9100542634788846	60.401
736.0	2.5734625454154987	60.427
736.5	2.162804199492798	80.589
737.0	2.0313391725192473	80.391
737.5	1.7469907119358032	80.636
738.0	1.389506804241867	80.694
738.5	1.8021044549559049	9.955
739.0	1.9954487225344337	50.132
739.5	1.8591610994219807	73.167
740.0	2.1000409458546736	100.794
740.5	1.6573873804229744	120.766
741.0	2.071390520117605	69.694
741.5	1.6533772538099252	30.241
742.0	1.6987588578238373	33.903
742.5	1.3852987959140193	108.237
743.0	2.2324351711574923	110.905
743.5	1.4369533704489512	9.737
744.0	2.383315818947201	70.534
744.5	2.0486267241497376	42.115
745.0	1.9389801275317329	83.22
745.5	1.3400124291200364	16.516
746.0	1.8507588091640632	23.362
746.5	2.269301474728009	29.461
747.0	2.0364942478333177	48.032
747.5	1.8565595300235855	14.389
748.0	1.7506902936977793	32.567
748.5	2.005145207406486	70.188
749.0	2.2752405895600285	43.44
749.5	1.988578771328786	50.502
750.0	2.3364686095429192	30.113
750.5	1.7795819836491955	11.849
751.0	1.8053504410819001	38.932
751.5	1.4338230720610614	43.288
752.0	1.9672275386870597	60.4
752.5	2.123246684632529	20.283
753.0	1.6631861070243368	60.466
753.5	1.907134346644514	10.344
754.0	2.0754031738276906	80.544
754.5	1.5027456735745002	123.865
755.0	1.577903256722043	50.43
755.5	1.4707174057746255	70.52
756.0	1.927670044796312	9.961
756.5	2.183933417005004	30.249
757.0	1.5090306062718755	32.87
757.5	1.212344689227199	80.151
758.0	1.8823885597743482	40.24
758.5	1.6185795996975179	102.526
759.0	1.5816469648992961	30.431
759.5	1.9026775845271777	71.246
760.0	2.1282527427699636	70.436
760.5	2.75755112645108	104.21
761.0	1.7182241697058298	60.481
761.5	1.493113165749879	60.452
762.0	2.5008181497976456	91.953
762.5	1.6122869687888537	90.681
763.0	1.4638872022888385	50.254
763.5	1.6631961469515413	88.606
764.0	1.757516970317557	90.452
764.5	2.511121561490103	114.395
765.0	1.89986420863709	60.478
765.5	2.6182593038209965	110.6
766.0	2.105004842860564	70.605
766.5	1.6784322421514113	30.229
767.0	1.9107733163955893	36.815
767.5	2.1749304314218865	99.597
768.0	2.0448610309855524	60.383
768.5	2.0140436733785725	50.516
769.0	1.8903710660908053	39.917
769.5	2.2018601486154936	100.628
770.0	1.892691963425116	113.003
770.5	1.6598921224397598	60.587
771.0	1.5965494109917782	40.426
771.5	2.003657946787197	41.795
772.0	1.9015589921917126	60.382
772.5	2.0138515692076893	120.939
773.0	2.2309413299813894	120.795
773.5	2.033345147113717	80.583
774.0	2.8563697116459137	30.205
774.5	2.1063303001006637	80.219
775.0	1.4454831249768432	50.313
775.5	2.1033526673214213	45.293
776.0	1.9911999787972539	90.51
776.5	2.206258358348137	40.992
777.0	1.6495235883193389	40.931
777.5	1.7848077833777738	90.883
778.0	1.8949451984198418	100.579
778.5	2.521931270490358	110.525
779.0	1.517210425782146	83.359
779.5	2.256563586187525	104.496
780.0	2.3312455751145893	10.041
780.5	1.614933260464426	90.576
781.0	1.5896603605869866	70.565
781.5	2.19758240957294	79.27
782.0	2.158993851745112	41.955
782.5	1.7534568455910364	106.477
783.0	1.3040735018252805	30.205
783.5	2.5905951834336567	40.237
784.0	1.7067271663039332	30.301
784.5	1.8253529665847046	60.338
785.0	1.9036052865992357	70.238
785.5	1.9270957943637894	56.943
786.0	1.8226599725129768	60.422
786.5	1.9599481901389575	40.302
787.0	2.145020792208128	60.458
787.5	1.9433203495626374	42.933
788.0	1.7220676827827284	71.444
788.5	1.230099536735325	120.805
789.0	1.7325001360229453	40.283
789.5	1.575556603497016	130.913
790.0	1.8315214037380332	69.541
790.5	2.3223488944450916	20.03
791.0	1.9248022997735696	30.203
791.5	2.3066239829259043	25.047
792.0	1.957271512598535	114.656
792.5	2.1518251074685053	60.334
793.0	1.6848187735678246	70.446
793.5	1.7768900256537155	50.335
794.0	1.3990094108902278	74.855
794.5	1.8617910984927233	70.295
795.0	1.9839587756345776	40.216
795.5	2.2433024903590395	19.993
796.0	2.062833088657858	80.295
796.5	1.415485500105341	26.835
797.0	2.214268943451345	70.269
797.5	1.7930342171972597	80.471
798.0	1.7639802654472183	120.958
798.5	2.189563559659159	90.386
799.0	2.566231675107562	9.847
799.5	1.5630109159239847	130.896
800.0	2.509461706785045	54.337
800.5	1.4220442399736495	40.264
801.0	2.0022920524330634	75.171
801.5	2.2486399046442207	38.096
802.0	2.3361134803950105	90.718
802.5	1.9704000438602296	70.592
803.0	1.9289968636768298	60.294
803.5	2.5008324089595066	85.297
804.0	2.082138705280503	50.298
804.5	1.675885083504247	23.707
805.0	2.733199138377199	30.56
805.5	1.752321916356833	30.238
806.0	2.0316987652163316	60.414
806.5	1.7537672358003382	120.737
807.0	1.981749131910228	100.613
807.5	1.9239785840697157	30.33
808.0	2.2135341643681663	80.356
808.5	2.3623820771635335	30.288
809.0	1.9574794544862488	39.026
809.5	2.2665504429866505	117.568
810.0	2.283889950349699	70.411
810.5	2.063404363441648	9.117
811.0	1.8186921049508016	60.551
811.5	2.4058239835653414	100.455
812.0	2.340529734975751	50.2
812.5	1.5986454972855688	90.763
813.0	1.7212847047449382	30.32
813.5	1.5983442197634958	20.205
814.0	1.442951727420897	40.443
814.5	2.784194276023796	60.385
815.0	1.5236082735030014	39.385
815.5	1.7815465799886403	60.483
816.0	1.6963727398914816	62.322
816.5	1.9516603486859923	70.695
817.0	1.9230710410028256	30.21
817.5	2.4001255650311792	63.475
818.0	2.159176475652641	60.339
818.5	1.9463952030388891	80.623
819.0	2.06156624552583	80.444
819.5	2.755257801864159	91.93
820.0	1.8920295507341869	10.753
820.5	1.7154118901095092	60.269
821.0	2.04172912650114	60.546
821.5	2.388101762722405	100.343
822.0	1.4959657463782239	30.203
822.5	2.347784556566173	60.379
823.0	2.2455640706604383	30.142
823.5	2.4828520505421787	39.129
824.0	1.6363889706549342	140.805
824.5	2.3886375549765075	81.039
825.0	2.1171207079414986	20.233
825.5	1.581761601604692	50.493
826.0	1.731677523685926	30.189
826.5	1.9110840878050994	50.343
827.0	1.4773573153486161	100.583
827.5	1.6724300627820223	80.543
828.0	1.6767093636254236	85.047
828.5	1.97768658338418	42.12
829.0	1.6090511619816652	80.419
829.5	2.127835245955073	40.287
830.0	2.025360949107719	74.887
830.5	1.8946752014709074	40.351
831.0	2.0217606451483965	90.748
831.5	2.1468816250169493	30.041
832.0	1.7529806353450552	30.226
832.5	1.895532928295364	30.2
833.0	1.6577038584770292	84.005
833.5	2.3546675510721826	60.413
834.0	1.6079653922050403	43.795
834.5	2.659647988750584	80.517
835.0	1.6754069742243771	80.533
835.5	1.9128340164714024	30.198
836.0	1.594274954118821	77.075
836.5	1.8792347704029484	110.657
837.0	2.5359540438518406	64.414
837.5	1.8621487920530462	70.564
838.0	1.8231396534438364	60.369
838.5	1.8070003740125755	120.826
839.0	1.7284966048244528	30.256
839.5	1.8787788571890667	103.207
840.0	1.7816325480898259	110.911
840.5	2.3057063135169162	30.298
841.0	2.1561408466039302	46.795
841.5	1.9198153945678376	41.72
842.0	1.9385170931892661	57.801
842.5	2.036220486569721	30.238
843.0	1.6104761600287523	70.594
843.5	1.544798332024487	90.616
844.0	1.47049017307764	29.352
844.5	2.267471668113898	30.224
845.0	1.826951784468333	39.703
845.5	1.8822194317685306	90.514
846.0	2.430773927761467	20.217
846.5	2.2851614615621245	100.55
847.0	1.9820262264799189	59.117
847.5	1.433248845083783	60.427
848.0	1.9992115009910087	70.204
848.5	2.1085634830166096	60.243
849.0	1.587330631633213	90.547
849.5	1.944806880432529	45.135
850.0	1.8351018572290232	32.07
850.5	1.9517326933309551	50.34
851.0	2.150365785947812	39.076
851.5	2.048914616370546	60.393
852.0	1.6744807391422603	60.426
852.5	2.4197566890204203	30.164
853.0	1.9950540311971874	40.091
853.5	2.369999297755547	50.197
854.0	2.1459240818247665	30.219
854.5	1.906835491510992	90.661
855.0	2.323052774820704	70.162
855.5	1.801062679382083	48.771
856.0	1.6998736423792855	14.66
856.5	2.4256297205789354	80.509
857.0	1.8238669966563579	50.467
857.5	1.4943535462131612	10.105
858.0	1.9540389158260205	20.246
858.5	1.6100016777326507	40.028
859.0	1.995784386890203	8.03
859.5	2.1468565766988776	30.262
860.0	2.448972863781208	14.685
860.5	1.4670781721810988	90.707
861.0	2.184876912762242	60.474
861.5	1.5579479354252368	110.675
862.0	2.6159756062056907	80.332
862.5	2.3369573072310215	103.591
863.0	1.7432919438105563	30.274
863.5	1.8125110069829802	73.818
864.0	1.9081289990759414	70.532
864.5	2.1850484161734984	111.455
865.0	1.8734103820724317	10.189
865.5	1.3842155436811505	123.256
866.0	1.825386877079182	60.479
866.5	2.1203880039239573	60.235
867.0	1.7173539299883707	90.709
867.5	1.703595524643569	43.252
868.0	1.5542533626036723	47.865
868.5	2.4308595916296727	131.965
869.0	1.3908381173752384	38.443
869.5	2.120084849477597	70.359
870.0	1.605464764278494	70.597
870.5	2.1296987751259375	75.711
871.0	1.8873070239679168	69.136
871.5	2.0039536606183104	105.369
872.0	2.3862848744797773	20.129
872.5	1.8746361981579391	110.644
873.0	1.5832647836868459	120.939
873.5	1.7084692801013188	19.769
874.0	2.7439631613740754	73.484
874.5	2.31232158396312	60.696
875.0	1.8766742589930345	70.323
875.5	1.4885174256744182	101.172
876.0	1.6749240009024249	80.487
876.5	1.682605809548244	100.889
877.0	2.0018949349606645	60.308
877.5	1.5720231863952463	30.326
878.0	1.660177833145515	90.437
878.5	1.6677073538924927	108.621
879.0	1.6735297505814108	12.804
879.5	2.6111960320659677	50.31
880.0	1.6451944771374405	110.648
880.5	1.6871298841423064	110.823
881.0	1.5916669685118396	106.669
881.5	2.2266826255313474	60.412
882.0	1.3189478687646101	41.485
882.5	1.1729844868751103	14.92
883.0	1.594557132196593	9.387
883.5	1.7688425587501764	10.399
884.0	2.3475697250841883	9.807
884.5	1.61631194591579	65.587
885.0	1.3245653091944014	38.42
885.5	1.5259592608155983	8.407
886.0	1.9452881009331033	70.543
886.5	1.1097612777775239	120.947
887.0	2.4987743396863054	8.754
887.5	2.053431479049566	50.187
888.0	1.7384922527252247	43.688
888.5	1.9559086028562753	30.279
889.0	2.0389954989651287	81.049
889.5	1.3648811839695445	80.354
890.0	2.1299111877963113	101.45
890.5	1.5031972222710113	120.817
891.0	1.6997345413051745	100.878
891.5	2.031264252640991	70.268
892.0	1.5738075311769626	40.347
892.5	1.560949974910985	14.49
893.0	2.3180605577245554	30.18
893.5	2.596044338152431	60.336
894.0	1.5072283067745516	70.461
894.5	1.7557931339691248	70.589
895.0	1.4035753866379472	48.695
895.5	1.6967426123774108	9.27
896.0	1.554341480989026	39.643
896.5	1.9545182978739555	130.972
897.0	2.207882570292507	38.63
897.5	2.4323066360964836	60.367
898.0	2.0623332181932574	40.342
898.5	1.5598689813227733	50.353
899.0	2.0946511172473463	110.837
899.5	1.7118750292688552	66.686
900.0	1.9130821367757136	24.223
900.5	1.7698961570146197	30.194
901.0	2.039485680938461	49.352
901.5	2.0770376310001426	105.84
902.0	1.6896566725272908	30.404
902.5	1.9277098193422757	41.189
903.0	2.156491042205588	104.231
903.5	1.64323302246925	90.609
904.0	2.1841880195275034	104.476
904.5	2.034413322700121	70.376
905.0	1.7046685771275432	90.469
905.5	2.0667754172423103	71.75
906.0	0.984916031981421	89.743
906.5	1.9276300892964826	70.507
907.0	2.590299814432346	21.259
907.5	2.0147695034215136	8.665
908.0	1.7253522870906162	50.363
908.5	1.8512532807862083	60.393
909.0	2.325116296774217	29.705
909.5	1.7096465361472928	106.04
910.0	1.3268990965710727	9.771
910.5	2.0541280058518536	90.653
911.0	2.0923298001985624	30.215
911.5	2.0455782572792605	11.503
912.0	1.0703549633500444	60.476
912.5	2.298100901922843	80.402
913.0	2.3565855465256287	61.012
913.5	1.95822012306643	70.463
914.0	1.1948794518170787	60.162
914.5	1.9260677592321804	50.292
915.0	1.4651884803339068	30.371
915.5	2.573898590789541	79.577
916.0	1.2041039600529144	70.248
916.5	2.0250320523285246	8.355
917.0	2.2998406008942047	90.697
917.5	2.3179095734407023	100.535
918.0	1.4504592645303032	100.575
918.5	1.565060546596736	110.623
919.0	1.8989959630812976	30.166
919.5	1.7836673330433188	50.326
920.0	1.8878028279291115	42.289
920.5	2.3116362112342705	20.881
921.0	2.207065056290188	40.937
921.5	1.6331636677496963	60.314
922.0	2.4113540050594584	50.404
922.5	1.7189379999099665	46.029
923.0	1.4648474840350842	9.89
923.5	1.947401356277019	104.94
924.0	1.5008962522454112	84.034
924.5	2.184884608434192	20.253
925.0	1.7616676618139364	40.118
925.5	1.547765706858083	60.307
926.0	2.089313787808517	10.931
926.5	1.802298760511187	90.489
927.0	2.509303906266521	60.973
927.5	1.8645436695105193	81.773
928.0	1.819287012125612	100.585
928.5	1.7917902166372748	110.798
929.0	2.3805865256370202	30.217
929.5	1.6115784921809884	60.487
930.0	1.9098608164268744	40.038
930.5	1.9009912647095906	110.871
931.0	2.102492523340861	8.156
931.5	2.0267644992248504	33.764
932.0	1.8699116632889428	49.424
932.5	1.8886456224929902	110.623
933.0	1.7890354089428189	99.848
933.5	2.220623291274596	36.192
934.0	1.8925538654780132	80.399
934.5	1.9127155738724597	20.091
935.0	2.402131198347146	40.087
935.5	1.6969145122420095	59.677
936.0	2.0022806395347748	40.507
936.5	2.391532426563711	22.663
937.0	2.3494307350186108	70.15
937.5	1.3261769165521289	9.133
938.0	1.5055749993583747	60.51
938.5	1.9887854226219992	80.382
939.0	1.971280018388033	80.559
939.5	1.5827103662679776	84.787
940.0	1.8429791954725252	30.216
940.5	1.8327544205816808	70.446
941.0	2.1176044056427314	120.799
941.5	1.402703039087539	80.434
942.0	1.6615690856272496	61.749
942.5	2.133854340396365	60.205
943.0	1.5821379035223089	49.339
943.5	1.440550229854459	30.302
944.0	1.9964503016505006	13.231
944.5	1.5614802648813133	50.16
945.0	1.7820834151585876	30.264
945.5	1.8436953142615105	60.462
946.0	2.191131746089657	30.046
946.5	1.4664064835725341	60.425
947.0	2.0296372937186518	70.392
947.5	1.6080765883613708	90.606
948.0	1.6215849894695222	90.663
948.5	2.4298717444909075	70.595
949.0	1.368788078890637	110.74
949.5	2.2148059172675176	30.218
950.0	2.0596902561666988	28.685
950.5	1.634981430264521	80.518
951.0	1.282404862021218	70.581
951.5	2.1117099591556014	50.414
952.0	1.7496484627776063	75.624
952.5	2.08633138631411	100.704
953.0	2.2457152706026156	100.538
953.5	2.1473840759873903	50.438
954.0	2.3710457547829176	100.457
954.5	2.356907892839686	17.598
955.0	1.7516604513029506	70.135
955.5	1.709821015849646	80.969
956.0	1.8605025692312427	80.606
956.5	2.2227034699306465	192.166
957.0	2.2248327075218044	40.334
957.5	1.465879861674598	30.187
958.0	2.2165511578482895	60.467
958.5	2.5052349866510903	50.35
959.0	1.877965848815396	30.192
959.5	2.6101346562429777	40.207
960.0	2.1305145246692216	90.736
960.5	1.839547253578116	46.278
961.0	1.5495048591044664	50.411
961.5	1.7405245311293676	60.235
962.0	1.908387148948626	30.203
962.5	1.723518037647794	69.692
963.0	1.5742710038312773	60.261
963.5	2.426700233170703	20.19
964.0	2.1433766511019727	9.818
964.5	1.9883907437697128	111.008
965.0	2.09690581014476	60.487
965.5	2.2654150562470914	30.149
966.0	1.5548470670513757	90.564
966.5	2.040921960780502	9.078
967.0	1.7837741046013667	120.668
967.5	2.1282203805365447	100.606
968.0	1.765959301929692	50.419
968.5	1.5814553196845584	46.374
969.0	2.1154692469137593	80.599
969.5	2.109445262711799	80.906
970.0	1.6878435018083064	72.353
970.5	2.024002483102469	110.778
971.0	2.489673233708446	44.934
971.5	2.1488778409703	100.67
972.0	2.1243711447990665	40.337
972.5	2.015478251430558	40.14
973.0	1.705999697472095	82.117
973.5	1.7959908790033323	41.893
974.0	2.0808943181735415	10.326
974.5	1.028746994430298	24.125
975.0	1.817050622796855	30.248
975.5	2.124704567677453	30.133
976.0	2.3079315268855773	45.201
976.5	1.744448202568885	60.628
977.0	1.9663066323065155	90.505
977.5	1.8873480312158608	90.553
978.0	1.886479267496187	70.601
978.5	1.3729147042744998	111.0
979.0	1.8873259843095607	60.393
979.5	1.98452273851637	80.485
980.0	2.2881948525200757	61.842
980.5	1.24579656302122	90.577
981.0	2.0288496959611675	121.406
981.5	1.7765555597833596	56.482
982.0	1.9237395626879603	68.368
982.5	1.878854879513452	130.938
983.0	1.682851628898403	39.893
983.5	2.261904664750052	30.161
984.0	1.8890835883909436	30.205
984.5	1.7615409012192118	60.488
985.0	1.5400203597856719	90.643
985.5	1.8654132010769475	12.305
986.0	1.708151851436734	40.282
986.5	2.179250530107676	48.457
987.0	2.28161217632794	30.282
987.5	2.438736644093684	40.525
988.0	1.2545585758660758	60.662
988.5	2.112747822443714	43.337
989.0	2.097056647143419	60.515
989.5	1.973894254589878	120.91
990.0	1.726950840311407	70.5
990.5	1.6833568068439755	43.959
991.0	1.5033241372478707	80.535
991.5	1.9221377305481242	80.563
992.0	1.7235637033845341	131.17
992.5	2.16910567367777	76.049
993.0	1.7791881322993355	11.277
993.5	1.8051234791258206	60.489
994.0	1.736394315862335	50.358
994.5	1.7682052227700893	95.151
995.0	2.1487241875803216	70.332
995.5	2.03885723711548	82.27
996.0	1.731088716945352	80.507
996.5	2.3716630736441275	80.119
997.0	1.457135276884542	80.404
997.5	2.298369159974517	50.463
998.0	1.1909270770630238	72.631
998.5	2.2396310664293186	30.334
999.0	1.465231709986916	41.829
999.5	2.3718133998815594	9.712
1000.0	1.4223644544836278	99.472
