0.5	2.3613703583674983	60.544
1.0	2.003281437081544	37.531
1.5	1.827645412410729	60.482
2.0	1.91584935098536	60.417
2.5	2.789577434204289	20.319
3.0	2.3681051770223105	81.068
3.5	2.499715047955161	150.979
4.0	2.4760867363612915	151.111
4.5	2.4621690146690174	64.901
5.0	2.9384255433046618	50.282
5.5	2.593003211104109	60.57
6.0	2.3064014309628256	28.115
6.5	2.424751009021179	80.634
7.0	2.198398402563168	80.575
7.5	2.2697045952236814	90.562
8.0	2.168668193241264	36.0
8.5	2.0335471592267145	38.137
9.0	2.370379757097289	50.535
9.5	2.677293201750583	110.853
10.0	2.3185839249562457	110.976
10.5	1.9839738109718215	60.384
11.0	2.8399378220758074	60.578
11.5	2.688542346814637	26.064
12.0	2.481002863168797	121.146
12.5	2.0670580023314185	40.39
13.0	2.3902619015349846	90.921
13.5	2.070771550150581	60.452
14.0	2.1788365123802746	95.685
14.5	2.6701704991689716	90.542
15.0	2.2690347629532592	80.66
15.5	2.735039917383856	15.081
16.0	2.189510042036767	36.989
16.5	2.3666106057156884	131.065
17.0	1.9743856888961546	131.106
17.5	3.2790732211948725	21.164
18.0	2.913907364376252	80.469
18.5	2.1304191715146437	60.549
19.0	2.096989747085577	80.714
19.5	1.724668020781576	20.225
20.0	2.0134331826984138	121.332
20.5	2.3710203511861843	60.621
21.0	2.1012034165004994	20.156
21.5	2.5845434118338044	18.935
22.0	2.148635742339506	108.553
22.5	2.428357373979543	100.753
23.0	2.694862112010517	42.877
23.5	2.305660191178505	60.256
24.0	2.09948649413765	60.327
24.5	2.7008279746705246	101.264
25.0	3.2835613291478545	100.943
25.5	2.1727064259723607	50.315
26.0	1.8291727416727046	50.504
26.5	2.522095526801805	90.684
27.0	2.0553693502957473	43.369
27.5	1.6061290996448712	90.796
28.0	2.2302740704090844	118.644
28.5	2.997298786850043	90.676
29.0	2.2886364581948646	90.958
29.5	2.6498045059705895	20.301
30.0	2.356841713782447	50.639
30.5	2.7213631054349583	25.264
31.0	2.1210230650752186	60.455
31.5	2.4981036207336667	100.703
32.0	2.9111395421676307	38.934
32.5	2.104628602001066	80.545
33.0	1.8112953877697	80.642
33.5	2.4041880376847686	80.643
34.0	2.333920719454874	16.142
34.5	2.017994410320145	80.601
35.0	1.7792172998399252	80.61
35.5	2.7128390087968435	60.462
36.0	3.1967671916378615	60.447
36.5	2.274682126316829	80.591
37.0	2.0246446664958926	80.564
37.5	3.032164744991615	70.544
38.0	2.606358673938791	22.995
38.5	2.087524131026563	50.378
39.0	1.9732058649917286	50.276
39.5	2.178434847862777	50.476
40.0	3.0177482615781863	50.443
40.5	2.1709291844666767	100.567
41.0	2.3838989143745577	100.675
41.5	3.215083208861806	41.982
42.0	2.9706652154142312	20.214
42.5	2.3185304622028475	45.344
43.0	2.1153354890831193	100.904
43.5	2.4521292712535185	80.906
44.0	2.345240641732571	80.953
44.5	2.1028756908211204	110.795
45.0	1.9261746860237252	110.669
45.5	2.699268738878015	80.388
46.0	2.305428940299448	66.365
46.5	2.3612929412592196	101.21
47.0	2.543861414557546	40.054
47.5	1.5867295418270673	23.68
48.0	1.52258512167326	44.224
48.5	1.767036192688856	70.482
49.0	2.3971123969681294	70.421
49.5	2.0418145029183656	104.508
50.0	1.767928229156833	42.205
50.5	2.2875121932341016	60.255
51.0	1.9651672064921193	60.307
51.5	2.2962635815740544	60.318
52.0	2.698706035341452	60.307
52.5	2.1369386006078233	17.758
53.0	2.427267459460884	131.111
53.5	2.1920622289220497	40.453
54.0	2.1136884437292203	40.574
54.5	1.830391104406152	128.608
55.0	1.852820192442001	134.473
55.5	2.147577240865616	141.684
56.0	2.042825702628631	60.649
56.5	1.6472267411293378	60.689
57.0	1.9981109888237358	14.165
57.5	2.118443446587621	145.589
58.0	2.4505250668444964	50.443
58.5	2.512500449118284	91.04
59.0	2.820830622693633	70.886
59.5	2.5921249131023187	100.897
60.0	2.261502097659807	100.716
60.5	2.3912863034697565	41.801
61.0	2.311540519178362	110.658
61.5	2.8784233239603063	101.051
62.0	2.134514204324959	20.179
62.5	2.5895145009908975	60.465
63.0	2.8996228092278766	60.47
63.5	2.5753830650685305	80.424
64.0	2.837918514386411	80.449
64.5	2.372142656472022	80.586
65.0	1.9494413808423658	80.619
65.5	2.2030094041361936	56.117
66.0	2.561171168719881	38.225
66.5	2.1500539517918766	70.377
67.0	2.6651393402848704	70.196
67.5	1.8616416667962963	96.525
68.0	2.0047642219926853	16.285
68.5	2.6934833012220216	38.757
69.0	3.0896644905391075	60.483
69.5	1.409365598534858	21.046
70.0	1.8921724210127278	90.66
70.5	2.7240405915795054	50.299
71.0	3.1823669116415347	50.33
71.5	2.2272023452457352	29.425
72.0	2.4048215163984366	41.08
72.5	2.4229638527636945	38.125
73.0	2.259608861088629	70.648
73.5	2.1254736431778722	12.319
74.0	1.7908085660976838	60.762
74.5	2.443354997751907	98.981
75.0	2.70035740541006	80.654
75.5	2.3248007756232325	18.188
76.0	2.307249424867061	127.08
76.5	2.2355561965289716	60.424
77.0	2.563519461583677	70.511
77.5	1.9918771017772474	100.763
78.0	2.171132394874788	100.777
78.5	0.4155707690588865	23.247
79.0	0.3219884534158948	45.879
79.5	5.43941651458306	130.911
80.0	4.069535405664063	130.855
80.5	2.4771047092736986	20.113
81.0	2.905368586930664	120.89
81.5	2.396136564460273	100.55
82.0	2.287793689295596	100.737
82.5	2.1880843996490746	37.706
83.0	2.1782227401874614	90.722
83.5	2.1112746641126106	39.972
84.0	1.8481298352536588	60.849
84.5	1.9588484449552532	68.789
85.0	1.6152132581094425	70.488
85.5	1.3673681837013194	131.775
86.0	1.378777846854137	60.537
86.5	1.8321675785997245	70.703
87.0	1.8455668444864028	27.976
87.5	2.381556903639035	23.188
88.0	2.4870061234063408	70.372
88.5	2.278436269141603	84.934
89.0	1.8961422977879745	60.521
89.5	2.737020589279691	30.448
90.0	3.5030261539961884	60.561
90.5	2.429121557166329	81.049
91.0	3.012245860096096	81.007
91.5	1.3791453204230857	50.368
92.0	1.494888308371335	50.415
92.5	2.400920623820568	81.099
93.0	2.407844638939121	30.222
93.5	2.938473101845895	30.442
94.0	2.2495017549103418	60.971
94.5	2.462486099653584	60.428
95.0	2.4409479396594262	104.735
95.5	1.6582205927433156	80.515
96.0	2.045271753253525	47.43
96.5	2.086082724182395	45.492
97.0	1.8246042868847514	38.131
97.5	2.5989347909118243	12.266
98.0	2.535402069214363	90.678
98.5	2.4239738042359615	57.711
99.0	2.4023998973042935	60.662
99.5	3.258233038996403	48.089
100.0	2.703840497563587	60.732
100.5	2.1730390130958326	50.372
101.0	1.732509218216103	50.248
101.5	1.8999952725147027	90.899
102.0	1.893395239153856	110.937
102.5	1.9715451455281625	70.3
103.0	2.4676188459213795	70.377
103.5	2.6497367036922985	70.353
104.0	2.404309292365572	37.106
104.5	2.1818730366150794	110.909
105.0	2.4405167648671275	60.615
105.5	2.1412301901404374	40.798
106.0	2.0014021795785824	60.944
106.5	2.024236053722904	90.749
107.0	2.375573762218717	80.636
107.5	2.0189890091151343	100.761
108.0	1.9415997540227494	35.063
108.5	1.6841979910373897	80.484
109.0	2.185606904190011	80.55
109.5	3.379874887652004	60.457
110.0	3.258941199301282	48.617
110.5	2.0193118177439744	20.865
111.0	1.7139382437801036	51.213
111.5	2.7289439553061663	50.342
112.0	2.7292500731218228	18.676
112.5	2.778203478754748	80.7
113.0	2.7916660066650225	31.733
113.5	2.708460927961589	48.946
114.0	2.715968526788784	20.285
114.5	2.007888106825962	40.268
115.0	2.470783970935917	42.741
115.5	0.9294522973307001	24.287
116.0	1.2197822478836942	38.478
116.5	3.861946620369186	20.342
117.0	4.132519197918066	60.382
117.5	2.555773382263925	20.395
118.0	2.1567385029479187	37.305
118.5	2.043825097846753	60.338
119.0	1.5481536037189187	60.424
119.5	1.7175401284094018	100.683
120.0	1.8743619892076886	100.724
120.5	1.689778639211073	45.57
121.0	1.8214532429230597	68.973
121.5	2.933886486275802	80.494
122.0	2.5040115857416043	24.22
122.5	1.760592761355444	35.102
123.0	1.4035774419296672	40.658
123.5	2.454773476432628	101.031
124.0	3.193387711741924	101.086
124.5	2.133016565390376	100.552
125.0	2.6640202796771866	100.657
125.5	1.7345888569115888	20.105
126.0	2.4901972742756535	50.387
126.5	3.016572459458906	60.199
127.0	2.1990526937506014	60.2
127.5	1.8599686955593193	80.509
128.0	1.810453283479336	80.443
128.5	3.0675691476310813	117.123
129.0	2.1214670714778876	20.157
129.5	2.398686564468742	111.133
130.0	2.3296312556477843	111.15
130.5	2.5877699021699208	70.352
131.0	2.3250673584852106	70.443
131.5	1.919373682043416	45.123
132.0	2.585215023363556	100.777
132.5	2.6477298247884304	80.619
133.0	2.8618156865433875	38.596
133.5	2.3336946892357298	90.38
134.0	2.397475564590432	42.624
134.5	2.655529126014711	40.411
135.0	2.7167326088623973	54.513
135.5	2.4491317750419346	80.732
136.0	2.6779960570170327	80.797
136.5	3.0241130306739983	110.627
137.0	3.165344587453648	50.089
137.5	2.2252817055836847	64.771
138.0	2.3720606922336076	30.341
138.5	2.0950540900962005	61.507
139.0	1.9652933747684351	75.96
139.5	2.192818258067001	90.481
140.0	2.752569098756851	18.987
140.5	1.9293886736042316	80.364
141.0	2.380393252178731	51.616
141.5	2.19833492887485	80.626
142.0	2.009950617891428	80.49
142.5	2.6054834979762163	80.397
143.0	2.682556999960258	49.218
143.5	2.4653815586577426	44.151
144.0	2.917855921548757	75.041
144.5	2.4661263477353392	20.116
145.0	1.8324423428207484	36.754
145.5	2.4913443575156804	80.324
146.0	2.5360528387058436	60.52
146.5	2.209694009465598	14.251
147.0	1.9086822150736344	80.973
147.5	2.526417948767778	22.358
148.0	2.3459239585216687	46.046
148.5	2.3404184093216656	140.834
149.0	2.267449554290857	15.761
149.5	2.466193474592885	70.482
150.0	2.583211106948916	80.503
150.5	2.001891876021736	80.416
151.0	2.108237422329182	80.541
151.5	2.3125317073106584	90.304
152.0	2.6899909664904573	49.005
152.5	1.960634326864769	80.447
153.0	2.474167029306622	47.899
153.5	2.16676398676597	70.352
154.0	2.362212841758734	70.348
154.5	2.034577255135987	70.585
155.0	2.151532495989628	20.242
155.5	3.509688186725269	67.875
156.0	3.4011080387756105	70.646
156.5	2.3305490011539005	70.37
157.0	1.9972453495704305	70.425
157.5	2.1033420858472285	60.347
158.0	2.262571781430041	60.282
158.5	2.2316137232514324	40.107
159.0	2.1920603259902167	80.812
159.5	2.4305052332936596	110.841
160.0	2.256635603333671	30.176
160.5	2.602736655271312	90.495
161.0	2.068509265077597	90.522
161.5	2.338105714052711	20.088
162.0	2.0620392733022532	60.58
162.5	1.5932685839883123	60.332
163.0	1.67451384097465	152.452
163.5	2.154473890789384	100.8
164.0	2.2448598379451687	100.785
164.5	1.8197778947751913	50.476
165.0	1.8789741700957305	40.334
165.5	1.6517755324749357	110.932
166.0	1.5505318355366802	100.85
166.5	2.950638217647713	90.599
167.0	2.6678774258358833	90.534
167.5	2.1644601019263923	20.373
168.0	2.3315969409354675	100.988
168.5	2.5181428904941714	90.606
169.0	1.9951874773524514	100.552
169.5	1.711741749934869	80.553
170.0	2.4156641883013017	80.565
170.5	2.4228127556670405	50.176
171.0	2.2034421369203034	50.27
171.5	1.9027398121474266	60.411
172.0	2.441369380307555	60.413
172.5	2.596185325894643	60.491
173.0	2.6487715502906504	60.435
173.5	1.812415123339911	60.056
174.0	2.3788075791650423	60.03
174.5	2.2699361974291037	80.29
175.0	2.5935065734227702	60.466
175.5	2.2909028561844202	60.171
176.0	2.2117536579699464	29.744
176.5	2.0094526347585573	73.277
177.0	1.8095225650678806	70.469
177.5	2.563324106847317	80.473
178.0	2.030310238586152	23.681
178.5	2.6460021566220604	24.25
179.0	2.475438200081275	54.914
179.5	2.240719730268225	70.93
180.0	2.320888901795242	91.068
180.5	2.1967928958176146	90.554
181.0	1.9189667019719217	70.534
181.5	2.7228383960192613	30.025
182.0	2.328985966259637	50.528
182.5	2.464823303032394	59.915
183.0	2.310392408178414	90.828
183.5	1.251899135923503	111.204
184.0	1.285320466472322	37.432
184.5	1.6341695291576723	80.603
185.0	2.068827710711591	90.563
185.5	1.305553807766743	140.877
186.0	1.4536940134573326	130.843
186.5	2.776073014385664	45.145
187.0	2.2194235175346333	78.448
187.5	2.417828518281008	92.843
188.0	2.1485860756806208	50.528
188.5	2.326773934471193	90.73
189.0	2.1603628442809315	90.762
189.5	1.7926418480027715	40.187
190.0	1.812444063481383	40.207
190.5	1.9471971978052591	60.211
191.0	2.051559984855633	60.318
191.5	1.6871848195530428	80.476
192.0	2.143967847136508	80.629
192.5	2.041347813612249	110.757
193.0	2.6203781272080455	110.712
193.5	3.2352814288203944	131.458
194.0	2.4883793608763476	131.576
194.5	2.1742917717445946	80.485
195.0	2.1994785500089282	80.518
195.5	2.826159035080305	80.678
196.0	2.3091549574079933	80.693
196.5	2.4172233015880984	33.754
197.0	2.6061550168558756	100.76
197.5	2.2824389813616546	110.765
198.0	2.7824399061609175	110.722
198.5	2.3927272731491724	15.744
199.0	2.6580246730812616	100.666
199.5	2.9052425806504627	45.562
200.0	2.3548242351084268	106.111
200.5	2.6597863723819644	80.4
201.0	2.6322267523149976	80.536
201.5	3.329235273750707	30.192
202.0	2.4141261213251335	60.854
202.5	1.9937504931276484	40.182
203.0	2.3831051927468097	151.137
203.5	2.9858647579042152	13.652
204.0	2.4598454426419916	60.696
204.5	2.425186319703105	100.542
205.0	2.6445019643401166	100.583
205.5	2.8533276533744996	33.539
206.0	2.4243701904086157	81.225
206.5	1.8691045695610642	29.956
207.0	2.043479577040051	90.427
207.5	2.7398796624044324	81.079
208.0	2.4061976632892255	33.554
208.5	2.292763200492703	50.396
209.0	2.4408656436029954	100.238
209.5	2.2237285380646177	153.004
210.0	2.7554836711406088	47.288
210.5	2.78469853969892	70.681
211.0	1.9928878415313436	101.118
211.5	2.3764582649575594	70.579
212.0	2.5349575653413003	82.312
212.5	2.6755807069136868	121.054
213.0	2.840705600438295	91.692
213.5	2.3756338934111034	144.201
214.0	2.7476060379289877	80.996
214.5	1.6498877843957258	131.167
215.0	1.4331696885345033	55.634
215.5	1.3969207812501372	96.187
216.0	1.351370727047526	40.116
216.5	2.731108459352803	25.997
217.0	2.9759064323215365	48.128
217.5	2.278041806959866	41.468
218.0	2.4008119573741156	95.0
218.5	1.9989162611920568	110.742
219.0	2.4142940377325646	34.607
219.5	2.3365320600974737	56.415
220.0	2.268670275617212	60.303
220.5	2.645620401666003	40.423
221.0	2.7059104473444857	100.967
221.5	1.9614088098518077	20.068
222.0	2.25364271197436	60.715
222.5	1.8672164785756094	22.852
223.0	2.4890727904008543	48.856
223.5	2.494951973867319	110.57
224.0	2.5010708607751635	110.662
224.5	2.5625142630670523	140.969
225.0	2.277733743368416	60.021
225.5	2.2344620896267413	140.875
226.0	1.7611321631465662	46.818
226.5	2.4332174651115097	49.269
227.0	2.1352409606024314	48.1
227.5	2.2182558606982896	130.85
228.0	1.8523170940967513	55.812
228.5	1.6341957455792604	50.436
229.0	1.8133312461983608	19.958
229.5	2.215380373495524	43.128
230.0	1.9613672482179156	21.834
230.5	2.3902276413167907	81.203
231.0	2.037540843427701	80.853
231.5	2.2829781190894556	212.265
232.0	2.1122933184351047	100.874
232.5	2.1071278506355835	89.894
233.0	1.7342241715748012	47.822
233.5	2.3700691384071737	151.758
234.0	2.766490079534276	70.755
234.5	2.4210715773985547	60.599
235.0	1.8219765368984895	50.465
235.5	2.6359871159626023	100.685
236.0	2.410421404738577	100.703
236.5	2.000287247503926	70.52
237.0	1.485567613553325	50.089
237.5	2.3761673001443024	60.459
238.0	2.6723317956316204	60.419
238.5	1.8098447802335444	39.346
239.0	2.1726143018493973	50.26
239.5	2.764585172678073	50.455
240.0	2.303432647610186	30.3
240.5	2.1573347645935943	70.402
241.0	1.7600491043769988	50.459
241.5	1.804650096893178	80.65
242.0	1.700144629436985	41.384
242.5	1.9795378853807264	60.421
243.0	2.0087491139021094	53.119
243.5	2.4530776499500337	19.812
244.0	2.872421697514586	38.773
244.5	2.016768258267552	70.632
245.0	2.3804796380731816	32.619
245.5	2.1754716238260414	80.511
246.0	2.110957248029946	47.095
246.5	2.3802658628957993	70.572
247.0	2.4984019275116016	70.452
247.5	1.8090778517895278	44.323
248.0	2.326669173775857	20.168
248.5	2.465502202882836	38.179
249.0	2.101849200229345	30.106
249.5	2.116786955540543	60.469
250.0	1.8131321199014676	60.39
250.5	2.279995679419771	100.213
251.0	2.1327621506265624	60.636
251.5	2.068745677850786	98.527
252.0	2.1775124483050052	80.397
252.5	2.5432350107582886	91.21
253.0	2.100726979987381	135.743
253.5	2.4172097392997283	94.208
254.0	2.6571102406017553	50.702
254.5	1.6900362113308254	60.611
255.0	1.928646222458395	60.556
255.5	3.0930302954701205	100.548
256.0	2.7883738586118363	80.675
256.5	1.898706500683182	20.202
257.0	2.3174035366889103	70.81
257.5	2.3089296830833512	80.563
258.0	2.385307821663646	30.838
258.5	2.5979183870225606	57.398
259.0	3.2081005361294914	37.811
259.5	2.0952739604681176	80.445
260.0	2.2516500238660053	80.484
260.5	2.211464276356186	110.65
261.0	2.301642491206123	90.58
261.5	1.86961379105958	20.478
262.0	2.301181705578261	70.546
262.5	0.16702111770216643	28.395
263.0	1.9326854340772794	103.516
263.5	1.9095341532219898	100.677
264.0	9.43638553569343	100.712
264.5	2.2278652697729946	120.565
265.0	2.0816180331040166	120.492
265.5	1.8320552949332765	120.381
266.0	3.206382471115617	50.202
266.5	3.4339884333138024	50.219
267.0	2.8865971107421986	50.395
267.5	2.416328578818951	39.343
268.0	2.2377067222483085	70.442
268.5	2.6549578204718127	90.839
269.0	2.379733151819264	90.758
269.5	1.8239352254510572	80.533
270.0	1.8484138208627825	80.618
270.5	2.1835433063698644	97.518
271.0	2.3971506283294928	151.193
271.5	2.7135073375303422	48.13
272.0	2.8687501819449306	90.603
272.5	2.8896441465683425	50.42
273.0	2.350845158520163	60.564
273.5	2.155253069328551	80.427
274.0	1.969747408125037	48.091
274.5	2.190020372785125	70.5
275.0	2.1716840871748886	98.451
275.5	2.152472436213564	85.602
276.0	2.0210038636701038	67.555
276.5	2.1855914636794878	130.746
277.0	2.203670015463392	130.804
277.5	2.3250144678163407	13.181
278.0	2.330414802383872	38.527
278.5	1.9283417068153488	33.232
279.0	1.505760830699791	44.004
279.5	2.9096416605318436	40.335
280.0	2.540875961313533	140.492
280.5	1.9288191409214797	80.513
281.0	2.7617473876589327	80.256
281.5	2.0400236824135862	60.541
282.0	1.7108586232999485	60.52
282.5	2.646381705930073	80.598
283.0	2.530105167639635	80.553
283.5	3.0540242373164275	60.43
284.0	2.5458247065763975	85.133
284.5	2.708494310302527	60.383
285.0	2.489094222955577	60.289
285.5	2.441600097873654	80.829
286.0	1.8574437255572573	20.132
286.5	2.370419068904992	80.986
287.0	2.906208977887305	60.482
287.5	2.5990586149424937	100.591
288.0	2.0444879781444927	100.705
288.5	1.7105508823791655	60.501
289.0	1.9459791166693503	60.485
289.5	1.9306903072250468	70.414
290.0	1.8600297458179402	70.43
290.5	1.5606054189028629	60.292
291.0	1.5743320396608322	60.353
291.5	2.574958303843955	50.5
292.0	2.856037859431678	50.439
292.5	2.152643006723597	50.278
293.0	2.0102777514157113	50.372
293.5	2.215996229405215	50.291
294.0	2.6293576784473163	50.289
294.5	2.4209681476390097	80.746
295.0	2.054594975477647	25.337
295.5	2.4141946052902723	42.851
296.0	2.308523284874197	90.814
296.5	2.66281861577593	111.215
297.0	2.060783603867533	111.154
297.5	2.5267502343633352	80.72
298.0	2.72896605217612	55.129
298.5	2.3526513039255113	14.228
299.0	2.4111847126575743	41.71
299.5	2.3041033374131823	110.558
300.0	2.448460373099514	110.776
300.5	3.167989849623906	60.475
301.0	2.422285635821719	60.38
301.5	2.959082647699063	20.252
302.0	2.7677413153043533	40.509
302.5	2.3012649544888726	26.947
303.0	2.4533826404549113	63.451
303.5	2.683312900797993	70.772
304.0	3.015423189168577	70.7
304.5	2.972344867688492	20.172
305.0	2.754045343752279	79.45
305.5	2.017860173996814	80.376
306.0	1.971856987656357	47.223
306.5	2.868156854631772	50.253
307.0	2.782523395933605	50.297
307.5	2.351468296194141	40.808
308.0	2.2843176927807702	20.144
308.5	2.00420558763097	70.611
309.0	1.8410220989404347	70.557
309.5	2.1516080666622672	80.648
310.0	2.2668030868479034	80.597
310.5	2.2499760940558957	58.579
311.0	2.2248882969048904	60.528
311.5	2.8226296383994818	18.377
312.0	2.5893835134415073	90.901
312.5	2.278302271434096	140.889
313.0	1.6369230472132459	117.235
313.5	3.2967460511945728	50.289
314.0	3.048281182500135	55.825
314.5	2.183428344118291	12.971
315.0	2.3707123117567255	90.651
315.5	2.3256796326766125	22.653
316.0	1.6733343808752115	66.095
316.5	2.7390815121774432	38.617
317.0	3.1182103622471034	60.682
317.5	1.8666882368989264	110.657
318.0	2.514142274302013	110.893
318.5	2.178513716772455	39.141
319.0	2.492908182486248	60.631
319.5	2.0838574975731423	80.634
320.0	2.4088618040676204	100.674
320.5	2.409849742227481	100.987
321.0	3.169710991094788	103.692
321.5	2.8048731002780602	79.856
322.0	2.5416455397311717	45.813
322.5	1.6405778484957154	60.309
323.0	1.9841642254456127	60.308
323.5	2.4977531711745984	50.283
324.0	2.5562861790086875	50.754
324.5	1.8763992058751893	100.853
325.0	2.4332624126524993	21.426
325.5	2.8005633429925423	50.385
326.0	2.6946910430511464	50.533
326.5	1.6441012803477282	80.712
327.0	1.8105782829250419	40.175
327.5	2.6499972916351955	70.581
328.0	1.8557785782726821	70.514
328.5	1.8606022742712225	26.005
329.0	2.2515393685147957	55.832
329.5	2.116298818446387	40.312
330.0	2.668316516605019	64.489
330.5	1.8666275905121859	70.483
331.0	2.1113073990686595	70.554
331.5	2.4585518166547558	23.818
332.0	2.4790279460094613	40.369
332.5	2.414885559525485	50.653
333.0	2.971240648989308	50.378
333.5	2.306283557598998	16.203
334.0	2.457102898370415	50.672
334.5	2.233424717001243	40.338
335.0	2.4918433324492275	20.106
335.5	2.3768522402714303	140.992
336.0	2.443498768841182	150.982
336.5	2.207225748542106	131.045
337.0	2.0718824151989783	130.994
337.5	2.042847776362599	80.53
338.0	2.354986815539274	80.695
338.5	1.8394297310475871	16.448
339.0	1.7437479374479155	70.685
339.5	2.3964582614760865	131.262
340.0	2.2088172278040377	131.306
340.5	1.7719173760247786	76.999
341.0	1.9018387985233536	75.181
341.5	2.1098881123498336	36.988
342.0	2.0261187676257535	37.914
342.5	2.390125019718346	40.474
343.0	1.7469449667724002	42.985
343.5	2.3846713052324797	90.863
344.0	2.1244573892744687	20.314
344.5	2.565146726051269	70.812
345.0	2.4002737216660535	70.768
345.5	1.7148093934609767	60.811
346.0	1.504621688348957	60.782
346.5	2.316492455630465	100.633
347.0	2.288048284357159	136.49
347.5	2.450970336267742	40.327
348.0	2.6525871572648345	40.384
348.5	2.621517598274748	90.573
349.0	2.1634577350597843	91.13
349.5	2.5230378337018053	60.5
350.0	2.053909654829934	60.349
350.5	2.4849266677093915	78.604
351.0	2.3265892169613522	54.707
351.5	2.0262828372257466	70.621
352.0	2.2729226404235505	20.286
352.5	1.5520407827086102	38.139
353.0	1.4146694427308841	67.431
353.5	1.9132936558342744	60.505
354.0	1.8861666268554698	20.097
354.5	1.9308320870869604	50.434
355.0	1.863006488199212	55.606
355.5	2.867367143908449	84.047
356.0	3.1454474570328865	91.038
356.5	2.018121388540993	50.249
357.0	2.3801723595996513	21.203
357.5	2.3952922398851206	70.618
358.0	2.4897738322579306	17.466
358.5	1.9665982378696893	90.71
359.0	2.291701452051824	100.862
359.5	2.085939104060165	40.182
360.0	2.4767232849419667	40.324
360.5	2.806736959445785	90.633
361.0	2.4372092017362026	90.611
361.5	2.554069340208625	50.433
362.0	2.962802219034738	25.85
362.5	2.529087696432418	100.738
363.0	1.9855417618079199	100.747
363.5	2.9723638037570717	50.496
364.0	2.4721987625042945	49.092
364.5	1.7030193310600619	20.128
365.0	2.0109231235321277	93.703
365.5	2.007250828691882	21.709
366.0	1.7714476353298716	39.464
366.5	1.5613819173014287	151.395
367.0	1.960485081836995	151.436
367.5	2.218826354068397	90.659
368.0	2.835086462257007	46.132
368.5	1.5468660592264696	130.671
369.0	2.031983514400943	103.823
369.5	2.4649005186988364	60.529
370.0	2.118972228094116	20.301
370.5	2.6164194675547634	80.641
371.0	2.07371425494821	80.628
371.5	2.6736696752589624	70.503
372.0	2.016166745545126	41.436
372.5	2.8081555221976036	24.875
373.0	2.322669950072166	42.515
373.5	1.977924462946621	191.889
374.0	1.7044191441047838	80.628
374.5	2.8357557520546064	161.439
375.0	2.279057209192233	58.364
375.5	2.726486925371825	127.024
376.0	2.189757746184394	50.242
376.5	2.6297048527646205	56.738
377.0	2.0865118262774027	121.483
377.5	2.360048666156659	100.546
378.0	1.8538861147187093	59.046
378.5	2.389934585148312	80.698
379.0	3.1055604220402686	33.598
379.5	2.6848239838931125	80.117
380.0	2.520200586877242	60.477
380.5	1.795401547591252	60.413
381.0	1.8343972383372353	53.423
381.5	1.8990362123094813	102.47
382.0	1.8081044533388078	120.839
382.5	2.722808723929316	80.492
383.0	2.512538967653949	48.146
383.5	2.5672513712933944	70.473
384.0	2.7107301759506734	50.401
384.5	2.899162685357888	51.04
385.0	2.877115077827646	51.232
385.5	2.5841226864366917	90.459
386.0	2.061850480193961	90.602
386.5	2.3758793973703685	40.356
387.0	2.342620471980865	40.463
387.5	2.643990288897664	90.664
388.0	2.8894066543097248	90.593
388.5	2.1740970979039695	46.464
389.0	2.085087981825595	50.801
389.5	2.4668719459621027	50.361
390.0	2.2128339518446847	50.349
390.5	2.8587303395803447	81.136
391.0	2.628686855684735	20.307
391.5	2.786022966172687	20.119
392.0	2.664316039648487	60.361
392.5	2.18893834610683	30.103
393.0	2.865322501824934	111.083
393.5	2.0261845584948945	34.268
394.0	2.540308118592524	50.164
394.5	2.341273778345803	80.655
395.0	1.9961879656050592	80.637
395.5	2.2197308664028603	21.154
396.0	2.6187148803546494	139.369
396.5	1.9351780087001322	90.628
397.0	2.4174197302113485	90.56
397.5	2.143019766485608	50.453
398.0	2.440876918632393	50.449
398.5	2.5805241731811273	80.461
399.0	2.7041041490435545	36.348
399.5	1.7037227913831086	40.546
400.0	1.687262993996274	40.461
400.5	2.002598687432519	50.301
401.0	2.151429688928685	70.934
401.5	2.105782217828209	80.713
402.0	2.7916454818645766	70.538
402.5	2.2079822211238214	25.375
403.0	2.6112501686333194	70.574
403.5	1.6917501692920436	80.465
404.0	2.1443280933506346	80.563
404.5	2.680742358596463	19.949
405.0	2.4262954454085213	47.414
405.5	2.161203804258686	93.308
406.0	2.273786146982984	120.703
406.5	2.212475121875194	68.2
407.0	1.7235785733295332	60.164
407.5	1.8754607248375592	80.4
408.0	1.4502576209893179	80.465
408.5	2.7106041096274986	100.597
409.0	2.745538704123437	54.102
409.5	1.783032936450054	40.506
410.0	1.5425296655173206	60.527
410.5	2.0218152633630377	38.692
411.0	1.953467032286578	35.301
411.5	1.7611343902550964	150.209
412.0	2.240681662837135	80.228
412.5	2.8907697188282784	44.358
413.0	2.223486045233013	40.756
413.5	2.2942500204954452	60.33
414.0	2.290792439193397	23.356
414.5	2.9651719898465827	50.691
415.0	2.4594506314339144	25.06
415.5	2.0236172522812677	80.367
416.0	2.370859917953941	17.031
416.5	1.6215230019747628	20.159
417.0	1.803942263825355	110.195
417.5	2.679277025444684	90.691
418.0	2.765718477814376	90.526
418.5	2.6307892133390323	50.293
419.0	2.6297380999441793	50.446
419.5	2.230770016430144	70.484
420.0	1.9845426043219054	60.424
420.5	1.9094259868462458	80.64
421.0	2.460649499293184	80.552
421.5	1.9930227030159222	20.031
422.0	2.1738186235854724	47.898
422.5	2.2021244263320283	20.186
423.0	1.6157988089339088	78.146
423.5	1.964542141860831	20.229
424.0	2.094180921783388	81.006
424.5	2.8647712261709177	19.716
425.0	3.285414796261138	70.797
425.5	1.8407764069719241	70.377
426.0	1.7629450854620314	70.458
426.5	2.5737479692696676	80.425
427.0	1.9328394817137593	80.438
427.5	1.9695150679830453	70.554
428.0	2.045431508726154	70.483
428.5	2.2496177236686505	40.397
429.0	2.366695950608975	107.957
429.5	0.16950076207753173	9.698
430.0	1.8238182862205612	70.674
430.5	2.053569872463578	45.471
431.0	10.430637889733779	33.959
431.5	1.9612104159912709	90.614
432.0	2.196295143742487	25.936
432.5	1.5996330953382152	13.714
433.0	1.785306216457027	151.298
433.5	2.1672702354351356	151.276
434.0	2.1671567590472556	90.637
434.5	3.041319560283683	36.963
435.0	2.420705637481289	20.092
435.5	2.0426098983672905	40.444
436.0	2.0949955331216743	18.976
436.5	2.017949061346526	60.42
437.0	2.5641434976977235	90.433
437.5	2.177918619089515	60.582
438.0	2.3505888154873107	19.94
438.5	1.7051489780968418	90.455
439.0	1.8088042741426493	20.471
439.5	2.336821797827966	60.785
440.0	2.6997591478020935	80.621
440.5	2.1637208858120363	74.63
441.0	1.8649365974497132	50.341
441.5	1.5759886432204326	101.468
442.0	1.6278840640930425	50.356
442.5	2.0314074735079695	80.85
443.0	2.428622819329885	28.689
443.5	1.6845615225842403	13.095
444.0	1.925699593567346	48.575
444.5	2.5810094158553185	50.34
445.0	2.372534622013075	20.31
445.5	2.25199746787694	60.429
446.0	2.6399639080427604	90.833
446.5	2.5283694619368293	38.012
447.0	2.6444740578545227	90.958
447.5	2.0690072757129068	70.479
448.0	2.2486917907065633	70.56
448.5	1.61777430567899	70.546
449.0	2.1777388977252343	20.058
449.5	2.2995865458493165	110.663
450.0	2.8060436839679204	22.876
450.5	1.6188792095641662	120.808
451.0	1.554478720020814	109.05
451.5	1.6718826174908703	138.747
452.0	3.720486089883028	153.328
452.5	3.458830530941925	30.447
453.0	3.269969911352317	82.554
453.5	1.880352432111446	50.226
454.0	1.6617851494963345	50.319
454.5	1.953184222423214	42.458
455.0	2.0531347882757647	93.571
455.5	2.9122825528646694	60.696
456.0	2.878147160990005	60.599
456.5	2.232534755884095	100.746
457.0	1.8135619823822011	100.794
457.5	1.8611485721494	100.773
458.0	2.5263308610308104	80.43
458.5	3.05400664347677	22.353
459.0	3.0676064727937185	80.528
459.5	2.1153832400873642	70.711
460.0	2.2278964054095525	70.683
460.5	2.0220922020495813	31.758
461.0	1.8116714869109338	50.303
461.5	1.716637179977156	50.145
462.0	2.2128373104334265	56.275
462.5	2.8209000337552754	110.494
463.0	2.177751837794049	110.366
463.5	2.7108212374869134	92.501
464.0	1.6748310410561351	10.824
464.5	1.9040691601560227	80.646
465.0	2.0650574676358913	80.681
465.5	2.808047616584889	50.087
466.0	2.8177635372754337	15.38
466.5	2.227608891292766	56.87
467.0	2.197997427954985	72.368
467.5	1.8742947578611744	100.892
468.0	2.3875198336562176	74.881
468.5	2.851317154983125	46.808
469.0	2.4808193772194125	20.557
469.5	2.8744310920535474	110.729
470.0	2.261545384745982	80.48
470.5	1.7150012115709083	80.356
471.0	2.489614049415754	60.416
471.5	1.6627181308852563	80.585
472.0	2.192093691278943	80.561
472.5	1.7227669913248478	80.648
473.0	2.1925363677304652	70.475
473.5	2.4321480432949065	70.517
474.0	2.108222774493137	140.896
474.5	2.5815351158923723	140.893
475.0	2.3293032516071728	40.274
475.5	2.096283213805903	121.087
476.0	2.2050295199100685	60.358
476.5	2.488698247527936	60.331
477.0	2.538722783743914	70.417
477.5	2.2627545627006347	70.413
478.0	2.291645913005479	60.558
478.5	2.159062430182409	48.163
479.0	2.912795638330777	105.166
479.5	2.2030572181840076	40.272
480.0	2.091767651018083	71.013
480.5	1.9423016247456912	20.206
481.0	2.942587524286651	15.579
481.5	2.9375052916904867	91.118
482.0	1.847833779070329	90.531
482.5	2.3380780752608894	90.624
483.0	1.9944609630652081	100.784
483.5	2.7331798043305575	28.626
484.0	2.722276356663239	80.611
484.5	2.0013955258607	80.626
485.0	1.5606260088868713	90.686
485.5	1.7737931630140158	90.577
486.0	2.3017337332444363	13.275
486.5	2.6795838359385473	90.743
487.0	2.1362031963494585	21.441
487.5	2.122829898103117	81.105
488.0	2.4718512950759575	50.162
488.5	2.1811223775359254	50.115
489.0	2.064604842450382	60.642
489.5	1.8332102920436004	19.983
490.0	2.4424617172044116	80.55
490.5	2.488574064770074	80.542
491.0	1.857883329642483	121.27
491.5	2.111136726163716	40.362
492.0	2.6064184306337332	101.01
492.5	2.295174216324018	20.304
493.0	2.08025807330264	60.384
493.5	2.0922020602445643	60.238
494.0	2.000430334988543	96.485
494.5	2.571093937913724	81.008
495.0	2.515145730108519	50.295
495.5	2.048794253264779	70.742
496.0	2.1044136243634757	60.189
496.5	1.6671317987493122	42.296
497.0	2.285048402710609	100.689
497.5	2.266034345017634	54.941
498.0	2.804473843338509	80.653
498.5	2.2417900868068217	19.963
499.0	3.0343251335799386	140.892
499.5	2.368335778978616	105.312
500.0	1.8292224034302385	80.51
500.5	1.8132719070027379	80.526
501.0	1.4489182557297369	148.972
501.5	1.2114005418007094	51.995
502.0	4.6215752662377065	90.574
502.5	6.0634782368381845	121.28
503.0	1.86786796168071	40.45
503.5	2.04606050130967	50.415
504.0	2.5858413329086902	30.145
504.5	2.539205055882788	50.381
505.0	2.2951671819330333	80.529
505.5	2.5246666329927723	90.537
506.0	1.979998583192657	20.041
506.5	1.8542181971329081	80.652
507.0	2.384625524122934	24.562
507.5	1.9907923541221746	130.842
508.0	1.8164503130535863	20.127
508.5	2.234611732546205	46.073
509.0	2.5105760573612192	64.614
509.5	2.4107909839031367	70.432
510.0	1.86811775833967	40.259
510.5	1.6906268997620375	100.605
511.0	2.484494737829561	22.373
511.5	2.3947511270661845	149.421
512.0	1.9430174127216444	19.992
512.5	1.8815567883703421	90.87
513.0	1.8764567527208074	40.385
513.5	2.393760813646811	45.173
514.0	1.5447969073391983	20.923
514.5	1.653367071950882	57.096
515.0	3.0782251245970733	20.214
515.5	2.2583844912633815	60.374
516.0	1.8436231493215955	20.172
516.5	2.7697525088381987	60.329
517.0	2.492361317061364	22.323
517.5	1.5550940963637923	80.599
518.0	2.747426296262894	40.321
518.5	2.7009868658750595	60.461
519.0	1.9981383072701904	60.315
519.5	2.366222841300758	48.527
520.0	1.9490861163291406	59.59
520.5	2.328399928401637	48.317
521.0	2.287619629370099	71.123
521.5	1.9714152253492774	111.237
522.0	2.773197318005746	40.501
522.5	2.0277066253126637	130.724
523.0	1.9772090297078007	70.14
523.5	2.190185652172841	60.699
524.0	1.9956037553781132	20.008
524.5	2.6223895206345524	100.708
525.0	2.995274547863874	76.108
525.5	2.0641880258963368	80.589
526.0	2.112402086122435	70.591
526.5	2.3996855246532114	60.402
527.0	2.5307455361421054	18.85
527.5	2.3884177110406637	45.989
528.0	2.05569007937366	90.655
528.5	2.637483757197226	101.156
529.0	2.9618650597459193	100.343
529.5	2.045321354434942	50.501
530.0	1.6944981195638427	101.283
530.5	2.832681786679105	43.718
531.0	2.4169063227484378	30.157
531.5	1.7759629197551907	101.021
532.0	1.8243028803480064	40.312
532.5	2.292322650968251	39.185
533.0	2.6522551739133933	50.309
533.5	2.374084940710635	60.667
534.0	1.9509903454850306	90.688
534.5	2.1832037875347847	45.295
535.0	1.9596847395358985	60.436
535.5	1.9723355299251384	70.392
536.0	1.723774782063379	86.754
536.5	1.4172554803335013	106.439
537.0	2.154399610722283	20.231
537.5	2.3616378284834396	139.997
538.0	2.0927540534106956	50.62
538.5	1.8305069847212676	60.314
539.0	2.156715077539305	60.458
539.5	0.16552327935269584	11.53
540.0	2.3932453695133455	70.605
540.5	1.8205170524468102	120.596
541.0	15.389553599674896	15.106
541.5	1.6789812275546798	41.05
542.0	2.5523435783034825	60.554
542.5	3.4410158943164078	75.749
543.0	3.2175140082228397	40.573
543.5	2.7581637698582635	100.738
544.0	2.4439644941150056	121.053
544.5	1.8685141099550546	26.784
545.0	1.747870342476326	57.974
545.5	2.5387874542336517	70.459
546.0	2.5515512189119383	80.893
546.5	2.0499639097381284	13.037
547.0	2.4803534187610548	50.593
547.5	2.4414906306671518	20.251
548.0	2.3937370633225488	90.47
548.5	1.9913826348456656	20.134
549.0	2.318940990748255	121.038
549.5	1.9759722690420327	20.147
550.0	1.896080915117024	90.669
550.5	2.313074486678322	30.687
551.0	2.465949377375966	70.597
551.5	1.681170256556197	100.672
552.0	2.456611440946738	60.825
552.5	1.7455974698597683	111.249
553.0	2.0704436409160936	70.375
553.5	1.9103367455472644	20.306
554.0	1.8627733285578938	70.412
554.5	2.2269170782669208	85.196
555.0	1.7610399023586734	96.502
555.5	1.3490484877903623	83.586
556.0	1.4666717564548746	120.986
556.5	1.627968127431271	80.548
557.0	1.8245173632800404	60.571
557.5	1.7892153697414988	20.433
558.0	1.6590980926313894	70.669
558.5	2.7286777035307916	32.807
559.0	2.0717079968223335	80.695
559.5	1.9316493575214946	30.157
560.0	1.7640689962513054	50.293
560.5	2.074142626235265	14.291
561.0	2.4108164457251062	93.267
561.5	2.4591874914292244	105.54
562.0	2.528080161187318	110.555
562.5	2.2822374350931534	20.162
563.0	3.1448449628836803	70.283
563.5	2.2083495122803174	20.046
564.0	1.3527631294493123	121.225
564.5	1.43737185873955	20.099
565.0	2.7032627178860884	100.749
565.5	2.371570399254424	39.803
566.0	1.9363482945494275	37.82
566.5	2.3028294873773634	90.637
567.0	1.4796744282737306	60.545
567.5	1.149133411825186	91.045
568.0	1.8146353686222245	43.203
568.5	2.6966573921170776	131.176
569.0	1.744535509317161	123.409
569.5	1.5448508743326326	110.758
570.0	2.001073172263817	38.002
570.5	2.1219290686703185	80.664
571.0	1.6026048391917862	100.661
571.5	1.539332008354174	80.344
572.0	2.6263972532647677	70.691
572.5	2.744811421863997	40.236
573.0	2.6326830344103933	47.452
573.5	2.2645745442515275	100.703
574.0	1.803660018462039	60.401
574.5	2.572072377737026	40.493
575.0	1.8402767467476728	50.386
575.5	1.800202540270995	34.723
576.0	1.8130749682337337	80.455
576.5	2.1696262791969034	70.599
577.0	2.406898269912845	96.867
577.5	2.576136120511285	39.983
578.0	2.5038821652762375	120.68
578.5	2.9578072958468966	120.7
579.0	2.0161043483242986	100.629
579.5	2.202532221386387	100.617
580.0	2.557695005334411	80.595
580.5	2.58560659669655	80.556
581.0	1.9685602330677003	28.691
581.5	1.7661507874553355	60.491
582.0	3.20776660473297	141.507
582.5	2.757863020069134	40.553
583.0	2.0845702559218795	98.69
583.5	2.359945252775195	60.256
584.0	2.1691604673605998	110.804
584.5	1.742096628237497	110.705
585.0	2.472419526979952	70.469
585.5	3.260014017886563	70.45
586.0	1.9262635826748622	70.485
586.5	2.0177481958815133	70.297
587.0	2.266137408135166	50.379
587.5	2.053798102485733	50.244
588.0	3.077883431065093	50.878
588.5	2.96936516733061	47.338
589.0	2.899705932092729	40.333
589.5	2.296516662640006	80.72
590.0	1.541248114390607	130.75
590.5	1.6126556648339996	27.863
591.0	1.9267882056234833	59.322
591.5	1.7691083713310185	99.749
592.0	3.1701922114690095	40.263
592.5	2.6473433812752116	45.565
593.0	2.6305137847451108	20.218
593.5	2.0057110752498835	46.312
594.0	2.2763552447349724	33.867
594.5	2.590082959176379	50.68
595.0	2.400346677898749	40.248
595.5	2.4280901088712725	60.861
596.0	1.864297917422264	30.29
596.5	2.197641271006094	57.035
597.0	2.565533210094495	37.988
597.5	2.627001634597439	26.085
598.0	2.2727247095786725	80.359
598.5	2.0313954245984025	65.343
599.0	2.818159877251444	20.08
599.5	2.8564331899269364	101.191
600.0	1.9953610542619846	90.783
600.5	2.2412068590777805	90.72
601.0	2.97733517116865	60.276
601.5	2.1233717442917315	60.435
602.0	2.554204088167172	90.713
602.5	2.157714291987014	80.611
603.0	2.3332377861306415	66.622
603.5	2.3336411601521276	71.183
604.0	2.1128492248914603	141.491
604.5	1.9747499767297827	40.201
605.0	2.267644376081927	80.448
605.5	2.6628863149914714	80.427
606.0	2.209393289647595	60.534
606.5	2.317174689005283	60.451
607.0	2.751096708101178	30.272
607.5	2.1561262900843325	70.785
608.0	0.43662250167999594	48.749
608.5	0.4487126118815229	13.566
609.0	5.1453902143896455	60.417
609.5	4.669453101959612	60.478
610.0	2.302941184694183	60.737
610.5	2.267910553675457	60.757
611.0	1.5158881829659407	140.785
611.5	1.559764215362303	140.868
612.0	2.2779751354090187	20.202
612.5	2.0665927089652047	61.076
613.0	1.7999570447635365	110.713
613.5	2.341121089075383	110.76
614.0	2.0669527504773386	53.422
614.5	2.507350034446403	40.328
615.0	1.4859187903408744	35.082
615.5	1.7377957151541248	81.192
616.0	2.3346970454568208	60.375
616.5	2.8687814122754873	56.025
617.0	2.1290850574029836	60.473
617.5	2.251718416813602	30.31
618.0	2.107906537284714	80.578
618.5	2.4056938905475995	80.491
619.0	1.8670512013579834	70.529
619.5	2.234674542376548	38.812
620.0	2.197821560757436	30.376
620.5	1.8968475415188795	121.598
621.0	1.4273007517725922	30.291
621.5	1.565024347642726	111.201
622.0	1.7274225119201836	100.661
622.5	2.4073922565887855	100.645
623.0	2.719355422444676	80.527
623.5	2.2310480832937682	80.393
624.0	1.6165832238827926	120.704
624.5	1.97538560394729	100.809
625.0	2.599357988698902	44.042
625.5	2.0252155303763084	60.995
626.0	1.3708570664443531	15.067
626.5	1.3189487397056887	44.65
627.0	2.8572262731703226	40.426
627.5	3.388111196869171	50.439
628.0	1.7469521848797416	110.78
628.5	2.0034713856591573	110.79
629.0	1.7775090892642569	50.467
629.5	2.459973797499234	50.507
630.0	1.7223663687589867	64.164
630.5	1.810043738564917	90.72
631.0	2.199395830672051	78.051
631.5	2.4843388076376036	110.627
632.0	1.8727446361776836	100.524
632.5	1.8933109505512016	100.612
633.0	2.349827241544669	14.811
633.5	1.6781484977053667	80.6
634.0	2.5359212900219505	126.18
634.5	2.413916656621915	150.129
635.0	1.6712554194994178	60.569
635.5	2.1006087663649713	60.595
636.0	2.4088624797780316	37.442
636.5	2.182373954610535	46.452
637.0	2.356205772136083	80.509
637.5	2.163796544142869	80.734
638.0	2.1519717527458586	14.863
638.5	2.0382663109482597	80.309
639.0	2.259800779615304	80.801
639.5	2.553887769818519	48.218
640.0	2.240694666611952	78.793
640.5	2.3508261712883667	68.401
641.0	2.5577586046696696	100.551
641.5	2.574318126654046	90.715
642.0	1.609336866964147	37.793
642.5	1.3362735263403294	45.757
643.0	3.363009885168126	80.526
643.5	2.812962977712893	80.449
644.0	2.162827474171583	30.079
644.5	2.7147552455525674	43.375
645.0	2.132292232745201	122.111
645.5	1.705476812247487	105.638
646.0	1.8230886511076407	100.742
646.5	2.1064436155988155	100.667
647.0	2.4186102429769156	30.305
647.5	2.2610886899843403	60.697
648.0	2.0539192344025907	141.009
648.5	2.3254631290707364	45.691
649.0	2.313041727628169	90.617
649.5	1.5923603039131264	37.001
650.0	1.8835732578825515	60.421
650.5	2.548134256393246	40.873
651.0	2.056732524724656	45.616
651.5	2.280835404742894	20.191
652.0	1.719018521455739	80.444
652.5	1.6625397164408233	80.433
653.0	2.0249273974942645	36.568
653.5	1.8230579710526658	40.851
654.0	2.1143106139314494	70.495
654.5	2.9157674818192882	33.665
655.0	2.4636781545790036	18.303
655.5	2.4966712228117256	60.395
656.0	2.218319138781352	60.009
656.5	2.269539472090765	60.233
657.0	2.2627533075409745	26.317
657.5	1.650234379025157	60.565
658.0	1.8822427346956216	60.105
658.5	2.0586863888434412	60.561
659.0	2.3361175096310935	53.645
659.5	1.890800194730162	80.878
660.0	2.781030957149915	80.58
660.5	2.695912008932917	80.553
661.0	2.6549830538302355	193.502
661.5	1.9602942904499294	70.345
662.0	2.8577813357724167	22.247
662.5	2.821558178402858	100.79
663.0	1.739513544248018	46.961
663.5	2.0022261166597475	90.626
664.0	1.6399657284023577	47.537
664.5	2.138569274052094	80.496
665.0	2.246099985311902	60.256
665.5	2.6231003121917027	76.443
666.0	2.641800702918649	50.559
666.5	3.1578856616444844	59.358
667.0	1.8231364167927013	119.428
667.5	1.9546770896567176	43.788
668.0	2.1756642800756003	100.72
668.5	2.1530622496059606	100.672
669.0	2.3743265314097513	26.964
669.5	2.4559485212627883	153.265
670.0	2.3016853069099543	110.864
670.5	2.411786615122603	100.811
671.0	3.275804084011159	110.811
671.5	3.5213615038713466	50.817
672.0	1.4338409127264384	20.213
672.5	1.5589546918712105	70.834
673.0	2.3748731862831187	24.146
673.5	2.298914249293673	47.855
674.0	2.1228862105338453	55.502
674.5	2.38301593311407	41.344
675.0	2.4461815850084974	60.607
675.5	2.9551558415101273	80.992
676.0	1.749312106083502	70.526
676.5	2.343303113240642	70.546
677.0	2.242449923516892	80.729
677.5	1.7141644088070092	80.534
678.0	2.3853763348590076	36.636
678.5	2.4354069672882703	48.775
679.0	2.186578721394704	34.922
679.5	1.8407317239979608	100.385
680.0	1.5978752240310743	71.879
680.5	2.027926804243636	152.694
681.0	1.8814231362046057	70.648
681.5	1.6755059078706633	70.675
682.0	2.289268440936129	30.185
682.5	3.0863841305306954	100.805
683.0	2.2170866666716162	50.406
683.5	2.111685803694509	12.941
684.0	1.7400583815702484	90.47
684.5	2.3692570776750514	70.575
685.0	2.6873318162914432	88.065
685.5	2.028746660848445	111.688
686.0	2.8118412960900976	29.53
686.5	2.4971144852110996	50.684
687.0	1.395305992045588	90.758
687.5	1.6955007194287546	50.725
688.0	2.2795368399600284	40.356
688.5	2.231360550483686	40.468
689.0	2.653708966950093	70.429
689.5	2.6689587105498545	70.424
690.0	2.1024832224955445	134.153
690.5	1.9083212131688827	80.641
691.0	1.943078698730689	90.646
691.5	1.910002963376687	90.636
692.0	2.126162829727976	60.402
692.5	2.605639422320528	67.261
693.0	3.1344248395792196	110.919
693.5	3.3250973376286757	110.96
694.0	1.9010321172404396	23.406
694.5	1.650733492068361	39.932
695.0	2.2892829151874308	20.277
695.5	2.3769805600439966	111.068
696.0	2.3775390175569204	50.84
696.5	2.8498991009094303	50.848
697.0	1.8841937768466042	60.901
697.5	2.3783551808746264	30.27
698.0	3.020499241843066	80.53
698.5	2.6923953606838644	80.414
699.0	2.168542338682637	70.474
699.5	1.7297972347491004	70.4
700.0	1.793696053727233	80.51
700.5	2.4763578000245343	80.481
701.0	3.3902152601413804	80.192
701.5	2.912723982358657	80.363
702.0	2.372016347888836	21.68
702.5	2.649852878362442	40.409
703.0	1.319152983289032	70.488
703.5	1.539569518167112	70.511
704.0	2.65855134773834	110.626
704.5	2.629999383984994	75.174
705.0	2.8687524813285896	100.671
705.5	3.376737866223468	57.458
706.0	2.9536127256793385	44.086
706.5	2.3276255045706202	50.651
707.0	1.9307263630402505	111.228
707.5	2.5203067460675377	39.933
708.0	1.990467214602392	40.451
708.5	1.8409965290436414	19.939
709.0	2.622574616879959	80.656
709.5	2.023286319033989	80.606
710.0	2.297177871391404	60.512
710.5	2.2037265180331516	60.509
711.0	2.64086269343902	80.508
711.5	2.107126399341345	38.366
712.0	2.2519623221598066	60.092
712.5	2.7961896051534127	60.239
713.0	2.8538919977257624	90.587
713.5	2.656501488062195	30.191
714.0	2.2094752874572845	140.783
714.5	2.1538766380233723	50.381
715.0	2.323413480448937	60.42
715.5	2.577144265202248	123.843
716.0	2.041860665130565	15.575
716.5	2.2424112690669395	60.317
717.0	2.0496833498199902	70.177
717.5	1.6887914377806037	117.29
718.0	2.1609972241201554	20.61
718.5	2.2786416982589506	60.523
719.0	2.1473886695503315	14.143
719.5	2.056256418139212	70.41
720.0	1.8655930513643215	39.647
720.5	2.199682077986669	40.274
721.0	2.0944253239302895	60.41
721.5	1.9771752869394654	60.426
722.0	2.0351363678738625	20.214
722.5	2.8107840445112777	70.56
723.0	1.8184008220058425	44.535
723.5	2.5415126013118052	70.896
724.0	2.048154536482449	22.073
724.5	2.126960442053873	80.65
725.0	3.2883115316397373	91.937
725.5	2.791505287173759	41.042
726.0	1.9263371137684844	60.783
726.5	1.9462769764052301	20.113
727.0	2.059988896735313	20.339
727.5	2.1249414749418984	78.918
728.0	2.914971597040151	70.476
728.5	2.1542925904472323	70.158
729.0	2.4886573773136482	70.554
729.5	2.1847255649202637	70.563
730.0	1.6874133775199527	80.754
730.5	1.600092761848506	40.306
731.0	2.482487283626628	110.773
731.5	2.671283571199505	16.289
732.0	2.4621394810232773	90.604
732.5	2.7001502774669244	45.554
733.0	2.5553540239282375	121.052
733.5	1.9385903072485244	133.955
734.0	2.3504976535875195	20.159
734.5	2.7267650480528944	38.278
735.0	1.9235919303680564	16.928
735.5	2.020628417306743	41.744
736.0	2.023617059932187	90.775
736.5	2.376138202174604	90.738
737.0	1.9758011152219066	70.485
737.5	1.856634544316369	70.595
738.0	1.8442079947590324	30.203
738.5	1.9408390329803717	60.491
739.0	2.2957043621464517	111.111
739.5	1.9754117194600447	17.025
740.0	2.15038079969578	70.479
740.5	2.420659931630413	70.476
741.0	1.7188350818438045	110.813
741.5	1.6235416398410172	44.706
742.0	2.474703537460172	80.485
742.5	2.0823491792818087	80.869
743.0	2.2726137095367758	80.56
743.5	3.01616056920192	60.428
744.0	2.1004301158459944	41.934
744.5	2.258251726290063	40.404
745.0	2.230563970592441	43.57
745.5	2.419384995534459	90.701
746.0	2.5412277027411796	70.562
746.5	2.3161733158834856	36.892
747.0	2.1652985986363666	60.895
747.5	1.971634705286918	60.824
748.0	2.5572474140831067	50.328
748.5	2.250741342798401	50.505
749.0	1.7069151484251264	20.204
749.5	1.843871160599711	70.694
750.0	2.692316929187432	80.511
750.5	2.2268644349754663	80.608
751.0	2.360574136036795	40.363
751.5	2.6346013070005894	56.961
752.0	2.253806621582123	110.836
752.5	2.2368448183462193	67.33
753.0	2.480197707242313	80.526
753.5	2.084715997101343	80.472
754.0	1.6826480470995782	80.682
754.5	2.068420966842875	80.632
755.0	2.236382444712638	60.206
755.5	1.9831615015359503	60.214
756.0	2.739394993052012	65.356
756.5	2.7881861343688463	90.745
757.0	2.118153963170937	90.68
757.5	2.571434510013719	90.714
758.0	2.408819043910812	80.964
758.5	2.3240434147441418	20.252
759.0	2.4366216649721717	50.991
759.5	2.5324338995941997	30.212
760.0	1.878075101350335	50.196
760.5	1.5078837457067666	50.158
761.0	2.0365944502194897	20.28
761.5	1.7033718915942346	60.487
762.0	3.001804074756071	60.428
762.5	3.2144651524761167	60.478
763.0	2.2282331895895418	20.199
763.5	1.9469172849598912	91.068
764.0	1.7564117358256193	20.165
764.5	1.8984205208807317	55.933
765.0	2.461128976159311	50.329
765.5	2.371280716032837	50.411
766.0	2.2109472666277625	20.307
766.5	2.265499747629859	39.578
767.0	2.456726227831393	80.847
767.5	2.3759384302167783	52.975
768.0	1.8367731689029179	35.591
768.5	1.6186242720527977	19.791
769.0	2.522080901087527	16.164
769.5	2.3258239311933657	50.262
770.0	1.8919126729030913	26.364
770.5	2.435526945168713	54.644
771.0	2.486965566590629	50.184
771.5	2.145085769750566	50.336
772.0	2.1269047308560967	14.485
772.5	2.35437149596791	60.394
773.0	1.9522534562525566	41.677
773.5	2.1739475137205524	16.367
774.0	3.2182437937062165	43.763
774.5	2.4205319842640316	20.306
775.0	2.576841212921857	30.162
775.5	2.0477826062163316	70.751
776.0	2.639866797772414	60.7
776.5	1.8392716768057624	28.182
777.0	1.8556835792267765	36.14
777.5	2.2263244400607594	58.439
778.0	2.1012732871198767	48.0
778.5	1.8762419560835053	70.668
779.0	1.9342261108938033	40.254
779.5	2.5202610143505746	131.268
780.0	2.7556620989073597	151.901
780.5	2.885707967854903	91.391
781.0	2.160976678460385	131.083
781.5	2.2577558141446326	103.876
782.0	2.1331772072391915	90.659
782.5	2.4983510083401463	37.768
783.0	2.7079315517937435	131.607
783.5	2.7858477497506327	44.002
784.0	2.018578027749728	177.759
784.5	2.5349018150737934	50.46
785.0	3.0452654722005867	72.514
785.5	2.9547800037700975	90.876
786.0	2.465526894820387	60.426
786.5	2.580288354452508	141.294
787.0	2.674103178992156	50.38
787.5	2.659615053707563	89.244
788.0	1.9661023462987768	50.375
788.5	1.5208505999800355	131.544
789.0	2.039977877181824	40.607
789.5	2.3431903709548445	40.627
790.0	2.915396875080858	131.325
790.5	2.6889961348890554	52.854
791.0	2.0339193821862747	60.347
791.5	1.9355775980687815	121.103
792.0	2.1003425028972567	70.641
792.5	2.2023600206445875	70.518
793.0	2.9492706820127848	30.164
793.5	2.769903384312313	50.736
794.0	2.410225205502123	50.194
794.5	2.8448447197407756	50.326
795.0	1.8959202038256484	130.875
795.5	1.6302156528564493	130.803
796.0	2.782820230705718	80.507
796.5	2.572858880188486	80.546
797.0	2.138533941635973	90.602
797.5	1.9596211219477864	52.363
798.0	2.1092806028027735	53.25
798.5	2.9186111304126836	23.537
799.0	1.9809069524874192	60.545
799.5	1.9433417862143134	60.826
800.0	2.1629486919185594	70.565
800.5	2.446888172972911	70.617
801.0	2.5409474874244062	25.896
801.5	2.4248890895914883	60.734
802.0	2.061940782198017	38.289
802.5	2.158493441752564	14.837
803.0	2.020220460157342	22.499
803.5	2.029024195257801	70.685
804.0	1.596607918567616	80.373
804.5	2.1431764465584924	80.508
805.0	1.8490243040497316	17.121
805.5	1.772721614294256	47.377
806.0	1.6599086785921098	80.557
806.5	2.0562427291230723	80.634
807.0	1.9055248069609476	60.39
807.5	2.3386469952837623	60.536
808.0	2.1821044250113184	20.329
808.5	2.217644646271521	47.1
809.0	2.6239587173974273	20.134
809.5	2.2731330460067167	52.081
810.0	2.2984981459407443	60.524
810.5	2.2555674710956812	60.438
811.0	1.615886356892524	40.437
811.5	1.6709225589833987	39.434
812.0	2.05645596360278	60.839
812.5	2.0299487668235954	20.162
813.0	2.063018408686771	100.701
813.5	1.8685997390838625	100.859
814.0	2.3115664954914212	40.327
814.5	2.0555458357085175	40.364
815.0	2.0942373338547777	50.035
815.5	1.8724686923427616	90.959
816.0	2.3254904469645945	54.671
816.5	2.346215269073426	70.748
817.0	2.1705499054320727	40.186
817.5	2.2425650628977998	91.44
818.0	1.6693247702364185	52.968
818.5	1.6050235027084911	43.638
819.0	2.9523870433946136	33.798
819.5	1.9956260813413942	42.867
820.0	2.3164044277434614	161.168
820.5	1.933576581088661	40.617
821.0	1.5023671027074574	36.976
821.5	1.5332232938899584	141.167
822.0	1.7652001454280055	60.486
822.5	1.5703980138087086	60.534
823.0	2.18452696252271	20.305
823.5	2.2706643060431966	101.276
824.0	1.4804458009825259	120.757
824.5	1.4785510805863722	120.723
825.0	2.4100306961045126	57.865
825.5	2.0079016156344793	65.495
826.0	1.189120304924295	80.687
826.5	1.5692309257546921	80.754
827.0	1.5342296595756182	50.516
827.5	1.3806845663262501	50.512
828.0	1.3420823748320636	110.886
828.5	1.4319905382114797	46.3
829.0	1.8288020619950855	30.263
829.5	2.141827639889247	101.081
830.0	2.2994444145598854	30.029
830.5	2.205536765773733	50.472
831.0	1.711871551752738	60.945
831.5	1.8828974281356707	60.847
832.0	2.6939774664566376	20.186
832.5	2.340642622464967	70.802
833.0	2.2306266095748613	60.363
833.5	2.2302973742212497	28.442
834.0	2.735386154682949	20.149
834.5	2.637607836714006	50.446
835.0	3.2381737409079983	18.411
835.5	3.932349459030689	60.67
836.0	1.6345216237377589	40.032
836.5	1.8067631925009848	17.478
837.0	2.0978033488410333	50.148
837.5	2.0630183555207515	50.204
838.0	2.647753498185924	17.275
838.5	2.602552902351335	70.517
839.0	2.0233734051006658	140.868
839.5	2.4574782058956406	15.917
840.0	2.4251583838949364	60.414
840.5	2.338465272779972	96.408
841.0	1.7791929586895125	47.916
841.5	1.822772923922375	50.416
842.0	1.919877852496985	64.287
842.5	2.254209324144814	76.469
843.0	2.089417765020152	63.78
843.5	2.6699131164337953	20.276
844.0	1.170245632533507	47.848
844.5	1.1476672958982712	13.805
845.0	3.4270821905106112	90.712
845.5	3.509502369133818	90.729
846.0	2.348953664823125	50.305
846.5	2.201803076942688	100.805
847.0	2.3618085188057836	40.005
847.5	3.0133002751134406	45.313
848.0	2.0975102009576516	80.758
848.5	1.5591665421711969	74.411
849.0	1.7157510995706455	110.697
849.5	1.7203374982747583	110.577
850.0	2.216608129743703	80.35
850.5	2.8699515129660376	80.501
851.0	2.3914816890423203	80.478
851.5	3.0233795627300957	79.938
852.0	1.8454730341975487	53.64
852.5	1.737353870910113	36.251
853.0	2.042446177758299	100.397
853.5	1.8694375263012322	50.526
854.0	2.8267162154850602	110.882
854.5	2.571011751942779	21.825
855.0	2.5458515267084505	73.657
855.5	2.7319910337281965	23.678
856.0	2.114378266290441	91.039
856.5	1.5702076010890524	20.317
857.0	2.67052343349046	60.573
857.5	2.5996705241964104	60.496
858.0	2.0829232790586008	41.053
858.5	2.3144853440189914	50.615
859.0	1.5355567745998204	64.306
859.5	2.2594756992325093	64.528
860.0	2.311788145157095	40.508
860.5	1.993638550107286	90.822
861.0	1.7234300220586714	70.489
861.5	2.4203576533272755	70.486
862.0	2.6263218317678363	50.189
862.5	2.8966991066800927	84.618
863.0	2.23814683841021	90.852
863.5	1.8137855542829504	80.621
864.0	1.7410016261787198	40.676
864.5	1.7910025341734563	131.066
865.0	2.5331866020320555	80.657
865.5	1.3571660500839318	436.998
866.0	2.4520167254329097	53.361
866.5	2.4974224921679347	17.115
867.0	2.0394495018379093	70.852
867.5	2.236915422419126	60.484
868.0	2.3819650675575432	80.591
868.5	1.9392294733085702	60.587
869.0	2.3684942207725137	50.103
869.5	1.6795255661669442	60.325
870.0	2.4600809241997834	45.123
870.5	3.2443696360302683	98.29
871.0	2.0631246434100343	50.446
871.5	3.335627077205483	20.219
872.0	2.767773369812858	90.647
872.5	4.166687395781178	18.166
873.0	1.3923066058942712	100.826
873.5	1.8604127760450113	20.191
874.0	2.115665918626954	60.54
874.5	1.8778416596460283	23.287
875.0	1.5334752000741305	66.88
875.5	2.4629633806089077	24.023
876.0	2.242103077915259	68.32
876.5	2.3311478325129404	60.727
877.0	2.4415618245940163	70.949
877.5	2.4292188779396335	20.172
878.0	2.3729132656938496	46.034
878.5	1.8320368153547955	110.977
879.0	2.576754044932906	70.62
879.5	3.006505541535105	100.556
880.0	1.8040210545436468	111.24
880.5	2.1665917999230917	80.472
881.0	2.2896808294159148	70.622
881.5	2.328661001196541	80.661
882.0	2.202996270772734	50.446
882.5	2.643360590796313	50.335
883.0	1.9687011189601906	110.963
883.5	2.7552349274884897	87.75
884.0	2.1190640661382196	44.286
884.5	1.7524004283884176	70.404
885.0	2.2115242090759524	117.899
885.5	1.8932947779441396	90.816
886.0	1.3536466364347466	47.632
886.5	1.2546999492930249	141.417
887.0	2.4796603741291965	80.487
887.5	1.7950125756402304	77.978
888.0	1.6276973768547631	39.436
888.5	2.037624464450299	192.744
889.0	2.6322308733472797	90.733
889.5	2.169336192563193	60.513
890.0	1.5504260012873479	80.71
890.5	2.065018772934456	70.752
891.0	1.8454847965716628	70.881
891.5	2.259510192689026	20.225
892.0	1.8290314435229331	62.888
892.5	2.7839838684123213	50.415
893.0	3.459488506351334	60.416
893.5	2.587087468475452	16.827
894.0	2.7941641962103825	60.053
894.5	2.5244080366067183	20.167
895.0	1.9617483813010914	80.733
895.5	2.0252499853538954	25.575
896.0	2.857430466660025	60.599
896.5	2.8069689844339734	33.324
897.0	2.9465329277324264	91.339
897.5	3.0204413639860057	20.219
898.0	2.543645699031359	50.27
898.5	1.800480950569078	50.449
899.0	2.0608069677435985	37.979
899.5	2.436564277131334	90.538
900.0	2.3278371613150353	80.541
900.5	2.2685483705894502	80.548
901.0	2.179179106205961	90.675
901.5	2.1536466167332353	34.711
902.0	2.7265040853094615	111.181
902.5	2.408354576933339	70.629
903.0	2.8590613134614875	50.405
903.5	2.00608665999898	100.876
904.0	2.3161055164846545	55.38
904.5	2.7059902402085494	25.613
905.0	2.5598553645734303	70.633
905.5	2.8140466804882194	50.434
906.0	2.752571478752887	41.728
906.5	1.5369491743872272	17.902
907.0	2.287697613667724	50.915
907.5	2.3916697238062334	100.828
908.0	1.8751492294900107	100.877
908.5	2.007033225843346	120.956
909.0	2.504062818537072	120.95
909.5	2.3230150226139323	20.163
910.0	2.3957178309951255	50.509
910.5	2.4305591095761736	20.298
911.0	2.2943879682982615	98.787
911.5	2.4941818511950817	112.245
912.0	2.1180705458040325	40.332
912.5	2.7504009497606536	70.576
913.0	2.5528562439938653	60.526
913.5	2.189781178107032	70.498
914.0	1.627173042079637	32.176
914.5	2.9915819382935176	80.835
915.0	2.8494625602102777	20.286
915.5	2.601967538936353	88.085
916.0	2.320514405271753	50.528
916.5	1.95338887996335	71.076
917.0	1.5478430166021582	71.01
917.5	2.20039817901719	66.038
918.0	1.6986493435243324	60.571
918.5	2.5343170803545094	100.929
919.0	2.945124767675115	80.691
919.5	2.5446212035783686	90.707
920.0	2.6749229901788887	111.302
920.5	2.9581809850419605	15.429
921.0	2.598384270503865	70.47
921.5	2.463981217120002	40.389
922.0	1.974867766248767	81.079
922.5	2.0013694014507317	70.878
923.0	2.7390562461581425	63.857
923.5	2.079509157314	80.619
924.0	2.098493034121793	80.485
924.5	2.8792776373428204	60.382
925.0	2.349100984995887	43.189
925.5	1.9873156625801283	131.296
926.0	2.459391543858862	40.371
926.5	2.605454428474145	60.404
927.0	2.244958210348057	67.363
927.5	2.4570820073844475	70.441
928.0	2.0162344352378825	70.498
928.5	2.4239233728533653	98.777
929.0	2.5629791895643557	100.934
929.5	2.7200849982002926	80.599
930.0	2.0812365918195948	80.499
930.5	1.9758955839243217	70.501
931.0	2.307488091495822	14.47
931.5	2.912669524799373	50.226
932.0	2.114958682326659	15.498
932.5	1.996386154203908	90.757
933.0	1.8535467420551808	55.7
933.5	2.0682237928710427	50.382
934.0	2.076980248951815	50.245
934.5	2.2727751908193765	50.51
935.0	2.753056498069353	50.545
935.5	2.448960735472724	40.407
936.0	1.9592403514257752	56.374
936.5	1.7679987349958957	110.587
937.0	2.2664179979381363	90.628
937.5	2.087976141799872	120.899
938.0	1.9436073378105643	120.934
938.5	2.9382707270410497	20.147
939.0	2.4606598623023013	121.452
939.5	2.255617894881488	50.301
940.0	2.6410933228285467	50.185
940.5	2.318876525256187	43.423
941.0	2.001754055412239	33.88
941.5	2.9973146557101757	50.356
942.0	3.00258951951805	50.428
942.5	2.6580440114431534	70.279
943.0	2.508886097769716	70.314
943.5	1.931301728238543	80.677
944.0	1.6660167221845712	80.635
944.5	2.03220445138024	60.56
945.0	2.513132547579947	60.463
945.5	1.7644623081481714	38.05
946.0	1.888554482244642	60.603
946.5	2.235224936712713	23.744
947.0	2.773094453298334	80.896
947.5	1.753451169775344	90.986
948.0	2.4616033691534125	91.051
948.5	1.9779801064147755	80.444
949.0	1.9712405226867837	80.426
949.5	2.7644975467781525	26.918
950.0	2.7276253870218072	46.867
950.5	2.666653573141758	50.515
951.0	2.449292502705844	50.328
951.5	2.559582402917444	120.829
952.0	2.2368666837472673	120.87
952.5	2.0340617282610243	15.497
953.0	2.4982104948851624	50.496
953.5	2.3782472376408585	85.576
954.0	2.811785973613149	111.226
954.5	2.4603594482072806	60.486
955.0	2.650126406184787	60.432
955.5	2.3106604618669575	85.671
956.0	2.4588712607575904	90.53
956.5	1.7556540059331591	80.56
957.0	2.0384223760962734	80.598
957.5	1.7768271192702083	60.374
958.0	1.868413145323426	65.045
958.5	1.7223394921556252	100.618
959.0	1.6481121099218397	100.641
959.5	1.8446098291929434	13.856
960.0	2.100327151070368	48.61
960.5	2.156027784222094	100.218
961.0	2.365579029763221	35.334
961.5	1.9759186572703948	100.742
962.0	2.261190548892445	100.599
962.5	2.8318848997675308	13.96
963.0	2.687943368159911	50.32
963.5	2.4637322502437398	78.166
964.0	2.1021654065862987	101.031
964.5	2.132996821983332	60.582
965.0	2.4338642159189146	60.574
965.5	2.6190560929745117	130.779
966.0	2.5983579634366905	34.546
966.5	2.359547330733632	60.909
967.0	2.267712779997107	60.897
967.5	1.8505661864569847	60.553
968.0	2.4470139114030274	60.441
968.5	1.6670591160993298	70.225
969.0	2.026789988757859	70.233
969.5	2.064877980413367	60.451
970.0	2.7314642000020366	60.632
970.5	1.535654622668007	80.767
971.0	1.5182598995608536	80.769
971.5	1.9844615223566855	60.828
972.0	2.1593776299735037	80.893
972.5	2.814671695889046	20.281
973.0	2.592454654041498	35.868
973.5	1.8300507628203584	61.142
974.0	1.7559148650099394	140.178
974.5	2.6152407183136614	68.837
975.0	3.2015415285802677	80.946
975.5	3.2050141616269117	20.192
976.0	3.323893743854109	60.891
976.5	2.059500185175091	20.208
977.0	2.397513734052745	47.753
977.5	3.0143711277223955	46.207
978.0	2.822678660559347	80.809
978.5	1.8717464417644893	20.106
979.0	2.1499271729669354	50.535
979.5	0.1495986398736934	15.299
980.0	14.662082726845961	50.273
980.5	2.2593592756573777	50.466
981.0	2.085968358279755	14.0
981.5	2.2301962657765295	50.366
982.0	2.1696544296416747	50.134
982.5	2.283196855106504	50.226
983.0	2.5154265146376664	131.007
983.5	2.2772548637204637	131.057
984.0	1.8366079817696477	15.968
984.5	1.6319004712561946	110.683
985.0	2.3037223885625613	110.746
985.5	1.752409486448586	90.616
986.0	2.2702675145116036	50.192
986.5	2.4232605746801212	66.822
987.0	2.4228800264581714	17.081
987.5	2.3678096316281945	37.845
988.0	2.720804033006402	47.02
988.5	2.064700090064306	46.813
989.0	2.1826686294272415	80.525
989.5	2.3421939558991585	80.497
990.0	2.3690943350215354	70.374
990.5	0.09833939033863423	39.616
991.0	0.0900126128692784	26.743
991.5	0.09960002643278196	198.009
992.0	7.008847206981521	40.361
992.5	4.833475151729619	40.391
993.0	6.110167272279161	121.263
993.5	2.506633349330886	80.512
994.0	2.6093728693069878	20.235
994.5	2.131454356507474	80.517
995.0	2.282923726885358	100.762
995.5	2.187244402736317	100.697
996.0	2.4385764798639595	100.769
996.5	2.4066021258808608	15.077
997.0	2.6334990466144093	45.123
997.5	1.9752513796520348	128.869
998.0	2.633832472192155	61.806
998.5	3.0317778600138596	47.053
999.0	2.702589885380626	46.172
999.5	2.09721721403572	30.228
1000.0	2.600878052343842	50.219
