0.5	0.15056285153386714	31.094
1.0	3.8183331389867385	29.933
1.5	0.13172484762861317	107.269
2.0	3.438375973771339	100.956
2.5	2.2082436390558926	401.801
3.0	0.12925985386231237	17.682
3.5	6.9709810480728915	100.557
4.0	2.4262029978224646	66.04
4.5	1.9325820403339147	100.666
5.0	0.1596174330039145	44.412
5.5	0.2897562664115425	121.843
6.0	3.467761893055735	91.154
6.5	0.933024756426792	64.699
7.0	1.1233549895905974	51.558
7.5	1.6570120081646484	104.445
8.0	1.5549950413795033	88.851
8.5	1.1719819343217313	106.679
9.0	1.1138710813884996	60.494
9.5	1.7147061119188425	121.065
10.0	1.0315545132089647	53.438
10.5	0.967501429873825	130.867
11.0	1.3968106537547216	101.091
11.5	0.17004082961933756	19.607
12.0	1.3040182005542482	110.841
12.5	0.3063474677558763	137.626
13.0	0.13611530455299053	11.192
13.5	1.9707305008418539	16.169
14.0	0.15889059930765126	18.652
14.5	9.61176001651049	433.042
15.0	4.260656896620143	20.489
15.5	2.0839095779741914	80.568
16.0	1.5020792562447867	40.932
16.5	3.1988498273058945	33.911
17.0	0.27923350483397813	120.485
17.5	2.665186433674463	140.954
18.0	1.8160249349243105	130.837
18.5	2.369531798481313	69.035
19.0	1.568724926076487	110.731
19.5	1.653756170274818	100.54
20.0	2.0385017596388013	22.12
20.5	0.6017856100642474	80.507
21.0	1.3335751272318694	21.482
21.5	1.2878735380641642	20.58
22.0	3.5570264403736034	68.67
22.5	0.8038542457363435	141.05
23.0	1.7525971207560502	20.068
23.5	1.240373223972995	22.989
24.0	3.3641918866194525	30.432
24.5	0.791615345171957	70.512
25.0	2.1463432261531183	100.831
25.5	3.495833375620069	35.881
26.0	1.3654061073840094	90.52
26.5	2.0588033488212196	90.79
27.0	1.3444633234099235	19.398
27.5	4.152468413281258	40.377
28.0	2.839659659059862	151.122
28.5	1.9790765318381878	60.455
29.0	3.1937665727160294	30.24
29.5	1.915956514899132	50.506
30.0	2.880751584509549	182.396
30.5	1.7629137427307633	21.966
31.0	2.3023636279564945	20.108
31.5	2.2018636714953588	56.755
32.0	2.3053558053971086	90.652
32.5	2.084846311374267	56.932
33.0	3.0697671642354276	80.513
33.5	1.6721254046050547	131.604
34.0	2.2777575699170476	100.703
34.5	2.4210159529809254	112.557
35.0	2.88077030956336	80.491
35.5	2.662288314155405	80.612
36.0	2.4443483896026668	19.984
36.5	2.61154090503211	62.354
37.0	1.7323906264986155	20.675
37.5	2.360401613804534	40.121
38.0	2.5342280453796464	70.454
38.5	2.702251896640306	80.66
39.0	2.554638192861731	50.205
39.5	3.0208271446084924	50.204
40.0	1.9166615408875578	50.409
40.5	2.4350534458350714	100.531
41.0	2.56323789008526	50.363
41.5	3.0609428431967	19.562
42.0	2.3333966046082306	50.488
42.5	1.8102518256298707	50.682
43.0	2.989131408119826	100.607
43.5	2.851561758864257	100.592
44.0	1.7536268269602773	80.758
44.5	2.6545058099911474	50.302
45.0	2.2086733476856883	50.248
45.5	2.5742669534302847	90.471
46.0	2.6434736823268814	140.861
46.5	1.7162917058312053	140.937
47.0	2.559502594151315	120.826
47.5	2.538358486648655	24.284
48.0	2.8938592335176345	17.216
48.5	2.2563199532179183	40.08
49.0	1.9255197446653431	20.754
49.5	2.1677976150290648	81.08
50.0	1.9244179834248762	60.379
50.5	2.051803861044753	30.047
51.0	2.8076268405462885	80.405
51.5	2.560908550825211	70.378
52.0	2.25005272727194	120.81
52.5	2.528000404585651	20.148
53.0	2.7461306915501447	90.393
53.5	3.0216471155611666	60.408
54.0	2.6104633463062745	120.648
54.5	1.970781256603657	80.573
55.0	2.874039874493737	100.523
55.5	2.8093391187974457	60.457
56.0	2.1330150579446583	70.432
56.5	1.9089109577098424	60.398
57.0	2.5359010646633706	90.683
57.5	3.100145619676478	17.924
58.0	2.8329599434417956	50.318
58.5	2.929949900506157	60.182
59.0	1.942901660171878	89.563
59.5	1.7810555733821378	17.867
60.0	2.9486955005154636	50.346
60.5	2.04421250929745	100.628
61.0	2.029686226565112	50.449
61.5	2.6285341835101472	69.895
62.0	2.3406615962860298	60.264
62.5	2.4286149736940046	17.635
63.0	2.8046914536205283	71.206
63.5	2.507042259260879	60.442
64.0	1.739954100610559	80.593
64.5	2.6975239572032605	50.321
65.0	2.22937341284405	100.597
65.5	2.0722763815363123	20.131
66.0	1.9673025149838488	120.695
66.5	2.8054011724343795	35.174
67.0	1.7961363693502082	18.448
67.5	2.87454892117543	90.597
68.0	2.6027988034491285	50.361
68.5	2.3451439774110274	37.219
69.0	3.1568646706824652	70.389
69.5	2.426813887037486	24.959
70.0	2.147985466037969	60.386
70.5	3.588687390610508	47.713
71.0	2.0841215951965384	20.273
71.5	1.7723162614950985	111.138
72.0	2.792800384677847	37.771
72.5	2.523136772694975	40.393
73.0	2.2575438777215235	20.187
73.5	2.095924020490379	60.305
74.0	2.749594049092768	20.049
74.5	1.8362780242296073	37.204
75.0	2.3411048341461607	26.688
75.5	2.5671127567146157	20.234
76.0	2.054915302147818	27.147
76.5	2.0662056155577764	70.508
77.0	1.631947714978139	90.533
77.5	2.6103157734762945	22.701
78.0	3.3220021618212408	70.656
78.5	2.501702548081979	80.555
79.0	2.484277511638743	70.397
79.5	2.4435319499544668	122.269
80.0	1.9097675613365086	21.462
80.5	2.638327888307398	19.538
81.0	2.2881013236272265	40.486
81.5	2.8816881289223217	68.682
82.0	2.2447335003397013	19.789
82.5	2.449281489905407	60.436
83.0	2.920909733013963	60.432
83.5	1.903540650353598	120.743
84.0	2.471685407276814	80.729
84.5	2.2543408204559996	23.664
85.0	1.797464243116516	100.489
85.5	2.49576981156001	70.494
86.0	2.149930421926999	22.196
86.5	1.6936068815918992	20.26
87.0	2.4147223728367906	100.72
87.5	2.8364361206538535	50.36
88.0	2.725792414722071	120.679
88.5	2.415821424583359	28.591
89.0	2.4018113084637944	20.401
89.5	3.0677787936935617	100.404
90.0	1.643377848012906	22.614
90.5	2.6936581457184054	70.246
91.0	2.3907948150674523	46.744
91.5	2.186135791325228	50.427
92.0	2.2038322614315358	79.523
92.5	1.8574738588429502	18.291
93.0	3.142247817679063	50.385
93.5	2.496673952756884	30.5
94.0	1.7972414140145976	40.376
94.5	2.1342655281667593	60.56
95.0	2.3572168110454377	70.553
95.5	2.528944549579046	20.166
96.0	2.3048725636895147	104.059
96.5	1.7427123798770978	100.704
97.0	2.31017106187598	40.358
97.5	2.1770154332968903	50.271
98.0	2.0036469923271847	50.28
98.5	2.195758602582437	68.572
99.0	2.365902756587465	100.776
99.5	2.0702040616607715	70.499
100.0	1.7210354719650753	16.866
100.5	2.807381520163194	90.672
101.0	1.6997082023397745	80.705
101.5	2.8034911621910004	20.183
102.0	1.5824899497127924	19.489
102.5	2.1774469994273304	50.309
103.0	2.216831117176223	36.127
103.5	3.1128369401739717	90.406
104.0	1.6402155023396308	60.849
104.5	3.3641173708514587	17.981
105.0	4.125095487255606	74.683
105.5	0.7742867024326656	36.011
106.0	3.6155846623910994	78.555
106.5	2.8495081296979503	70.525
107.0	0.8174724515954932	37.591
107.5	3.740499542423982	28.477
108.0	1.7802921483218008	15.533
108.5	1.6191545933366303	100.89
109.0	2.9239589527780745	70.325
109.5	1.8079391752302714	60.36
110.0	2.5757377595860302	110.652
110.5	2.5118296229663026	20.027
111.0	2.5120254245019	50.413
111.5	2.3866247680411297	40.325
112.0	2.907783247791565	70.307
112.5	2.546905068335997	90.537
113.0	2.9553092566726087	30.115
113.5	1.8079320923771571	40.494
114.0	2.3097776084635107	80.408
114.5	3.1939592401997587	50.312
115.0	2.1434526484150047	17.131
115.5	2.335340703271154	30.173
116.0	2.1897704260938475	70.387
116.5	2.630525326676244	111.027
117.0	2.1019661753443746	16.207
117.5	2.6190725136671116	100.67
118.0	2.9194380933797865	50.42
118.5	2.7629148588857078	41.932
119.0	2.1093032610741327	28.306
119.5	1.67782984357455	30.349
120.0	2.065231144192847	60.389
120.5	2.8160264977247436	60.442
121.0	2.1009621046499825	90.452
121.5	2.487281158147618	27.905
122.0	1.8661834774514792	80.684
122.5	1.940391721321097	16.913
123.0	2.105061956488776	24.404
123.5	2.0966441515290573	17.865
124.0	2.5959232088775295	70.535
124.5	2.8274497577268334	27.044
125.0	2.533756237206012	21.54
125.5	1.9624459847232354	30.249
126.0	1.8080406872162473	130.914
126.5	2.435681021855292	50.325
127.0	2.3003654875035426	40.312
127.5	2.7199133424029425	165.684
128.0	2.7627051585883984	30.483
128.5	1.257710482807077	90.624
129.0	2.154575581466231	80.368
129.5	2.4084249057040013	91.276
130.0	3.617168806672327	70.519
130.5	1.6540934117360564	23.594
131.0	3.078474780585459	70.628
131.5	1.7229556906856636	151.059
132.0	2.8628187503439384	90.657
132.5	2.1029023214183185	80.618
133.0	2.3122472358736497	26.117
133.5	2.0510808056330156	100.676
134.0	2.99134886877247	70.508
134.5	2.731026797327604	56.976
135.0	1.8730333813699171	20.843
135.5	3.1302275022983466	17.397
136.0	1.9532526609956817	70.588
136.5	2.6396833272347555	100.9
137.0	2.524117918858981	16.837
137.5	2.2763976911281096	80.444
138.0	2.0432997676044184	50.474
138.5	2.2259061277067587	20.253
139.0	2.270701034358229	70.555
139.5	2.7869212799054552	86.828
140.0	1.8301604559166293	70.461
140.5	2.411547813467453	16.853
141.0	2.2880554563543223	80.401
141.5	3.2860860486433303	60.399
142.0	2.65117318543854	40.344
142.5	1.9383249506656735	60.418
143.0	3.1405501166423044	42.453
143.5	2.689098889095869	50.26
144.0	2.025044753955213	95.932
144.5	2.227013668943789	50.331
145.0	1.8800476511432884	136.318
145.5	2.3511077617724268	20.252
146.0	2.741834043214661	20.252
146.5	2.465087491842535	15.237
147.0	2.5302776748135622	100.712
147.5	2.277797124988495	66.052
148.0	1.7950615456604175	25.979
148.5	2.8503042395513427	21.685
149.0	2.566853338651303	19.781
149.5	2.2516665376999447	80.341
150.0	2.4473952287342016	90.485
150.5	2.0230775157097804	20.16
151.0	2.7627985632467373	20.127
151.5	2.2714455018998154	50.357
152.0	2.033804209689595	100.652
152.5	2.1633683519472244	60.42
153.0	2.7556832746975046	17.106
153.5	1.8355837305388496	140.839
154.0	2.120017561018829	17.365
154.5	2.557345131954903	80.569
155.0	2.702600106024412	20.141
155.5	2.302691202771766	70.582
156.0	1.916792181641736	40.271
156.5	2.092088909444709	17.955
157.0	3.205031737411936	66.931
157.5	2.7725119832198684	20.151
158.0	2.0377534444156082	100.489
158.5	2.5420454509272687	83.555
159.0	2.318578770500882	70.352
159.5	2.1080983651781455	21.425
160.0	2.8157834931672685	70.329
160.5	2.4222780387123084	80.456
161.0	1.4304167589692303	70.534
161.5	2.6719242618870864	20.308
162.0	2.9030798182016713	56.18
162.5	2.6290968756229254	70.482
163.0	2.0868768083235056	50.106
163.5	2.013518901362446	15.942
164.0	2.1981157381963516	50.27
164.5	2.722416507732044	30.394
165.0	1.564442834594663	25.839
165.5	1.8205087124781318	16.306
166.0	3.0586556078295026	19.126
166.5	2.1518645621264363	80.636
167.0	3.307789681366251	100.813
167.5	2.3020863637710205	80.739
168.0	2.4726878416983995	140.974
168.5	2.4904164054363855	20.255
169.0	2.4816489457255413	110.661
169.5	2.320567650002762	60.512
170.0	2.3387545223235113	100.611
170.5	1.6902385081876727	140.751
171.0	3.4912613267409136	130.986
171.5	2.064629329801166	130.884
172.0	1.6252811264418372	100.535
172.5	2.344006332672345	60.617
173.0	2.8136756939500995	20.4
173.5	1.9064209576714428	90.938
174.0	2.713524722621435	70.589
174.5	2.158252459453911	60.462
175.0	2.350917659385829	100.609
175.5	2.51120852300485	120.87
176.0	2.138716263006351	110.778
176.5	1.5139913305571595	87.578
177.0	3.2241039061833314	20.333
177.5	1.3916552090224719	21.358
178.0	3.098142220989916	45.612
178.5	1.4380365921641858	313.377
179.0	4.834374986639518	37.792
179.5	2.2565215698386942	80.337
180.0	3.0137028014594325	63.32
180.5	2.503965636840897	20.135
181.0	1.7659998470687581	80.678
181.5	2.5587339779573663	17.939
182.0	1.9953173123002539	20.166
182.5	2.728298804333016	50.495
183.0	2.450708160978198	50.401
183.5	1.7401864100475564	19.939
184.0	2.409633137833863	40.699
184.5	2.55729568413518	60.368
185.0	2.764278343616761	20.11
185.5	2.276784144471051	67.862
186.0	2.000828204856926	22.021
186.5	2.532085106172068	60.496
187.0	2.308744685007247	120.883
187.5	3.0226344437038892	18.603
188.0	2.2811736860080174	80.377
188.5	1.9910906953056466	40.398
189.0	2.2408571801189003	60.523
189.5	2.27984716958816	60.34
190.0	1.7178111943717107	20.278
190.5	2.624496194284792	104.714
191.0	1.80213379849774	111.032
191.5	1.6310228584756459	60.395
192.0	2.155113720407572	20.175
192.5	2.4043248347145316	17.367
193.0	1.9605847321764933	29.07
193.5	2.5142096738838675	60.521
194.0	2.103897964093454	39.647
194.5	2.743493315917862	20.108
195.0	2.073095170510081	23.582
195.5	2.4977665041886867	50.401
196.0	1.5299480642196805	130.746
196.5	2.65554473024361	40.417
197.0	2.555606466261015	29.686
197.5	2.288965789201858	90.498
198.0	2.6679735173655463	70.513
198.5	2.8605620535489784	80.52
199.0	2.5465594231762467	50.291
199.5	2.8888574948330494	50.365
200.0	2.71529866329709	40.668
200.5	2.133344579676586	70.428
201.0	2.2500420002545125	90.023
201.5	2.445446438863582	30.335
202.0	2.802557605215799	114.054
202.5	1.466988851713588	50.555
203.0	2.1029274573772914	90.598
203.5	2.5409164786547973	70.529
204.0	3.476674793989436	17.591
204.5	1.8560179079956314	80.51
205.0	3.39329266942861	55.996
205.5	1.737937994849618	21.004
206.0	2.0788347709233097	50.404
206.5	2.442236064449059	60.464
207.0	2.5567937372972644	30.2
207.5	2.3547164026792364	121.03
208.0	2.7514943127056894	23.373
208.5	3.2190819456782966	50.443
209.0	2.62484161449286	40.322
209.5	0.17594168261460363	9.763
210.0	2.598747527935912	40.488
210.5	13.014107356352037	60.471
211.0	1.8244230057088482	141.491
211.5	1.9972927082596155	9.706
212.0	2.9179332826291207	20.291
212.5	2.5008020330175924	100.698
213.0	3.1454930851326224	100.713
213.5	2.400711461986681	140.974
214.0	2.3645046176269937	141.047
214.5	2.5274410880976803	8.409
215.0	1.9985062184766855	29.953
215.5	2.216007173710107	136.776
216.0	2.012283555834	50.219
216.5	2.208501246872126	40.296
217.0	2.201554259075822	40.324
217.5	2.129172234674523	80.529
218.0	2.4886274749379163	80.456
218.5	2.700025523736786	11.243
219.0	2.7467158145556576	60.235
219.5	2.6816346203106045	110.89
220.0	2.7943451109098993	50.335
220.5	2.76751205114416	100.601
221.0	2.6757729334554186	21.048
221.5	2.9073577273553486	90.035
222.0	2.852828440521407	90.483
222.5	1.928230653349802	20.035
223.0	2.226649494066815	50.605
223.5	2.521167985073511	17.837
224.0	2.1654769149550357	60.382
224.5	2.3350755576201636	19.923
225.0	2.449121313767655	20.592
225.5	2.7488420771247295	30.215
226.0	2.413702748411706	30.245
226.5	1.8364357480934101	108.649
227.0	1.6680757405782611	130.832
227.5	2.749606533325078	80.359
228.0	3.320482881295437	18.405
228.5	2.1700583531562887	50.533
229.0	1.9858262710251777	30.093
229.5	2.295176163908816	100.67
230.0	1.9407300989807887	80.68
230.5	2.204609966654239	40.267
231.0	2.4864289215317665	40.097
231.5	2.203028191950276	36.512
232.0	1.7031225265774261	130.751
232.5	2.9409573011215375	20.078
233.0	2.5928932286062634	20.08
233.5	2.523514053945356	40.284
234.0	2.7502745042744867	40.273
234.5	2.263146438248365	70.385
235.0	2.412462189171696	70.363
235.5	2.400572519766782	90.788
236.0	2.864126859586455	90.788
236.5	2.204577852310847	80.81
237.0	1.5131365574017006	89.029
237.5	2.282689044277265	22.168
238.0	1.9771923170321684	120.952
238.5	2.1582555159754255	70.484
239.0	2.590489329315195	70.522
239.5	1.6861355418236557	102.142
240.0	2.2336546690408623	20.376
240.5	1.9501356997935746	60.476
241.0	2.3062355247703903	60.495
241.5	2.841801654050236	60.47
242.0	2.440760675929093	60.431
242.5	1.7859134383658493	128.499
243.0	1.9174579048450844	58.149
243.5	2.804591631596254	119.885
244.0	2.588775517986314	23.284
244.5	1.88651823848357	126.998
245.0	2.2933868420275845	10.337
245.5	2.303081305642933	40.365
246.0	2.5591258784343958	43.665
246.5	1.888073001096161	28.669
247.0	1.6040284382794603	90.405
247.5	2.515021878199706	40.103
248.0	1.8077575056216142	20.804
248.5	3.0243811752040792	20.22
249.0	2.8995781590282688	122.554
249.5	1.6761915593388779	100.51
250.0	2.1571970820830417	20.226
250.5	1.749068961219889	30.351
251.0	2.490511895065167	70.334
251.5	1.97088377377953	70.61
252.0	2.5823121347258713	130.485
252.5	2.449020935114678	73.215
253.0	2.991437921836868	20.203
253.5	1.582992636551214	80.375
254.0	2.014045711136268	80.529
254.5	2.359951922508428	60.482
255.0	2.3663659924097677	36.533
255.5	1.7279441212648805	19.28
256.0	2.1900505751081427	90.586
256.5	2.9986567023424184	49.22
257.0	2.220602390702599	56.099
257.5	2.1723149048922057	21.291
258.0	3.1770462303598306	80.667
258.5	2.5069248057963067	24.059
259.0	2.7383605763111794	40.328
259.5	2.3278647255986504	101.073
260.0	0.16037215361927026	30.677
260.5	2.4783668694175716	50.697
261.0	8.9216638593396	70.484
261.5	2.2779065231188	16.569
262.0	2.3056733889554355	120.755
262.5	1.8619429375341552	80.657
263.0	2.029186426586353	106.935
263.5	2.1660490196149387	29.449
264.0	2.6717536625891976	80.916
264.5	2.602953024311261	100.234
265.0	2.115746689046202	171.157
265.5	2.9575014458145827	70.446
266.0	3.0076833988457	64.554
266.5	2.115753644866109	70.506
267.0	2.010992048787948	151.06
267.5	2.100372736928903	20.487
268.0	3.3329071880145236	50.335
268.5	2.523171035361898	19.715
269.0	2.412833727143812	110.466
269.5	2.4064742280627773	20.158
270.0	3.0126737320829045	110.909
270.5	2.0764744012582006	60.376
271.0	2.1421960765464134	40.266
271.5	2.3445552177538747	50.33
272.0	2.439093948222603	80.999
272.5	2.274609018465836	50.276
273.0	2.403603688732896	80.627
273.5	2.0799243976163484	20.285
274.0	2.291569404694869	70.386
274.5	2.249769120517281	30.108
275.0	1.879822127139819	100.625
275.5	2.0875945251758585	70.309
276.0	2.3604691150310924	161.526
276.5	2.714879520935193	110.331
277.0	2.874590811953588	48.343
277.5	1.4415109774519699	90.683
278.0	1.5295525990763108	40.294
278.5	2.4145796039443392	40.259
279.0	2.1634999888990367	32.448
279.5	2.152467035464236	20.466
280.0	1.6491834181684248	44.339
280.5	2.113436571348352	60.315
281.0	2.7132673501005957	77.399
281.5	2.217966931364592	50.159
282.0	1.445733741416437	131.111
282.5	1.529131103798632	80.564
283.0	2.0385795014699757	50.437
283.5	2.6716275223154473	37.461
284.0	1.9554552448999198	19.024
284.5	2.2365258075281367	141.257
285.0	2.022356099641055	21.902
285.5	2.8692671929858427	20.108
286.0	2.3091908773188647	20.191
286.5	2.3277937073444726	70.604
287.0	2.2073812060493854	90.608
287.5	2.1102080287468294	35.904
288.0	3.1116119846665007	22.179
288.5	2.8039427815509814	30.15
289.0	2.640318474421656	70.41
289.5	2.6026702540845283	49.92
290.0	1.9643723156249704	70.588
290.5	2.885578402131373	50.392
291.0	2.676144988468505	30.251
291.5	2.3974764619245246	70.492
292.0	2.567489941811525	90.546
292.5	2.407972383651274	20.037
293.0	2.198176326259382	70.656
293.5	2.1320951933776495	70.431
294.0	1.8532263845293366	119.024
294.5	3.2827063281062547	120.735
295.0	1.9280473119179957	40.3
295.5	1.590918024675262	70.522
296.0	2.2347556549378096	100.747
296.5	1.5861885574464818	50.727
297.0	4.364941819872439	80.667
297.5	2.3699212985718185	50.338
298.0	1.7722716655002517	19.993
298.5	3.7741649839661546	21.209
299.0	2.743164071189803	50.379
299.5	1.6559370322938072	120.819
300.0	2.203762197800389	120.791
300.5	3.2052786964764133	100.529
301.0	2.370837398443205	90.886
301.5	2.5895140790156446	50.314
302.0	2.18609465225882	21.378
302.5	2.253030966411204	50.517
303.0	2.6295577193908426	80.565
303.5	2.304916480001886	50.466
304.0	3.1354092222034207	50.396
304.5	1.5857440806026757	19.719
305.0	2.263781080612376	60.446
305.5	1.9979840282295185	44.917
306.0	2.3514478549437245	26.406
306.5	2.166154741983122	70.684
307.0	2.4592527734195433	60.507
307.5	1.8203014360912513	20.183
308.0	2.242122288677585	21.889
308.5	2.549439389170863	80.095
309.0	2.0186471769655636	30.167
309.5	1.725053279476398	79.979
310.0	2.1500933011560868	60.441
310.5	1.8620921973677296	70.72
311.0	2.691679289151554	50.328
311.5	3.017119880523147	70.663
312.0	2.007622651208704	120.861
312.5	2.6442827572740493	20.411
313.0	1.9983783674510536	60.339
313.5	2.160406923747102	70.54
314.0	2.027042222923721	80.459
314.5	2.3609818330537875	70.635
315.0	1.9837647056598804	21.203
315.5	2.5662862459621643	100.869
316.0	1.601308686262784	28.097
316.5	3.0671229214763978	70.417
317.0	1.9185242308904176	90.689
317.5	2.154212987206162	37.22
318.0	2.116632548814369	117.68
318.5	2.421310076867476	20.226
319.0	1.9194790917086835	23.763
319.5	2.9371377750923493	68.642
320.0	1.94170520541932	100.545
320.5	2.1277305816099417	68.683
321.0	2.0839901285041558	32.394
321.5	2.696195987225288	20.483
322.0	2.317229996872771	80.563
322.5	1.5063752952160716	20.789
323.0	2.882876331653293	59.137
323.5	1.5067143067433908	203.18
324.0	2.5117502675842722	20.135
324.5	1.7049969525692465	20.502
325.0	2.2684844330202747	81.402
325.5	3.005945625846526	60.349
326.0	2.1760826277782797	80.554
326.5	2.5235270270273102	38.294
327.0	1.8177039512957198	41.391
327.5	1.8415208459375683	20.724
328.0	0.45997769528796867	2256.098
328.5	0.5569826997694979	4171.24
329.0	0.9437571711845895	657.956
329.5	3.6090205052541955	129.485
330.0	5.119852533760315	200.096
330.5	4.817011688243624	80.199
331.0	6.657023072086909	121.128
331.5	1.29781292617625	141.011
332.0	0.9837759113301652	151.323
332.5	1.0886371548452562	421.18
333.0	2.7084507623927245	81.439
333.5	1.955172868852836	103.244
334.0	1.1384468169183455	45.337
334.5	1.188400001934434	68.043
335.0	1.1109258677998903	252.926
335.5	1.4658982372100162	48.142
336.0	1.091702625181523	319.446
336.5	1.0240517863276628	787.488
337.0	2.2674989875813667	75.417
337.5	1.7015223842447673	251.742
338.0	1.2607411447702501	736.898
338.5	0.08261363048056801	879.259
339.0	0.46527625850719806	1559.409
339.5	3.156707789940515	1863.337
340.0	2.214592679279423	753.76
340.5	5.525757430335063	251.851
341.0	1.0329432844037498	4661.175
341.5	0.3290259066944132	2323.89
342.0	0.24946438660412928	4872.604
342.5	0.933133647361126	2424.866
343.0	0.7586583093917965	2486.227
343.5	0.5076993376921825	2263.757
344.0	0.1698430281582428	1417.424
344.5	0.13072402529790236	1417.424
345.0	0.39635324011235423	5394.804
345.5	0.14806354898117477	5839.522
346.0	0.140768898678288	5839.522
346.5	0.11080420536279026	2104.923
347.0	3.399978901883127	17.437
347.5	0.9288168547325429	42.138
348.0	2.522956635286316	384.998
348.5	1.7104624905014423	231.606
349.0	0.22922798894183846	49.416
349.5	0.17354425132106646	49.416
350.0	0.21371714716850004	5650.707
350.5	1.9405277642697676	5646.318
351.0	0.11407665801624377	3200.207
351.5	0.05470823825994576	3171.005
352.0	0.17605206214020283	2517.812
352.5	3.5172644984686374	99.19
353.0	2.1355543721583756	376.081
353.5	0.7850718910187968	510.488
354.0	1.2515383011046115	252.329
354.5	0.176568933789653	77.087
355.0	2.4671903729309834	110.697
355.5	8.13492711489884	31.458
356.0	2.5718287298375775	147.482
356.5	0.3941855929927214	331.555
357.0	1.9053289834968408	173.498
357.5	3.565513904651847	341.489
358.0	1.11042519815924	207.549
358.5	2.7737174273262313	50.349
359.0	2.058527201051406	17.493
359.5	1.6247809707940994	100.704
360.0	1.9456243608268093	22.785
360.5	3.6421739450974893	118.618
361.0	2.063622363173329	171.741
361.5	1.575383881081654	282.561
362.0	1.5550037220647512	50.285
362.5	1.447714582912891	97.272
363.0	1.9735000984268247	94.131
363.5	1.9803391053533042	25.83
364.0	1.6804237580881927	33.717
364.5	1.8883746073527905	25.76
365.0	2.2806763466106643	21.539
365.5	2.6382306133956264	181.562
366.0	1.8816854717339464	20.244
366.5	2.0006302196568804	90.644
367.0	2.049367738595999	121.101
367.5	0.2774609709203166	5303.856
368.0	0.05156649851573681	2748.963
368.5	0.13098830949839507	2749.022
369.0	0.16709779958897356	3436.216
369.5	0.301755295343173	5041.333
370.0	0.1734741203199807	2681.539
370.5	3.614964572245042	307.809
371.0	1.6867241952677425	73.915
371.5	1.2968788826174646	591.22
372.0	0.4596595534457608	1638.517
372.5	0.3893821917235441	740.933
373.0	0.3710409399338676	2681.762
373.5	8.946223033077777	1777.517
374.0	0.010173474600366592	1962.131
374.5	2.0498418848688535	1678.367
375.0	2.5230584819170345	297.559
375.5	1.3847969115670615	492.267
376.0	5.678814201331947	120.549
376.5	1.6824354728130828	90.75
377.0	1.8076198099931333	52.804
377.5	1.8479630851880156	30.23
378.0	1.6404272952235983	131.85
378.5	1.8676367529526705	80.69
379.0	1.7024727142692664	81.068
379.5	1.4096125229389702	515.928
380.0	1.9318618326665793	518.976
380.5	2.7494187667728136	234.934
381.0	1.451406678593917	60.561
381.5	2.216078681129934	151.253
382.0	1.3440887490448843	477.049
382.5	0.2535288543817087	1962.08
383.0	0.12159938607393689	1962.08
383.5	0.5153593364938913	1041.156
384.0	0.18674744235805682	1325.387
384.5	0.5510398369938975	1773.315
385.0	0.22831122341095092	2249.288
385.5	0.2167393595198446	2557.541
386.0	0.275869926409119	2832.902
386.5	0.34808036919169383	2839.949
387.0	2.0292929354287077	120.691
387.5	2.5994337905394462	121.581
388.0	1.1277789949549983	20.087
388.5	1.2738302078335941	15.864
389.0	2.4563298491231023	120.694
389.5	2.224454887372709	15.158
390.0	1.6988594135212738	40.28
390.5	2.3171544237835078	110.663
391.0	1.9864942556161582	60.435
391.5	1.166135298516856	60.49
392.0	2.7898720990739614	20.501
392.5	2.263180571516222	100.781
393.0	1.6855328638845866	54.408
393.5	2.117848883526848	54.677
394.0	2.2205438984107757	100.817
394.5	2.104300979087482	25.108
395.0	2.2024549387305608	14.369
395.5	2.3351730314383103	76.384
396.0	2.1139828329528862	101.287
396.5	1.8980060836344554	100.611
397.0	0.9032268634167507	1301.523
397.5	5.796111379796629	201.199
398.0	1.833535416106875	50.516
398.5	1.7289051050558493	65.19
399.0	1.751761488575003	120.771
399.5	0.9891392122044781	202.56
400.0	0.6988806056296006	932.661
400.5	0.9129442306656264	823.058
401.0	0.4331555379615489	1699.413
401.5	0.39858486932297715	1865.941
402.0	1.141961759077786	2095.236
402.5	1.8755331128060013	195.172
403.0	1.1739196143725183	60.708
403.5	2.0179397563968724	27.457
404.0	1.1854038961232447	79.588
404.5	1.6379602264569015	32.212
405.0	2.1066901766905337	40.343
405.5	1.709771432084904	85.753
406.0	2.5377890954364104	121.171
406.5	1.1260426369794152	613.054
407.0	3.2563626373513235	102.617
407.5	2.487749006196331	60.678
408.0	1.460131238890158	19.505
408.5	1.957848119950863	30.522
409.0	1.5639367276531102	55.234
409.5	2.8472792645268346	100.788
410.0	1.752089247904867	33.813
410.5	2.1219749054155135	70.778
411.0	1.674761821579564	100.582
411.5	2.516467130781358	80.617
412.0	1.175533927026467	282.897
412.5	0.626438203985771	741.814
413.0	3.5000866528723042	130.835
413.5	3.228966051427464	100.608
414.0	2.114827766088117	50.538
414.5	1.6761287741868875	110.686
415.0	2.4174000218553866	63.322
415.5	1.1669911083535809	85.207
416.0	1.858586828247638	39.903
416.5	1.19160383119468	21.865
417.0	2.5136642933422872	50.313
417.5	1.9103241828799302	20.054
418.0	2.9905388697428306	84.2
418.5	5.169912540948743	45.131
419.0	2.014811335318668	40.346
419.5	1.764836976890709	58.807
420.0	1.5575023856703814	416.347
420.5	0.2948452702711994	461.113
421.0	1.096562401516232	739.306
421.5	2.4275379034348186	20.176
422.0	0.8967040478717813	70.62
422.5	1.5793669146532798	221.021
423.0	1.2958577784970575	1035.817
423.5	0.01941995149783064	1466.181
424.0	4.006733926713724	57.067
424.5	4.077555487572974	87.022
425.0	1.9396030507948716	114.025
425.5	1.756985457627118	90.518
426.0	1.6005527825567083	92.652
426.5	2.010832326105418	30.207
427.0	2.4706376122321547	148.024
427.5	0.41584042116730224	617.574
428.0	3.5101448664678236	30.445
428.5	1.7468311618789696	34.554
429.0	1.356509404686548	38.013
429.5	2.0402687431550506	81.704
430.0	2.009658639069364	42.415
430.5	1.1660057618789412	20.132
431.0	2.3274556040555026	50.359
431.5	1.609327981350167	100.324
432.0	1.169265508845763	598.711
432.5	1.44101417708536	658.093
433.0	0.43272768637024384	961.24
433.5	0.17917065578260655	2059.023
434.0	1.2030789797979924	1209.156
434.5	2.046318446429069	53.854
435.0	1.7040172814269046	42.429
435.5	2.0739978242072543	35.29
436.0	1.5178497397208979	90.508
436.5	2.2220693894416006	374.028
437.0	1.3778197312895946	80.681
437.5	1.7288027236872006	100.819
438.0	1.8232380860699529	130.893
438.5	2.4981818033686403	40.636
439.0	1.6401635108699468	151.094
439.5	1.9817917548256612	86.397
440.0	2.0234293333274893	171.174
440.5	1.4502349569500073	45.505
441.0	2.1094344656079853	222.075
441.5	1.5784547337165333	484.77
442.0	2.4153909899330093	35.321
442.5	2.03137683540171	31.146
443.0	1.8110120198451278	15.478
443.5	2.6259502538639468	80.235
444.0	1.308249861464705	898.089
444.5	0.9419517867675395	958.295
445.0	7.158531267711472	27.615
445.5	2.109696849311493	30.836
446.0	1.7407310419020503	202.058
446.5	1.6560734693574528	70.746
447.0	1.8884024588014146	50.299
447.5	2.325633557207594	24.692
448.0	2.3844656959715933	50.397
448.5	1.2687134934339772	57.283
449.0	2.7166105657692676	100.853
449.5	2.77151543554477	182.292
450.0	1.94428647557838	50.431
450.5	2.5377466760152307	89.829
451.0	1.5161889084924012	182.572
451.5	2.0044205241402584	49.15
452.0	2.008234907863186	101.264
452.5	1.1583455751060134	394.961
453.0	2.2046606038106797	628.364
453.5	0.2606358951274191	3076.703
454.0	5.138469817895821	83.823
454.5	0.9458880382663829	594.979
455.0	4.98101289453554	65.301
455.5	0.40054085667095	539.361
456.0	1.0069276785539467	1044.665
456.5	0.8220810292394161	1044.997
457.0	3.7075883723571676	118.916
457.5	1.659015916595119	36.531
458.0	1.3223852131395688	232.631
458.5	1.6241894398237706	20.111
459.0	1.6314866324672144	70.455
459.5	0.9973042847683558	35.406
460.0	1.40849944331915	70.528
460.5	1.3537282765413163	20.275
461.0	1.8429343916049903	22.899
461.5	1.4804150898170003	36.358
462.0	1.5726188752408468	15.474
462.5	1.1730290934108023	171.099
463.0	2.011381959059193	70.642
463.5	1.349350309178715	14.377
464.0	2.093767564213907	23.141
464.5	1.4809026725869434	60.466
465.0	1.7021330643174577	80.599
465.5	1.3357109226140895	60.497
466.0	1.3313700760608493	26.508
466.5	1.2680899185948287	80.448
467.0	1.9099004528362464	2423.021
467.5	0.48484079813730996	4270.401
468.0	0.1456575557804238	3224.636
468.5	0.09939023607925491	3929.425
469.0	0.12035358888943674	4633.762
469.5	0.6825383233733817	5652.993
470.0	0.5182071200906552	791.114
470.5	1.26713025520318	502.361
471.0	1.03160331867244	507.807
471.5	0.2547846560919338	1876.246
472.0	0.0844265479668413	2434.017
472.5	0.0752495589481086	2993.173
473.0	4.004559236310014	14.753
473.5	2.196987622880717	20.138
474.0	1.537841111955905	87.061
474.5	2.1140301616702346	50.8
475.0	2.183030300891888	100.898
475.5	1.4283643478852184	100.957
476.0	2.108409360885446	110.997
476.5	1.7223745657362564	121.074
477.0	1.52812223535122	23.68
477.5	0.46620154643279227	2435.08
478.0	0.13545837306865363	3018.919
478.5	0.1450597387011368	1668.176
479.0	0.6352406269629529	2708.739
479.5	0.3213369087017427	2722.562
480.0	0.23505554337692963	1727.721
480.5	1.4333559528322244	33.817
481.0	1.7262381462028709	100.645
481.5	1.631089833626263	170.983
482.0	1.496607500640374	50.347
482.5	1.635822140576509	16.122
483.0	1.8767437294964804	100.556
483.5	1.617002025758779	20.435
484.0	1.8123781800089083	20.296
484.5	2.001177945227832	21.373
485.0	1.7593019167763573	80.583
485.5	1.943831888062339	157.186
486.0	1.7663949191542017	126.205
486.5	1.9383778528252382	50.43
487.0	1.7926924889227447	293.11
487.5	1.7982440686961203	508.449
488.0	1.71091999075684	121.062
488.5	0.8826526925524806	409.279
489.0	2.6994893561333764	40.252
489.5	0.021619294631318505	111.675
490.0	0.7660864232519529	538.845
490.5	2.3307651927661808	90.54
491.0	1.5596007914960492	67.964
491.5	2.288583209227868	47.716
492.0	1.3389447578977862	106.138
492.5	1.8175847155207423	70.514
493.0	2.0212300684017728	70.493
493.5	1.673182855457931	282.257
494.0	2.370832452977231	90.741
494.5	1.3296806751737749	17.193
495.0	1.4658257812626396	110.806
495.5	2.2107198063989455	120.824
496.0	1.5339753597878631	50.477
496.5	1.718659584256465	16.709
497.0	1.3823796134205673	120.929
497.5	2.542807726443442	35.335
498.0	1.814429690886648	100.657
498.5	1.9823331418860304	60.442
499.0	1.4213434520098045	110.516
499.5	1.7996584651228777	30.554
500.0	1.3809377968191654	100.435
500.5	8.376747200895544	48.495
501.0	4.111270769074772	100.911
501.5	1.2874834674789195	408.45
502.0	0.45572408096934147	660.002
502.5	0.34158716792054933	1003.43
503.0	0.6683413947014876	1022.024
503.5	0.6925299393178972	976.199
504.0	0.8988659375640414	517.893
504.5	2.2717189768510155	348.751
505.0	1.4936442385495348	350.54
505.5	1.9427824353091565	319.764
506.0	0.9450643085984295	540.26
506.5	1.5223762611252858	502.959
507.0	1.2496835987137356	418.109
507.5	2.3273153058962284	20.245
508.0	2.1630247487003733	120.836
508.5	2.6510345031428417	20.339
509.0	2.0992867918020264	70.337
509.5	2.2873764378090518	100.626
510.0	0.9436842380479273	192.782
510.5	2.7999988415652117	65.104
511.0	0.6172347552462355	24.409
511.5	2.7089263437889	50.527
512.0	2.0930968348702654	303.023
512.5	1.7829714267013046	121.341
513.0	1.4528576828544266	176.57
513.5	2.5995047078100333	30.271
514.0	1.4106701907716317	70.407
514.5	1.4516354655875168	100.646
515.0	1.2677950622621148	90.617
515.5	1.8578056165727104	120.798
516.0	1.564693488464203	20.068
516.5	1.570492584574599	120.622
517.0	1.1372922330549458	50.083
517.5	0.9710036423968135	1022.747
518.0	3.036247316800519	285.907
518.5	2.815035541715053	26.55
519.0	1.7776677505893435	16.609
519.5	2.549806529107725	50.266
520.0	1.7103422297929005	24.231
520.5	2.274789077081102	21.048
521.0	1.4419612911815387	70.724
521.5	2.2779714129806052	24.949
522.0	0.9005389625558057	48.388
522.5	4.5085439582304545	18.809
523.0	1.7476180809113018	70.384
523.5	2.0702369212563085	60.364
524.0	1.0068011597736986	34.916
524.5	2.000983305802997	50.396
525.0	0.8227123816855205	80.625
525.5	1.5627131364172697	88.496
526.0	1.8077098504638582	100.641
526.5	1.819811398880305	84.13
527.0	0.5614011448493775	1098.967
527.5	0.6229949292524645	1351.34
528.0	0.4626768846723093	1326.265
528.5	1.313434243517602	1536.876
529.0	2.8011090676217756	354.539
529.5	8.176379535658178	59.976
530.0	1.0904609159069798	522.419
530.5	3.015282422368263	17.625
531.0	1.9789244541577409	15.505
531.5	1.6084335105655228	60.443
532.0	1.083226053436892	120.672
532.5	1.8640061998142166	90.961
533.0	1.468134798691963	65.305
533.5	1.9687026085499701	63.482
534.0	1.9926288173928963	120.745
534.5	1.3953788004171628	222.725
535.0	2.4877368003188165	60.61
535.5	1.3822833345322563	70.404
536.0	2.117761054062288	80.641
536.5	1.3476531161837773	18.632
537.0	1.8879727487564093	50.375
537.5	1.4995428798399382	70.412
538.0	2.2151600258066946	70.563
538.5	1.4305017988061208	19.796
539.0	2.202058571439861	80.489
539.5	1.5408772624079092	100.685
540.0	1.009426114144734	120.807
540.5	3.8934938442976796	60.358
541.0	0.8090001289653423	90.662
541.5	1.501902425186407	161.933
542.0	1.0160294031554007	26.412
542.5	2.342162027846953	30.447
543.0	0.8980400004425249	15.972
543.5	2.030234354067888	80.51
544.0	1.2356428209933996	18.336
544.5	2.0617591722289146	18.664
545.0	1.2188667271894924	39.035
545.5	1.793174620578635	18.378
546.0	5.4966145043075265	70.505
546.5	1.2638571230970284	44.674
547.0	1.7611394949436838	90.658
547.5	1.2765277398233992	60.469
548.0	1.850163666439512	23.812
548.5	1.4028131846564198	100.631
549.0	1.8363864193030688	150.938
549.5	1.5194175815640354	39.68
550.0	1.4533341993796423	60.426
550.5	1.6519480270617795	80.825
551.0	1.8462809489053877	80.583
551.5	3.5275292074952165	80.65
552.0	1.147581455284386	90.521
552.5	1.8918391738067488	40.398
553.0	1.596320829082927	172.196
553.5	0.6285304742719652	375.776
554.0	1.293175676493048	1178.831
554.5	0.9791686195212549	1809.964
555.0	0.14043267979000063	1954.785
555.5	11.383567618240937	2036.645
556.0	1.3664408582759289	479.257
556.5	3.38016414595029	59.944
557.0	3.8378856781137234	95.222
557.5	4.188131964424097	97.067
558.0	2.2081076112879465	70.523
558.5	1.2502987707842959	291.982
559.0	0.8914179226665299	880.085
559.5	2.0374474061813586	526.25
560.0	3.1293777689688786	70.518
560.5	1.7280408737175466	39.925
561.0	2.591091844197993	70.531
561.5	2.1669830566121	70.453
562.0	1.4612838672325135	81.534
562.5	2.371400995761919	70.571
563.0	0.9563067718062479	161.558
563.5	2.6830810701171433	134.697
564.0	1.023607740617251	120.819
564.5	2.506519097936445	90.632
565.0	1.8927466255193708	42.262
565.5	1.594569075998764	90.502
566.0	1.2815855357864052	120.834
566.5	0.8039717628796772	789.436
567.0	2.8338113959548727	27.802
567.5	1.150478166858452	120.911
568.0	0.33767861347000455	106.078
568.5	1.4554798300019032	118.363
569.0	0.5928124580542806	34.171
569.5	0.9858097330646399	110.28
570.0	1.342546621088543	171.318
570.5	7.386970221367899	25.322
571.0	0.7775924323998296	111.109
571.5	2.6075484147879284	70.625
572.0	0.3933533164163108	118.983
572.5	1.2727580750618548	112.448
573.0	2.5048039395695176	184.439
573.5	0.9544767536490788	21.474
574.0	1.6073992852673469	108.368
574.5	0.6613458595580256	70.549
575.0	1.3269198178334056	104.136
575.5	0.7868526298059633	15.938
576.0	2.0129344016558557	80.737
576.5	0.8089420086363646	34.35
577.0	1.675992019956444	15.697
577.5	0.6383003653313616	103.336
578.0	1.557715237004974	36.206
578.5	0.7517212959965389	20.449
579.0	1.5695086108682004	101.932
579.5	1.8207405739872526	60.472
580.0	0.5952398433789566	100.05
580.5	1.1838687987671415	120.754
581.0	0.8791933583850795	20.898
581.5	1.8237912346210188	131.24
582.0	0.6358631309749402	25.818
582.5	21.541524725741034	26.881
583.0	1.6476609372742705	100.737
583.5	1.8650397818786513	30.091
584.0	1.2039855771904757	100.448
584.5	1.746618613133906	26.391
585.0	0.6236098578642821	120.83
585.5	1.2625752007532052	24.601
586.0	0.6255447314883441	28.789
586.5	1.518819548391789	16.711
587.0	0.8938806510215168	70.591
587.5	1.2934963987269	100.858
588.0	0.6889698261562811	66.557
588.5	1.7347983829501084	84.833
589.0	2.127116829584122	61.788
589.5	0.6769298096597388	118.635
590.0	2.1341617087968863	116.707
590.5	0.947886880652246	181.321
591.0	2.1173448698847652	25.578
591.5	0.7912663096959914	90.651
592.0	1.6432859521482703	80.642
592.5	4.646223772380606	70.872
593.0	0.6023670896128194	121.552
593.5	1.4729739079050044	20.246
594.0	0.6940639589425674	41.544
594.5	1.503538484019639	110.804
595.0	0.6191140873410854	19.587
595.5	2.276673786313268	120.753
596.0	0.5348973444868531	15.202
596.5	2.025115519751893	15.094
597.0	1.4564499186066013	17.546
597.5	0.7560469441536101	30.36
598.0	0.32314191933410463	2826.747
598.5	10.241909186010915	24.661
599.0	2.3768530253014037	70.655
599.5	0.8280883377175896	191.784
600.0	1.0846468105200535	616.856
600.5	0.6733973335008857	569.912
601.0	0.8069741242574983	1096.645
601.5	3.68336303180099	44.219
602.0	3.7974708911751285	55.473
602.5	6.238002110429485	20.217
603.0	1.5331801435234615	14.89
603.5	0.7202293903312237	107.678
604.0	2.397373050407653	14.962
604.5	0.730770876355928	100.632
605.0	1.8942625795828179	20.868
605.5	1.7474978183830419	33.98
606.0	0.1238326407147385	1379.516
606.5	0.14346473276711355	2859.511
607.0	1.9767879015308036	238.907
607.5	3.434979221554788	60.332
608.0	1.738738461975334	38.217
608.5	4.14631401336222	122.872
609.0	3.3266116522710747	20.349
609.5	3.2078737668138255	297.733
610.0	2.1336772703192164	276.379
610.5	2.330803446346183	241.213
611.0	1.8251551659496197	61.745
611.5	2.3568455040007934	151.107
612.0	1.7055476626117196	40.344
612.5	0.9314420724193103	71.083
613.0	2.2084167252897267	20.185
613.5	0.9278848768532492	110.854
614.0	1.5513990388759218	97.582
614.5	1.2431057721730272	36.663
615.0	2.511212701527684	70.324
615.5	0.6329343142214131	32.032
616.0	2.3595723321008326	60.397
616.5	0.7612155771514091	70.848
617.0	2.3222689259109917	603.205
617.5	0.9617495810465334	707.273
618.0	2.872883936150568	715.592
618.5	2.632793826002447	495.07
619.0	2.4923665511744093	100.913
619.5	1.3835930749552356	17.302
620.0	2.538559233593705	60.43
620.5	1.3784712261388257	15.049
621.0	1.8101457634158835	16.962
621.5	1.8029368357318682	115.554
622.0	2.1912716393210956	20.044
622.5	1.334403828911386	1882.663
623.0	4.264474064456094	335.868
623.5	3.7180034290668367	346.024
624.0	1.8911696925015247	265.524
624.5	0.7926911036497868	151.659
625.0	2.0767684357786913	70.726
625.5	2.114521409351311	72.701
626.0	1.7851091917164628	80.189
626.5	0.9885818284534943	80.548
627.0	1.5508674962428968	20.337
627.5	0.9816681365568176	24.934
628.0	0.8534960968481257	1513.309
628.5	0.5640425153978804	1983.58
629.0	0.5963423423969991	2243.73
629.5	0.13516869677528945	2361.074
630.0	0.8609495536167674	2359.389
630.5	0.54319772960002	2442.54
631.0	1.6079218578900083	130.865
631.5	2.017326901271295	70.577
632.0	2.188221398013044	20.11
632.5	2.0837132131523557	40.304
633.0	1.3795866639675527	70.521
633.5	1.9680070727331442	20.125
634.0	1.3930608178442687	37.972
634.5	1.2798411077445493	20.14
635.0	1.694368550927214	15.095
635.5	2.2625635448901433	151.269
636.0	1.691573448175051	50.4
636.5	1.3879932215326507	50.479
637.0	1.2892973671173082	90.794
637.5	1.9043697560723873	120.885
638.0	1.9654258573544992	92.697
638.5	1.453855807964314	202.241
639.0	2.325224815813287	40.415
639.5	2.0155905204987836	40.397
640.0	1.9950938833336416	70.384
640.5	1.4142836022473426	857.567
641.0	1.9897033103872648	15.645
641.5	1.7972681801016173	70.474
642.0	1.6537351146392265	36.497
642.5	1.8892647677160224	50.261
643.0	1.2347426320062829	70.396
643.5	1.9830346594072024	154.341
644.0	1.962813317327984	44.077
644.5	1.3734703270189923	53.871
645.0	2.0413004258045935	23.89
645.5	1.4310929672855528	29.107
646.0	2.5180033269454545	1181.344
646.5	2.840192453276917	483.279
647.0	1.435374029611643	646.461
647.5	2.581997734862537	353.085
648.0	1.658864760260752	658.3
648.5	1.8441476313060137	136.881
649.0	1.136971035907707	196.175
649.5	2.1752530471625193	609.695
650.0	0.849082713872777	798.49
650.5	1.8353803567660483	732.868
651.0	1.8486577594456044	1339.32
651.5	1.3763688648743875	1339.32
652.0	0.6981177719321917	923.0
652.5	1.8890408037592596	923.0
653.0	0.958456808729812	838.518
653.5	3.188728433657725	738.229
654.0	6.857742158866884	177.685
654.5	4.774652202087998	288.452
655.0	1.5837751763224956	312.571
655.5	2.078590858704226	434.597
656.0	2.033734475748479	687.977
656.5	0.1777718232346354	687.977
657.0	0.7657791636891224	2600.05
657.5	0.13861869973561303	2934.1
658.0	0.13490607770077195	3394.317
658.5	0.5827431498060057	1176.501
659.0	1.900450950615013	462.0
659.5	1.916408437262036	294.499
660.0	0.6544741442462869	1144.374
660.5	2.7009712282107374	276.928
661.0	8.113129976375923	86.452
661.5	0.6370163134134244	692.244
662.0	3.704106534857865	28.475
662.5	0.5405566528270568	920.38
663.0	2.8581248829091197	40.315
663.5	0.7560587476005448	935.411
664.0	1.2855651504478722	110.857
664.5	0.5797210288376453	935.411
665.0	1.9740351311749038	121.032
665.5	0.9723475987994518	794.653
666.0	4.297250856337389	89.799
666.5	2.108757079139566	90.703
667.0	9.553133450094666	93.928
667.5	1.5947188166974346	111.031
668.0	1.5091693623284652	74.969
668.5	1.4854038105679248	29.845
669.0	1.63923475902302	24.228
669.5	1.0824434048617158	100.326
670.0	1.056215209355069	90.481
670.5	1.7911947505025698	131.369
671.0	1.5457013203873904	70.414
671.5	2.4114410649238467	74.558
672.0	1.9334090499532792	50.285
672.5	1.294486393042093	40.752
673.0	2.3352216578924754	74.091
673.5	1.5439881687464592	110.577
674.0	0.23833790592351073	1092.912
674.5	0.06236428440533745	7694.151
675.0	0.051915257694015136	10857.301
675.5	0.2005973853226207	13355.459
676.0	0.43691038186755715	18202.051
676.5	0.12636641704064033	18202.051
677.0	2.0456240870613467	14.238
677.5	1.9982823988414677	18.79
678.0	1.2205258073658638	120.81
678.5	1.5198766178540624	18.76
679.0	1.576983732108222	50.408
679.5	2.1028862512549145	69.301
680.0	1.6478106830567463	58.963
680.5	1.1095865007841663	20.222
681.0	2.065673420782663	38.437
681.5	1.4835542232744083	36.755
682.0	1.678511531806742	50.265
682.5	1.0940457568403608	40.402
683.0	1.5777545357567497	50.456
683.5	0.916378061042866	17.252
684.0	1.7378577737975538	26.559
684.5	1.5354571611282641	20.569
685.0	1.8274530485277947	120.832
685.5	1.8494481572800376	70.423
686.0	0.9835862945067299	110.773
686.5	1.4776016785183106	40.042
687.0	1.440787127609514	116.197
687.5	0.7015093382298925	706.653
688.0	0.569058151575828	941.768
688.5	7.336471244386513	60.643
689.0	1.6787533921068996	158.561
689.5	1.6114715205841632	16.031
690.0	1.8617925469577583	91.955
690.5	1.8726554256709418	60.693
691.0	1.7399717376834958	15.086
691.5	4.195491443591323	330.081
692.0	2.7737603825981876	296.443
692.5	1.4181501317516132	63.723
693.0	1.4274125027417979	18.381
693.5	1.1958344914036856	18.954
694.0	1.3882565645931437	31.338
694.5	1.9534446225890891	50.059
695.0	1.0504119596225672	110.785
695.5	2.1744414809225265	70.415
696.0	4.151878109239905	78.442
696.5	4.237088098247903	120.664
697.0	1.7185514254962568	80.642
697.5	2.186733508723501	80.518
698.0	2.0709929668489013	41.166
698.5	1.812267552644451	90.641
699.0	1.9139397159113387	21.837
699.5	1.4152300597973315	90.67
700.0	0.4604598896732779	1226.484
700.5	0.4530729880283148	1291.497
701.0	0.8861142959751134	1395.818
701.5	7.440981556687965	67.353
702.0	2.055249535621445	99.809
702.5	2.236721783956474	76.043
703.0	1.483634687210319	100.919
703.5	1.2986019647503526	80.529
704.0	1.9541345003328106	100.581
704.5	3.3870491550067614	199.972
705.0	5.282921600714014	70.554
705.5	1.5190952890077143	103.464
706.0	2.1763049343691363	80.546
706.5	1.2386335246929303	40.268
707.0	1.610294350691441	102.317
707.5	2.205554596177975	20.263
708.0	1.7338029082725679	80.237
708.5	1.3011221674990077	18.715
709.0	4.906005698371982	110.859
709.5	3.0306922957459546	464.491
710.0	2.3354583195881715	40.276
710.5	1.3510688269496662	100.775
711.0	2.0971718626103133	30.251
711.5	1.6417867597186617	18.223
712.0	2.305614409245254	111.076
712.5	1.9105064198780843	16.999
713.0	0.6153648129723666	1173.762
713.5	0.6525728978087904	1563.174
714.0	0.20835962491265037	1882.597
714.5	0.4215951939153691	2208.147
715.0	0.45198539743876553	2208.624
715.5	0.5262798465868574	2232.191
716.0	2.0709941012674986	38.769
716.5	1.3809971919463433	20.315
717.0	1.9066768986879161	14.715
717.5	1.7101311610764733	20.228
718.0	1.4672451482784343	50.437
718.5	0.9695356074984013	22.278
719.0	2.3763872262743497	33.641
719.5	1.8738202112865152	90.577
720.0	1.6563380217353574	20.311
720.5	1.6403064643338787	50.472
721.0	1.424949616089656	28.165
721.5	1.074911893681785	100.504
722.0	1.8402031226551452	104.735
722.5	0.9627024704792086	20.118
723.0	2.1201885994940532	100.709
723.5	1.6122910616876742	70.544
724.0	0.9162589648157694	110.764
724.5	2.271373256948427	110.718
725.0	1.4355193899590717	100.627
725.5	1.9367373531354282	40.048
726.0	1.5859520843398096	868.808
726.5	0.6409533989691084	992.796
727.0	0.7120428864226191	1304.634
727.5	0.633754161345418	1419.902
728.0	0.4991559855417972	1630.821
728.5	7.630578570387236	39.367
729.0	1.7858273388118173	20.086
729.5	1.6150666931462359	299.316
730.0	1.4803471399242625	72.671
730.5	1.624679184748039	40.278
731.0	1.421148970225403	70.423
731.5	1.4765960956464101	100.806
732.0	2.7448364039820565	47.771
732.5	1.555962994218528	50.492
733.0	2.018197612012683	80.539
733.5	1.4500198231719421	80.611
734.0	1.7267191636010426	212.095
734.5	1.0708512820441536	75.898
735.0	2.8095369274380704	80.546
735.5	2.3129178029271324	110.621
736.0	1.792497030849299	37.474
736.5	1.7113565088125093	25.635
737.0	1.3006768728083307	49.687
737.5	1.6444198703141921	26.197
738.0	0.10627758151368571	1928.884
738.5	0.28824088290020417	2608.628
739.0	0.17387379965952673	5492.087
739.5	0.9280939970945536	5777.328
740.0	0.7395363527631602	1001.661
740.5	0.7465990780059494	1269.406
741.0	1.2183305184930227	26.77
741.5	1.6229790624648022	90.704
742.0	1.209610191566886	100.718
742.5	2.541344652131357	90.606
743.0	1.735948389656335	110.738
743.5	1.7838275388380862	100.607
744.0	1.6949483045641578	100.459
744.5	1.223358642645639	70.509
745.0	1.8122804401277885	30.847
745.5	1.525859471901489	50.556
746.0	2.0352070208865465	19.081
746.5	1.2713929459224564	49.58
747.0	2.1483146964172994	34.315
747.5	1.7575149490493938	70.541
748.0	2.057981145106136	50.948
748.5	1.298144846568529	100.823
749.0	1.9845159696677965	50.329
749.5	1.6295428636098404	100.723
750.0	1.9480703655485991	151.906
750.5	1.0193661218134689	702.294
751.0	0.6101721277894951	896.59
751.5	1.8570752263354733	480.453
752.0	4.873141124696232	32.192
752.5	1.6575036928215472	39.896
753.0	1.6710164027417578	192.148
753.5	1.5875634415692377	46.075
754.0	1.2614157538757518	90.646
754.5	1.3038880496810998	100.936
755.0	3.7112555626580264	50.419
755.5	0.5053144500405176	17.889
756.0	1.9231879649129882	17.142
756.5	0.8577953672298833	42.9
757.0	1.686188978068986	19.002
757.5	0.9263206259506329	70.505
758.0	1.0816724354135396	50.54
758.5	1.6537524055189077	100.832
759.0	1.736053775003751	50.522
759.5	3.629194499950424	58.443
760.0	10.294256019056995	48.947
760.5	5.851942554151651	272.228
761.0	1.2194836151434185	454.997
761.5	0.9239273458050168	1283.78
762.0	1.0155301247241895	1545.721
762.5	4.587325562873702	64.705
763.0	4.678817663672154	80.705
763.5	1.8236332801785715	90.516
764.0	1.741315856602891	20.283
764.5	1.5154560454715833	62.233
765.0	0.9504002190364909	131.898
765.5	1.0712175035788796	769.195
766.0	2.261023941561627	88.935
766.5	4.298368202579358	90.721
767.0	1.6484184111293414	100.864
767.5	1.8126515617149566	171.29
768.0	2.4165444884846887	53.272
768.5	1.4275106691138273	47.544
769.0	1.883987667026576	42.764
769.5	1.5305893381553735	151.606
770.0	1.3965529504688108	41.894
770.5	0.14270035409635556	292.94
771.0	1.98763014478124	502.175
771.5	0.4152491022856315	554.155
772.0	0.6415434730972499	221.888
772.5	0.6563019778029848	393.133
773.0	2.5386060896247793	141.458
773.5	2.0214656161057154	104.763
774.0	0.4349573335033974	120.943
774.5	0.5187206781434445	171.472
775.0	0.150803163995985	190.084
775.5	0.885396738948569	161.825
776.0	0.5873108685801317	120.971
776.5	0.740280516739661	201.479
777.0	0.9186243748960312	180.722
777.5	0.8600425051587968	100.731
778.0	0.8120663720515999	100.706
778.5	0.678654917565414	130.93
779.0	0.43474257072125766	160.107
779.5	0.5341695371230338	123.889
780.0	0.5527258918914691	100.759
780.5	0.4076818744093308	141.017
781.0	0.7596738806955783	181.597
781.5	0.7113686534842517	74.169
782.0	0.6397566140288693	241.799
782.5	0.9405211212040909	83.378
783.0	0.791743040286431	150.798
783.5	0.25857462430011735	196.734
784.0	0.7864310278277492	108.044
784.5	2.7366454824451947	107.918
785.0	0.6162641116509311	100.795
785.5	0.441124987018963	185.716
786.0	0.474395617696216	140.934
786.5	0.5729722213016848	84.104
787.0	0.2552222118084189	150.913
787.5	0.47005565622334233	111.274
788.0	0.1273553919558888	119.982
788.5	0.35842655757635744	143.792
789.0	3.068819484304488	80.803
789.5	0.8627210472077239	112.555
790.0	0.33846723860802147	131.323
790.5	0.6123878868243279	161.168
791.0	0.7985465937179125	111.206
791.5	0.4090672885029875	120.804
792.0	0.38577795954543953	140.906
792.5	0.18333751108328336	150.696
793.0	1.4085629989662027	90.73
793.5	0.38589869219759415	85.999
794.0	0.5034067628470337	141.12
794.5	0.5732254368142239	229.212
795.0	0.3497661754656779	224.412
795.5	0.35364234956460994	403.038
796.0	0.5908572533994523	121.221
796.5	0.6255243306182696	121.442
797.0	0.5864796683905653	151.265
797.5	0.4796387120774786	121.923
798.0	0.6823141673530614	180.867
798.5	0.8312596706552455	1259.772
799.0	0.9252138991196667	551.1
799.5	0.7011147221266536	80.724
800.0	0.9470673390851303	147.62
800.5	0.6217053563454203	71.873
801.0	0.6823048873129531	77.284
801.5	0.8037265268744379	141.379
802.0	0.7057868371980991	120.834
802.5	0.4537395945982873	140.706
803.0	0.5567571169515521	259.69
803.5	0.446184523127604	164.493
804.0	0.5735947034260249	1629.975
804.5	0.5481153420592171	1629.975
805.0	0.13626076325898406	1629.975
805.5	0.7021379292200087	2009.859
806.0	0.6148457258939659	2440.132
806.5	1.011118009369357	2440.07
807.0	0.09866669926958739	2440.07
807.5	0.2991086104485594	2440.07
808.0	3.642791550449077	178.396
808.5	0.8335823375156551	69.389
809.0	0.4999065338827796	121.251
809.5	0.5212794373356298	100.901
810.0	0.6682116331684038	100.725
810.5	0.29865846833382537	151.217
811.0	0.3347905857799114	141.062
811.5	0.7568754685339909	141.086
812.0	0.40358135341247814	76.632
812.5	0.3819484718480708	82.338
813.0	0.6897196452133838	120.776
813.5	0.3930779767985931	211.409
814.0	0.4590990903386944	132.589
814.5	0.5201417983399856	99.589
815.0	0.38623243935704277	115.065
815.5	0.5743402270881001	129.332
816.0	0.5006142815182891	211.85
816.5	0.32278666919320265	188.958
817.0	0.4392892935058218	143.262
817.5	0.7089818274507712	252.143
818.0	0.42236485795169276	173.052
818.5	1.0695432314017321	191.008
819.0	0.4349579433547125	244.567
819.5	0.986453234020902	159.509
820.0	0.8041274257522106	100.514
820.5	0.5812770450183999	136.916
821.0	2.4253318762932405	99.165
821.5	2.1795871020122144	81.191
822.0	0.6183856005610149	121.311
822.5	0.6789027700645921	151.305
823.0	0.49146736724898404	161.174
823.5	0.4884592866915348	120.862
824.0	0.7151142006552417	58.794
824.5	0.6901068280175193	81.897
825.0	0.04476216400079512	69.164
825.5	0.46266281978345386	65.005
826.0	0.27190998484277845	150.662
826.5	0.370602874661118	151.299
827.0	0.16108483287090417	763.592
827.5	2.8338641126803106	230.012
828.0	2.6208250854952557	120.539
828.5	0.31463175334437105	186.082
829.0	1.722584502187576	129.614
829.5	0.7318929698401827	74.318
830.0	0.5783276398039883	88.443
830.5	0.2532753652860435	94.919
831.0	0.22269173612608628	191.135
831.5	0.5564471099743306	86.389
832.0	0.34229497653140784	191.28
832.5	0.4585787306580819	120.931
833.0	0.31477513699255816	72.815
833.5	0.761483434203926	201.699
834.0	0.9111987748416208	100.928
834.5	0.8123364489692466	133.394
835.0	0.3142347938067002	149.005
835.5	0.06473511236809455	264.685
836.0	2.9308106593335888	134.665
836.5	1.5418215372223882	155.565
837.0	0.3162972954248868	242.006
837.5	0.293161401513511	87.889
838.0	0.4923600416975163	92.325
838.5	0.4001086860339836	151.607
839.0	0.052719106424585264	206.427
839.5	1.3403817259789041	117.458
840.0	0.36715933254315636	91.837
840.5	0.5118376979026681	95.146
841.0	0.3803689364941494	241.749
841.5	0.49293931231003163	146.48
842.0	0.2335395304503584	132.438
842.5	0.5159219388908619	126.433
843.0	0.4731373960725988	91.873
843.5	0.46623547480173433	147.234
844.0	0.010881650674644534	84.297
844.5	17.60939061177513	84.297
845.0	0.009952415381333606	123.763
845.5	1.890324729920536	450.05
846.0	1.865771793734734	170.158
846.5	2.1601645381412755	141.139
847.0	0.8687655479539765	134.757
847.5	0.6557010787601804	159.96
848.0	0.3149506739979934	76.458
848.5	0.9183051843039088	191.745
849.0	0.3572738574420209	87.655
849.5	0.5351197075028957	151.051
850.0	0.7928769872979718	96.631
850.5	0.4757909690008596	130.966
851.0	0.4807325393802296	171.006
851.5	0.41242255522111065	202.713
852.0	0.6996604648141806	110.753
852.5	0.4075661382676776	131.726
853.0	0.5431927836688506	161.122
853.5	0.8141383127503684	182.72
854.0	0.6724452398713193	126.524
854.5	0.47297264274667683	82.132
855.0	0.5756193309848756	168.987
855.5	0.4190806205634205	134.397
856.0	0.5365098631727424	88.493
856.5	0.8050037580608044	104.37
857.0	0.4872092390221644	131.017
857.5	0.02855618584763861	212.667
858.0	0.17460297791927215	212.667
858.5	0.622904955311996	125.107
859.0	0.49999104438764735	100.728
859.5	0.5760282542637118	112.89
860.0	0.798120891781481	151.078
860.5	0.39685267347253894	81.311
861.0	0.5499133252769748	78.22
861.5	0.5368570346499937	113.923
862.0	0.3551508716160313	99.547
862.5	0.5321357610929793	171.186
863.0	0.4903193692419669	252.146
863.5	0.5295101065463909	165.507
864.0	0.5088701271375828	130.12
864.5	0.36969042586241657	104.144
865.0	0.6923539797297692	131.158
865.5	0.34971941222398695	241.623
866.0	0.4812004218070208	88.666
866.5	0.5476207955865999	102.077
867.0	0.5594495816982376	87.547
867.5	0.5316464161172039	191.215
868.0	0.8423733201517242	90.67
868.5	0.45121069375712936	91.522
869.0	0.6628505955583955	145.35
869.5	0.6471554314553873	79.53
870.0	0.5752544034901927	64.018
870.5	0.4320185839127113	211.291
871.0	0.5809510382552724	153.766
871.5	0.37697189050241603	108.488
872.0	0.3396278979717838	131.197
872.5	0.010425005107376923	189.946
873.0	0.13285669911894654	189.946
873.5	0.6851072311771369	64.979
874.0	0.6208417171285083	90.742
874.5	0.593419175314826	133.585
875.0	0.33947353883148	373.333
875.5	0.6136419685459746	776.992
876.0	0.7353910941323071	1401.876
876.5	0.15568154938607826	1401.876
877.0	0.13873329073341378	1401.876
877.5	0.6613911358540497	2966.555
878.0	0.17724887688914107	2966.555
878.5	0.14478836269762202	2966.555
879.0	0.07589270981582992	8162.369
879.5	0.15451704147717954	8162.369
880.0	0.08179705185683382	13247.32
880.5	0.14508727402947602	13247.32
881.0	0.13780898874397055	96.21
881.5	3.155890233678975	150.484
882.0	0.8683672371671508	293.063
882.5	0.7388171007468017	755.544
883.0	0.526297222169047	756.316
883.5	0.3487463258581219	1128.175
884.0	0.18172416135495045	1385.015
884.5	0.15717129328765753	1803.071
885.0	0.13424239281188832	2111.599
885.5	0.11473091918654153	2710.322
886.0	0.18781210168336646	2949.986
886.5	0.13143170973957427	2949.986
887.0	0.020054606024823927	3119.962
887.5	0.6317346456732267	3610.155
888.0	0.28419823932225274	200.0
888.5	0.5358367689236926	120.895
889.0	0.31685213013468716	77.5
889.5	0.6342108216237774	172.488
890.0	0.6087997585465834	110.953
890.5	0.4679505422577907	100.657
891.0	0.44957176986983444	322.476
891.5	0.6320433536828532	91.507
892.0	0.34684114700230534	117.045
892.5	0.6895056553744203	313.475
893.0	0.28616702903816454	553.401
893.5	0.6133974965912067	197.555
894.0	0.40177418911229196	131.014
894.5	0.8086551531225851	211.522
895.0	0.7548933564983815	635.986
895.5	0.45265282162906945	655.943
896.0	0.577758396004889	91.929
896.5	0.5804248867984776	87.859
897.0	0.41742901593415016	112.225
897.5	0.6909989839655962	141.294
898.0	0.46151345205928207	191.427
898.5	0.47723704693281166	101.305
899.0	1.0712652447744528	201.688
899.5	0.36560985858179235	171.287
900.0	0.557064141073638	594.672
900.5	0.6212109795496816	510.877
901.0	0.49813331772459263	171.334
901.5	0.1708769463703276	101.349
902.0	0.1654928088279772	101.349
902.5	1.4116343335298585	95.608
903.0	0.7868889897182859	171.062
903.5	0.4401827771025975	80.617
904.0	1.0595397577947718	212.375
904.5	0.5568584061325909	276.4
905.0	0.46516409768555234	201.699
905.5	0.7579466959543493	292.582
906.0	0.56831396581479	373.47
906.5	0.5420233700254967	85.618
907.0	0.05976086418525539	194.074
907.5	0.13290957491210284	13.299
908.0	6.203520459132902	10.968
908.5	1.7092038620990555	36.626
909.0	1.7931230419031898	110.632
909.5	1.8299998527368013	50.485
910.0	2.1652041233147776	40.318
910.5	1.6784832548269621	80.695
911.0	2.0864750092373288	80.478
911.5	1.7664541308925166	20.179
912.0	1.8919844061685773	70.664
912.5	0.17756160061843218	139688316822.128
913.0	1.4759537920180585	90.524
913.5	1.8167149484174392	11.23
914.0	1.9647450875733212	82.842
914.5	2.2477544197180417	70.933
915.0	1.6423432874929262	84.054
915.5	1.9313048913236353	80.527
916.0	2.6116488018097916	102.413
916.5	1.5211903810432899	100.623
917.0	2.170145401770119	40.215
917.5	1.6952764109009744	100.812
918.0	2.161158431544101	42.765
918.5	1.7326508220500274	70.468
919.0	1.587317458477813	80.578
919.5	1.6342659159465662	50.299
920.0	2.1606570759881647	80.576
920.5	1.7165309376280284	100.721
921.0	1.5075142251992761	70.414
921.5	1.5007695364920326	11.943
922.0	2.1519353216230375	190.076
922.5	2.2759915542610094	16.792
923.0	1.6300480962739898	37.136
923.5	1.5471485270626955	80.474
924.0	2.3671424622650528	20.123
924.5	1.6727681893986555	50.404
925.0	1.9627042791220473	75.061
925.5	2.416379066189851	52.136
926.0	1.6004295487641158	70.533
926.5	1.5105146782796603	80.638
927.0	1.5097099345109235	10.966
927.5	2.343967315419293	60.386
928.0	2.3082757694156815	105.764
928.5	1.1476067836460622	77.173
929.0	2.4976563144503086	20.138
929.5	2.025146462475216	101.105
930.0	1.6765432412491588	120.873
930.5	1.7157809437871483	80.469
931.0	2.031072798927852	110.722
931.5	2.0612126452452504	111.701
932.0	2.269870019781514	70.672
932.5	1.5539899379357671	100.755
933.0	1.8892522595985353	11.308
933.5	2.270688388505144	64.575
934.0	1.9545910629714294	22.179
934.5	0.7630571431124448	120.802
935.0	1.7829639773166677	100.597
935.5	2.4921199060168586	70.504
936.0	1.7438136313792236	140.578
936.5	1.5732447099661797	23.215
937.0	1.818039282595834	110.858
937.5	2.3994607479729613	51.033
938.0	2.7492438202045513	150.309
938.5	0.7786867866994875	120.814
939.0	2.0389066840121335	20.172
939.5	1.8248818222176195	80.6
940.0	2.1950721435535425	96.628
940.5	1.8711687945189495	50.47
941.0	2.0894385679775267	61.607
941.5	1.6238628362286793	83.271
942.0	2.0421638850725117	105.288
942.5	1.4743453824506239	27.001
943.0	2.1316621938516542	30.213
943.5	1.5994770977576847	63.83
944.0	1.6222210016333747	29.322
944.5	1.578413529322041	60.486
945.0	2.0069832959180594	80.638
945.5	1.9950011625240864	13.362
946.0	1.5719561893545462	90.643
946.5	1.7761259685224038	90.723
947.0	1.6145832811099714	90.882
947.5	2.24737591291469	63.002
948.0	1.8271493765787719	70.521
948.5	1.009951144974252	20.03
949.0	2.166133672250774	37.718
949.5	1.3416992951173885	113.765
950.0	1.826380168545292	130.931
950.5	0.17880272014063495	21.011
951.0	0.33036241552282675	746.397
951.5	4.345545314760027	13.143
952.0	0.4768611044378127	22.312
952.5	0.6981881627300652	50.401
953.0	0.39277986105683826	50.331
953.5	0.39217597223759343	107.604
954.0	0.580050050402488	20.185
954.5	0.5994424383743907	34.589
955.0	0.6641132718666088	100.702
955.5	0.5189023735381848	117.217
956.0	0.45618676900204586	23.113
956.5	0.16314806222337516	5.066
957.0	5.351697913958584	120.526
957.5	1.892035555693872	100.935
958.0	1.479702014733122	90.486
958.5	1.9512324271997925	80.548
959.0	2.080977705264346	18.252
959.5	2.07387711836278	70.161
960.0	1.3874584424781606	10.773
960.5	0.1487712386315066	13.842
961.0	0.15015922260687664	54.743
961.5	3.197531969762337	100.665
962.0	0.13339963535548413	70.541
962.5	1.8177785832585098	100.341
963.0	0.6175036545021717	58.897
963.5	0.17679371033230562	11.321
964.0	1.2394703152655906	8.818
964.5	0.13445949270791233	57.937
965.0	2.400437326165557	94.294
965.5	0.9584720625415561	51.694
966.0	0.17523665218890216	11.347
966.5	8.527405154698963	66.158
967.0	1.912601478753427	50.37
967.5	1.374983883055426	11.487
968.0	2.5273720434051077	50.397
968.5	2.1014456537288484	14.261
969.0	3.0962037624021836	49.864
969.5	1.1394936197249768	80.704
970.0	0.40217966695772195	15.873
970.5	0.5140772928297576	122.873
971.0	0.8008186785477982	80.839
971.5	0.2841336399685257	67.063
972.0	0.7244493317090601	42.035
972.5	0.8850876493270692	90.853
973.0	0.6100319761246783	67.186
973.5	0.48155430933063487	70.519
974.0	0.7091685934627593	140.906
974.5	0.16633372777168015	16.85
975.0	0.831666408616703	142.029
975.5	0.1354967018979094	14.483
976.0	5.003133808440874	17.922
976.5	3.4598139822779745	152.445
977.0	1.7699979707301865	16.311
977.5	1.7416886058047039	13.771
978.0	1.481287265476265	171.579
978.5	1.2130602258492966	130.71
979.0	2.0779272650260587	60.325
979.5	2.6417271141166108	49.076
980.0	0.1675640851868068	49.076
980.5	1.447031230846755	49.076
981.0	4.118347037029956	18.569
981.5	1.7193272032679798	106.694
982.0	1.1407583427453483	110.941
982.5	2.2341791326079252	161.818
983.0	1.2661599193720665	455.199
983.5	0.13750096933797173	455.199
984.0	4.354223386258028	12.771
984.5	1.8993184308591304	20.385
985.0	2.04079513440609	48.138
985.5	1.9137854082214312	60.476
986.0	1.8890558645490374	14.514
986.5	2.040084929061699	80.86
987.0	1.5413617329912084	60.522
987.5	2.6223180335542735	80.577
988.0	1.707295581384408	63.727
988.5	2.327662618439538	20.538
989.0	2.321296279102005	40.221
989.5	1.5708189659287617	40.289
990.0	1.6239110991631704	93.804
990.5	2.1584526327593587	77.384
991.0	1.9488668754956178	80.727
991.5	1.7973412214798876	60.384
992.0	2.2850643740374768	100.499
992.5	2.0742024770182614	13.679
993.0	2.1655103806100846	61.197
993.5	1.3882201406294046	20.311
994.0	1.6104194138022594	60.289
994.5	1.7339367746275856	12.711
995.0	1.8249439931204317	120.91
995.5	1.4284734075193282	60.251
996.0	1.7982132071471832	60.48
996.5	1.466903248854982	20.195
997.0	1.847652299791045	40.326
997.5	1.206607277989039	70.595
998.0	1.6915983778383232	13.087
998.5	2.3155288978948176	20.148
999.0	2.070234797509869	41.779
999.5	1.9341073060354774	60.462
1000.0	2.0174043443393965	80.926
