0.5	0.1370820825263855	9.349
1.0	3.6127937901394027	10.279
1.5	0.17809162149647265	10.006
2.0	10.119219564854564	124.395
2.5	1.8312388315044257	64.094
3.0	2.6020045599697808	20.152
3.5	2.174099973564363	60.164
4.0	2.1112063827577594	70.952
4.5	1.6870998602268312	61.025
5.0	1.4889748197931283	90.628
5.5	2.678709632262083	50.611
6.0	1.5969530961201086	10.42
6.5	2.146365391193133	20.144
7.0	1.8754304674139508	42.723
7.5	1.6429267220170047	110.784
8.0	1.4106749004134367	20.172
8.5	1.8054400305182072	100.578
9.0	1.7932288547554016	13.261
9.5	1.8718706605088375	118.879
10.0	1.553789198650751	12.167
10.5	2.12512632353041	92.443
11.0	2.0350030219106623	70.533
11.5	1.4373991584897214	100.692
12.0	1.7439351296894927	50.449
12.5	1.8283917676681216	90.525
13.0	2.2295844751294145	32.885
13.5	2.3100345987634796	91.48
14.0	1.428561400745888	35.538
14.5	1.9777699453853723	10.635
15.0	2.1994448240895412	50.363
15.5	1.925635578539321	50.406
16.0	1.8817056891021322	40.203
16.5	1.6204825068445452	20.149
17.0	1.5954179298354365	70.376
17.5	2.2177393252799353	40.412
18.0	1.7064201787395723	110.892
18.5	2.1987673417326947	110.545
19.0	2.48124508448369	70.476
19.5	2.036785941735143	100.654
20.0	1.2990257568696493	10.751
20.5	1.7328447172706551	112.368
21.0	2.2958235308476853	114.627
21.5	1.438609178350122	120.773
22.0	2.0486274004104934	50.39
22.5	1.5920329760589405	20.058
23.0	1.3283957367460155	111.557
23.5	1.5141619061446392	106.508
24.0	1.630753783962926	112.354
24.5	1.7345630865058739	100.651
25.0	2.292639996171646	100.551
25.5	1.7552480570433373	11.586
26.0	1.9455533403359921	52.97
26.5	2.0499452827394067	61.379
27.0	2.091537671101036	40.25
27.5	1.806424544206995	70.555
28.0	1.7613152059291226	70.338
28.5	2.0026286486566813	80.457
29.0	2.008987540207717	51.248
29.5	1.364366312437801	95.895
30.0	1.6845039923197507	14.338
30.5	1.6067807322943832	43.415
31.0	1.5969163382722542	40.91
31.5	1.4619235672963413	43.851
32.0	1.8068711060004252	44.3
32.5	2.627912148035695	151.846
33.0	1.289734998842677	70.642
33.5	1.1795317721917122	303.017
34.0	0.6511805981464631	653.824
34.5	1.3408780106056055	90.691
35.0	1.8735065691984873	38.839
35.5	1.5978538185929307	52.304
36.0	2.228559114671242	70.46
36.5	1.508077373849717	130.934
37.0	1.562426794101316	60.411
37.5	1.8963241183134767	14.811
38.0	1.9554800008401287	60.654
38.5	1.736896117292005	20.189
39.0	2.024273543865986	11.684
39.5	1.7854231224330006	110.7
40.0	2.189294214160133	91.417
40.5	1.5444259180713211	74.48
41.0	1.5463544733701102	62.142
41.5	1.9108571860567833	10.191
42.0	1.944634574732505	101.006
42.5	1.1763237398513895	11.602
43.0	1.5841607096071182	30.265
43.5	1.4800680512733995	98.055
44.0	1.848790902066572	90.767
44.5	1.6049156254578671	35.528
45.0	2.5760993435998345	62.89
45.5	1.9083112674166973	120.728
46.0	2.7608315801804117	50.284
46.5	1.7092199704709263	92.83
47.0	1.9600044884808243	120.903
47.5	2.488476672472967	97.528
48.0	2.0016545809169113	80.613
48.5	2.094448077977261	30.19
49.0	1.8688870279192191	90.645
49.5	1.927840213163139	61.802
50.0	1.5705640326713532	60.544
50.5	2.000684459277181	32.977
51.0	1.5695455404810417	140.96
51.5	1.401062275076988	50.228
52.0	1.8540796757107472	70.349
52.5	1.895245768082339	110.438
53.0	2.271923322886036	50.31
53.5	2.0493989136221726	31.164
54.0	1.7075074118319813	70.287
54.5	2.6497046173183083	12.36
55.0	1.8996283835228867	90.818
55.5	1.88700037964069	70.565
56.0	1.0597116155013184	130.923
56.5	2.357996826627959	90.606
57.0	2.5318838977940556	70.499
57.5	1.514896255712245	76.223
58.0	1.9999757724401983	10.433
58.5	2.0011104554938064	101.56
59.0	1.8967526075658687	30.136
59.5	2.2379431407854895	18.252
60.0	1.0476402342802842	41.127
60.5	1.6468925447848037	110.641
61.0	2.3750327331669543	70.383
61.5	2.4478531849824665	111.034
62.0	1.5396505912821308	61.66
62.5	1.7110201378760403	50.233
63.0	1.8117687234572026	67.673
63.5	2.2263511809795964	27.934
64.0	1.4022013437224008	30.183
64.5	2.175209633091858	31.226
65.0	1.7921419804125325	70.402
65.5	1.6423248828941497	48.242
66.0	1.321635216921831	110.866
66.5	1.6541681065518266	101.72
67.0	1.6869860889323378	110.416
67.5	2.0498557998319495	71.581
68.0	1.7450931944593921	12.403
68.5	2.001758604906768	50.16
69.0	1.818855526409814	100.717
69.5	1.9868970265016848	51.616
70.0	2.4322168707456266	30.29
70.5	1.651596979713068	80.579
71.0	1.8305794109680664	50.058
71.5	1.6036178983622702	70.549
72.0	2.4455286202463835	76.974
72.5	2.0711527790660753	69.31
73.0	1.7181799764136343	60.522
73.5	1.4896079612112116	10.614
74.0	1.9399155278556084	40.287
74.5	1.7802012648332033	11.174
75.0	1.6148018377350515	120.875
75.5	1.831221161481615	106.607
76.0	2.1397314186078087	17.73
76.5	2.1127937446529335	30.223
77.0	1.5734121988456349	78.55
77.5	1.9788038192658495	57.199
78.0	1.9462599610598763	20.192
78.5	1.610262847099347	34.529
79.0	2.3278501277844317	93.79
79.5	1.5911244472140134	60.293
80.0	2.3011246193792045	20.112
80.5	1.7632505473341504	70.726
81.0	2.542317914888841	50.382
81.5	1.5236785762626845	70.459
82.0	1.793826759530089	95.424
82.5	2.2059091780980347	50.308
83.0	1.7846156803810416	100.829
83.5	1.9257534734769912	91.702
84.0	2.3637417990274874	120.662
84.5	2.438033691441013	33.576
85.0	1.6441728025966986	30.211
85.5	1.6357219035936799	32.839
86.0	2.0450622854264067	81.786
86.5	1.978312529238962	60.234
87.0	2.2524116332740656	60.439
87.5	1.7080739444697308	92.814
88.0	1.7722388971378464	30.196
88.5	2.075799590668397	30.463
89.0	1.7026271327932436	20.14
89.5	2.2957467592788987	40.199
90.0	1.6562152741367313	110.609
90.5	1.8757236691110941	70.325
91.0	2.0322336541522783	91.697
91.5	1.9179910971335223	32.072
92.0	1.863638698231715	110.716
92.5	2.486584333744128	41.842
93.0	1.6976967829066494	80.546
93.5	2.0857583596005096	40.153
94.0	1.485398338375656	140.958
94.5	1.7564135330908397	105.457
95.0	1.6696779153629733	70.389
95.5	2.2419166114583913	117.827
96.0	2.1266757797867526	18.737
96.5	1.8113254238926877	11.045
97.0	1.3833423453041025	48.685
97.5	2.3137769669289483	131.097
98.0	2.2465771139947526	116.389
98.5	2.2347956979271157	61.431
99.0	1.764003595179734	112.81
99.5	1.9172980353678368	51.411
100.0	1.5817821095288096	110.932
100.5	2.5803446566344843	110.585
101.0	1.5604914509005898	14.6
101.5	1.7560634073522006	100.711
102.0	1.8780538687679325	43.926
102.5	2.321282132348796	152.54
103.0	1.3117743254497478	54.53
103.5	2.2778103671377283	28.199
104.0	1.5611879441701615	80.666
104.5	2.0378748644012417	70.347
105.0	2.3650508433581914	64.924
105.5	1.9588237990896236	90.402
106.0	2.107057787911	52.007
106.5	1.836159239157022	78.416
107.0	1.783414453447839	70.448
107.5	2.2427201654274134	23.667
108.0	1.7321834846198343	110.687
108.5	1.8174730264949428	110.762
109.0	2.4319063598173805	94.652
109.5	1.6718307866177136	40.7
110.0	2.59795439741202	53.955
110.5	1.6417410899389022	63.968
111.0	2.233336521091146	26.702
111.5	1.4898869710394023	111.045
112.0	1.9649512114286927	74.589
112.5	1.8820601469281746	27.132
113.0	2.167509309184192	13.442
113.5	1.8054243525418958	20.159
114.0	2.2621361791456716	60.419
114.5	1.7208027629120684	81.413
115.0	2.159287140470875	70.449
115.5	2.288782652677741	120.612
116.0	1.9908636814255383	20.092
116.5	1.838119634280053	90.684
117.0	1.9793573302791345	50.339
117.5	1.7216052991778503	90.686
118.0	1.8884280414812917	60.455
118.5	1.9173651510082819	60.356
119.0	1.7285469531315683	80.463
119.5	1.6534545487776893	90.674
120.0	1.9484804485035705	34.528
120.5	1.9947342739040441	20.344
121.0	1.9704387489194868	30.223
121.5	1.9280853549972294	42.381
122.0	1.5833214772465347	90.553
122.5	1.5201110275585799	80.482
123.0	2.3497332084937077	37.71
123.5	2.153574054333266	20.222
124.0	2.136437034728082	84.452
124.5	2.2650232389142277	20.167
125.0	2.0296025224456877	42.486
125.5	2.0344003824438457	30.121
126.0	1.8584915547903278	70.537
126.5	2.355524828099054	14.396
127.0	1.720150907699304	60.683
127.5	1.4422012208807935	30.407
128.0	1.8223014834564684	60.324
128.5	1.7721326876925958	80.471
129.0	2.231021621042566	13.891
129.5	1.6680798809081037	23.263
130.0	2.1305844582358193	50.625
130.5	2.050158982717578	120.753
131.0	1.7693955987467038	50.372
131.5	2.51493785817623	60.542
132.0	1.828134258694202	20.251
132.5	1.9632339525466826	42.551
133.0	1.8266971544435708	46.124
133.5	1.8157613654261846	120.751
134.0	1.711831065012741	21.104
134.5	1.7756003201630313	80.594
135.0	1.503183448081718	80.628
135.5	1.923673488188478	40.297
136.0	1.6410668544641185	30.22
136.5	2.3562845366027987	50.899
137.0	1.5679797986913726	35.986
137.5	1.6820654767975254	36.285
138.0	1.753993449877729	100.617
138.5	2.2550086372207785	40.274
139.0	2.072347361876981	80.355
139.5	1.8010987516957315	120.883
140.0	2.3213502717467045	13.178
140.5	2.0018701285834335	30.21
141.0	2.4633994489525883	20.189
141.5	1.221377328761052	61.087
142.0	2.325865629170035	71.989
142.5	1.7315102555875281	110.858
143.0	2.150760235296261	62.439
143.5	1.5643570690233843	20.191
144.0	1.5405925714767308	30.204
144.5	1.8617499198741272	80.519
145.0	1.6481899649739762	100.794
145.5	1.659354587634453	60.403
146.0	2.2526678385679486	40.246
146.5	1.7017522924435207	110.837
147.0	2.1116866092262394	90.5
147.5	1.8636928120940937	50.382
148.0	2.497982488487321	94.78
148.5	1.631655671150228	54.151
149.0	1.8479718104944984	37.4
149.5	1.7968798102230665	91.742
150.0	2.5017152436533032	50.389
150.5	1.7679467403317295	90.571
151.0	1.542838978769931	76.308
151.5	1.9930523993797096	60.202
152.0	2.1289314837684463	30.091
152.5	1.8987479136320644	44.436
153.0	2.224463183392281	82.486
153.5	1.2315980916564073	44.707
154.0	1.9651058694196817	32.935
154.5	1.4872522777488495	19.266
155.0	1.8745107633171418	80.598
155.5	1.5462340578745752	134.731
156.0	1.8019028524860585	32.254
156.5	1.6512014628348193	91.511
157.0	1.9426376613841554	30.233
157.5	1.595464930597423	60.396
158.0	1.96301638220469	40.269
158.5	1.6400736524027912	34.043
159.0	1.3716786063690387	55.398
159.5	2.376834777833745	110.822
160.0	1.5758001693670862	40.256
160.5	2.3715222721380536	34.607
161.0	2.143454493584684	80.372
161.5	1.9708017621702019	120.622
162.0	1.8578596004125871	110.691
162.5	1.759379949858253	60.549
163.0	1.8686975984354235	54.74
163.5	1.784405404519138	11.175
164.0	1.9183349756903723	84.217
164.5	2.1235740542931314	110.798
165.0	2.5263712307256294	50.472
165.5	2.1016366807382707	100.961
166.0	1.4594054828995433	79.322
166.5	1.6538256155012667	66.647
167.0	2.2317172916792476	92.539
167.5	1.9930595972087986	31.359
168.0	1.8545366071344345	40.234
168.5	1.7224367923582729	60.288
169.0	1.5670179666012864	60.493
169.5	1.6140246062347434	90.611
170.0	2.5154696062986774	20.237
170.5	1.5203551051353357	70.561
171.0	2.4158801824279497	20.065
171.5	1.4718150536358523	20.099
172.0	1.4420882519187135	120.795
172.5	1.5407668885678572	90.558
173.0	1.696842481457392	70.441
173.5	1.996117242134787	71.359
174.0	1.5822513129899705	130.792
174.5	1.797677854173477	60.22
175.0	1.8022038139579903	17.679
175.5	1.498551640756142	60.363
176.0	1.7883425052319972	80.383
176.5	1.7691207424813316	111.09
177.0	2.2105544055894635	70.213
177.5	2.2716865281623004	100.77
178.0	2.456261436741273	60.307
178.5	1.9106205683086084	116.975
179.0	1.4588310810387415	110.755
179.5	1.8616521313313044	97.792
180.0	2.567618226086775	20.158
180.5	1.3665192646028972	90.563
181.0	1.6496228831782547	20.114
181.5	2.0253207112715312	90.312
182.0	2.0766816992773856	62.316
182.5	1.6009880697731205	30.265
183.0	2.3618411867406817	70.533
183.5	1.9313660788558245	20.143
184.0	2.0966358545022006	80.389
184.5	1.7761770005111728	57.276
185.0	1.8737003055709704	11.584
185.5	2.3345668596784486	18.116
186.0	1.2904977155182067	110.744
186.5	1.7559928828920328	102.322
187.0	1.6276433881280898	73.266
187.5	2.420046699328407	26.14
188.0	1.6122467877816902	75.837
188.5	2.0612702151738924	110.742
189.0	1.5642576013173763	117.921
189.5	1.9838690074353182	53.75
190.0	1.6407131401278265	90.396
190.5	1.8640640226135288	80.74
191.0	1.6233466310704736	20.363
191.5	1.9261535845288915	101.022
192.0	1.9012138660394	20.012
192.5	1.824493941291063	46.418
193.0	2.017057642259266	14.58
193.5	1.8609396769575233	32.592
194.0	2.2491839787998913	20.266
194.5	1.7309227742368039	15.215
195.0	1.9026426812166246	38.73
195.5	1.6541959492914002	80.772
196.0	2.0048660980734714	80.575
196.5	2.7740993636219207	40.425
197.0	1.9921241716064937	40.869
197.5	2.1580534917435115	62.543
198.0	1.5226269597763749	19.981
198.5	1.8440105864822562	110.732
199.0	2.0973216524749825	60.169
199.5	2.095483443244156	23.247
200.0	1.538751202879599	80.633
200.5	1.9033267819646864	60.43
201.0	1.632438724449344	55.582
201.5	2.0824460113889933	15.448
202.0	1.7361237080904124	40.302
202.5	2.2184509545154576	60.801
203.0	2.2370090909107643	14.532
203.5	1.6238568657318753	32.07
204.0	2.111100088042905	40.198
204.5	1.9697005053633119	112.982
205.0	1.750745182732114	100.596
205.5	1.4812181898291579	141.001
206.0	1.9770556655928606	40.121
206.5	1.9251388807602339	99.473
207.0	2.015598159956528	50.775
207.5	1.5020259834797407	50.266
208.0	2.1650890013079485	80.685
208.5	1.9812807557947518	42.466
209.0	1.7306034688320906	19.976
209.5	1.8614275792447834	90.527
210.0	1.7633427842051195	110.508
210.5	1.8695793703882968	74.164
211.0	1.8935192761299273	23.762
211.5	2.2223661779954464	30.247
212.0	1.6813613428659573	75.177
212.5	1.6944621344067627	60.398
213.0	2.2486649886061016	140.915
213.5	1.542688685465674	90.602
214.0	2.0390730945112723	104.012
214.5	1.283681790802499	82.403
215.0	2.048721391982484	20.181
215.5	1.8826822444863538	45.723
216.0	2.0377021558242907	51.707
216.5	2.2331819076567068	53.466
217.0	1.7969320144349243	14.017
217.5	1.5965935060681609	20.142
218.0	1.884399094222411	80.63
218.5	2.1606730913155694	20.207
219.0	2.0865774257934095	77.94
219.5	1.894104941869218	30.154
220.0	1.953125333044574	13.125
220.5	1.765303569666066	70.471
221.0	2.6832790917813836	90.532
221.5	1.71356589318349	60.211
222.0	1.7841679190548332	50.448
222.5	2.1521934302984547	31.213
223.0	1.3288005723737053	120.861
223.5	2.1746351604588416	100.638
224.0	2.2492661769829274	70.376
224.5	2.342011001217657	40.288
225.0	1.4720959034495107	32.073
225.5	1.7168089591853222	80.676
226.0	1.6403234875609274	100.787
226.5	2.078037173454566	103.19
227.0	2.0876102332598068	91.778
227.5	1.6361533386961649	68.401
228.0	2.2691077377443376	60.518
228.5	2.037426701187782	31.133
229.0	2.0107340751477314	60.335
229.5	2.4417189704381626	90.645
230.0	2.328676699733896	60.484
230.5	2.379757311411561	19.956
231.0	1.9273189853791297	60.404
231.5	2.183778236063603	53.332
232.0	1.5547062222880905	90.762
232.5	1.7461430458844314	70.577
233.0	1.8264705978872529	20.194
233.5	1.5515660911249218	10.478
234.0	1.663597853254728	80.366
234.5	1.9925392750859707	131.097
235.0	1.9663544231215813	80.453
235.5	2.0363870857043613	40.312
236.0	1.8885385556706333	80.719
236.5	2.063691402613119	20.684
237.0	1.6534979168489237	60.411
237.5	1.75981810480885	141.032
238.0	2.3333881262674927	113.992
238.5	2.253924538581164	97.586
239.0	1.8511595943734978	142.244
239.5	2.2777907585592323	40.285
240.0	1.6312496878923193	20.274
240.5	2.073463597327017	12.724
241.0	2.1953892297563	81.726
241.5	1.7635949429560405	30.191
242.0	2.3590860829459914	16.836
242.5	2.0836676076386524	31.944
243.0	2.026341754200104	90.607
243.5	2.669609299851239	51.738
244.0	1.4990687320026472	71.774
244.5	2.3222114714877296	20.121
245.0	1.6395668597102389	13.82
245.5	1.5184610710233368	51.621
246.0	2.2258828716648775	38.604
246.5	1.6192015677741989	50.487
247.0	1.5633703484165324	18.296
247.5	2.193670432680629	60.422
248.0	1.940162147257847	80.538
248.5	1.958617659240904	110.747
249.0	1.8098358683176734	40.294
249.5	2.145050823960464	30.258
250.0	1.761347093526098	41.225
250.5	2.0248239324391992	80.491
251.0	2.0343904241919315	92.766
251.5	1.822882580789985	96.172
252.0	2.131568690921722	11.54
252.5	1.9696116035049949	65.239
253.0	2.0811660391131355	70.567
253.5	2.4167082646259517	100.98
254.0	2.069603973205231	17.525
254.5	2.262234360039203	108.069
255.0	1.6907060742463056	80.78
255.5	1.7817934632318908	60.145
256.0	1.937693747793264	16.642
256.5	1.3438434029448079	103.082
257.0	2.280779177140454	30.193
257.5	2.435736194821756	40.347
258.0	1.9457473248445483	120.681
258.5	1.6284359896997735	80.635
259.0	1.7110473969364994	122.832
259.5	2.205539211796435	20.19
260.0	1.895858824583047	11.975
260.5	1.2582822818538244	11.153
261.0	2.4383115957340404	98.848
261.5	1.5627415313326314	43.501
262.0	1.8546391421907962	130.861
262.5	1.706226451627234	100.535
263.0	1.834519439341504	20.16
263.5	1.8994667161449903	70.527
264.0	2.013754906719081	86.73
264.5	2.079456504393765	50.324
265.0	2.140173220130225	120.989
265.5	1.6578454402778435	171.606
266.0	1.9330182999267724	100.738
266.5	2.332707980411889	14.904
267.0	1.4590025229204517	40.386
267.5	2.100110580241138	40.338
268.0	1.5443727155361284	40.321
268.5	2.356116155584838	50.247
269.0	1.7005274417516418	40.343
269.5	1.9360664017602878	20.16
270.0	1.6880512894996833	20.209
270.5	1.547607873401812	60.554
271.0	2.2571936228419087	51.127
271.5	2.011292016384526	80.448
272.0	1.9394362881224982	100.862
272.5	2.5871057525945544	40.181
273.0	1.803575045154795	81.54
273.5	1.8477259718698231	54.517
274.0	2.106357005614702	70.278
274.5	2.03730755267181	70.575
275.0	1.9997857147891052	50.362
275.5	2.2209942017881676	50.221
276.0	1.6847096026842767	80.794
276.5	1.6945977056504369	10.588
277.0	1.817428779719527	55.926
277.5	1.7529285135794168	12.089
278.0	2.1919856987105373	50.206
278.5	1.8469115052050118	41.268
279.0	1.5144639449263162	20.175
279.5	1.8278158965719324	11.051
280.0	2.078109236981116	36.339
280.5	2.3354368301834514	54.282
281.0	2.140345470024066	57.862
281.5	1.5506962157654849	70.508
282.0	1.536599347104984	40.308
282.5	1.5348072669922095	120.882
283.0	2.201256552087897	52.42
283.5	1.8177106738992015	120.927
284.0	2.095018669773928	60.131
284.5	1.741777386845654	80.535
285.0	2.0927978730668584	30.222
285.5	1.8050847628008915	70.698
286.0	1.2618276617993274	110.864
286.5	2.015628215708126	44.069
287.0	1.6831027248953345	70.283
287.5	1.559343759936491	90.587
288.0	1.6276643291467927	20.141
288.5	2.2323072680054694	53.394
289.0	2.7274932523419757	41.164
289.5	1.6509114886952407	20.263
290.0	1.788528941212131	17.835
290.5	2.5408732079347454	20.319
291.0	1.34578235691053	34.261
291.5	1.9325892533321458	61.408
292.0	1.7659671123913985	50.101
292.5	1.8001507287853722	60.592
293.0	1.8580785594372338	23.587
293.5	2.134000705542833	63.296
294.0	1.9896955192739854	37.029
294.5	1.897952438212762	43.19
295.0	2.502919939201482	30.348
295.5	1.2654209598419284	70.597
296.0	1.7788815131296165	20.116
296.5	2.038559838743414	70.491
297.0	1.830032659173449	50.475
297.5	2.0499698683696526	70.4
298.0	2.3109442356033414	60.296
298.5	1.4610943489331742	80.77
299.0	2.090052119708698	60.269
299.5	1.4815872059497683	40.193
300.0	1.7384155358578246	108.602
300.5	1.9255016191623413	80.213
301.0	2.13998525629244	16.978
301.5	1.5470577751108514	70.434
302.0	2.40096489915522	30.266
302.5	2.036753142181842	92.574
303.0	1.7899272431360114	120.724
303.5	1.3912250303234972	60.628
304.0	2.3929000367657096	80.482
304.5	2.035322260490364	60.284
305.0	1.6288616446145059	41.502
305.5	1.9191704622824133	57.953
306.0	1.6732798821244075	23.876
306.5	2.1898269116335642	43.076
307.0	1.9459276289292917	40.496
307.5	1.6388492027402737	80.698
308.0	1.7118333770151803	33.019
308.5	1.8998196518050114	81.411
309.0	1.682689649490058	60.579
309.5	1.902273646302325	19.837
310.0	1.9098449862254565	50.411
310.5	2.4978845194105483	60.289
311.0	2.4474327809433185	70.198
311.5	1.613456699082681	80.367
312.0	1.6883300626569064	20.127
312.5	1.7261613282910344	70.364
313.0	1.4199989412036165	80.727
313.5	1.9695476669140175	40.407
314.0	1.5245760583090964	21.479
314.5	1.940014149432494	120.765
315.0	1.587670080023355	121.627
315.5	1.9265012239417645	20.134
316.0	1.7055543261608883	32.423
316.5	1.714717925455458	20.087
317.0	1.3801355113885836	62.647
317.5	1.2086689604029899	100.561
318.0	1.9313863523589365	80.444
318.5	1.8292961225065028	80.49
319.0	1.6400198223309934	50.791
319.5	1.4873164918450106	60.233
320.0	1.7138518824550353	120.794
320.5	1.6162774772004425	16.523
321.0	1.970527668123646	118.327
321.5	1.4930001841016107	80.551
322.0	1.4581529706628868	100.486
322.5	2.9897663200987807	40.217
323.0	1.906980314875417	65.572
323.5	1.9056705068619622	70.477
324.0	1.4634162463443252	100.572
324.5	1.7315904859942206	110.792
325.0	2.1124111731425503	54.59
325.5	1.1785446323387543	70.534
326.0	2.454250327735429	20.25
326.5	1.7422604345248607	22.276
327.0	2.4184817667066425	40.367
327.5	1.4915383820545016	60.34
328.0	1.9323869546345935	90.741
328.5	1.6767947033244657	106.484
329.0	1.9031890397672344	36.118
329.5	1.338623222541972	20.138
330.0	1.7766562741519394	50.405
330.5	1.8989982388379703	50.39
331.0	2.0066448656278184	100.688
331.5	1.4706023089784943	80.692
332.0	1.7589452512494692	50.438
332.5	2.3828167297765175	70.381
333.0	1.407129222084926	60.495
333.5	1.8812650659725603	70.406
334.0	2.4160339741380374	60.691
334.5	2.372771513712735	172.331
335.0	2.505391755627922	262.59
335.5	2.0321404664971556	758.2
336.0	1.5973966383612697	169.517
336.5	1.6864986353815508	10.406
337.0	2.438464558208436	60.407
337.5	1.514715434480097	70.619
338.0	1.785814167477749	120.824
338.5	1.8249297396311626	70.371
339.0	1.9203076364992855	10.877
339.5	1.729553421064169	70.493
340.0	2.1668575473261114	130.619
340.5	1.4513898936686265	20.442
341.0	1.971363432333445	80.713
341.5	1.7819434636975975	40.405
342.0	2.1982596841692668	104.065
342.5	1.7087872788291136	60.335
343.0	1.7062985796694548	125.174
343.5	1.793325867473201	57.735
344.0	2.0314419590089567	20.088
344.5	1.393000065338834	20.26
345.0	1.7864968821612734	50.8
345.5	1.5792314782664632	53.103
346.0	1.9738889249953446	110.804
346.5	1.3834813742877015	80.499
347.0	2.2463616902749783	100.583
347.5	1.6779693642746898	90.846
348.0	1.3962164584652454	40.891
348.5	2.0270104893436125	50.356
349.0	2.0427811247937906	41.675
349.5	1.966786286290504	90.797
350.0	1.3084292259617862	60.452
350.5	1.6605125171175834	80.504
351.0	1.4476846960711458	81.597
351.5	2.6458857925182953	65.706
352.0	1.5723317245238133	11.855
352.5	1.3316375990746272	134.825
353.0	2.6746317378395448	120.755
353.5	2.0325821344309327	50.425
354.0	2.100660425629643	40.338
354.5	1.7600424155432386	20.274
355.0	2.487859606923775	92.316
355.5	1.7543363850852998	80.584
356.0	1.8628929602211124	30.612
356.5	1.593291681981925	110.764
357.0	2.297616520752438	12.704
357.5	2.121044213342215	49.766
358.0	1.4877230818672582	105.69
358.5	2.1179769090864027	60.429
359.0	1.9555389292891496	110.985
359.5	2.7240961402252406	20.128
360.0	1.443751504816936	101.675
360.5	2.1899889410013875	55.134
361.0	2.1125171013702246	50.321
361.5	2.113816718791428	130.865
362.0	2.2837073379277473	40.426
362.5	1.7674873980651313	50.409
363.0	2.5848745054778464	42.65
363.5	2.302534498476481	30.189
364.0	1.87026253817578	50.447
364.5	1.7523359277670336	30.95
365.0	2.1375124607112115	20.172
365.5	2.2930944746871997	40.182
366.0	1.3699881911150928	63.906
366.5	2.052390325072264	60.313
367.0	1.7758129547105859	20.194
367.5	2.066788734832479	40.402
368.0	1.8060516347607856	86.508
368.5	1.9683805007107786	52.627
369.0	1.7295800215625459	60.404
369.5	1.7891735815211194	70.524
370.0	1.7759646472934327	72.773
370.5	1.6257559128679855	20.159
371.0	2.416014419930846	13.362
371.5	2.0320159421617583	80.771
372.0	1.7356028153098129	33.252
372.5	2.116624631016901	34.256
373.0	2.1127245936042365	16.512
373.5	2.3004033607313836	80.461
374.0	1.6647013901229113	60.404
374.5	1.4440256525598354	80.812
375.0	2.0273496456778375	50.385
375.5	1.6385521402079224	52.551
376.0	1.713173688482764	43.29
376.5	2.3777834428229334	60.484
377.0	1.8546720182485286	71.194
377.5	1.686651763114454	90.605
378.0	2.073518149066684	20.206
378.5	1.5692881449219027	90.434
379.0	2.0770142529358346	40.237
379.5	1.6710992416015595	70.569
380.0	1.7248287601168668	90.585
380.5	1.9176465116314905	80.692
381.0	2.0438576032571656	20.168
381.5	2.535078719521494	40.177
382.0	1.3863933489725773	32.66
382.5	1.7551794283465847	11.086
383.0	2.4927888776659315	90.407
383.5	2.6066748482421405	55.099
384.0	1.3998552139343083	62.417
384.5	2.149013963130529	50.341
385.0	1.6780487938580861	110.805
385.5	2.537379534691552	51.531
386.0	1.9893857654015956	10.654
386.5	1.4700948035956183	90.483
387.0	2.468470331711382	90.456
387.5	2.060747109160254	90.646
388.0	1.5615185807732297	13.869
388.5	2.1127805883008093	31.616
389.0	2.17502999138054	70.226
389.5	1.7216458637623648	80.698
390.0	2.2621495102757714	13.672
390.5	2.2546398298814903	73.078
391.0	2.3625522078804297	60.489
391.5	2.2599828326449196	50.773
392.0	1.8826846086337794	41.378
392.5	1.7380369332202412	100.885
393.0	2.1781595061363803	44.573
393.5	1.8260592146948227	90.747
394.0	1.8147914336602828	90.791
394.5	2.3736454686511204	50.472
395.0	2.2077980000635784	40.119
395.5	1.2817510888207813	70.535
396.0	2.3419925459642745	60.375
396.5	1.7548640269878315	90.825
397.0	2.033677479030368	110.577
397.5	1.6147442936103964	40.244
398.0	1.652415723052422	10.715
398.5	2.3896233336070485	60.297
399.0	1.5746518729848409	67.489
399.5	1.4296597297976816	80.653
400.0	1.7547906195251022	71.284
400.5	2.564381693238129	70.341
401.0	1.8963546547775558	53.237
401.5	1.9799106989542503	30.153
402.0	1.472589261109141	50.398
402.5	1.8986602848366643	66.594
403.0	1.9637966144059125	80.493
403.5	1.460033373268116	80.676
404.0	2.174365391979838	121.053
404.5	2.4237969378517707	50.19
405.0	1.4065634182261382	93.392
405.5	2.519444770781762	90.52
406.0	2.158045818357878	40.476
406.5	1.744833651666075	63.869
407.0	2.390871511625158	60.176
407.5	1.4037011350089512	80.492
408.0	1.7824562741048233	31.096
408.5	2.1698004679595884	60.298
409.0	2.0165775879204664	30.262
409.5	1.8460995146990264	50.484
410.0	1.7113718675778564	113.258
410.5	1.9755555746686173	20.07
411.0	1.603890517772258	30.958
411.5	1.6947282939939579	54.399
412.0	1.9344154258935629	55.602
412.5	2.0346699507330914	50.264
413.0	1.5971799380117075	15.611
413.5	1.8236990176531769	90.757
414.0	1.7570577717760196	61.267
414.5	1.9359884934233604	50.158
415.0	1.3241099305443775	20.13
415.5	2.0930772190968208	50.322
416.0	2.1291183954659108	120.776
416.5	2.003316729673692	111.059
417.0	1.5851564816655488	440.474
417.5	2.144241044093349	13.088
418.0	0.4081604054135998	31.538
418.5	2.5466169624902335	17.238
419.0	2.312379076772267	60.271
419.5	1.7327008061870064	80.423
420.0	1.2881322047455235	90.678
420.5	2.242869030109866	10.979
421.0	1.996071023926526	90.837
421.5	2.0371605787794085	60.31
422.0	1.4213973158492725	80.495
422.5	1.8536322791557955	90.695
423.0	2.3437379277891637	60.344
423.5	2.080768948754297	91.216
424.0	1.628716116366542	50.301
424.5	1.858348342790624	90.514
425.0	2.4846905361560085	30.94
425.5	1.684717697970277	60.374
426.0	1.904375253982857	80.572
426.5	1.993030516967802	32.685
427.0	2.209351957661292	16.751
427.5	1.8670556194312677	11.057
428.0	2.001852489104917	30.203
428.5	1.5368104853818372	60.375
429.0	2.4929565043823936	50.515
429.5	1.5904627153341027	60.508
430.0	2.023550221490653	50.344
430.5	1.7059049478412416	90.519
431.0	2.228311677074932	50.291
431.5	1.7425491441904837	70.653
432.0	1.661695792117634	11.641
432.5	1.7156519346698729	70.432
433.0	1.2228850825872162	130.839
433.5	1.4986740838485377	51.002
434.0	1.9680631029839284	60.405
434.5	1.5166727479422604	50.396
435.0	1.6230751428203851	50.332
435.5	1.736944564647115	60.403
436.0	2.057806217995814	80.677
436.5	1.7228077881054493	110.905
437.0	1.7737328469037608	30.652
437.5	1.6658123197817924	11.98
438.0	2.0486822202258876	80.782
438.5	1.6123519382471878	70.324
439.0	2.0375260370827184	123.346
439.5	2.1257872225708687	16.045
440.0	2.1508360060784284	13.194
440.5	2.6899280235213503	40.92
441.0	1.2322879198991294	60.439
441.5	1.9504306952903725	70.517
442.0	1.0919598097096255	40.977
442.5	2.0659828006457297	70.597
443.0	2.186665977969935	50.492
443.5	2.218086017420116	40.287
444.0	1.688145947203761	70.423
444.5	2.477854206292536	30.211
445.0	1.3775377549689374	80.59
445.5	2.5769352339811507	40.062
446.0	1.460356725024416	30.105
446.5	2.0576698604745554	41.183
447.0	1.4982966459823426	40.436
447.5	1.772089117809343	80.716
448.0	2.1861887793513883	80.363
448.5	2.0899441664980514	20.146
449.0	2.004810145495809	70.45
449.5	1.8419705035243237	51.393
450.0	1.8377377697269963	60.274
450.5	2.0120555672667795	110.627
451.0	2.354399158935696	107.381
451.5	2.057499108461123	50.244
452.0	2.0340736151653127	60.601
452.5	1.9567622571701746	119.276
453.0	2.0999192018053345	80.516
453.5	2.156701285302826	60.353
454.0	2.1974351282992965	80.458
454.5	1.7190972022456836	11.137
455.0	2.4037096631275623	30.227
455.5	1.6763795958814849	60.33
456.0	1.9671532415521888	24.478
456.5	2.4319260840515287	40.186
457.0	1.8026976095209934	70.593
457.5	1.741744602638821	51.327
458.0	1.8993393435669024	70.245
458.5	2.225615740396755	60.624
459.0	2.1794465014958533	51.615
459.5	1.9473044019910715	60.409
460.0	1.8191079652961546	62.408
460.5	2.572802892783408	40.946
461.0	1.5390683796727873	46.89
461.5	1.8872308668126478	80.603
462.0	2.452339098585599	30.286
462.5	1.6737359346343617	40.355
463.0	1.9880800152708544	11.323
463.5	2.064664201630461	40.316
464.0	2.1084770606939993	33.894
464.5	1.6984477382408365	62.452
465.0	1.9723923044962368	90.659
465.5	1.8196227136779657	109.513
466.0	1.8262103756506747	80.496
466.5	1.8850957926598981	100.676
467.0	1.8692987255961735	73.216
467.5	1.6622664472571158	130.728
468.0	1.4645726404431043	68.204
468.5	1.5466093151948193	91.068
469.0	1.2524951628320575	60.469
469.5	1.6977299461395046	70.457
470.0	1.3401320508263912	50.347
470.5	1.959021150089192	31.189
471.0	2.2281591156330376	71.463
471.5	1.747021265195794	80.455
472.0	2.148925855835747	16.731
472.5	1.9392295679265792	30.114
473.0	1.9043797755697087	34.298
473.5	1.8082989303034758	20.124
474.0	2.063130955618635	40.239
474.5	2.142993929737983	30.801
475.0	2.2328755474476356	50.182
475.5	1.4823597604837746	80.722
476.0	2.4032870399166324	100.545
476.5	2.284430519074079	100.841
477.0	2.448910181512519	60.236
477.5	1.9053459366047611	20.05
478.0	1.5898007162746683	100.781
478.5	1.9293453760685138	30.214
479.0	2.1981318249613206	113.373
479.5	1.51616943320546	76.941
480.0	2.3692433896180374	70.472
480.5	2.1188815187096655	50.275
481.0	1.5051047647267075	60.546
481.5	2.09368733573309	20.131
482.0	2.1349879031485366	40.203
482.5	1.39528086727597	20.293
483.0	1.6731582624565986	40.415
483.5	1.925249935913719	62.788
484.0	1.8232699677239101	20.167
484.5	2.0299211916838997	70.493
485.0	1.7148503762518987	110.626
485.5	1.4661842846263822	70.55
486.0	2.550170058646213	100.532
486.5	1.8410019541011258	42.103
487.0	2.0256412947756637	80.697
487.5	1.5496656381490905	90.661
488.0	2.1056933154884465	60.368
488.5	1.8341970034467132	41.693
489.0	2.141414982340698	41.148
489.5	2.3723702455880966	21.981
490.0	2.329625106685149	11.944
490.5	1.754553742662573	100.917
491.0	1.817238027884358	30.309
491.5	1.9407614358999712	100.865
492.0	2.289671113481945	60.125
492.5	1.5099649401234598	60.356
493.0	1.953367905750885	50.392
493.5	2.0068597798910757	20.066
494.0	1.561363628981549	50.683
494.5	2.1050770660771065	58.698
495.0	2.009290836749293	20.162
495.5	1.9708885795362323	110.917
496.0	1.8082649003424476	70.573
496.5	1.5065523471523932	70.427
497.0	1.9167340494637675	60.756
497.5	1.986426289658414	20.183
498.0	2.7056095985405273	10.867
498.5	1.79537114870202	51.141
499.0	2.285855906025594	40.075
499.5	1.51790501892939	60.505
500.0	1.9110088103435647	64.058
500.5	1.6204369688033362	78.16
501.0	1.9968465783566018	90.547
501.5	2.122288272093114	20.74
502.0	1.3545868789092006	130.874
502.5	1.875682989673016	120.747
503.0	1.948080390747534	27.036
503.5	1.729865602388898	93.969
504.0	1.904314329742475	50.787
504.5	1.6649542922897882	30.187
505.0	1.8360501019916131	60.263
505.5	2.1548401410760185	40.21
506.0	1.8561896424664912	40.496
506.5	2.173361803381407	60.454
507.0	2.484729734911543	71.517
507.5	1.6284120184072377	80.465
508.0	2.161592711271226	40.226
508.5	1.27247958105207	60.51
509.0	1.7480886211243822	141.317
509.5	1.879190509805741	20.188
510.0	2.056704294837613	14.184
510.5	2.2437492689296725	56.199
511.0	2.3882879930568692	10.986
511.5	2.06344693235848	31.692
512.0	2.0802601241769074	60.587
512.5	1.8806506391600968	60.295
513.0	2.1880833784301714	40.435
513.5	2.384333819154797	11.448
514.0	1.8741086818840205	90.712
514.5	1.5204485098312093	56.919
515.0	2.3285786996783786	50.191
515.5	1.819414745579334	80.638
516.0	2.062163906777117	80.577
516.5	1.3545587139111408	100.722
517.0	2.363101353151462	51.501
517.5	2.32328410467703	60.294
518.0	2.1559321920953782	13.322
518.5	1.9820269541972935	80.467
519.0	1.6915787827930309	53.931
519.5	1.5801763033949865	60.481
520.0	2.11320503229826	50.88
520.5	1.735067853776228	30.498
521.0	1.5710568753181733	80.378
521.5	2.1079366203879437	10.719
522.0	1.7062954095972687	70.49
522.5	2.585406110574617	38.196
523.0	1.563900176033465	72.407
523.5	1.727691399790093	80.509
524.0	1.8483688273010408	70.448
524.5	1.8087080550891295	52.781
525.0	2.403625296081459	70.386
525.5	1.8150361814989624	30.065
526.0	1.3656621727258755	90.599
526.5	2.3854444323510657	70.479
527.0	1.5658121553737916	40.176
527.5	2.0944812427177446	100.542
528.0	1.7656198740077735	21.491
528.5	2.4343512914225083	90.379
529.0	1.5361886475735158	60.589
529.5	1.6159442375728523	60.53
530.0	2.063175216090774	120.882
530.5	2.396272098264688	50.746
531.0	1.8919399394679395	80.555
531.5	1.7355749193446657	28.478
532.0	1.943818593857	86.527
532.5	1.9784912668876982	26.173
533.0	1.5884924621887335	52.524
533.5	2.460682796986464	59.653
534.0	1.759773834036395	16.548
534.5	2.0705026388785273	40.473
535.0	2.1047725976373863	30.267
535.5	2.208637458621022	34.076
536.0	2.2631995888293894	51.552
536.5	1.9579352539394872	14.325
537.0	1.7688786610976228	60.541
537.5	2.18479935914273	35.858
538.0	1.4097747019148394	50.224
538.5	1.6261705746197377	51.464
539.0	2.4694170022172743	54.647
539.5	2.347041607022959	76.267
540.0	1.2892839818251745	70.561
540.5	1.7701737790580423	40.275
541.0	2.1597843866229645	30.209
541.5	1.7800618193940945	40.324
542.0	2.455875454658246	31.161
542.5	2.3059016259149208	35.6
543.0	1.5805542737375813	80.592
543.5	1.8189064309127942	27.689
544.0	1.3153374481867772	90.723
544.5	2.3703287319608526	40.42
545.0	2.0555608920713437	87.031
545.5	2.640935671226081	113.164
546.0	1.4657044002160544	43.162
546.5	2.0387026848411276	58.583
547.0	2.167446425268521	60.341
547.5	1.6084160180794311	80.541
548.0	1.7802556608744435	71.055
548.5	1.9219911053121868	20.162
549.0	2.0903825202975015	81.014
549.5	1.5150442917854854	60.357
550.0	1.8728193960925439	70.534
550.5	2.222481806252707	50.302
551.0	2.1380864029869104	30.743
551.5	2.283427034714567	80.456
552.0	1.9665822371855288	60.381
552.5	1.635850263733258	69.956
553.0	2.075162678948109	41.512
553.5	2.0188885854624807	60.303
554.0	1.7994911669246008	30.68
554.5	2.13264496696928	70.676
555.0	2.48360132894728	50.691
555.5	1.455911657540269	35.891
556.0	1.686452118708303	20.136
556.5	1.4639152202710974	30.292
557.0	1.7692394395735218	20.142
557.5	1.539404180417003	53.643
558.0	1.9744231831772412	60.322
558.5	2.010460826782302	60.38
559.0	1.7431375152485729	80.692
559.5	1.5135704119361357	11.423
560.0	2.5519108067760983	20.56
560.5	1.6470666125409557	53.008
561.0	2.493410059802185	50.158
561.5	1.8045586296663978	70.52
562.0	2.359653700702492	80.516
562.5	1.627802716786984	53.939
563.0	2.030603182246098	20.207
563.5	1.5748320442937536	50.368
564.0	2.503428803920589	71.519
564.5	1.7341711746157402	12.832
565.0	2.3855395725089634	71.001
565.5	1.5764795745700395	80.438
566.0	2.194208499901175	60.384
566.5	1.809860416926329	120.783
567.0	2.1476050961752677	30.34
567.5	1.4347067979405839	73.582
568.0	1.6376264131747424	20.1
568.5	2.1479678981577224	35.499
569.0	1.85127830662114	31.453
569.5	1.8071364436956883	10.924
570.0	1.9552648810233813	120.852
570.5	2.0257677984063207	60.366
571.0	1.9991775642690826	20.142
571.5	1.5702556868658721	12.445
572.0	1.4823722332665306	20.841
572.5	1.6741144528857592	114.899
573.0	1.9553758174530327	80.508
573.5	2.1923248443272314	80.413
574.0	1.8455929078049786	50.501
574.5	2.341293620841996	90.462
575.0	2.3457112756496725	61.399
575.5	1.2100948314588922	90.793
576.0	1.9568827395696198	130.029
576.5	1.951702151797179	70.478
577.0	1.6343183570972237	81.548
577.5	1.3048616918994616	38.224
578.0	2.6584946561350398	20.167
578.5	1.3348823963187557	44.472
579.0	2.185667934256175	59.932
579.5	1.874150256413692	60.276
580.0	2.0281717492015336	80.658
580.5	1.8983208922083639	90.556
581.0	1.7291328608875645	11.407
581.5	1.912401698560432	50.418
582.0	1.7331968201612264	120.811
582.5	2.157379296096152	70.311
583.0	2.131471637918711	26.094
583.5	1.5455096018094643	50.395
584.0	1.7362189172815707	22.9
584.5	1.7561929072341351	80.433
585.0	1.3440711117179929	40.168
585.5	2.151466911960885	31.748
586.0	2.402897925219224	70.425
586.5	2.228200276023573	101.441
587.0	1.8575496799916134	70.444
587.5	1.708455947822862	90.347
588.0	1.659581661628061	52.058
588.5	1.6913505453917559	50.882
589.0	1.5072785832372169	20.041
589.5	1.9667778476032676	106.557
590.0	1.724967508337994	20.171
590.5	2.5134882592437546	12.02
591.0	1.192887555837661	20.28
591.5	1.8201358788083033	131.375
592.0	1.7893887937255413	60.404
592.5	1.2988086020518825	12.346
593.0	1.3433712596103604	60.285
593.5	1.6146348365827918	35.326
594.0	2.137028120378208	60.336
594.5	1.2464529837937708	20.391
595.0	1.6523117892516102	30.19
595.5	1.6691359703025217	80.545
596.0	2.53848855736615	19.945
596.5	1.5353387030335686	80.852
597.0	1.9647950927563467	70.418
597.5	1.7603749826170856	50.417
598.0	1.6741300023880648	40.23
598.5	2.080236957863629	20.035
599.0	1.819372438053006	40.384
599.5	2.4722718316146755	37.586
600.0	1.9494689078997784	80.748
600.5	2.6322101571818854	40.032
601.0	1.1551823149614022	67.572
601.5	1.6774912461487754	95.453
602.0	1.7918197851929338	50.939
602.5	1.6141643021237273	120.943
603.0	2.065309153771673	30.268
603.5	1.6287022218592089	100.933
604.0	2.2694703442107924	55.743
604.5	1.4078662079190891	120.993
605.0	1.6442246307699924	70.618
605.5	2.352126223807688	20.179
606.0	1.6823313517549134	110.705
606.5	2.268690088697863	40.791
607.0	0.9596158553962607	20.192
607.5	2.2026853885059556	60.144
608.0	1.9770814943644717	80.355
608.5	1.8046294200320323	71.733
609.0	1.2311253991477282	11.654
609.5	1.9392797463844331	120.781
610.0	1.6717722732414497	20.161
610.5	1.9927730105940469	56.055
611.0	2.3595822612434416	20.102
611.5	1.9968774217692709	50.411
612.0	2.23622737597821	50.262
612.5	1.5712237507559739	20.233
613.0	1.661854243793971	60.44
613.5	1.6712843299274978	50.308
614.0	2.3171078108970575	60.329
614.5	1.8305836639735857	70.42
615.0	1.655843396077646	60.186
615.5	2.944448361824159	20.008
616.0	2.094509736659851	120.817
616.5	1.6640888509469627	30.86
617.0	2.5131313196917127	20.172
617.5	1.579909322071916	12.463
618.0	2.1717064504456496	93.585
618.5	2.1504436864153766	121.029
619.0	2.069383519345698	80.378
619.5	2.087107414672653	20.084
620.0	1.9602475301144988	56.616
620.5	1.0835518192161426	140.972
621.0	1.8003775245111802	11.185
621.5	1.977371140628339	16.383
622.0	1.779550258798808	60.33
622.5	1.5568610058212031	61.591
623.0	1.4241888056879268	64.495
623.5	1.4225269838328363	53.378
624.0	1.8012380221231796	50.452
624.5	1.4893638908440003	100.479
625.0	1.621704115593154	30.21
625.5	1.8311897139621105	100.721
626.0	2.070306443130966	11.262
626.5	1.2935887648481	60.537
627.0	2.5012073800460692	70.348
627.5	2.2372164640846584	20.13
628.0	1.8306698651109603	90.627
628.5	1.6118934818931108	20.153
629.0	1.6163415784460893	51.09
629.5	2.3705437322659706	20.129
630.0	2.0542893978026155	20.117
630.5	1.9699528165115097	70.61
631.0	2.7629468126596466	50.215
631.5	2.1757840509186126	10.82
632.0	2.0280403274746375	100.843
632.5	1.3187850160961923	53.249
633.0	2.465665166135384	22.86
633.5	1.5275481189241897	11.222
634.0	2.1020464226218083	63.704
634.5	1.6828461375029056	34.007
635.0	2.2674258344268727	20.242
635.5	2.3597689244332005	10.876
636.0	1.857702328472919	50.386
636.5	1.3705456036776482	40.653
637.0	1.314231835540412	110.808
637.5	2.1939538851686935	110.629
638.0	2.311099768712429	10.364
638.5	2.3174005531115607	26.813
639.0	1.9343577540291683	50.228
639.5	1.6102378063683367	60.341
640.0	2.004812108141813	87.488
640.5	1.6646393165271325	62.452
641.0	1.8468910063447668	20.13
641.5	2.052571519328731	70.586
642.0	1.6646783368705438	30.326
642.5	2.0919868786970457	54.204
643.0	2.028210895437158	80.567
643.5	2.4074809193288265	70.426
644.0	1.692082775418895	20.168
644.5	1.9896568999518196	90.639
645.0	1.7864852418919144	80.493
645.5	1.51196291194601	90.541
646.0	1.5646959972952674	51.159
646.5	1.656388973730973	52.559
647.0	2.2577032892416717	10.81
647.5	1.563303503854521	60.422
648.0	1.9128553684565044	40.207
648.5	1.5740088140392634	60.637
649.0	2.078471932324374	32.625
649.5	1.8476561528038775	11.14
650.0	1.6843939334999731	50.431
650.5	2.4676413957628234	70.68
651.0	1.706113138367589	80.634
651.5	2.2707084402216453	21.687
652.0	1.543355531109321	27.158
652.5	2.0590863230548253	80.693
653.0	1.7869957238886194	32.022
653.5	2.5221446154605482	40.132
654.0	1.3995831303486415	60.419
654.5	1.9601529304311074	51.988
655.0	2.1271664761229663	97.052
655.5	1.9203195872376186	110.298
656.0	1.9145238929963637	13.205
656.5	2.442032288743315	70.874
657.0	1.970729299192366	100.649
657.5	2.17913215666332	50.331
658.0	1.5812957155613536	60.581
658.5	2.733230489002765	30.165
659.0	1.7153972631290402	83.106
659.5	2.0108156482218154	80.515
660.0	2.1544331271738875	60.294
660.5	1.9502553676394652	104.314
661.0	1.9822455944442956	11.668
661.5	1.5981668528877793	70.554
662.0	1.9050487455229024	110.798
662.5	1.9220495222071046	50.167
663.0	2.0165656604493796	50.4
663.5	1.7028934366563033	70.572
664.0	2.0379755387436376	40.236
664.5	1.4725350806812432	60.582
665.0	2.639688394470913	20.181
665.5	1.6366720096960004	60.411
666.0	1.8417037721935485	61.176
666.5	1.8764103093446078	70.432
667.0	1.7231942504166287	70.464
667.5	1.5426472566156597	120.947
668.0	2.4098790690691003	80.58
668.5	2.133247629043765	70.411
669.0	1.9398320551295891	41.223
669.5	1.9640173543563668	60.445
670.0	1.4026192756937619	60.587
670.5	2.2235848754841165	18.297
671.0	1.7469102143270816	40.451
671.5	1.843504409111743	66.258
672.0	2.781545884336388	31.503
672.5	1.5132991709536179	56.619
673.0	2.0657975710012795	64.482
673.5	2.0073273666315616	81.426
674.0	1.652695302949494	60.543
674.5	2.053750383454561	70.699
675.0	1.7684256915036567	53.949
675.5	1.7293474538227205	80.735
676.0	2.35258300363894	60.835
676.5	2.2968599920252326	40.312
677.0	1.6841106302213762	50.333
677.5	1.9422440361669782	11.016
678.0	2.0992616699972175	11.744
678.5	1.7514660581944943	80.646
679.0	2.0776783793002	91.446
679.5	1.5995760631835914	51.479
680.0	1.9452354517507884	92.855
680.5	2.058322595460039	100.681
681.0	2.6523259274305877	12.868
681.5	1.5517076186319703	92.832
682.0	2.307431844520375	50.33
682.5	2.049432732390157	70.439
683.0	1.4768283291137425	96.062
683.5	1.921653106415123	60.237
684.0	1.8632277879006371	70.374
684.5	2.2957710656373376	30.244
685.0	1.681098047975789	11.403
685.5	1.6710208384029583	15.344
686.0	1.7689673439046778	60.276
686.5	2.2962931046475688	70.389
687.0	1.9449364638658653	80.889
687.5	1.5521175648929264	70.364
688.0	2.299774342149432	30.011
688.5	2.1225885209929016	26.647
689.0	2.2597192127440273	21.789
689.5	1.3209084951345882	73.498
690.0	2.493953228649434	40.263
690.5	2.01079737261676	50.278
691.0	1.9046942856431075	90.658
691.5	1.730792710518052	20.15
692.0	1.8251830215109555	50.287
692.5	1.9391232151619293	40.373
693.0	2.1444307467690624	80.707
693.5	1.5604367901509308	556.248
694.0	0.12305740057522051	904.888
694.5	2.24973217172067	93.835
695.0	1.120519496700799	20.161
695.5	2.0976823525645276	46.151
696.0	0.916595958472416	362.429
696.5	0.9174107632995919	825.674
697.0	0.8365069436092232	1343.156
697.5	2.2327631365951404	11.438
698.0	2.0164756456039576	18.729
698.5	1.7056536626461873	50.762
699.0	1.8942445242699975	51.924
699.5	1.9660504228799285	20.306
700.0	1.8847668003220353	48.246
700.5	1.9651046329602262	70.471
701.0	1.8196820503221356	63.665
701.5	1.9354830130296605	50.908
702.0	2.2064837534992274	90.303
702.5	1.944055533805955	81.494
703.0	2.5014987186276616	25.4
703.5	1.5283966786508165	92.417
704.0	2.6566989363677105	70.486
704.5	1.9295194275352754	110.833
705.0	2.1830884061198517	70.467
705.5	1.874236748146426	20.146
706.0	1.9797779054424411	60.486
706.5	1.9673144631698847	120.845
707.0	1.7315014711576575	100.608
707.5	1.9154139189652866	110.883
708.0	2.0643859360058547	91.174
708.5	2.2570545989431343	19.928
709.0	1.8183084939766068	100.71
709.5	1.6622474478518166	90.497
710.0	1.9319238001423347	60.451
710.5	2.3022360381386435	60.985
711.0	1.7265641247008676	106.542
711.5	1.8960108186089926	50.595
712.0	1.797699261971797	33.141
712.5	1.5236308463095931	50.402
713.0	1.8841051446329928	40.381
713.5	1.8894158491390929	70.424
714.0	1.8171871882686017	40.368
714.5	2.673326392360837	15.57
715.0	1.3908796143988638	20.155
715.5	1.5384429866470812	131.078
716.0	1.9064645321526852	70.345
716.5	1.9374190578565649	10.691
717.0	1.618760042846231	100.611
717.5	2.369844782459917	12.912
718.0	2.538546363284178	70.948
718.5	1.4812592043290784	20.184
719.0	1.626400031031182	50.507
719.5	2.1660838808631895	41.175
720.0	2.0761295789380383	70.412
720.5	2.2576985045864335	60.467
721.0	1.679707627202897	51.206
721.5	1.9174533307551545	42.632
722.0	1.9373069227571198	42.885
722.5	1.921398881235628	10.61
723.0	1.426533134373362	12.524
723.5	1.701665928406511	90.505
724.0	1.783972435712641	110.775
724.5	2.651019729592851	31.324
725.0	1.927612603182616	51.322
725.5	2.062157825636257	20.121
726.0	2.143787047194922	133.775
726.5	2.2440804978207423	70.287
727.0	2.1942608318945833	50.271
727.5	2.21238164729932	110.584
728.0	2.183868810365043	110.416
728.5	1.9469263209904308	90.695
729.0	1.7172573828719047	40.384
729.5	2.534527599867239	80.486
730.0	1.9584999122949291	30.288
730.5	2.1863099069803837	80.346
731.0	1.7008930630899215	60.312
731.5	2.237822836714226	81.085
732.0	2.2663003701732514	60.28
732.5	2.316536693706024	50.347
733.0	1.7880909880256781	60.519
733.5	2.5292559319137884	20.338
734.0	1.462598766758961	50.392
734.5	1.8884030865658985	112.978
735.0	1.3091764853856764	40.139
735.5	1.3131297211267297	90.469
736.0	1.7352542960958852	80.603
736.5	2.1583208990335216	60.409
737.0	1.677054927334632	50.459
737.5	1.870615503265619	60.279
738.0	2.3739166493779087	40.292
738.5	1.5112898746574788	52.68
739.0	1.7591344034846523	87.648
739.5	1.6082879706715276	40.323
740.0	1.554245838408656	50.511
740.5	1.8101071406564664	70.426
741.0	2.1276355042065034	50.38
741.5	2.02724403612239	30.223
742.0	2.240052921877093	71.886
742.5	1.6038569755564562	70.617
743.0	1.9625971255131796	120.644
743.5	2.6109407594129563	100.783
744.0	1.7723296280744643	70.478
744.5	2.046128997018623	100.58
745.0	2.026005774193148	80.544
745.5	1.6426803570684443	130.969
746.0	1.956020200392555	50.495
746.5	1.6764460214527717	116.538
747.0	1.6965361827194512	21.472
747.5	2.0839143917607497	60.299
748.0	1.791045310752221	80.376
748.5	1.366456876182586	76.761
749.0	1.8533706975331925	40.342
749.5	1.821343596747933	90.577
750.0	2.6647832830027007	30.192
750.5	1.0874822419134886	51.695
751.0	1.2569775175041196	80.82
751.5	2.2359075301591904	70.157
752.0	2.094196921610249	40.106
752.5	1.2256722296810478	110.844
753.0	1.4491321854863748	20.035
753.5	2.362232678317816	20.229
754.0	1.8661442214620605	80.396
754.5	1.783067049677213	90.438
755.0	1.512844856994282	20.136
755.5	1.8462928620658434	10.533
756.0	1.6392157920759771	15.386
756.5	1.5968261206834977	39.925
757.0	2.09634670337256	64.948
757.5	1.6820896264139638	62.136
758.0	1.8946435240958721	20.14
758.5	1.9202378653996495	31.484
759.0	2.4783451678912183	30.124
759.5	1.9525141405798518	28.362
760.0	1.4461988524130376	70.244
760.5	1.405846857801138	40.317
761.0	1.4240687965159389	128.132
761.5	1.7551900248268584	70.467
762.0	1.799480722520597	70.27
762.5	1.4138581699410648	60.531
763.0	1.8916420776800547	30.201
763.5	1.7765253879005092	53.339
764.0	1.8412823874059447	30.228
764.5	1.2948405884284335	120.874
765.0	2.1851466802619797	110.896
765.5	1.1590721053313622	84.11
766.0	2.473510707326474	62.255
766.5	1.8416598235705866	60.227
767.0	2.0881784347770895	30.355
767.5	1.4543322012336435	80.61
768.0	1.6432916922704148	42.414
768.5	1.693456140485059	30.897
769.0	1.8881198821152692	62.828
769.5	2.0167641855359064	41.368
770.0	1.9929387690816711	40.172
770.5	1.6011467255304914	59.917
771.0	2.119633065865844	60.316
771.5	2.4572818875153164	50.276
772.0	1.7659503890611112	60.538
772.5	2.4382851667483463	51.305
773.0	1.7358988659676033	70.705
773.5	1.9306696748647487	62.025
774.0	2.158104778567997	50.329
774.5	2.231943529345054	100.606
775.0	1.6886495929291907	10.078
775.5	1.9132506112438845	60.216
776.0	1.3188910001934637	20.343
776.5	2.0173398272849186	60.445
777.0	2.134663759019806	50.329
777.5	1.6475414956074415	120.752
778.0	2.184851481165761	51.421
778.5	1.5451096497117416	80.696
779.0	1.9221393153805968	110.729
779.5	2.3055091997187835	50.336
780.0	1.3339392329145845	100.724
780.5	1.8542882441585076	20.235
781.0	1.9330076482453176	29.014
781.5	2.1141858715370936	40.335
782.0	1.2482946814579543	70.584
782.5	2.4358326156108796	90.449
783.0	1.6922134134998614	120.926
783.5	1.7766544498776107	70.599
784.0	1.9630599973720144	70.401
784.5	1.9361350858298316	103.325
785.0	1.7807592481058832	90.658
785.5	2.1303564400749995	10.81
786.0	1.914542039836874	60.342
786.5	1.9645650458723238	20.083
787.0	1.8278732376961562	60.395
787.5	1.757482697233085	30.425
788.0	1.2555873236836674	100.769
788.5	2.2039022265727657	50.261
789.0	2.1848269504910265	29.669
789.5	1.3783168073452585	60.491
790.0	2.1247893848865975	30.173
790.5	1.83440270824711	22.296
791.0	1.8905742609964669	40.296
791.5	1.734055022042758	110.655
792.0	2.143333861891577	92.931
792.5	2.554072972098054	20.095
793.0	1.7793520403717802	80.605
793.5	1.6563712785988876	40.219
794.0	1.627142432833104	50.243
794.5	1.9575917868165704	90.777
795.0	2.4759726622924463	11.487
795.5	1.5192050002650297	50.23
796.0	2.0970098602157305	60.559
796.5	2.675241539421815	20.165
797.0	1.9126766029145013	60.271
797.5	1.3424354732792139	120.656
798.0	2.0359196224415625	19.457
798.5	1.5959684361777142	30.204
799.0	1.75788998134689	50.38
799.5	1.6950678953684981	50.423
800.0	1.7094316370803435	50.406
800.5	1.9527339971104076	31.419
801.0	1.8930083913846258	50.456
801.5	1.7155021843081375	20.16
802.0	2.1989179640732477	11.12
802.5	2.396509806750379	30.223
803.0	1.7381210492568127	10.659
803.5	1.9774660281160055	10.606
804.0	2.457722891614224	19.944
804.5	2.0425882230340564	80.6
805.0	2.4780966327586373	100.713
805.5	2.173731062760658	12.005
806.0	1.7425093002690428	94.746
806.5	2.0173926302138625	100.779
807.0	1.7799371545980402	174.368
807.5	1.3264521083956946	80.688
808.0	1.9176486570528668	60.349
808.5	1.6437291958023101	70.252
809.0	1.4419708495913695	100.805
809.5	1.8313666494521683	32.082
810.0	2.3494309345675775	40.42
810.5	1.4658174776348922	50.39
811.0	2.3959709330745924	24.007
811.5	1.7538538781868533	10.487
812.0	1.701079495941467	60.535
812.5	1.8390901035627039	40.152
813.0	1.7484033445531457	51.441
813.5	1.7469250187426293	31.189
814.0	2.065028617758715	50.308
814.5	1.448058104774589	40.388
815.0	2.091887970504281	23.79
815.5	2.4304004564183908	20.238
816.0	1.7906680078553374	32.377
816.5	1.8009971400455498	20.217
817.0	1.6206790702796323	33.184
817.5	1.550493546194814	50.718
818.0	2.6043494265828717	31.193
818.5	1.683454044808867	60.45
819.0	1.5795367347942812	40.193
819.5	2.214150284558936	120.657
820.0	2.082826220300691	20.062
820.5	1.8148906710368113	120.82
821.0	1.355567978174528	50.383
821.5	1.926597518776662	120.854
822.0	2.626153938022704	70.317
822.5	1.6090606076509808	81.755
823.0	2.2446948705344325	80.279
823.5	2.0882085905507504	110.87
824.0	2.0421120144897076	32.168
824.5	1.9803476026545137	50.484
825.0	2.1573592254673133	55.414
825.5	1.9430721209102975	60.372
826.0	1.927179297155748	60.48
826.5	2.553076579281534	100.548
827.0	2.035771409537379	40.298
827.5	2.2717211056632176	80.501
828.0	2.2159066297493	110.549
828.5	1.4095749725508107	47.191
829.0	1.9061854094891473	30.05
829.5	1.9627891778524647	53.658
830.0	2.179248510922293	20.451
830.5	1.7107163656686168	81.409
831.0	2.0413391127654505	70.603
831.5	1.9087107025405237	12.696
832.0	1.9973764654322828	50.15
832.5	1.683623644214346	66.218
833.0	1.7299721368744774	41.138
833.5	2.0354317465492717	100.785
834.0	1.4495759961198942	98.055
834.5	3.0139342669980693	31.01
835.0	1.7653145366970822	30.225
835.5	1.7888712634018715	90.813
836.0	2.4507140336121584	50.466
836.5	1.9543143856974656	12.228
837.0	1.7776119201850398	77.769
837.5	1.9916675175559004	53.375
838.0	1.7263486328159328	70.247
838.5	1.8343438050264784	47.394
839.0	1.8146209439703223	29.195
839.5	2.022791926434023	151.149
840.0	2.7004750288695236	80.31
840.5	1.8006027397619637	11.065
841.0	1.8492444000215003	90.597
841.5	2.253542188816922	60.29
842.0	1.6121314116168464	30.193
842.5	1.2815924818229392	90.685
843.0	1.5716138303527378	30.195
843.5	2.6001835632870782	40.472
844.0	2.156409793599654	62.943
844.5	1.9108104842454396	32.341
845.0	1.8420115177786023	41.113
845.5	2.0098144338961554	110.689
846.0	1.6090694103260121	91.091
846.5	2.2847003634554808	60.311
847.0	1.7093460203046218	90.557
847.5	1.99821581624421	110.793
848.0	1.9940071018848933	50.338
848.5	1.5826055151226412	93.736
849.0	2.1399663425102946	36.668
849.5	1.6357693685339192	90.618
850.0	1.5129167661864438	58.572
850.5	1.6897019418403936	50.214
851.0	1.562170896908972	80.616
851.5	2.2090940568463924	11.426
852.0	1.4162725339022633	40.278
852.5	2.026330753615609	14.211
853.0	2.1507507856934405	60.384
853.5	1.9434380731376948	50.267
854.0	1.3949969901965964	40.352
854.5	1.9156796626732517	120.741
855.0	2.4483348412527492	55.881
855.5	1.671754789685212	11.455
856.0	1.6126224790198673	114.342
856.5	2.611562037502518	30.519
857.0	1.8507123519218904	81.391
857.5	1.8447605306614905	50.533
858.0	1.3324489620204074	90.675
858.5	1.7487225730775027	20.295
859.0	1.8665950977278758	52.178
859.5	2.426423470446897	51.258
860.0	1.684558329204147	50.191
860.5	1.9480033618272736	40.297
861.0	2.4376919793171075	60.382
861.5	2.2439501064929273	70.494
862.0	1.49201792916103	90.381
862.5	2.334562800910129	50.267
863.0	2.180025396596498	60.657
863.5	1.9267721431371774	50.613
864.0	1.6308838752668606	82.234
864.5	1.581958668670505	70.374
865.0	2.219085265704754	50.289
865.5	2.079940813675381	78.545
866.0	1.7242245436096257	70.367
866.5	2.1551266786182253	50.467
867.0	1.7150719876886522	100.799
867.5	1.9437019464323546	20.308
868.0	1.3627456278769718	51.91
868.5	1.9305816559668294	60.333
869.0	1.7911634212964263	50.212
869.5	2.3203478723996795	60.2
870.0	1.4657020056012204	50.324
870.5	1.7234705406376074	20.134
871.0	1.616166268099474	60.602
871.5	2.573432227241091	16.427
872.0	1.7915904242118499	50.264
872.5	1.7707262882221422	34.462
873.0	2.1560151497561706	30.315
873.5	1.787493129732202	55.471
874.0	1.7446356251736195	70.467
874.5	2.3207923953493856	50.357
875.0	1.6548714486638654	12.878
875.5	1.428384449053582	40.324
876.0	1.9467098482370102	100.821
876.5	1.9210959069228943	60.34
877.0	2.6271360231387693	70.277
877.5	1.6099501534783724	70.451
878.0	1.6315190418319518	68.608
878.5	2.232521116777373	20.225
879.0	2.1853491902335644	26.953
879.5	1.6652346252969994	40.451
880.0	2.1095874209439778	45.779
880.5	1.953438409752483	30.256
881.0	2.4369133658765887	33.658
881.5	1.6792072564096245	30.226
882.0	1.599754966265518	20.301
882.5	2.419256907207757	15.149
883.0	1.8055777144448486	50.195
883.5	1.5995408415454975	30.208
884.0	1.796847793432689	43.611
884.5	2.1001406969988565	12.963
885.0	2.3868733595946634	40.454
885.5	1.5935965679270372	58.9
886.0	2.4401037569813906	40.319
886.5	1.55202514677785	40.895
887.0	2.4642413344346097	13.308
887.5	1.4532853235199386	70.569
888.0	1.8917610240293579	70.564
888.5	2.3771375740259404	80.448
889.0	1.7320097011929503	80.612
889.5	2.0068363312048305	50.237
890.0	2.172634501263521	94.005
890.5	1.451815320156152	100.688
891.0	1.127982894300154	62.75
891.5	1.630340547136331	70.557
892.0	1.8737646657994096	100.566
892.5	1.6317829050991235	52.497
893.0	2.388702992070608	60.356
893.5	1.0247754556035797	50.564
894.0	1.5060970486287413	40.314
894.5	1.5951544818588732	90.837
895.0	2.343355481985324	11.653
895.5	1.6431766364439064	20.362
896.0	1.9466964805472105	104.836
896.5	1.9168353279678445	40.203
897.0	1.8386090792038359	70.555
897.5	1.8215150710366834	78.565
898.0	1.8515621975640846	90.484
898.5	1.6867074025977926	54.759
899.0	1.8079503344920105	77.974
899.5	1.7330721174826613	30.358
900.0	1.6116428557011264	50.261
900.5	1.4918996734575034	40.172
901.0	1.518478186103418	80.598
901.5	1.9332057421186288	52.743
902.0	1.5847078712657972	10.788
902.5	1.5768785293806462	13.227
903.0	1.0319671175273193	101.561
903.5	1.7792318029635856	111.558
904.0	1.4663578541901556	11.447
904.5	1.5531567066417868	10.931
905.0	2.1853760428679863	60.285
905.5	2.5833159219262947	20.169
906.0	1.3531436508370545	60.452
906.5	2.17729532569173	30.842
907.0	1.827791550675109	23.981
907.5	1.8679693140009528	40.526
908.0	1.7728040141070422	80.293
908.5	1.9604934079808054	80.264
909.0	1.672372926561162	52.949
909.5	1.8580545350541358	50.394
910.0	1.6974536488093097	100.687
910.5	1.9014560611421416	70.444
911.0	2.0386994645974226	41.642
911.5	1.6102807803089951	60.399
912.0	1.8640522874140169	11.439
912.5	2.072812285437554	30.451
913.0	2.0377528615147398	10.765
913.5	1.8382984903461352	50.266
914.0	1.9901696055726161	60.467
914.5	2.0866734157515956	103.278
915.0	1.734811169302884	10.965
915.5	1.4376034703528882	50.354
916.0	2.399524523981183	90.49
916.5	1.9181298838777894	20.14
917.0	1.4297816948791762	100.653
917.5	2.237153989980351	70.402
918.0	2.343926211738383	22.661
918.5	1.5078429551398147	51.014
919.0	2.061760000062569	35.293
919.5	2.1970097273317735	20.284
920.0	2.4179455405826	40.262
920.5	1.5883255455975136	80.509
921.0	1.6615993867573104	71.347
921.5	2.129927091173101	80.585
922.0	2.1419730688568097	90.8
922.5	1.5535749579687905	70.378
923.0	1.8135740893003305	20.251
923.5	1.2241249087881607	113.686
924.0	2.0958557932037922	80.545
924.5	2.002551663387544	80.387
925.0	1.8653479538598907	50.492
925.5	1.7128291860136593	40.315
926.0	1.927448467785532	72.986
926.5	1.5151989633340714	40.483
927.0	1.6429687290468744	50.344
927.5	2.163916152900961	70.32
928.0	1.5726442819609903	60.526
928.5	2.2326202046552934	30.385
929.0	2.084859705993044	50.444
929.5	1.5299205632579977	80.735
930.0	2.032489713581356	48.248
930.5	1.6999671317701506	31.875
931.0	2.2814841378723147	100.618
931.5	1.3126374475136948	110.726
932.0	2.2734050048970578	40.327
932.5	1.9154342521920622	70.323
933.0	1.9812109518248289	49.924
933.5	1.8271524083407877	100.838
934.0	1.82179430869602	80.6
934.5	1.8757432459615386	10.938
935.0	1.540094135874884	70.48
935.5	2.4043684629987054	83.065
936.0	1.4396156036334602	30.735
936.5	1.1826544150717235	130.812
937.0	2.201080331141425	24.854
937.5	2.1355064999320947	100.627
938.0	2.010154898053303	30.143
938.5	1.5782228295798655	70.545
939.0	1.7153957344597461	30.239
939.5	2.0496516969938914	20.102
940.0	1.5815181117453179	41.764
940.5	1.8744425209272888	12.813
941.0	1.972155002361145	48.289
941.5	2.188929307525768	20.111
942.0	2.0260240814253336	20.315
942.5	1.6884637642086016	54.231
943.0	2.218028909686292	40.236
943.5	2.5397936909545415	40.418
944.0	1.8873911612557654	80.303
944.5	1.8047071921392133	70.402
945.0	1.9353100226981734	76.71
945.5	1.6265563646504695	55.338
946.0	1.570025580263613	18.853
946.5	1.702997734979332	54.962
947.0	2.15214992484175	70.388
947.5	2.1762458160481923	31.203
948.0	1.9548826123408232	40.425
948.5	2.138004788040379	12.053
949.0	1.6255964495236614	44.186
949.5	2.374547129346255	64.18
950.0	1.2761309463540638	80.482
950.5	2.3543374777207773	20.07
951.0	1.8162546561308672	50.451
951.5	2.415026752379729	50.338
952.0	1.965367515871932	31.073
952.5	2.7312248941366915	31.182
953.0	2.2109379194295355	19.999
953.5	1.6475950875481378	80.257
954.0	2.0207380756083886	32.863
954.5	2.0053566152230498	50.397
955.0	2.427647337428981	90.587
955.5	2.3802138596600373	40.293
956.0	1.1774092873716009	90.692
956.5	2.0982484124791063	60.521
957.0	2.1510803440276884	110.657
957.5	1.8427824701147724	70.874
958.0	2.0355109654031085	41.9
958.5	1.7743832113719453	82.507
959.0	2.1106675331267994	70.467
959.5	2.098457547725539	14.767
960.0	2.188510458152941	46.559
960.5	1.6948382798725354	50.413
961.0	2.169981101625245	11.103
961.5	2.0012711882959273	40.385
962.0	1.8934102131328354	31.441
962.5	2.336753538989414	60.73
963.0	1.7602508837515536	60.574
963.5	2.092458623922623	61.494
964.0	1.5593465449027217	90.603
964.5	2.0084117976514193	50.339
965.0	2.253368033788921	12.619
965.5	1.5605458926346762	29.188
966.0	1.6430505722889543	40.289
966.5	1.8155217060496789	80.757
967.0	2.1545390594714515	70.447
967.5	1.7727076925781757	60.54
968.0	2.054119722950376	50.376
968.5	1.852426613067981	67.232
969.0	1.8418961287484268	51.227
969.5	1.8997447005241754	70.484
970.0	1.6285567420575506	40.228
970.5	2.082997010271747	90.576
971.0	1.8462576945315565	70.384
971.5	1.7747083117807592	63.886
972.0	2.1591560159376493	20.145
972.5	1.8830990816777071	92.422
973.0	1.6416718739684752	80.392
973.5	1.8773444241018542	13.204
974.0	1.5593769732195668	110.73
974.5	2.2763850240122285	32.971
975.0	1.6885878259126876	60.599
975.5	2.163666820790551	10.791
976.0	1.9644342547423297	90.521
976.5	2.031857572448181	20.165
977.0	1.7239832767575407	120.959
977.5	2.3085134269760883	32.56
978.0	1.5320657668314401	73.539
978.5	1.6294549682680477	59.005
979.0	1.6110913947244665	70.405
979.5	2.0672737137649126	20.017
980.0	1.8788532819758832	50.145
980.5	1.398515458066801	80.606
981.0	2.3945471732146095	60.316
981.5	1.7428664800864195	14.408
982.0	2.382438351914548	42.628
982.5	1.907949319388558	32.392
983.0	2.095276144706063	30.513
983.5	1.7933937141509675	30.247
984.0	2.0596373509909247	60.282
984.5	2.1134435978512878	53.533
985.0	1.9078451393952502	50.383
985.5	1.7624989971877705	100.996
986.0	1.897639934443127	55.896
986.5	2.57362649330925	70.564
987.0	1.8957540756444045	33.12
987.5	1.8411929846813635	50.232
988.0	1.488359879524496	60.235
988.5	2.467493399857721	40.249
989.0	1.416779401595922	100.607
989.5	2.298863364971544	60.351
990.0	2.037859049077498	58.567
990.5	2.3783109792110415	101.625
991.0	1.5785962668029654	100.569
991.5	1.2953195904606514	30.898
992.0	2.4701308014177763	100.718
992.5	1.9273445447371265	43.786
993.0	2.785401832558359	50.26
993.5	1.884876393408793	60.22
994.0	1.6358963643579867	60.508
994.5	2.317412329419918	70.545
995.0	1.9246226504093307	90.813
995.5	2.063229743235594	100.698
996.0	2.515412165548113	44.949
996.5	1.503480383988422	100.534
997.0	2.119372506926346	19.967
997.5	1.3377219060897043	32.791
998.0	1.8025584405892932	10.379
998.5	1.8530952562181335	60.299
999.0	1.561877221877776	50.481
999.5	1.7251311440994685	122.376
1000.0	1.879217250784978	65.948
