0.5	0.17962627696621655	30.461
1.0	3.076072822190815	30.199
1.5	0.12430552360035281	28.572
2.0	9.09662067830107	75.773
2.5	2.3861187782341884	34.947
3.0	0.15629062057417986	75.57
3.5	5.18262244474899	30.296
4.0	4.158940434246811	30.354
4.5	4.023099916688435	23.275
5.0	3.441902834796854	23.275
5.5	3.684356648013019	30.301
6.0	2.944295674362743	30.368
6.5	4.219576234865158	17.997
7.0	4.131723234028632	17.997
7.5	2.7629383409636548	75.743
8.0	2.671231660967881	75.816
8.5	4.367697036075174	18.235
9.0	3.7390186815022637	18.235
9.5	2.616786468232737	60.475
10.0	3.4483661636034864	60.573
10.5	3.4363803952036514	30.38
11.0	3.6188057411005166	30.463
11.5	3.4270198778420085	30.187
12.0	3.1204504379415128	30.252
12.5	4.642796078295068	75.383
13.0	3.632181454540129	75.458
13.5	3.1583820438958834	75.866
14.0	3.92539370502041	75.944
14.5	4.171087098273006	60.487
15.0	4.048335771058245	60.559
15.5	3.9927880818150454	45.423
16.0	3.6534870134278745	45.486
16.5	4.050465318863432	45.358
17.0	3.043406286425407	45.44
17.5	3.3271004306113348	75.963
18.0	3.36803308102013	76.059
18.5	2.7123810210047434	45.674
19.0	2.6819283869069155	45.776
19.5	4.525893296736223	30.466
20.0	4.671976196760728	30.564
20.5	2.730687912346822	75.777
21.0	2.526236415374149	75.858
21.5	3.4617350952408024	30.175
22.0	3.066902971264925	30.251
22.5	3.0869092998361163	30.399
23.0	2.6573656476810545	30.48
23.5	4.254030775964122	64.933
24.0	4.5316950631034745	64.933
24.5	3.6700198584394585	60.663
25.0	3.8905984309975947	60.738
25.5	3.6757446200310997	60.46
26.0	3.5431608459408515	75.611
26.5	4.251614273380461	19.265
27.0	4.11302415147757	19.265
27.5	2.8626356667099273	75.236
28.0	3.5357348273303453	75.236
28.5	3.46920789968639	60.847
29.0	4.238584724355651	60.921
29.5	3.830189026950422	30.313
30.0	3.6132790621209563	30.4
30.5	3.2089391482551433	20.031
31.0	3.478698075311335	20.031
31.5	3.513104359895775	60.564
32.0	3.7496568984193606	60.658
32.5	3.7676790138764495	30.263
33.0	4.833087132555361	30.341
33.5	3.188171890966532	45.689
34.0	3.421269420886098	45.78
34.5	3.0859550654721914	75.794
35.0	3.3599049169296853	75.867
35.5	3.7722708696655793	75.496
36.0	3.040693793973506	75.568
36.5	2.6880042499008616	20.789
37.0	2.472023407477332	21.675
37.5	2.2395843536247133	90.503
38.0	3.0711969582688745	19.642
38.5	2.7130412975356983	60.416
39.0	2.810661544444592	30.712
39.5	3.477578417364569	45.403
40.0	2.383415134378768	30.265
40.5	2.322569519846559	90.854
41.0	2.9024442369361654	60.653
41.5	2.238940509740756	60.742
42.0	3.4278838514042214	30.301
42.5	2.848299167501	90.933
43.0	2.929558978001065	76.007
43.5	2.6673552303957617	45.333
44.0	2.8717034243022423	30.198
44.5	3.394928923575107	45.287
45.0	3.4184677072930274	30.402
45.5	1.9906038559994537	34.25
46.0	2.601095160627641	106.585
46.5	2.3005047949647652	30.219
47.0	2.397703432559001	60.792
47.5	2.3731486121632135	90.74
48.0	2.084309230610387	30.331
48.5	2.614411534681425	19.933
49.0	2.584900186942916	90.706
49.5	3.22053206743253	30.195
50.0	2.4228009696785544	45.376
50.5	3.1731260088235387	45.228
51.0	2.9577955520974024	60.441
51.5	3.2604850125492657	106.238
52.0	2.6414194799532624	60.392
52.5	2.6739157425799216	121.232
53.0	3.2343716552400332	75.809
53.5	2.7500615960386603	45.353
54.0	2.8752305308690573	30.332
54.5	2.472362449859085	45.491
55.0	3.2695160778877526	30.348
55.5	2.381650875493891	60.654
56.0	3.9134229603675377	45.294
56.5	2.105926089889823	90.827
57.0	2.656271691573045	60.463
57.5	3.0239611639498674	21.385
58.0	2.4936263030902177	20.517
58.5	3.1130268697421206	30.142
59.0	2.9295044477730094	90.722
59.5	3.1832056709247873	45.245
60.0	2.7271013257684973	33.1
60.5	2.9860812488053536	30.352
61.0	2.6476240293808972	90.861
61.5	3.172551062235822	30.286
62.0	2.465670183135331	75.583
62.5	3.461539647883514	30.212
63.0	2.9616670423628713	30.34
63.5	2.0761018474034243	75.679
64.0	3.265723821672836	30.272
64.5	2.6665040785035603	45.397
65.0	2.3426288010948646	19.339
65.5	3.2324134847297707	75.362
66.0	2.4735340605263954	45.295
66.5	2.7818186373810776	30.321
67.0	2.901876342271739	30.285
67.5	3.1235648056031047	60.767
68.0	3.073421474101683	75.788
68.5	3.1707389445855734	45.34
69.0	3.2926033433919857	60.318
69.5	3.616484171925103	21.479
70.0	3.068631742413897	45.393
70.5	3.2393501620401253	45.587
71.0	2.5480871745583427	30.39
71.5	3.5786177882942733	30.151
72.0	2.619604761587496	34.873
72.5	2.7704239066034266	19.52
73.0	2.613996775853066	20.448
73.5	3.3321298760759173	45.236
74.0	3.0049094653814223	25.955
74.5	2.9048416020603938	18.944
75.0	2.3821277706707957	30.252
75.5	3.8080129586174776	30.311
76.0	2.894470380153489	60.316
76.5	2.633812428398217	49.388
77.0	2.2012702704369747	30.28
77.5	2.3364271878300733	45.27
78.0	2.5371830732459446	18.905
78.5	2.808470122185649	105.981
79.0	2.102947766885965	19.447
79.5	1.7800566005911185	105.64
80.0	2.3916687095102644	22.024
80.5	3.147140664619094	45.273
81.0	2.67615966255863	30.376
81.5	2.0690889456698947	45.223
82.0	2.661967700985279	20.327
82.5	3.148149407981844	30.283
83.0	2.0676671343396795	75.525
83.5	3.1376354788025678	61.097
84.0	2.5957433989930494	45.243
84.5	3.3563934739905625	53.403
85.0	3.560803682809614	45.284
85.5	3.274799706750179	30.268
86.0	2.66901929803858	45.554
86.5	3.0795360394272544	75.738
87.0	2.519137319741648	30.342
87.5	2.825126403512883	75.655
88.0	3.1464509998812074	21.282
88.5	2.6134939700549533	60.394
89.0	3.372121565246299	30.204
89.5	2.1593695006306337	60.31
90.0	3.242202524330518	60.437
90.5	3.3726940906014957	64.782
91.0	2.6200962692480334	19.343
91.5	2.8836499591139355	30.309
92.0	2.8095962657094913	75.479
92.5	3.446742163028794	60.467
93.0	3.31935005642655	90.724
93.5	3.0748058126396196	30.672
94.0	2.2315343173967475	49.118
94.5	2.646657834040737	30.177
95.0	2.4392303995173035	60.281
95.5	3.013823369713334	45.497
96.0	3.05765428077059	91.23
96.5	3.2112053999051637	19.862
97.0	2.7485439431053535	35.146
97.5	3.682968760826001	60.381
98.0	2.6658500643191876	64.96
98.5	3.0670360683875924	60.415
99.0	2.507259916542415	45.385
99.5	3.280727736424495	45.267
100.0	3.007575903440374	90.804
100.5	3.147678618004041	23.412
101.0	2.145591364047196	30.133
101.5	2.502619446577088	60.565
102.0	3.0925843100090122	22.246
102.5	3.4630626514612923	30.212
103.0	2.37704543395935	60.334
103.5	3.172539020451144	30.189
104.0	2.726312137887902	30.486
104.5	2.3600212510369487	30.159
105.0	2.9737821947833063	30.344
105.5	3.6166170952436367	60.415
106.0	2.378310071613849	60.367
106.5	3.0457409984103934	75.443
107.0	2.801886809690645	60.327
107.5	2.5767963018491513	75.772
108.0	3.6137448700698087	21.319
108.5	3.541886813222676	52.285
109.0	2.4708925100210073	37.345
109.5	2.681752041303116	45.241
110.0	3.376543453187654	60.468
110.5	3.084491485688059	45.209
111.0	2.230756683111974	105.729
111.5	4.087142649510152	19.429
112.0	2.6646738694781855	75.498
112.5	3.58191385613183	75.488
113.0	3.3970634275102927	60.993
113.5	2.1905208871632467	30.548
114.0	2.8892863266466686	45.591
114.5	2.869238420506547	30.923
115.0	2.793308127910312	60.443
115.5	3.064622629593655	18.904
116.0	2.64749017629438	75.814
116.5	2.617339947317582	66.588
117.0	2.829139990001657	45.213
117.5	2.3628303817109337	45.408
118.0	2.9854185144868186	25.245
118.5	3.4205278783279454	30.228
119.0	2.522708906216719	20.215
119.5	3.5819555720391865	21.154
120.0	3.038877583309891	46.437
120.5	3.9293202387604267	30.285
121.0	2.619404252378086	45.34
121.5	3.86005388435428	30.653
122.0	2.0483502925543764	22.078
122.5	3.398601893383257	60.306
123.0	3.4818485220713344	45.529
123.5	2.0590165028921295	24.051
124.0	3.3613687723744086	30.208
124.5	2.598977106738241	30.32
125.0	2.6979490669666624	30.26
125.5	2.5248421670144774	60.622
126.0	2.177533892466966	30.166
126.5	3.1179858946121293	45.227
127.0	3.4273931471773467	19.981
127.5	2.3969405585792494	20.155
128.0	2.9722817825985435	90.795
128.5	2.320409630262688	30.229
129.0	3.648802600668452	60.636
129.5	3.1284681036548565	60.586
130.0	3.2625851586252614	75.663
130.5	2.6380666300552353	45.229
131.0	2.9853347023335584	45.373
131.5	2.402930584295358	30.167
132.0	2.9709822442676015	45.476
132.5	2.918315193098916	35.709
133.0	2.007893949415558	35.269
133.5	2.8273586986033092	19.586
134.0	2.710371025298349	80.554
134.5	3.125793780134918	45.213
135.0	2.2291420017838792	45.284
135.5	2.0585746129245255	45.238
136.0	2.239352783947992	45.237
136.5	2.605218974908266	60.33
137.0	4.691627911128146	45.381
137.5	2.9125752885628406	30.235
138.0	2.992370792026614	60.293
138.5	2.761537557005813	45.315
139.0	2.9555649044945316	75.685
139.5	2.235379683083002	105.848
140.0	3.0084006240285164	39.604
140.5	2.699802833401767	75.698
141.0	2.889445818334679	60.582
141.5	3.260393893178328	30.41
142.0	2.564234762848336	30.251
142.5	3.2466045084736668	30.258
143.0	3.4119563386241736	19.865
143.5	3.157120580212226	30.274
144.0	3.1757931130699766	33.973
144.5	3.354506339947043	20.13
145.0	3.3626260276426567	45.22
145.5	2.3344016684753575	60.315
146.0	3.267791595760341	41.973
146.5	2.239119988372299	83.282
147.0	3.308698973344377	46.345
147.5	2.9793253941573745	30.397
148.0	3.2000539021980274	66.556
148.5	2.9862845809494076	30.536
149.0	3.004241770272099	60.685
149.5	2.7888306376227745	60.621
150.0	2.2874715822549696	45.67
150.5	2.1474165147634725	60.304
151.0	3.1082783120011155	30.275
151.5	2.778709822963904	45.287
152.0	2.325209700880399	75.844
152.5	3.267709645725224	19.021
153.0	2.5461511355064674	45.35
153.5	2.806355636648816	60.898
154.0	2.2353864969978625	30.36
154.5	2.46090935243644	75.396
155.0	2.970286974613164	45.294
155.5	3.730801168075841	45.52
156.0	2.203829381331767	30.408
156.5	2.3329473104091325	90.918
157.0	2.65181470083629	30.251
157.5	2.1899913857394973	20.023
158.0	3.396191461205545	30.439
158.5	2.525333804654064	60.428
159.0	3.358875625830264	60.428
159.5	2.2772488386593377	45.454
160.0	3.180587942336278	60.41
160.5	3.1032537209544615	45.337
161.0	2.6674784886161644	90.881
161.5	2.5772588803933187	45.736
162.0	3.2982027926947035	60.663
162.5	2.7851284028597507	19.723
163.0	2.1153504705990875	19.42
163.5	2.5565532620141425	30.247
164.0	2.929277218767749	45.231
164.5	2.2757491095817075	30.164
165.0	2.853927648598837	78.92
165.5	3.524421191661667	45.233
166.0	2.647377942878168	30.536
166.5	2.0773558093780005	60.891
167.0	3.073025192070036	45.254
167.5	3.326946366204211	90.494
168.0	3.3061903415950176	30.46
168.5	2.0266660693255254	45.674
169.0	3.026460687921432	51.228
169.5	2.69084034886607	45.336
170.0	1.9790371606375379	105.983
170.5	2.9596832524584347	67.342
171.0	3.272694354283034	20.081
171.5	2.5791281090504476	24.449
172.0	3.115408899217303	60.589
172.5	3.882816650430323	41.206
173.0	3.460955904659879	30.187
173.5	3.209312631688975	75.84
174.0	3.1623016207826673	45.225
174.5	2.8519886404057497	30.186
175.0	4.496303460542207	45.612
175.5	2.9864375881310172	30.274
176.0	2.19318195874951	30.184
176.5	2.3796869288494062	30.202
177.0	2.620379145577275	60.394
177.5	2.29398980152256	30.784
178.0	2.993610487057762	60.745
178.5	3.3273536636451375	45.389
179.0	2.99500072212905	19.675
179.5	3.11368815326336	23.238
180.0	3.45874444432908	30.414
180.5	2.565567201558903	19.441
181.0	2.4552110406931917	60.401
181.5	2.628417032923231	45.901
182.0	3.0774030586508085	30.315
182.5	2.713120486158474	21.352
183.0	4.176360557912803	30.256
183.5	2.744382916836519	60.664
184.0	2.4183331478789882	45.682
184.5	3.3323589690015134	30.813
185.0	2.6268250434896547	106.215
185.5	3.557284131354741	30.431
186.0	3.204790755385038	45.228
186.5	2.8671852001613685	30.366
187.0	3.0500128003606095	60.51
187.5	2.6526254765603943	45.43
188.0	2.8171035371286504	20.088
188.5	2.5876729220657735	22.059
189.0	2.4593402857844637	45.458
189.5	3.4855483317279474	19.963
190.0	3.6321846768354438	24.239
190.5	2.684688830049046	91.132
191.0	3.5197948077691263	60.605
191.5	3.1591900004834157	19.606
192.0	3.2743676974566345	45.549
192.5	2.7297118758187935	22.765
193.0	3.0373749357314437	19.534
193.5	2.4184885227933854	60.731
194.0	2.429894314149014	20.538
194.5	2.145769982985596	27.752
195.0	2.4373420130553507	60.652
195.5	3.3043171497571304	45.579
196.0	2.8247812925691123	30.374
196.5	2.8986046443202813	75.908
197.0	2.3578192522990413	60.802
197.5	2.8652473689238374	75.343
198.0	2.539160266116849	45.208
198.5	3.5750769310188613	20.332
199.0	3.483431842002233	30.469
199.5	3.1864054778787994	20.743
200.0	3.0467320758497456	76.782
200.5	2.3282318007223446	90.838
201.0	2.8555413369462395	20.534
201.5	2.5664263467461708	23.577
202.0	2.3916767796209206	20.353
202.5	3.1678238873211253	106.361
203.0	2.987077088223583	75.376
203.5	2.2810656562084373	30.283
204.0	2.9532233663705427	30.471
204.5	2.912391074405803	30.277
205.0	2.3287729551573904	45.269
205.5	2.4000432818418727	60.37
206.0	2.891353916821039	30.307
206.5	3.851361275682243	45.606
207.0	3.364675680999916	30.237
207.5	2.481781614017641	60.682
208.0	3.335084936117608	30.568
208.5	3.203957275983849	75.436
209.0	2.7074249688719645	60.734
209.5	3.2553567242105963	60.439
210.0	2.8185322377113224	30.574
210.5	3.6079779038249633	30.26
211.0	3.388801277147204	87.301
211.5	2.3160790107356197	106.183
212.0	3.0587006096427056	20.267
212.5	3.2869890682983134	19.28
213.0	3.08331012206759	22.2
213.5	3.127898498127877	60.341
214.0	3.5961624159185828	19.882
214.5	2.738315390609268	60.772
215.0	2.686497518586079	30.39
215.5	2.931560338670359	30.311
216.0	2.4577421308923086	30.192
216.5	2.643792293917842	90.839
217.0	2.544273877126601	21.067
217.5	3.0242065257144928	30.284
218.0	2.6204745498259685	30.389
218.5	3.183706491644267	45.531
219.0	2.732403846597618	45.737
219.5	2.8985968682527026	18.689
220.0	2.816942354856356	50.821
220.5	3.002580649303853	75.524
221.0	3.419391230375592	30.63
221.5	2.794684819361711	75.414
222.0	3.8724512555571615	45.304
222.5	3.1118936285703676	18.431
223.0	3.3742010965109333	22.07
223.5	2.4337098829995596	20.03
224.0	2.2398841838242323	19.252
224.5	3.2791414365308995	37.834
225.0	3.505306315110949	60.663
225.5	2.58683066828443	60.427
226.0	3.150224340888359	75.496
226.5	2.3100505753855924	60.512
227.0	2.879598171149909	30.244
227.5	1.8525907338487104	30.174
228.0	2.2452824731618595	21.016
228.5	2.9110201532969753	20.465
229.0	3.3480953908903244	31.054
229.5	2.9382460581079486	45.311
230.0	2.8319253172173906	18.437
230.5	2.42145333944117	45.303
231.0	3.2647740989995517	30.744
231.5	2.4564197505508845	30.497
232.0	2.7900759247035216	20.401
232.5	3.085627314655168	22.938
233.0	2.453119510242246	19.408
233.5	2.7391622578720134	30.228
234.0	2.4763274451862607	81.144
234.5	3.4260728115869927	45.34
235.0	2.468698679588182	30.213
235.5	2.431757861973793	75.419
236.0	2.612985030800156	60.384
236.5	2.928438237187608	57.795
237.0	2.596955614847832	45.478
237.5	3.2053570071973962	75.436
238.0	2.046353134953282	30.312
238.5	2.7421300300865727	30.165
239.0	2.2066558866061015	64.782
239.5	3.5665061859625884	30.313
240.0	2.8245170205533903	30.546
240.5	2.5810748970621797	75.644
241.0	3.0572251202661236	21.695
241.5	3.1250174847927767	30.233
242.0	2.5636080904037573	60.582
242.5	2.5362103490942203	23.908
243.0	2.7830927880819636	45.352
243.5	2.2550876701805747	75.541
244.0	2.589289068695351	34.033
244.5	3.2898337407357157	91.498
245.0	2.8171933336776016	19.09
245.5	3.019471291170527	45.292
246.0	3.583253485655794	30.491
246.5	2.161820058983107	90.457
247.0	3.165601029407336	60.765
247.5	3.085382745947115	60.401
248.0	2.637982799108933	20.754
248.5	2.5353940349962865	75.45
249.0	2.3423170916167044	60.588
249.5	3.1111654373256243	45.226
250.0	3.6538845309333126	30.221
250.5	2.6168917161839897	75.981
251.0	2.8583285633942324	24.38
251.5	3.0573153735340237	19.683
252.0	4.45494456596205	26.012
252.5	3.0581534047313355	66.804
253.0	3.0693657292272025	31.078
253.5	3.402523058614107	30.159
254.0	2.3591653860583115	78.937
254.5	2.9777620558327547	34.37
255.0	2.8286352135419195	30.244
255.5	3.0997197755657204	45.64
256.0	3.1101948394587007	18.854
256.5	3.1856840860652667	18.928
257.0	2.539301158592287	45.454
257.5	2.9133171503249375	45.311
258.0	2.776960547229875	30.168
258.5	2.0531125546936155	20.345
259.0	3.145855937400751	54.143
259.5	3.005710294239252	45.536
260.0	2.4314994965582266	50.417
260.5	2.3930661241833544	20.042
261.0	3.4986020279023466	20.506
261.5	2.664327437828852	19.795
262.0	2.013403413762316	75.557
262.5	3.021820859813408	45.356
263.0	3.0658582955363696	75.426
263.5	2.81054831662631	18.89
264.0	3.446022380425702	60.804
264.5	2.7996172027536086	30.154
265.0	2.5256351427781967	45.294
265.5	2.140024501892697	19.516
266.0	2.1221319665969576	30.368
266.5	2.833117917488812	90.482
267.0	2.3372554084055954	75.69
267.5	2.666524484288192	21.057
268.0	1.9717428730493907	60.279
268.5	3.2738631793348523	45.481
269.0	2.425984794215764	20.942
269.5	2.923876053023997	45.664
270.0	2.291573837108348	45.238
270.5	2.337094354237556	19.653
271.0	2.6889343417601093	75.373
271.5	2.4504115068102283	60.318
272.0	3.6733303452067316	30.266
272.5	1.9482190393081589	60.369
273.0	1.9686001760901617	18.837
273.5	0.7323189500710634	21.302
274.0	0.6264553145791786	20.063
274.5	1.689794622456803	30.573
275.0	6.845730198522773	25.453
275.5	2.164513480812352	36.029
276.0	2.3198478442907984	105.535
276.5	2.1913530249430466	30.466
277.0	2.250920606810824	30.308
277.5	1.94023146946199	60.685
278.0	2.28697339607529	75.952
278.5	1.157121504740119	21.719
279.0	2.994885445477988	19.131
279.5	0.7376324883700149	60.561
280.0	1.961007238518844	19.687
280.5	7.005423514561607	35.792
281.0	3.2219373589310942	30.226
281.5	2.6963190755105044	35.5
282.0	1.8841061955069982	33.945
282.5	2.4347332138091726	90.867
283.0	3.0527440269712556	90.806
283.5	2.9880362096582913	30.155
284.0	2.953359174364226	60.569
284.5	1.9644028451210043	75.431
285.0	3.5418034187580476	60.641
285.5	2.1399133411551743	120.607
286.0	2.633381529085022	30.249
286.5	2.5762736033732856	30.213
287.0	3.4094576281334437	60.306
287.5	3.1948899952063035	45.374
288.0	2.3029805229141025	19.539
288.5	2.767109351950235	30.153
289.0	2.2887458325851355	75.518
289.5	2.9618875979855526	30.261
290.0	1.9494626370922168	19.685
290.5	3.304642809132994	45.295
291.0	2.2042041262852194	91.075
291.5	3.278040930524767	19.434
292.0	3.0678055161369207	45.319
292.5	2.7037787778280578	60.549
293.0	2.946400959547962	60.49
293.5	3.0505030371036566	19.878
294.0	2.4432374867685502	23.718
294.5	3.490696167137914	30.614
295.0	2.480180634281564	45.246
295.5	3.28279245931147	75.413
296.0	2.7766917314075363	30.311
296.5	2.455995842912718	75.49
297.0	2.9883111655399732	30.203
297.5	2.9677479404031457	45.722
298.0	1.746277419114033	90.513
298.5	3.691129930043266	30.449
299.0	2.491805775402681	75.799
299.5	2.8662573840462837	45.331
300.0	3.6639234849297515	90.724
300.5	3.0328545174070456	90.708
301.0	3.020653695969564	23.942
301.5	2.6893554729786224	22.005
302.0	3.2520115905334697	34.654
302.5	2.775249447244011	30.242
303.0	2.619047777780887	60.36
303.5	2.6477748710912943	60.355
304.0	2.8374655373652957	60.302
304.5	2.449703710668419	75.817
305.0	2.679154605903866	21.47
305.5	2.6274053272725233	75.489
306.0	3.104890501427252	38.786
306.5	2.9306214779589657	30.245
307.0	2.971692951318297	21.648
307.5	2.9472662085327284	30.168
308.0	2.2513132876555204	50.285
308.5	3.6849926958632455	31.034
309.0	2.7190822163510187	30.288
309.5	3.543467584394415	54.995
310.0	3.537753123746362	30.327
310.5	2.6548309532970493	30.465
311.0	2.3361005626483125	30.385
311.5	3.4668552393217253	30.262
312.0	3.0612755405726646	90.622
312.5	1.9524380334427818	48.934
313.0	2.2428510643701247	75.574
313.5	2.890430532284033	90.593
314.0	2.953772794255595	30.222
314.5	2.8165076741866177	20.446
315.0	2.6975086951776572	75.525
315.5	2.995134602344462	19.703
316.0	2.2200482328870184	75.582
316.5	2.8643098050200666	30.386
317.0	3.5782575691938256	30.226
317.5	2.498588694154353	75.428
318.0	2.0437529851282936	20.039
318.5	2.7691847497508544	19.743
319.0	2.777029565950294	60.437
319.5	3.231809072909265	30.29
320.0	2.0719366373207864	30.153
320.5	2.8760014130343534	21.052
321.0	2.6025875403020775	91.133
321.5	3.420576998564651	60.528
322.0	3.00423964906987	45.243
322.5	2.300850508430362	18.78
323.0	3.750200980515327	60.435
323.5	2.436758003547259	45.464
324.0	2.4639652947820596	30.23
324.5	2.8020649012942145	45.652
325.0	2.35563660218898	75.495
325.5	3.6246998033428492	20.659
326.0	2.500817608549024	60.296
326.5	3.6036146050046045	20.078
327.0	3.4876819049045853	30.261
327.5	3.4866423085308145	19.11
328.0	3.4775463015295034	60.461
328.5	2.482571205737894	75.434
329.0	2.386295192786241	90.748
329.5	2.759892001503829	30.155
330.0	3.323714989106042	30.283
330.5	2.4207551109502106	45.215
331.0	2.842257151453345	51.119
331.5	2.7860021279308493	90.727
332.0	3.073210013018485	30.251
332.5	2.612151617179401	45.389
333.0	2.947196777133976	60.381
333.5	2.6148072144253547	60.42
334.0	3.0861401551924823	90.459
334.5	3.1239699897471827	45.347
335.0	3.252563144156657	30.24
335.5	2.443915335587352	30.372
336.0	3.215049786443347	60.337
336.5	2.0007528904676106	106.235
337.0	3.7494828768105983	20.029
337.5	3.037955263384699	23.121
338.0	2.3499499719169568	45.452
338.5	2.864340931000776	60.426
339.0	2.5855816679706534	45.751
339.5	2.121172471506084	90.54
340.0	3.5165818868002336	30.476
340.5	3.0509801417102893	45.347
341.0	2.2894262486952544	75.638
341.5	2.988863941989443	31.015
342.0	2.3495782620579737	20.238
342.5	3.0171486353296526	60.64
343.0	3.277596208577323	55.907
343.5	3.084420852674492	60.714
344.0	2.4789054054508024	45.216
344.5	2.970666217372064	18.728
345.0	3.6081420472352517	45.337
345.5	2.7683998636759983	60.759
346.0	2.125768941987696	60.295
346.5	3.221913442882534	30.236
347.0	3.022594728692471	53.545
347.5	2.925702423423415	60.742
348.0	2.925607122505304	22.485
348.5	2.3605112606164584	45.36
349.0	2.4224812736545362	30.782
349.5	2.816859435097562	20.633
350.0	2.9751831698652667	45.313
350.5	2.1526140309044095	40.464
351.0	2.4692338275862293	21.096
351.5	2.5288152156179082	19.508
352.0	2.2653230464728966	45.658
352.5	2.6536139448970593	60.304
353.0	3.1316942407188915	90.415
353.5	3.6747983453109456	19.91
354.0	3.164126441087323	51.574
354.5	3.5258426774322533	105.784
355.0	3.008554560936311	45.335
355.5	2.4633057248922987	30.251
356.0	2.9750169576537533	30.237
356.5	3.530657346921918	18.667
357.0	2.5969841305930177	75.693
357.5	2.68457080094294	60.427
358.0	2.768425908719126	75.421
358.5	2.800906083449995	19.046
359.0	3.376137540356515	45.39
359.5	3.499753788208886	30.214
360.0	2.4846729351013153	49.478
360.5	3.4089340745503027	20.765
361.0	2.6163174736004686	21.388
361.5	3.2431429447570213	35.753
362.0	3.117073049380156	48.953
362.5	2.5439379193510123	34.242
363.0	2.5397958843851884	60.44
363.5	3.687275793112256	30.351
364.0	2.4884617314583486	30.307
364.5	2.5550052091654165	66.268
365.0	2.8280587418273084	65.141
365.5	3.6325958135860876	60.512
366.0	2.5102621885570526	60.504
366.5	2.2498985268002345	30.157
367.0	2.5060747557194825	30.344
367.5	2.703655985848553	60.624
368.0	2.6238709493051275	45.568
368.5	2.753262592959551	30.239
369.0	2.5889210358363703	30.203
369.5	3.108722619528475	45.285
370.0	3.248197652967552	76.24
370.5	2.5754351644926765	75.563
371.0	3.2770661749360155	30.296
371.5	2.201970829924102	90.788
372.0	3.350963312651701	20.032
372.5	2.6546222619604647	45.457
373.0	4.146672612371232	45.371
373.5	2.0054543890985532	60.479
374.0	2.3999823714376842	20.995
374.5	2.8598646451336553	75.588
375.0	2.1268020281403186	21.213
375.5	2.751790849484425	30.681
376.0	3.1298499078157844	45.254
376.5	2.567416534581845	75.434
377.0	2.0525997636657767	45.297
377.5	2.779200425731914	52.121
378.0	2.584009896759028	45.575
378.5	2.8803922856076523	30.172
379.0	2.588699650924265	20.25
379.5	2.651699106861147	60.795
380.0	3.842255307602264	45.603
380.5	2.4016773826635376	30.376
381.0	3.1496306450549563	22.235
381.5	3.0346123716592732	24.668
382.0	2.8097669289659675	91.209
382.5	2.8161478189079494	30.372
383.0	3.6302347172218465	22.884
383.5	2.9424916531934504	30.429
384.0	2.685583516866378	30.472
384.5	2.549009765639401	60.476
385.0	3.0324703915823648	35.261
385.5	3.485933952172224	30.346
386.0	2.7722334875161945	45.245
386.5	3.2232466812747274	30.169
387.0	2.7418960750732064	105.875
387.5	3.457680541679866	30.716
388.0	2.192828624611708	30.561
388.5	2.5924309355097215	20.195
389.0	3.045439805636795	60.494
389.5	2.3198847545461456	30.336
390.0	2.6367397064694273	45.273
390.5	2.796451558633946	20.524
391.0	2.6538670829502258	45.624
391.5	2.3006868254279	21.461
392.0	3.540835261263382	60.474
392.5	3.0816185360133765	19.271
393.0	3.010478051035255	30.329
393.5	2.2294986404345107	21.218
394.0	2.237173249094344	30.281
394.5	3.058139335873361	30.689
395.0	3.2242388994834785	45.571
395.5	3.1533824611644916	20.661
396.0	2.5813292885503354	35.427
396.5	3.1489713478672727	45.291
397.0	2.3321339603351823	33.716
397.5	2.3763870840208345	75.448
398.0	2.424533955276672	75.573
398.5	3.3450438174049495	69.543
399.0	2.5097752233561996	60.409
399.5	3.242327763232328	49.718
400.0	3.089235668182007	30.195
400.5	2.520415669152778	60.658
401.0	3.3503891507667505	75.803
401.5	3.508556474646825	30.66
402.0	3.046573013242836	60.279
402.5	2.6112845624819614	60.436
403.0	2.8087632325692695	45.276
403.5	2.8823125951620727	49.43
404.0	2.8305870943933193	30.264
404.5	3.2793866167896826	90.84
405.0	2.2450630049783484	90.466
405.5	2.9695444906973463	45.265
406.0	3.144042081544099	30.284
406.5	3.339158846687797	60.332
407.0	2.318970930861846	45.359
407.5	2.5594620510637367	105.636
408.0	3.159328181290174	75.559
408.5	2.6136481603041455	45.397
409.0	2.84187762876462	45.43
409.5	3.083756677076233	106.037
410.0	1.9707560175989853	19.788
410.5	3.148099060008607	23.452
411.0	2.886600350469603	30.347
411.5	2.6169018547986744	27.575
412.0	2.819413760802869	105.567
412.5	3.229128480920718	45.61
413.0	2.9081985434143287	30.253
413.5	3.0891688413697893	22.027
414.0	2.830885585244248	60.704
414.5	3.2494032827081347	22.759
415.0	3.5573634989597225	20.23
415.5	2.385171209116695	30.26
416.0	3.558300553158675	40.186
416.5	3.861813355634376	30.588
417.0	2.983265556086143	20.017
417.5	3.118835649924089	30.575
418.0	2.721795568829037	45.507
418.5	3.0415116791451218	60.278
419.0	2.6614727305610333	18.743
419.5	2.899699446966629	30.485
420.0	2.5332501711541577	21.201
420.5	3.558803767735692	30.212
421.0	3.2530967235929045	60.362
421.5	2.8415430124047845	50.007
422.0	2.2881751779562576	45.175
422.5	2.8605995948998877	30.235
423.0	2.859331381825304	75.801
423.5	3.540117221897345	60.343
424.0	2.0219987618600674	45.309
424.5	2.9432986642739016	60.373
425.0	2.5772121590408017	73.319
425.5	3.6302862606700854	30.508
426.0	2.021541145939608	75.611
426.5	2.289116863195393	30.262
427.0	2.966367127868489	30.198
427.5	3.491873370764578	45.786
428.0	3.188617206889106	24.928
428.5	3.373172699141378	35.685
429.0	3.1612848887101	75.745
429.5	2.8648276569378925	45.438
430.0	2.2724251324325433	60.428
430.5	3.468215978972408	45.589
431.0	3.1294184022064715	22.278
431.5	3.1493988653506406	21.802
432.0	1.4077251034612168	45.396
432.5	3.066720032582229	75.869
433.0	3.0482206031311296	30.384
433.5	2.981277631467395	60.704
434.0	2.1464808909502175	60.314
434.5	2.7259545392248667	30.3
435.0	1.81125947977781	75.36
435.5	4.861286274637642	60.293
436.0	2.4869936733171065	57.889
436.5	4.104206972355596	60.681
437.0	2.6528211806447572	30.534
437.5	3.722120653654217	45.261
438.0	2.0318109033091365	60.392
438.5	3.061357968309189	23.049
439.0	2.814461328248027	21.415
439.5	3.3410667001918197	105.918
440.0	2.3363655804370387	75.32
440.5	2.995515330848119	45.322
441.0	2.2141801257718177	30.486
441.5	2.7723420239401353	75.424
442.0	2.924708070639641	111.287
442.5	3.2861324053861036	60.819
443.0	2.459505049703433	53.741
443.5	2.85937409539393	60.651
444.0	2.7792782224434833	30.235
444.5	4.060375407488296	53.439
445.0	2.945238399644662	24.502
445.5	2.5785793153621	19.534
446.0	2.655210908526273	45.631
446.5	2.766686141682185	120.818
447.0	2.398989354428772	34.71
447.5	3.5182087328213014	19.021
448.0	3.1690126092743967	40.57
448.5	1.900623189408721	60.446
449.0	3.27372350575193	30.252
449.5	3.06073528767065	22.205
450.0	2.5734921928152703	30.123
450.5	2.4207513683047974	61.049
451.0	2.885555649512797	68.608
451.5	2.690330100200459	60.516
452.0	3.1078699930735754	30.149
452.5	2.282066801914778	18.793
453.0	3.697447674445026	106.091
453.5	2.4016195533172993	21.181
454.0	2.4714593726652514	20.128
454.5	3.415582685413569	60.497
455.0	3.2862153531150757	19.35
455.5	2.6721233335845263	20.289
456.0	2.103837342658122	30.159
456.5	2.873883418879757	20.63
457.0	2.2967743450563294	60.506
457.5	2.798458795781331	30.254
458.0	3.1640588844348985	20.028
458.5	2.431132529362397	45.416
459.0	2.791990318363679	45.228
459.5	2.643570454813927	45.392
460.0	2.545520376294021	30.537
460.5	3.2156555199339447	45.297
461.0	2.4405644022081505	31.146
461.5	2.1847721186191937	30.184
462.0	3.075673532493094	45.254
462.5	2.6213309569718173	45.255
463.0	2.979448013926715	79.898
463.5	2.6987007271755736	106.025
464.0	3.4023990014810694	30.335
464.5	3.1007763462326565	60.332
465.0	2.5148765918875577	45.417
465.5	2.5308960225947823	45.255
466.0	2.945780874454174	45.303
466.5	3.0140093922777864	75.906
467.0	2.35412919525763	75.398
467.5	1.8039064539593161	23.293
468.0	2.932258702028383	30.361
468.5	2.722140989413469	60.662
469.0	2.5775848001405817	90.9
469.5	2.75394906123747	60.371
470.0	2.692628817405703	20.434
470.5	2.5032190918475523	60.379
471.0	3.013188047030036	19.632
471.5	3.695556119404028	64.749
472.0	2.341958058657596	21.305
472.5	3.238727804210731	30.273
473.0	2.7941936493646278	45.351
473.5	3.2425470500282456	41.619
474.0	1.9348619893753194	45.27
474.5	3.442396986742828	30.527
475.0	2.6841811046582498	30.14
475.5	3.3341030261329414	60.283
476.0	2.7494369586027685	18.954
476.5	2.67582486516571	45.588
477.0	2.6800020351392413	61.55
477.5	3.5596600768173396	20.424
478.0	2.852971259927794	30.265
478.5	2.918677490868752	20.475
479.0	2.2675704174764344	30.344
479.5	3.4571696196431505	45.436
480.0	2.904161635156232	80.365
480.5	2.972701428089453	45.692
481.0	2.2957412611492467	45.205
481.5	2.3397471360466247	60.432
482.0	2.7174638759851604	20.4
482.5	2.9239522955649973	45.215
483.0	2.6003722787140386	19.696
483.5	3.1770655692961847	34.713
484.0	2.676502752404315	19.938
484.5	2.5990530215917103	30.59
485.0	2.4009941676781916	60.442
485.5	2.201518341634331	30.384
486.0	2.570828373840534	60.311
486.5	3.336846241934611	45.5
487.0	2.83764323275638	105.967
487.5	2.059941869409435	50.062
488.0	3.0374810499240135	48.848
488.5	3.288299137381778	30.212
489.0	2.7915801265430575	30.154
489.5	2.7667120290366167	30.681
490.0	3.336357211521341	49.96
490.5	2.642128249298313	60.376
491.0	3.7043381858357343	21.227
491.5	3.218850794914108	60.42
492.0	3.52040782675403	75.742
492.5	3.4501144923152567	60.455
493.0	3.2665946354331448	90.845
493.5	3.884847043661292	45.266
494.0	2.9135855823818377	45.216
494.5	3.522554889253566	19.822
495.0	3.589665627393417	20.768
495.5	2.7123906503701964	30.358
496.0	3.226845597732646	64.555
496.5	2.6148946603756316	30.2
497.0	2.102096427386497	30.26
497.5	2.8588780959280684	45.424
498.0	3.2601151314153967	30.406
498.5	2.5326112046536777	105.604
499.0	3.4877341709442797	30.442
499.5	1.8911730892448906	105.56
500.0	2.9721042975133396	24.056
500.5	3.2126538151492645	75.986
501.0	3.1619619066355162	45.593
501.5	3.3177961922916035	30.36
502.0	3.1992783256854183	60.32
502.5	3.4729841638986714	45.281
503.0	3.2515010034506378	22.411
503.5	2.781161349315835	45.271
504.0	3.002967919979177	45.295
504.5	2.8039365820523665	22.857
505.0	2.9537548519770094	45.368
505.5	3.705325569948174	39.237
506.0	2.336152255766526	75.353
506.5	2.4526572816760024	20.665
507.0	2.06185598760898	45.299
507.5	3.348875128892362	45.432
508.0	4.020384988522364	45.517
508.5	3.3266944526052162	45.743
509.0	2.5110799906150594	75.536
509.5	2.941943295481767	30.31
510.0	3.1384340807156295	30.435
510.5	2.430341399834336	45.638
511.0	2.876422304064732	45.713
511.5	2.9043500389253945	18.818
512.0	3.7524615247534707	45.565
512.5	3.047604290177405	45.278
513.0	3.6438613661652735	30.233
513.5	2.3832174179554344	45.346
514.0	2.881261191055113	45.354
514.5	2.684771960989223	45.577
515.0	3.4446278259075886	90.837
515.5	2.6614001773347518	60.416
516.0	2.477761592183095	75.7
516.5	2.900013323368088	105.471
517.0	2.818880050055105	30.194
517.5	2.7559520293836517	20.095
518.0	2.9613107598478026	30.318
518.5	3.336353532320152	30.184
519.0	2.2869884392924913	30.35
519.5	2.431931895242982	45.293
520.0	3.1543458382660017	30.154
520.5	2.5160319960362267	75.379
521.0	2.3939916211116774	34.592
521.5	2.6578481050697618	120.816
522.0	2.7815327693332343	20.144
522.5	2.6502066478595783	75.449
523.0	2.9498128280903755	21.31
523.5	2.5698129534658185	60.45
524.0	2.8990546941224062	60.351
524.5	2.8343058107064465	20.933
525.0	3.0077569378105706	45.546
525.5	2.2152936617257892	90.532
526.0	2.8891843191786775	60.385
526.5	1.9229294565476296	19.817
527.0	3.1045996168045082	45.352
527.5	3.130562884471316	105.846
528.0	2.3511470592957404	75.561
528.5	3.0247846356570327	30.209
529.0	2.8857013896054062	75.782
529.5	2.4459933237357974	60.565
530.0	3.6290084721648466	45.643
530.5	2.9329766707021925	90.552
531.0	2.6916048035768965	30.239
531.5	3.6063242540303007	26.961
532.0	1.7940850683429614	22.3
532.5	3.1506407760753357	45.228
533.0	2.3442033883039404	45.261
533.5	3.312122816754277	45.477
534.0	2.25639985172361	45.402
534.5	2.7466838511795784	30.375
535.0	2.4837643551671125	31.057
535.5	2.940255906056664	60.826
536.0	2.9657369823565616	60.423
536.5	3.219420046815961	18.228
537.0	3.1992712470092863	30.352
537.5	2.457544636899597	30.435
538.0	2.210626942046949	90.484
538.5	3.0127340423745355	60.503
539.0	3.107327814837664	19.481
539.5	2.130611384839243	30.218
540.0	3.4421094889423567	19.855
540.5	2.743786148235539	30.423
541.0	1.8627034431268144	45.567
541.5	3.684110883646258	45.762
542.0	3.293830832243024	60.402
542.5	2.4993593691514144	60.294
543.0	3.673412500081382	20.459
543.5	2.9128714335053822	19.004
544.0	3.259270943139043	30.298
544.5	2.2684652975884725	19.172
545.0	2.5158883521728392	19.424
545.5	2.472193083207902	48.534
546.0	2.622188803978514	90.677
546.5	0.9149071606253317	120.529
547.0	0.764118672743046	19.212
547.5	0.24032630670708022	21.211
548.0	3.518556699898576	21.095
548.5	1.9895815429351678	45.325
549.0	2.3603223627885264	49.093
549.5	2.806777787778251	45.206
550.0	2.292208643336959	30.253
550.5	1.9872717517366716	90.86
551.0	1.8920614210539275	45.298
551.5	1.984288318896611	75.959
552.0	2.763341129478501	30.974
552.5	2.5715168485024678	45.46
553.0	3.3405954678469008	81.253
553.5	2.6010093101529494	45.744
554.0	2.494752985384561	20.375
554.5	3.3155806907476975	45.641
555.0	3.9790338462121677	30.798
555.5	2.7039480406099035	30.318
556.0	3.171560835178469	45.321
556.5	3.4536230280014064	30.609
557.0	2.299482161167579	19.21
557.5	2.9399359210026446	20.354
558.0	2.6763697700259272	30.161
558.5	3.622289937819725	34.58
559.0	2.3447439632904055	75.961
559.5	2.5679803871813003	120.583
560.0	0.9045591809631536	96.944
560.5	0.5200946775413848	20.167
561.0	1.8356508118904533	75.364
561.5	1.5746809416660896	90.678
562.0	3.7633513745581686	75.416
562.5	3.234359243136997	60.377
563.0	3.4725964086215924	60.43
563.5	2.4545340857602738	30.376
564.0	2.38616417973829	60.667
564.5	3.017505404891754	30.21
565.0	1.9077577307032731	75.798
565.5	2.7558060619077045	67.989
566.0	2.781568260689348	45.216
566.5	1.6699807929401231	60.362
567.0	2.8255356982933373	60.256
567.5	3.204991027754188	30.178
568.0	2.299902887152241	34.155
568.5	2.711311501332171	29.737
569.0	2.2919954269541343	49.292
569.5	2.52425494709457	60.508
570.0	1.722689902283739	90.418
570.5	2.1226207344393577	45.283
571.0	2.273947845461078	101.038
571.5	2.4875403154248934	18.862
572.0	1.9310929530467322	30.187
572.5	3.0198737001249683	45.343
573.0	2.1682585342463083	30.306
573.5	2.990545006959366	30.631
574.0	1.9303631946875637	60.74
574.5	2.628546890239455	90.442
575.0	2.378764447463909	58.232
575.5	1.6494217199926835	45.236
576.0	2.977348201407219	45.468
576.5	2.070322153922198	60.421
577.0	2.3227543123878704	60.482
577.5	2.444878605395536	30.304
578.0	2.0588867538955387	30.691
578.5	2.0716766058628666	85.098
579.0	2.1169115334192923	75.359
579.5	2.246177867882135	20.768
580.0	2.0943694347872466	105.727
580.5	2.14940477034891	45.264
581.0	3.0597733814904124	75.348
581.5	1.8827859927596104	30.386
582.0	2.290597976223222	19.748
582.5	2.9203574428334456	90.439
583.0	2.574477267261072	45.24
583.5	2.8862140723376664	60.283
584.0	3.18161259752145	30.353
584.5	2.247863729923973	76.311
585.0	2.0624676731980984	105.614
585.5	3.561141510152079	60.5
586.0	2.90450276167159	106.174
586.5	1.6445859175046853	45.311
587.0	3.660350014685092	75.736
587.5	2.6343504462666303	20.313
588.0	2.0843763338225583	45.209
588.5	2.2230882760673536	30.202
589.0	3.022555278561803	60.459
589.5	2.9533882456814613	60.764
590.0	1.585656060702257	60.665
590.5	2.6154656744492453	19.056
591.0	2.4617889398895345	31.16
591.5	3.961501842490019	45.415
592.0	2.07417541287043	45.183
592.5	3.0697994160873128	27.482
593.0	1.861838199058772	75.341
593.5	3.4114589143678256	22.187
594.0	3.8277198516297695	30.47
594.5	2.29630728245435	30.339
595.0	2.6508077958338068	19.076
595.5	3.0789799339456456	18.157
596.0	2.7893250967753693	30.19
596.5	3.0688484774172293	106.014
597.0	3.3641885002538467	60.599
597.5	2.637528471260061	28.196
598.0	2.9427268330383276	45.321
598.5	2.7465837848621804	30.537
599.0	2.5236927068480095	19.783
599.5	1.6532223661508565	45.439
600.0	2.7241399964188173	60.602
600.5	3.0503577260250725	45.395
601.0	2.5473250723777667	60.301
601.5	2.429822338356114	90.71
602.0	2.275519519222036	21.445
602.5	3.751679203783114	45.345
603.0	2.2150727813957465	30.263
603.5	2.476659939039623	90.987
604.0	2.516177571932456	19.613
604.5	3.706711183790596	60.442
605.0	2.2633154235987956	30.273
605.5	2.4881021070707607	19.507
606.0	3.4161644438980425	24.539
606.5	2.708733248696402	75.564
607.0	2.6145547671840226	30.299
607.5	3.29766873644634	75.728
608.0	3.354071051700493	30.206
608.5	2.77587553327294	34.488
609.0	2.57258252797812	75.356
609.5	2.83598963024599	45.266
610.0	3.089851165813201	45.276
610.5	2.180882307514874	21.019
611.0	2.929710282181112	60.668
611.5	3.1449952086889494	45.314
612.0	2.947897638415312	75.367
612.5	1.6595700939545492	18.722
613.0	3.1881731060198573	60.85
613.5	2.5862984636205524	60.959
614.0	2.115119376886871	45.667
614.5	2.732900291354789	104.966
615.0	2.9985422278790708	60.872
615.5	3.0376574515002317	105.528
616.0	3.2368221092240392	45.361
616.5	2.7144387842095195	75.468
617.0	3.655488776809872	45.516
617.5	3.6842351076856312	45.302
618.0	2.571534150235609	22.951
618.5	2.4884815224802788	30.149
619.0	3.4450701554692746	60.542
619.5	2.2111590207412286	45.223
620.0	2.793897699099575	50.264
620.5	2.3692227220196056	60.366
621.0	2.9549505406650662	45.564
621.5	1.8929986245249535	90.448
622.0	3.0879987158112105	75.604
622.5	3.511415428435798	45.355
623.0	2.4491069447011906	19.028
623.5	2.1005391496924526	79.613
624.0	3.0969699069461236	60.285
624.5	3.385482467311092	60.39
625.0	4.356162374635787	30.18
625.5	2.778171579889112	30.431
626.0	3.5203900935763817	45.288
626.5	3.3833138864996735	60.301
627.0	2.5321056487538223	45.365
627.5	2.78561072211848	20.65
628.0	2.9615992703169343	30.215
628.5	2.2681571901456534	60.445
629.0	1.8675657872995384	75.472
629.5	2.3014412515965392	60.679
630.0	2.399839773796758	20.282
630.5	2.953676491753217	78.688
631.0	2.187727782107476	91.029
631.5	2.618190583054114	45.52
632.0	2.153187289317964	23.624
632.5	2.298150486970891	60.338
633.0	2.0975410382346342	30.408
633.5	2.420807495907168	34.346
634.0	2.372450063941843	45.231
634.5	2.4181793753980783	20.037
635.0	2.1115488695714246	45.262
635.5	2.2724256712670425	30.406
636.0	2.2388368694327716	30.628
636.5	2.2198179442470654	60.515
637.0	2.507141304386673	30.174
637.5	3.3454634145068174	35.007
638.0	2.88260725710085	35.02
638.5	3.148550372662105	45.53
639.0	2.3370802326857	45.347
639.5	2.588994911392467	20.468
640.0	3.0850377310376054	19.676
640.5	2.9034968713680027	20.753
641.0	1.9600429556631085	60.316
641.5	2.3791209866256655	50.801
642.0	2.3722826351944923	60.606
642.5	3.238608625611131	20.484
643.0	2.6472566178122983	60.416
643.5	2.83083371590697	67.273
644.0	2.6484779656811437	60.302
644.5	2.064312872186665	30.638
645.0	2.5067483685992555	60.453
645.5	2.38984226607559	135.796
646.0	3.037047651281999	30.587
646.5	2.428595377833933	22.136
647.0	2.2847163103861226	30.37
647.5	2.453342251942939	63.879
648.0	3.081528522524807	60.709
648.5	2.6986126768056375	75.551
649.0	2.5911622126618146	50.946
649.5	2.7489919449109212	90.574
650.0	2.8465399008459427	41.996
650.5	2.1991052909942974	60.511
651.0	2.4662363559582254	21.68
651.5	2.4101646761328728	21.387
652.0	2.8792480411156394	30.37
652.5	2.685077299909693	45.935
653.0	1.9612985682554982	21.511
653.5	2.728235284257235	75.436
654.0	3.2836697679711295	30.248
654.5	1.7946921181879258	45.249
655.0	2.9575355784225077	30.273
655.5	2.8921639343998993	22.01
656.0	2.1995537037432165	69.371
656.5	2.431617804206411	30.284
657.0	1.8455888048263427	35.529
657.5	2.9876238337338097	45.365
658.0	3.446278625744207	45.222
658.5	2.958881404377201	60.268
659.0	2.7384191840437473	30.213
659.5	2.500861265141587	45.825
660.0	2.8077604256020314	75.335
660.5	1.9997531932802015	19.734
661.0	3.30070034447946	35.757
661.5	2.387404050983753	20.131
662.0	3.1385722780364995	30.233
662.5	2.03096976716923	20.184
663.0	2.9203713392196784	30.173
663.5	2.851655887126847	52.21
664.0	2.4272640576925646	20.448
664.5	2.311540641903795	81.569
665.0	2.534598762958042	30.326
665.5	2.8730159031502396	30.291
666.0	2.0283685905263797	49.634
666.5	2.2151562096886606	120.743
667.0	2.627413246642345	45.232
667.5	2.1657839675443133	19.959
668.0	2.452288071392383	45.921
668.5	3.0287630346093515	45.602
669.0	2.740285134561303	24.654
669.5	1.9364305728680171	18.982
670.0	2.9878111642562897	79.47
670.5	3.2501048829417547	30.328
671.0	3.2997257661826245	23.958
671.5	2.1228598894379735	75.774
672.0	2.735872543990425	19.345
672.5	3.0989964912969588	30.809
673.0	1.889833750455323	30.306
673.5	2.0352530164031233	19.055
674.0	2.3544399279994344	90.652
674.5	3.2071241713908383	60.943
675.0	2.158629356579055	30.162
675.5	2.122551577267044	30.388
676.0	3.054213223405523	45.511
676.5	2.3639725101290807	30.172
677.0	2.3719499630942016	34.482
677.5	3.4963803858398927	30.164
678.0	2.3655650298738955	90.555
678.5	2.1696297518638024	90.594
679.0	2.706763560537653	20.554
679.5	2.754028258379466	19.204
680.0	2.307673520369506	19.871
680.5	2.5168734108573565	30.341
681.0	2.706635227838411	90.506
681.5	2.70090110517055	19.655
682.0	1.8797291940562875	90.635
682.5	3.027016262673557	21.394
683.0	2.2386402384276662	75.668
683.5	2.7699973357157552	20.817
684.0	2.160052293173598	91.115
684.5	2.269460629762234	45.3
685.0	2.9906377268765354	34.394
685.5	2.031131387990377	106.269
686.0	2.208420573878168	33.782
686.5	3.4922672760290383	45.302
687.0	2.7124555372492956	75.767
687.5	2.431097710035288	75.478
688.0	3.034990175408619	18.83
688.5	3.07759963251881	45.49
689.0	2.919260410635409	19.128
689.5	1.8620687376942129	71.822
690.0	2.784660927008107	19.746
690.5	2.7540673585623554	26.859
691.0	2.8551669670943123	30.358
691.5	2.3481060726485024	109.984
692.0	1.9528168914219706	30.316
692.5	2.9132783071000565	19.762
693.0	3.1309183125832485	30.228
693.5	1.8686209907415372	75.469
694.0	0.12619213792092843	49.518
694.5	4.542765743489589	45.404
695.0	2.420847519249917	30.429
695.5	2.768575167458174	90.524
696.0	2.0310471485327306	45.298
696.5	2.240296235054877	30.562
697.0	2.4860893868305225	60.506
697.5	2.4473855935780597	60.31
698.0	2.632224445274363	90.757
698.5	2.643228085402496	75.458
699.0	2.401210210411362	75.448
699.5	2.27207404041385	60.394
700.0	2.6781748423097143	30.405
700.5	2.0026824432482253	60.432
701.0	2.741282640172029	30.271
701.5	2.059363276449488	21.997
702.0	2.751358523047634	30.514
702.5	3.0162317097654054	60.754
703.0	3.4202626489464705	30.499
703.5	2.5068625944439957	45.253
704.0	3.060778957618138	30.402
704.5	2.7834180677459175	75.657
705.0	3.024271927809541	20.634
705.5	2.894008873844509	45.512
706.0	3.377721841501648	45.251
706.5	2.6314536069897154	60.439
707.0	2.4541185057887622	60.554
707.5	2.8869983243327293	45.24
708.0	3.3997888974759527	30.574
708.5	3.0184860759768424	105.728
709.0	2.444332905141384	30.643
709.5	2.700667772555647	19.061
710.0	3.4633459116579193	30.181
710.5	3.0895895488446925	60.838
711.0	3.145210951038742	45.445
711.5	2.943027502884638	45.339
712.0	3.368889594009445	30.294
712.5	3.6310524739435586	30.281
713.0	2.6133396487301708	45.615
713.5	2.796932403680446	45.247
714.0	3.3406854364732173	19.335
714.5	3.3949786217659197	30.571
715.0	3.512852408445198	20.546
715.5	3.49614392476674	30.232
716.0	3.1780933586534457	45.298
716.5	2.393721720226213	75.634
717.0	3.7706687275801865	60.933
717.5	3.6488110209954865	33.784
718.0	2.946239113123187	22.745
718.5	2.860907865652273	90.559
719.0	3.1277567821229213	45.487
719.5	2.6653907024061554	60.498
720.0	3.8597927241544947	36.836
720.5	2.4693346329919446	30.802
721.0	3.1023486569203085	20.975
721.5	3.514889632790092	19.529
722.0	3.167978097382737	21.953
722.5	2.5652888639927953	30.532
723.0	2.266036305321992	65.07
723.5	2.5239120309147633	45.293
724.0	3.5609596135906605	30.611
724.5	3.1742320632136405	90.592
725.0	2.7363357840852314	20.381
725.5	2.766059798433596	105.859
726.0	3.700556890366082	19.819
726.5	2.619507629319881	30.387
727.0	2.717182498276712	75.731
727.5	2.444217330657096	30.186
728.0	3.4552294558563243	60.49
728.5	2.859200137007179	75.5
729.0	3.296364123082135	60.351
729.5	3.417006473677817	30.234
730.0	2.6158661586865497	121.035
730.5	2.215466536036569	60.363
731.0	2.9552291651897833	75.623
731.5	2.9536428467114364	34.986
732.0	2.9797109810435685	20.548
732.5	2.0994098377774497	105.586
733.0	2.803153203384845	76.014
733.5	4.041880627195973	45.519
734.0	2.9513967231933735	30.177
734.5	2.6702862513943884	30.195
735.0	2.942017362096225	21.159
735.5	3.5588921561939166	30.331
736.0	2.435613464190252	20.345
736.5	2.8997811220853573	19.08
737.0	2.507980691229729	30.309
737.5	3.4612375638704846	30.176
738.0	2.543309936399149	45.726
738.5	2.5673096734841887	45.604
739.0	2.984795070146305	45.939
739.5	2.6798529713909622	45.639
740.0	2.405076650581675	45.736
740.5	3.0665829412437158	30.22
741.0	3.6018382113212004	45.474
741.5	2.630498293876171	60.229
742.0	2.7936938790181944	75.526
742.5	3.510223510769216	30.303
743.0	2.573499579261755	45.232
743.5	3.120295037003337	30.357
744.0	2.7462122929816437	60.355
744.5	3.560033799095473	45.582
745.0	2.4587487856574954	50.611
745.5	3.3893161879308544	60.754
746.0	2.039705833645044	31.152
746.5	4.4313429848005566	18.748
747.0	2.4729835704648027	75.672
747.5	2.623303420217704	45.328
748.0	2.596421993061989	21.194
748.5	2.788946555655494	20.995
749.0	2.5029763083057093	30.514
749.5	2.6949477984308623	45.7
750.0	2.4246213324796044	30.332
750.5	2.4636218594507513	60.751
751.0	2.7456407925393678	30.257
751.5	4.00573482476981	46.105
752.0	2.4828744576075272	64.164
752.5	3.677699485068458	19.21
753.0	3.5083476296665688	30.135
753.5	2.7078810993004367	45.48
754.0	3.058978604909038	60.503
754.5	2.266966270223393	75.397
755.0	3.8408844424451702	106.298
755.5	2.7693138455011614	30.327
756.0	3.7743676514530184	60.357
756.5	2.643845571589237	30.29
757.0	3.037949072846701	60.294
757.5	2.9530780299949626	30.267
758.0	3.575636542944806	79.129
758.5	2.8923315022739793	45.308
759.0	2.4694046510895236	90.766
759.5	2.440230328376703	45.225
760.0	2.2072366375627017	90.507
760.5	3.219146239313275	20.467
761.0	2.801724443451304	33.99
761.5	3.554622598137029	30.305
762.0	3.392508251420283	30.692
762.5	2.52910565990339	45.373
763.0	3.3647938236817647	45.384
763.5	3.030657361112022	30.709
764.0	3.0508705084170566	41.115
764.5	2.4169969744403783	105.433
765.0	2.7795522551399543	105.615
765.5	2.949848702620089	30.287
766.0	2.2919887026048427	60.386
766.5	3.2155888663629746	75.538
767.0	2.551589158745234	21.762
767.5	3.1608425613482996	45.214
768.0	2.820581524155196	45.307
768.5	3.0085539485219543	36.506
769.0	3.0201490350437985	45.345
769.5	3.6503834413952636	30.265
770.0	2.5004223898266305	30.302
770.5	2.6181516149075796	20.462
771.0	2.950838713189746	45.309
771.5	3.6994545511252577	75.685
772.0	3.0792960183766978	30.274
772.5	3.14859962239217	30.185
773.0	2.812888412033769	20.019
773.5	2.6707726966265706	30.146
774.0	3.193127230569452	45.365
774.5	2.709748309107895	19.429
775.0	2.6729842369496395	48.958
775.5	3.054481924259162	45.425
776.0	2.644440356545046	20.495
776.5	3.5191810733708415	30.737
777.0	2.78494924124613	75.448
777.5	2.97475291223711	30.248
778.0	3.154597448288613	49.771
778.5	2.389872010524951	75.643
779.0	2.939903524828968	21.917
779.5	3.1193418046708925	30.278
780.0	3.5178974156776897	75.844
780.5	3.2720088831302863	60.393
781.0	2.839821960875081	45.323
781.5	2.5874514337996226	19.442
782.0	3.3013759233079214	20.192
782.5	2.1428049498262656	60.486
783.0	3.337355489340554	30.276
783.5	2.7162236544708698	60.421
784.0	3.6856486912102926	81.019
784.5	2.4712882869405655	45.363
785.0	2.901546664576061	60.386
785.5	3.5811594381340064	30.371
786.0	2.9975282521877915	45.606
786.5	2.971537835564791	30.699
787.0	3.025528003227961	45.351
787.5	2.9836374440036573	19.662
788.0	3.4647804451486275	30.171
788.5	2.913156738306312	19.726
789.0	3.2056383832696587	75.523
789.5	2.7326041607851335	30.206
790.0	2.8631759208715835	30.17
790.5	2.6660176270189058	30.261
791.0	3.175373676812482	45.226
791.5	3.878910837037526	76.322
792.0	2.5349953226217115	30.352
792.5	2.7843366255059223	30.378
793.0	2.6478533021730946	30.187
793.5	2.426904124751938	90.573
794.0	2.9741412488826167	90.733
794.5	2.4262830500583337	54.888
795.0	2.838826359544781	30.228
795.5	3.1174357362236864	45.264
796.0	2.4669385475810097	113.398
796.5	4.3235906969618885	90.852
797.0	3.4266043290932067	50.598
797.5	2.929299208062077	30.331
798.0	3.3939553670715616	105.571
798.5	2.3795425984239205	19.14
799.0	3.1460909495815286	21.018
799.5	2.6829867918561305	30.206
800.0	3.5196978131337824	45.729
800.5	3.54290507959499	30.389
801.0	2.3562760597607744	60.683
801.5	2.8193664572918378	90.644
802.0	3.2555010718595234	135.338
802.5	2.2930622250300337	60.63
803.0	2.791083039375315	76.17
803.5	1.8061338851891717	45.784
804.0	3.010420089224487	75.541
804.5	2.197581386498072	45.618
805.0	2.3824991401524698	45.383
805.5	2.6345419933097536	45.374
806.0	3.0928557054623877	45.279
806.5	2.8454430189287057	75.691
807.0	3.728297253840389	31.009
807.5	3.478948611920798	30.267
808.0	2.5941894545150475	30.552
808.5	3.06899776917652	60.582
809.0	3.0389878405883612	106.257
809.5	2.5806824512023456	45.385
810.0	2.5826717550067952	60.62
810.5	3.759795306038277	45.566
811.0	3.1213006638736847	30.575
811.5	3.827404383825617	19.65
812.0	2.119018828182262	30.846
812.5	2.750175553566042	30.203
813.0	2.491869303636041	116.935
813.5	2.48091771736417	45.296
814.0	3.1402212272653074	30.411
814.5	3.662941109270893	45.417
815.0	3.9108290222183424	90.779
815.5	2.559034673678782	60.64
816.0	2.9832677070616866	68.191
816.5	2.926688806645503	60.411
817.0	2.7622552930532813	54.465
817.5	3.414460404709399	30.932
818.0	2.7346606307294423	45.623
818.5	3.1493227680967975	30.264
819.0	3.4379924289492747	30.153
819.5	2.3103220478248647	75.343
820.0	3.61119957610788	30.402
820.5	2.910852520163276	35.665
821.0	2.4415780878461266	60.819
821.5	3.3959731346804003	60.702
822.0	2.988041948588605	45.948
822.5	2.2402845407373237	45.233
823.0	2.9041089132108775	30.518
823.5	3.3497541609346886	21.441
824.0	2.684620083761476	75.629
824.5	4.345038410008889	30.338
825.0	2.650965230014274	34.45
825.5	2.74187259155108	49.139
826.0	2.8969135768797916	45.579
826.5	2.9299624775089974	20.875
827.0	2.405527565888172	45.317
827.5	4.109964583985602	21.205
828.0	3.5232431969408924	30.528
828.5	3.0563409810176703	30.285
829.0	2.974755079922074	21.181
829.5	3.2160107382017777	30.316
830.0	3.090361765427932	20.456
830.5	3.3624434888664787	75.766
831.0	2.9597162763968665	30.429
831.5	3.430582066727516	30.18
832.0	3.4043987924181507	30.194
832.5	3.1551305787428783	45.339
833.0	3.842488100579563	60.615
833.5	2.96179796197767	34.582
834.0	2.753172776893892	75.646
834.5	4.084643099512257	20.08
835.0	3.3770246009402505	75.868
835.5	2.9297334280707164	18.997
836.0	0.9613899052348517	60.24
836.5	5.045013511804806	90.648
837.0	3.4226079593455636	30.565
837.5	2.8945963652103956	45.297
838.0	3.3494332678530436	19.168
838.5	3.0958145366664973	37.187
839.0	2.8310247725318196	30.208
839.5	3.1846580102597484	45.246
840.0	2.1769187401798273	30.188
840.5	3.4653106583262114	75.897
841.0	3.4611609432951007	30.173
841.5	2.3650224894531706	30.153
842.0	2.7786868585440643	19.907
842.5	2.53307406177948	18.868
843.0	3.3721647329593716	30.225
843.5	1.9376425471868204	30.435
844.0	3.1447698429366344	22.83
844.5	3.1887399916275054	30.378
845.0	2.4064236723874313	45.339
845.5	2.6403808712135564	21.169
846.0	2.761205794021481	30.172
846.5	3.45106228333421	45.459
847.0	2.5483983867296787	60.471
847.5	3.152839118582396	21.346
848.0	1.6050828008509879	68.425
848.5	3.2040667004308605	30.332
849.0	2.8304810136762892	45.263
849.5	3.2557082651953793	45.324
850.0	3.248375781798556	45.323
850.5	3.0977523120630317	45.228
851.0	3.0328677211735653	45.33
851.5	3.301397234048533	23.256
852.0	4.32300011099761	30.276
852.5	1.9263114339711442	45.285
853.0	3.284820519157081	45.459
853.5	3.264419940167196	30.162
854.0	4.053243212370848	70.963
854.5	2.114127285844174	30.279
855.0	2.570811680364262	105.75
855.5	2.91835399777776	45.24
856.0	2.5828847381469	45.259
856.5	3.080232291786394	30.684
857.0	2.128339331176377	60.551
857.5	2.677220956097425	60.469
858.0	3.4118162776517473	30.386
858.5	2.824709453364157	91.33
859.0	2.313956967900144	30.21
859.5	3.3766915272550952	45.238
860.0	2.8020696823910085	19.969
860.5	3.1791368201435746	45.223
861.0	2.6463854721327866	19.64
861.5	2.825958446916244	45.271
862.0	2.459107356658491	30.306
862.5	2.4776185233588164	60.559
863.0	2.871544111574864	60.38
863.5	2.539360359092003	45.216
864.0	2.6579504497314996	75.99
864.5	2.738205327178787	30.188
865.0	2.3944182939153373	95.606
865.5	3.1833713566739097	75.436
866.0	2.7315543697763967	30.447
866.5	2.5944701054850614	60.681
867.0	3.2825825513162004	30.162
867.5	2.9061701523704504	61.005
868.0	3.691347356807101	90.623
868.5	2.518187512742452	50.283
869.0	2.481483404680035	90.79
869.5	3.107730918726433	45.585
870.0	3.09340990216403	45.312
870.5	2.8907325932042505	30.17
871.0	3.6295828053167147	45.552
871.5	3.6716925542123233	45.658
872.0	2.937278323595892	60.403
872.5	2.9449403376845646	60.389
873.0	2.3851218322246894	45.252
873.5	3.0561475154372273	105.485
874.0	3.5505766603814393	75.889
874.5	3.4119635872342147	80.311
875.0	2.865307329920773	75.47
875.5	3.3352651269502376	19.523
876.0	2.9333114060778094	45.753
876.5	3.1492897657424863	90.696
877.0	3.8005776760345653	30.448
877.5	3.102984336959177	107.349
878.0	2.7392877291413624	75.813
878.5	2.6411634021512946	19.203
879.0	2.417889394961564	19.802
879.5	2.5874455922384354	19.463
880.0	2.833856360433791	45.493
880.5	2.868589568020615	30.313
881.0	2.955319290161917	60.317
881.5	2.95522099851274	51.327
882.0	3.228194262402925	30.314
882.5	3.6149873522033116	30.268
883.0	3.5336494938834373	30.415
883.5	2.6694564807203536	30.612
884.0	2.679361074923141	23.143
884.5	2.320385467878355	30.256
885.0	2.644386044774999	90.804
885.5	3.456537891140132	45.581
886.0	3.300332365171228	45.399
886.5	2.8234115396175192	30.327
887.0	3.9854534537655186	30.174
887.5	2.211645369338795	45.296
888.0	3.6213202421799795	19.745
888.5	2.434154880147485	20.156
889.0	2.7058293390530297	30.225
889.5	3.0111356991483795	30.308
890.0	2.643215894434413	64.089
890.5	2.9838006615786923	80.3
891.0	3.4772505496698076	60.506
891.5	3.0861635207724123	75.89
892.0	2.258256949271486	45.333
892.5	2.1902992216779302	105.503
893.0	3.378530591884751	45.592
893.5	0.7011405679428342	60.273
894.0	3.4515088223873653	23.816
894.5	2.0119172594135835	45.222
895.0	2.1556685047990056	19.311
895.5	2.495485662038749	39.184
896.0	1.7031349620531009	60.401
896.5	3.232007771942864	90.918
897.0	2.7937494457837175	30.336
897.5	1.5294658123150502	60.287
898.0	2.2979681314899243	75.527
898.5	4.898001908418098	19.437
899.0	2.9118897833650212	30.436
899.5	2.681761790093208	19.463
900.0	2.661942130828425	45.606
900.5	2.615017442842214	60.374
901.0	3.019551634442298	30.207
901.5	2.191921532215647	60.814
902.0	2.4702969400024264	30.257
902.5	2.4302870883282797	75.494
903.0	3.411997362996708	75.838
903.5	1.9196802683663694	30.471
904.0	3.676426512621698	20.229
904.5	2.585859793118148	30.277
905.0	2.82264372906047	60.446
905.5	3.226248845538969	60.401
906.0	2.3138675529011348	30.313
906.5	2.594949988591405	30.303
907.0	2.794403362289281	60.301
907.5	3.2388815259777037	30.156
908.0	2.1726594158482415	90.611
908.5	3.3283494147820893	20.867
909.0	2.537739249866977	34.036
909.5	3.194755784188222	45.601
910.0	2.534036877521128	45.238
910.5	2.5479559013251474	60.653
911.0	3.0815401416873565	75.555
911.5	2.612941513683287	30.25
912.0	3.129957547224568	30.295
912.5	2.191657257520183	30.653
913.0	2.4828338269162273	30.279
913.5	3.4724207674286895	60.41
914.0	1.185009634618823	105.474
914.5	0.5306794257748055	19.441
915.0	7.3787322059085625	19.556
915.5	2.3780391513299923	75.337
916.0	3.4776340408552495	30.18
916.5	2.5291691957113978	45.628
917.0	2.587335135836454	20.778
917.5	2.818651363254389	75.551
918.0	2.9426458084162834	60.341
918.5	2.655948986615418	45.529
919.0	2.4814474500280586	45.341
919.5	3.509536766180867	30.149
920.0	2.2056831093221088	75.344
920.5	2.728771785964217	30.381
921.0	2.5421932799547426	75.85
921.5	3.2071188541878777	75.833
922.0	3.13915679504491	20.882
922.5	2.1447039741063767	49.355
923.0	3.432617109484484	30.37
923.5	3.2465504364550997	20.457
924.0	3.4410922378456616	30.153
924.5	2.3593487448594006	23.055
925.0	3.5280108471780944	60.516
925.5	2.855050910015802	30.229
926.0	3.0158766699307926	60.429
926.5	2.981401605800239	45.462
927.0	2.3489532861486433	50.218
927.5	2.900014246494284	60.306
928.0	2.6883216302203388	49.551
928.5	2.982162379681241	29.078
929.0	2.9133707793502563	60.509
929.5	2.0780127280836096	51.192
930.0	2.0772248325721465	120.982
930.5	2.256339405763006	75.769
931.0	3.0187856012360066	60.495
931.5	2.502996119140902	19.197
932.0	2.836690384125385	76.281
932.5	2.6487343053292878	30.248
933.0	3.7749566519918654	46.109
933.5	2.909150969081317	20.702
934.0	2.7403996169110796	21.114
934.5	2.642049745327391	19.949
935.0	2.288611167455085	38.267
935.5	2.705920877160751	30.346
936.0	3.625477416637049	45.469
936.5	3.8738671795535993	30.172
937.0	3.369820926863661	60.48
937.5	3.3303405804005344	30.198
938.0	2.755269454600632	45.5
938.5	2.69927998928334	30.411
939.0	3.0552480768057255	76.043
939.5	2.5868899485755414	79.817
940.0	2.740934965506437	34.592
940.5	2.9637073608680975	75.904
941.0	2.418408976222366	30.157
941.5	3.3395168208816743	30.484
942.0	2.7287316432624658	60.859
942.5	2.4577770059991177	19.003
943.0	2.5719217423707033	90.917
943.5	3.222272518250231	60.276
944.0	1.9450291602950287	90.803
944.5	4.020970017080682	30.196
945.0	2.0263774021451155	30.152
945.5	3.294631202319915	60.333
946.0	3.6551714001079207	45.524
946.5	3.565404195859754	30.186
947.0	2.4511942399687032	30.291
947.5	2.8799442798624146	30.249
948.0	3.687034755761876	45.406
948.5	2.9251604350483484	45.492
949.0	3.3979972696375267	85.827
949.5	2.0898320465675044	30.205
950.0	2.1528630788890806	19.808
950.5	3.0185628263465576	18.951
951.0	3.09829018609444	30.313
951.5	2.5877571977522895	45.349
952.0	2.171058152369249	30.451
952.5	2.768952908680182	20.288
953.0	2.4287036821033605	21.458
953.5	2.973414807717345	94.948
954.0	3.0985401866837146	103.902
954.5	2.7142249725336995	47.199
955.0	2.494295497611117	76.218
955.5	3.1060091059725727	128.937
956.0	3.0812935182978034	60.367
956.5	3.8216042700393555	60.722
957.0	2.1168952758075408	20.092
957.5	2.415634262788414	19.134
958.0	2.449480710157549	19.771
958.5	3.847445994134883	90.551
959.0	2.070458869591291	30.208
959.5	2.4648224364711604	60.334
960.0	3.150272447809522	49.547
960.5	2.8525630138230653	18.727
961.0	3.4722095452113346	30.236
961.5	3.096349566295736	23.462
962.0	2.951168623534014	30.253
962.5	3.060607405914454	30.269
963.0	3.5281677494870007	30.242
963.5	3.4630284504168283	60.677
964.0	3.277592629883724	60.413
964.5	3.3807757230950304	30.169
965.0	3.3811832114918463	30.356
965.5	2.5270197744325347	106.101
966.0	2.9444633787025083	30.209
966.5	2.883039178838954	30.179
967.0	3.498006025241409	60.728
967.5	2.839681878471433	37.206
968.0	3.3453717689148394	90.641
968.5	2.699149211935376	64.794
969.0	1.9893847092486114	90.603
969.5	3.699623207585157	20.732
970.0	2.235828513739503	60.303
970.5	2.7561633082026726	30.212
971.0	2.532736226207304	75.41
971.5	3.8254028880688775	35.691
972.0	2.7379151851271852	60.761
972.5	2.2870236138452755	22.586
973.0	2.5067808187890126	60.413
973.5	3.8300180015215317	90.693
974.0	3.4221893748411447	45.714
974.5	2.4474912139039695	30.33
975.0	3.2826356051581103	30.7
975.5	2.5183624712779205	76.046
976.0	2.8721620409210415	30.328
976.5	2.9492549819911873	30.518
977.0	3.195621728463945	41.809
977.5	2.477793997801949	60.379
978.0	3.286125691244071	39.587
978.5	2.7868254985283882	18.686
979.0	3.1027505342999993	30.44
979.5	2.2648341442726316	45.573
980.0	2.279245985979388	60.418
980.5	2.6738718404587676	45.526
981.0	2.2264030500794743	30.247
981.5	2.49622000410849	45.322
982.0	3.5634172959659436	18.956
982.5	2.33675551480534	19.217
983.0	2.025413395598122	20.819
983.5	3.0983290758038793	30.422
984.0	3.122362369004949	19.029
984.5	3.148425231813609	30.697
985.0	2.2161690807007206	60.82
985.5	2.535193851954023	60.431
986.0	2.957248476602791	45.295
986.5	3.0678209079950998	19.632
987.0	2.4849533551227627	45.541
987.5	2.1822229663874335	90.546
988.0	3.0921532035604806	64.627
988.5	1.9809120086233947	30.217
989.0	3.0484413369531884	75.96
989.5	3.034373887253439	28.108
990.0	2.8968662595220156	60.658
990.5	3.315429268941215	21.361
991.0	3.093195309503279	30.453
991.5	3.524624044590523	45.218
992.0	2.9342806544211997	45.266
992.5	2.6185137614981406	20.272
993.0	2.6734639300551897	90.743
993.5	2.7152799080749306	20.546
994.0	3.1331344213932795	45.647
994.5	1.9875035424945393	90.443
995.0	3.4990319679393345	61.105
995.5	3.372270217713963	30.298
996.0	2.6853180450008822	60.372
996.5	3.101138998024517	30.22
997.0	2.107689608474215	30.235
997.5	2.5174808448217094	30.245
998.0	2.5825802141895875	75.429
998.5	2.5941644215962287	45.289
999.0	3.375164382017214	30.176
999.5	2.2567705342330835	120.797
1000.0	3.474981039333564	30.293
