0.5	2.5479419664694873	125.952
1.0	1.6837899366467093	51.49
1.5	0.1464073491508644	18.815
2.0	0.15648161997078514	13.14
2.5	1.4402858576110638	100.605
3.0	1.0533597742026626	50.569
3.5	0.1343555708972962	11.5
4.0	3.272602330282632	16.085
4.5	2.402056607034929	12.955
5.0	1.437470013600012	14.208
5.5	2.5454260016728196	70.462
6.0	1.5244459737416374	90.786
6.5	2.6846210324060023	43.872
7.0	2.621250675006672	40.139
7.5	1.6450100500493727	32.679
8.0	1.808870635006814	50.3
8.5	2.361863423973949	232.333
9.0	2.446592003896805	49.945
9.5	1.3159545220850977	50.308
10.0	1.228742583035961	28.38
10.5	1.7884844478828175	42.226
11.0	1.7041298747843951	86.604
11.5	1.8520180277711016	33.817
12.0	0.8475081068002752	54.059
12.5	0.12831303729212426	8.369
13.0	5.183799110703597	100.664
13.5	0.14173390811524414	178.023
14.0	3.961350477716134	176.212
14.5	2.0794735131557127	10.429
15.0	0.14914822849337692	13.016
15.5	10.322872272101193	20.144
16.0	2.7747083827651897	20.209
16.5	1.4976754484367105	30.239
17.0	2.5911577138352047	20.28
17.5	1.5765769361615776	91.375
18.0	2.198135435165238	9.869
18.5	2.4059712648069245	11.334
19.0	1.9082116213836555	39.967
19.5	1.1435499441964196	50.423
20.0	1.9070746710300683	53.625
20.5	1.3165176341890057	100.528
21.0	1.9227665677992383	20.153
21.5	2.104598576708475	50.505
22.0	1.9848511190219038	20.145
22.5	1.6982219181888372	60.355
23.0	1.7206515804715559	41.03
23.5	2.0184793120574365	70.366
24.0	2.307187192983913	70.844
24.5	2.0001196130277665	100.68
25.0	2.1807236308922295	90.667
25.5	2.0599026546158306	50.404
26.0	1.697215233645693	11.157
26.5	1.7786407174177143	20.148
27.0	2.036098768842696	70.663
27.5	1.8095850330068306	30.326
28.0	2.1130005116534085	22.227
28.5	2.067964427786818	70.675
29.0	1.9944787878811354	50.333
29.5	2.1093169078143403	60.225
30.0	1.851434979558742	90.475
30.5	1.849845137812383	50.205
31.0	1.685834603437834	70.541
31.5	1.891462300642991	100.414
32.0	2.6185695948280445	30.03
32.5	1.4090341466633027	90.399
33.0	1.9851855161486869	20.067
33.5	1.7510704000206851	60.426
34.0	1.8786959405700991	11.282
34.5	2.505073503275214	80.409
35.0	1.731030427851125	67.045
35.5	2.0014776680317157	80.416
36.0	1.8268488494537336	60.263
36.5	2.022825506447753	120.072
37.0	1.5920839682570938	70.468
37.5	2.154040559405333	20.202
38.0	1.9729462872211472	90.363
38.5	2.4477673473404176	50.355
39.0	1.7497886858071028	63.678
39.5	1.7215081445358709	10.393
40.0	1.8204048808458324	20.486
40.5	2.6442623175049116	112.511
41.0	1.1922033535989818	92.138
41.5	1.6266936070776	99.806
42.0	1.7370727035141975	20.096
42.5	2.8314038431651647	40.36
43.0	1.089790252391588	90.237
43.5	1.9400802938912458	50.388
44.0	2.069669847671015	100.796
44.5	1.872222629489272	107.3
45.0	2.4011692840058445	20.225
45.5	1.7696999202441719	50.472
46.0	2.033355828767054	50.535
46.5	1.738058903027411	16.677
47.0	1.7775708274374937	80.405
47.5	1.9106621846346725	19.873
48.0	1.3541692897018116	90.547
48.5	1.9925755131381704	12.008
49.0	1.3391602578365769	50.272
49.5	1.5862692238806861	50.378
50.0	1.6827498813062913	10.794
50.5	1.4926100026695226	60.365
51.0	1.9888407729801787	30.953
51.5	1.3570916991399742	50.39
52.0	1.9735088616720793	10.2
52.5	1.6055923288180733	70.498
53.0	2.0466911176387277	80.603
53.5	1.701203374912589	60.609
54.0	1.8984929193568527	90.422
54.5	1.6565067727866245	9.126
55.0	1.9070801353592302	79.659
55.5	1.7051895380697897	29.994
56.0	1.9785929537009397	100.415
56.5	1.927478826249285	20.122
57.0	1.7165019908259456	80.578
57.5	2.411706494250006	100.695
58.0	1.797964878801513	121.117
58.5	1.8732409466243576	90.682
59.0	2.354251588407822	71.055
59.5	1.9982844976313032	20.136
60.0	2.421938913757428	60.364
60.5	1.9266734478383611	102.273
61.0	1.6887636784344073	90.681
61.5	2.7272221496433056	90.52
62.0	2.002884528423574	70.628
62.5	1.5983472596862363	60.377
63.0	1.5547432664766936	37.966
63.5	1.7912412733353449	42.256
64.0	2.1213820516776956	20.288
64.5	1.692384168182534	64.474
65.0	1.92215059052881	30.049
65.5	1.8316620729853883	70.355
66.0	2.0335373774628898	70.497
66.5	1.562887634280551	61.165
67.0	1.5375630559456308	12.294
67.5	2.136694764933686	100.478
68.0	1.7760281284193744	60.533
68.5	1.8067935641729738	80.685
69.0	1.933162117838484	110.851
69.5	1.5368107937371975	90.519
70.0	2.1782859870679347	20.145
70.5	1.5141045522334713	78.655
71.0	1.6236371542884986	60.422
71.5	2.1554659132452336	40.849
72.0	1.6367031771121547	50.324
72.5	2.0359616277553854	40.127
73.0	2.0404115854169627	10.862
73.5	1.7094931055779448	60.597
74.0	1.4604627944548385	85.179
74.5	1.7425064447503995	70.215
75.0	1.9065090786568004	60.264
75.5	1.5853884045565523	32.762
76.0	2.0050350980613736	20.14
76.5	2.0168501816757196	20.254
77.0	1.7490082363082282	32.876
77.5	2.1835971062909265	100.621
78.0	2.502767360429881	101.2
78.5	1.4458426481115467	90.612
79.0	1.9209973382578933	21.576
79.5	1.5305349615369368	90.528
80.0	1.5175777216386255	31.635
80.5	1.9289147160839253	10.816
81.0	2.1555275231575632	60.332
81.5	2.0224110090313157	16.663
82.0	1.4614384863320493	9.67
82.5	1.7153317856093366	70.508
83.0	1.7690658999573197	121.0
83.5	2.4144058683365945	110.916
84.0	1.5224987559250043	20.175
84.5	2.3547423796942555	70.376
85.0	1.8461634816840118	70.599
85.5	2.634830873018015	14.293
86.0	1.1989010466354126	70.301
86.5	1.858099662536684	40.359
87.0	2.183065225471142	90.557
87.5	2.546103612989746	70.611
88.0	1.4373771374991084	11.149
88.5	2.132955150790971	90.611
89.0	2.9354534562349825	60.558
89.5	1.5474602329723581	59.581
90.0	2.0785883220409196	90.457
90.5	2.035206472685268	40.265
91.0	1.8256770712226575	32.75
91.5	1.5812581810516668	70.476
92.0	2.037072882534956	11.37
92.5	1.5790058214833183	67.61
93.0	1.7592879368759116	60.577
93.5	1.8418104885672233	12.743
94.0	1.637471368860715	29.188
94.5	2.1603117575608777	100.737
95.0	2.7556694528768566	41.872
95.5	1.6489748588824316	50.341
96.0	2.1818747672788286	10.009
96.5	1.9528199728921365	69.59
97.0	1.7755352374704305	70.555
97.5	2.2871011270690396	50.311
98.0	1.6232528804889228	80.593
98.5	2.1121818681008038	20.096
99.0	1.5827727099618096	47.799
99.5	1.8097867434239219	100.65
100.0	2.304017111834832	11.992
100.5	1.336737844179916	45.408
101.0	2.4530100845746636	40.438
101.5	1.4299672690517027	50.556
102.0	2.0007071414992312	20.052
102.5	1.8244875545634553	100.81
103.0	1.7592166984901372	80.743
103.5	1.7410108166841238	10.316
104.0	1.7195646977086392	50.303
104.5	1.4483587766711872	28.423
105.0	2.58525608160694	32.664
105.5	1.5391507442773535	10.17
106.0	1.6891451868836127	50.462
106.5	2.1975605406478085	15.566
107.0	1.7302775153204204	70.776
107.5	1.353870018479954	20.14
108.0	2.2115148915231644	70.338
108.5	1.765001434461379	50.419
109.0	2.7142936347616233	90.661
109.5	1.4695684751792073	80.536
110.0	1.6819572763250137	20.165
110.5	1.9980849846269253	80.656
111.0	2.279705571178954	10.647
111.5	1.5064476105408067	70.512
112.0	2.2325883867600798	84.961
112.5	1.7689779582377725	30.725
113.0	2.328246655619335	100.683
113.5	1.8306800884713765	60.421
114.0	1.615733377680676	8.416
114.5	2.0620099671057543	50.304
115.0	1.866167903652111	20.26
115.5	1.1535104064458073	100.75
116.0	1.8495295106477663	20.788
116.5	2.335360024611493	50.895
117.0	1.8937374334224795	71.657
117.5	0.14370182248592114	7.845
118.0	10.424725660884086	169.085
118.5	1.3475041427177983	159.215
119.0	0.1424055566524412	9.172
119.5	8.477739588400954	100.577
120.0	2.2285169295357155	50.361
120.5	2.253437927608021	8.426
121.0	2.3703949970090243	50.401
121.5	1.2695304939104108	31.431
122.0	2.639806274986579	71.56
122.5	1.3567517205031916	70.565
123.0	1.6911328224510869	70.451
123.5	2.0483485239897132	60.329
124.0	1.5849833378666975	80.655
124.5	1.862180855530376	82.932
125.0	2.2546251159517094	103.901
125.5	1.7403889148856917	12.061
126.0	2.7136921358900006	50.189
126.5	1.5325810605349837	31.655
127.0	2.435298483325886	20.161
127.5	1.7746241077750953	70.417
128.0	1.5648052778362316	101.125
128.5	2.3489420434811006	20.161
129.0	2.7931098047221936	20.308
129.5	1.5468721691996101	20.15
130.0	2.0309868273376215	60.059
130.5	1.9704046344267843	60.456
131.0	1.292233909315442	16.373
131.5	2.1967043137323667	51.368
132.0	1.8611980276569275	20.103
132.5	1.7965547637431305	30.208
133.0	1.9835735960924648	20.222
133.5	1.6032848834642763	11.302
134.0	1.8832087598042584	70.189
134.5	1.8872915255665457	70.708
135.0	1.9776136759404381	8.537
135.5	2.3407402807735354	11.697
136.0	1.5943481836187736	50.423
136.5	2.214507254968869	70.482
137.0	1.9526943154296759	43.606
137.5	1.3365172843129844	90.538
138.0	2.0004733313406726	20.199
138.5	1.9220924706295275	20.167
139.0	1.2635827333120406	9.688
139.5	2.095794368914344	50.402
140.0	1.9407611042801598	105.942
140.5	1.8165941302323738	80.58
141.0	2.0211204023394553	60.389
141.5	1.7608761832619513	60.556
142.0	1.5067289543838576	90.557
142.5	1.815609578096559	40.467
143.0	1.1438131759893768	79.31
143.5	1.9411438283171385	70.283
144.0	2.4047520510202984	12.412
144.5	2.123218776066581	57.616
145.0	1.692095184946681	50.437
145.5	1.9798754173780153	22.881
146.0	2.2853689046248578	50.386
146.5	1.9777604674688443	75.254
147.0	1.7934406633019713	92.32
147.5	2.008509729012878	66.713
148.0	1.9869391146485726	12.622
148.5	2.096601376593987	100.84
149.0	1.3704055905469976	80.613
149.5	1.856038139199002	92.736
150.0	2.0627099792383614	20.248
150.5	1.8408907801416656	10.139
151.0	1.8159153582692518	70.386
151.5	2.008533142377894	70.563
152.0	1.7999669240607905	72.169
152.5	1.8453406787756539	60.376
153.0	1.5720002087912959	50.35
153.5	1.9108571200673978	20.058
154.0	1.3574108864692052	110.761
154.5	2.1405592069745536	90.608
155.0	1.8092131195936902	82.917
155.5	1.6843677280746265	110.831
156.0	1.9749723625089042	20.108
156.5	2.067244820773585	50.429
157.0	1.537033376338131	80.688
157.5	1.7097859437784935	10.815
158.0	1.9326663782441373	69.398
158.5	1.9169836006943914	100.722
159.0	1.5499077061615067	80.551
159.5	2.0722084638609504	22.621
160.0	1.6791820194981433	29.514
160.5	1.7327081741484622	40.252
161.0	1.5202888858964645	100.836
161.5	1.79799159131505	40.119
162.0	1.662055595048256	84.009
162.5	1.7393967655801528	30.733
163.0	2.4642888317877483	50.328
163.5	1.9344856660621148	31.49
164.0	1.8539909346274013	70.492
164.5	2.0024256185153773	60.534
165.0	2.098744116414989	80.441
165.5	2.029935127781457	70.492
166.0	1.9911240681587146	70.531
166.5	2.1458763307413493	20.173
167.0	2.043478629523518	90.742
167.5	1.4119046621386717	100.634
168.0	2.4466489844229375	90.562
168.5	1.46648880691548	80.661
169.0	1.6809536397215377	9.568
169.5	1.5042286570103947	70.54
170.0	2.2298210981989546	91.307
170.5	1.9050666657120132	50.335
171.0	2.1641567025547355	50.277
171.5	1.9037549647303291	20.162
172.0	1.6831395820187673	10.728
172.5	1.5930121921475409	91.266
173.0	2.3465672037784655	20.159
173.5	1.8547564088876625	11.094
174.0	1.9261726088959483	40.353
174.5	1.5072521403790575	10.043
175.0	1.5177395435600698	70.554
175.5	1.9301062598778285	90.489
176.0	2.965688513626646	15.95
176.5	0.8085519488511573	80.625
177.0	2.154146662879463	70.535
177.5	1.9116513988724684	100.713
178.0	2.0838953196882994	82.953
178.5	2.1423574853488496	40.163
179.0	2.0019496525444955	7.363
179.5	2.036881850943918	40.432
180.0	1.8560790366417261	10.541
180.5	1.5694735890075433	70.377
181.0	2.183388618953456	11.578
181.5	1.718179969052071	80.589
182.0	1.917402340043471	80.35
182.5	1.2946350071323076	65.377
183.0	1.452779438559764	90.564
183.5	2.5456304510165193	90.523
184.0	2.1897596814016995	80.849
184.5	1.6509980062366842	70.393
185.0	1.8468367883071366	60.49
185.5	2.1509791438429775	70.594
186.0	2.7061716869532133	9.848
186.5	1.5742518229048328	90.649
187.0	1.78741211659065	90.532
187.5	2.045950152155276	100.628
188.0	1.9570476767540264	62.33
188.5	1.8500539674404568	9.762
189.0	1.7230023655892885	20.123
189.5	2.007266543293341	12.522
190.0	1.77207721118838	50.576
190.5	1.1839021412155144	70.377
191.0	2.2986438678499757	50.297
191.5	1.4858841046999534	10.6
192.0	2.8296255650893327	15.214
192.5	1.4112230038702664	55.896
193.0	1.8885442074969918	70.563
193.5	2.449528986509825	84.09
194.0	2.2631591237459845	11.221
194.5	1.326511427529594	86.69
195.0	1.7674140276446921	74.89
195.5	2.2524649361759552	70.432
196.0	2.6613188169412143	60.399
196.5	1.4015925919563736	40.356
197.0	1.8331455959047798	80.57
197.5	1.5666461519568162	55.999
198.0	2.2194993946286794	90.655
198.5	1.5079310315226269	8.829
199.0	1.666937820786167	10.881
199.5	2.4741160346720155	50.356
200.0	1.6098539704571377	49.529
200.5	1.4316346500751558	73.402
201.0	1.707959523713281	13.093
201.5	2.136913107671	45.734
202.0	1.7734266913505305	55.513
202.5	1.7292834388368687	49.773
203.0	2.427092169898857	33.093
203.5	1.7518050269840701	60.464
204.0	1.590136622179634	60.498
204.5	2.0551026242142787	70.695
205.0	1.6466765451784084	80.599
205.5	1.7619122157063023	60.238
206.0	1.6581959606834868	40.372
206.5	1.5464692862130358	31.963
207.0	2.209858805202651	9.903
207.5	1.3769463032416942	51.654
208.0	1.7536565157073776	90.564
208.5	1.835392922409315	20.216
209.0	1.8110916207154972	30.241
209.5	2.187226271810701	70.427
210.0	1.5666593089891137	80.648
210.5	2.156930847234988	40.133
211.0	2.4242686832986227	9.877
211.5	2.0078744001242192	12.525
212.0	2.2647414358796842	40.239
212.5	1.8659116262022448	80.529
213.0	1.5417014365460706	120.789
213.5	1.663680252640959	45.7
214.0	1.6365775467342325	29.693
214.5	1.834273649932717	13.705
215.0	1.4746829042645995	50.436
215.5	2.2260740594615887	21.05
216.0	1.3236962599844586	14.738
216.5	1.7353790361841146	70.591
217.0	2.0996513360841265	60.296
217.5	1.9607178027625654	60.546
218.0	1.7147432953316415	90.667
218.5	2.4245707626206228	9.765
219.0	2.3978577768718394	10.255
219.5	1.6616500909524756	32.196
220.0	1.9467063267190907	50.291
220.5	2.289207064978212	65.272
221.0	1.5433546856006224	90.684
221.5	1.8835554643990406	90.608
222.0	2.0248741295176083	40.213
222.5	1.6093414486509154	45.741
223.0	2.0123040045987057	30.204
223.5	2.13198459441956	12.463
224.0	1.9319339580365162	30.253
224.5	1.5969778326770003	11.588
225.0	1.9296971828167402	65.893
225.5	1.7842232392332193	20.168
226.0	2.0386324151402673	70.569
226.5	1.667209346158522	90.625
227.0	1.504555035050701	70.488
227.5	2.1559762415713153	20.218
228.0	1.6651702884443418	110.763
228.5	1.6492557637114256	60.335
229.0	1.295026183429807	31.128
229.5	1.8959591635425581	60.312
230.0	2.371974807650704	11.043
230.5	1.5621312736900426	70.652
231.0	1.871728720868273	11.106
231.5	1.546625112483109	120.536
232.0	2.0946174394451123	90.719
232.5	1.945606267424794	93.732
233.0	0.14578136522287782	5.996
233.5	3.528046925131612	101.064
234.0	1.6682099109482358	50.447
234.5	1.641505655397971	30.295
235.0	1.6478713849564874	161.119
235.5	2.477186744031525	42.008
236.0	1.3209854257509621	130.816
236.5	1.7004734992784805	87.206
237.0	1.8683102958813846	4.38
237.5	2.3670106864205045	40.349
238.0	1.5993763377542902	30.376
238.5	1.3736666945314906	60.446
239.0	1.8049738939677085	75.285
239.5	2.3498747559088753	120.956
240.0	2.0602951432123655	80.475
240.5	1.726807967566534	80.711
241.0	1.8673027708159164	90.681
241.5	1.9436210029148362	7.87
242.0	1.7419315398363662	5.13
242.5	1.1908114971209052	140.908
243.0	1.8160286380465713	127.208
243.5	0.3348909995560668	4.885
244.0	1.5933544473054408	5.785
244.5	1.6875811494039035	9.158
245.0	1.3213857300139036	142.135
245.5	1.9740682694880123	38.074
246.0	1.4040789138708865	40.27
246.5	1.840208045563057	20.1
247.0	1.6052779509729804	30.268
247.5	1.6024297236064005	55.03
248.0	1.4298778163407628	110.9
248.5	1.7246794302225061	6.582
249.0	1.9092688686376575	101.6
249.5	1.3824944204888565	4.259
250.0	1.967465023263951	30.236
250.5	1.4299810250868161	60.225
251.0	1.5264887447982018	60.553
251.5	1.9388855035715893	60.48
252.0	1.9660311850102798	58.747
252.5	1.5015636012682672	61.998
253.0	1.5285525149640742	8.562
253.5	1.3924754182760868	54.458
254.0	1.8227597855364905	60.46
254.5	2.1407746857997956	6.119
255.0	1.2741421840741858	57.729
255.5	2.4932886529615756	40.225
256.0	2.1204824175666186	20.072
256.5	2.2330358662546437	5.935
257.0	1.5049800921897694	3.989
257.5	2.2474559692154545	7.364
258.0	1.4846607838438626	67.703
258.5	1.5301477170744597	56.148
259.0	1.8663523118479266	9.445
259.5	2.2245077894023826	30.241
260.0	1.7647385413871293	120.77
260.5	2.0783011979655712	50.072
261.0	1.5957833055084876	9.031
261.5	1.2235469838600153	7.415
262.0	1.8869010828248065	121.068
262.5	2.022345119435689	90.705
263.0	1.803473069893888	110.563
263.5	2.1250845178741615	4.006
264.0	1.4995391137348888	30.333
264.5	1.7852990266776598	40.268
265.0	1.3925391912328653	7.443
265.5	1.859514036106798	50.558
266.0	1.8831789985018867	25.279
266.5	1.557851915544636	44.163
267.0	2.1457593700087916	95.987
267.5	2.304237648918556	30.206
268.0	1.3965156141661543	50.405
268.5	2.0390803185739412	9.07
269.0	1.6550555338232622	30.194
269.5	2.2569484589566815	60.395
270.0	1.5196362792734666	5.936
270.5	1.248921011734516	50.349
271.0	1.4606654300513353	4.454
271.5	1.95277741873031	30.093
272.0	1.651460342579415	90.711
272.5	1.4159908246788109	40.33
273.0	1.614656716591305	30.249
273.5	1.720990291095012	30.872
274.0	1.301821768859794	40.205
274.5	1.7972106949570192	24.687
275.0	1.6890906440022722	10.14
275.5	2.2244068033647197	107.01
276.0	1.6816710304633855	20.195
276.5	1.6917642238581514	30.205
277.0	2.524643471573005	20.217
277.5	1.5978989740152199	60.46
278.0	2.414435567927934	20.144
278.5	1.9930027649947717	5.987
279.0	1.487744339168569	120.554
279.5	1.6531627896773577	55.389
280.0	1.6406502239453773	35.198
280.5	1.3249872038569643	30.305
281.0	1.941692460814643	110.965
281.5	2.027053206964682	20.281
282.0	2.0762820772517596	19.706
282.5	1.4258737744205325	30.211
283.0	1.7942275292992074	36.093
283.5	1.6524374027227742	8.318
284.0	1.622944040067327	60.491
284.5	1.642321725109617	40.23
285.0	2.1697013641690877	58.569
285.5	1.8632866020355459	102.92
286.0	1.2439853553191118	60.443
286.5	1.8728919645065083	80.518
287.0	2.61698371061413	33.118
287.5	2.2243418473043963	100.549
288.0	2.0313024265600927	100.8
288.5	2.0615820575439288	74.495
289.0	1.8045996927614778	20.734
289.5	1.6432682083960668	30.439
290.0	1.5169324031073115	90.659
290.5	2.041889058810646	80.535
291.0	1.76378120461233	4.561
291.5	2.1171210992270164	130.689
292.0	1.6169201177011654	30.286
292.5	2.0599740149160284	67.367
293.0	2.6609470508986783	30.15
293.5	1.8851820569699147	110.906
294.0	2.1732360267867077	60.4
294.5	2.118350217229666	5.188
295.0	1.756256894822344	6.254
295.5	1.900181279185307	60.214
296.0	1.4764657659995337	99.632
296.5	1.5391611084478842	126.639
297.0	1.3178153994695592	36.001
297.5	1.6707979301829081	79.903
298.0	1.475712216727119	30.133
298.5	2.061903945332882	60.37
299.0	2.409183998835063	37.256
299.5	1.8326078518925017	110.832
300.0	2.125575453745082	35.082
300.5	1.7625203078999718	60.28
301.0	1.869434833553125	36.582
301.5	1.5318133910649252	60.436
302.0	2.028142410339527	4.686
302.5	1.815522125676036	25.171
303.0	1.7846987991829488	16.237
303.5	1.3211315364771226	28.764
304.0	1.9973640800580412	7.79
304.5	1.8377206797821117	25.369
305.0	2.166696900360845	6.614
305.5	1.971727305194722	62.438
306.0	1.6947266873527282	80.417
306.5	2.2687248481151636	40.192
307.0	1.594843678099248	141.025
307.5	2.0141254243903073	30.239
308.0	1.4215459928110368	110.773
308.5	1.9903745416743936	130.961
309.0	2.2052459603598042	80.536
309.5	2.137395357178279	10.032
310.0	1.5971814181353	6.88
310.5	1.7544396166133027	49.798
311.0	1.380488557331979	93.797
311.5	1.821290753545585	70.355
312.0	1.9437553464295694	54.741
312.5	2.276608443691438	4.904
313.0	2.026748465663336	100.798
313.5	1.4643740194681258	4.622
314.0	1.6612626446346945	110.674
314.5	2.02931525576039	22.86
315.0	1.3881522347356507	35.622
315.5	1.4321507647619853	30.123
316.0	2.3534549115638574	5.971
316.5	2.092390686914943	100.72
317.0	2.2649812694976528	4.827
317.5	1.82583285394951	90.484
318.0	2.0605945806579307	38.243
318.5	2.094362822870823	40.238
319.0	2.2995513517325468	30.332
319.5	1.7321962543424847	50.373
320.0	1.9761884451776728	90.674
320.5	1.918365667528122	4.922
321.0	1.650340477185745	130.93
321.5	1.9204269285815152	60.188
322.0	2.191672080977391	8.487
322.5	2.092073182433841	35.006
323.0	1.7936351895930347	90.641
323.5	2.2106756963993823	27.48
324.0	1.9754758670656314	90.675
324.5	2.535592293138669	35.715
325.0	1.7253996584304268	80.285
325.5	2.2265543066784526	110.837
326.0	1.9622452061061237	6.753
326.5	2.043402750607829	20.274
327.0	1.599223631149249	80.659
327.5	2.066666752411195	80.559
328.0	1.964221343442269	30.127
328.5	1.271471962573772	121.587
329.0	2.308308321863835	40.127
329.5	2.243308824516499	10.091
330.0	1.8218582803341483	105.273
330.5	1.9388466078459927	50.407
331.0	1.9955989398165792	50.425
331.5	1.676070367291809	30.137
332.0	1.770046537142681	5.551
332.5	1.9841353530563175	60.525
333.0	1.6089650149464028	70.558
333.5	1.7861911768288108	60.355
334.0	1.827239755097191	20.17
334.5	2.3405642353173146	36.953
335.0	1.5359912006803271	30.166
335.5	1.4017641181723546	99.603
336.0	1.6722563931664491	7.565
336.5	1.7686597616852908	10.007
337.0	1.777361587087979	110.929
337.5	2.1900804508949703	110.676
338.0	1.8967298664615369	100.677
338.5	1.9441852171690894	20.236
339.0	1.782452644693292	100.606
339.5	2.3310707602571723	90.694
340.0	1.859013644328279	40.239
340.5	2.172141534073464	75.794
341.0	1.7736976230964303	90.645
341.5	2.049468482108852	27.217
342.0	1.8304772698799734	50.492
342.5	2.096966241002288	90.534
343.0	2.0170053055829453	68.158
343.5	2.0988081515626624	38.617
344.0	2.473355317314994	30.301
344.5	1.790170483349126	20.106
345.0	1.8931611611627543	20.256
345.5	1.521378788077082	19.14
346.0	2.0465185901192995	60.353
346.5	1.7953776193231399	26.232
347.0	1.8430105057442567	50.242
347.5	2.5029675746791464	26.638
348.0	2.0113165489433076	36.572
348.5	1.7141608214498767	36.805
349.0	2.602708376397751	30.084
349.5	1.686203590640541	80.59
350.0	2.280266613953311	30.259
350.5	1.5700689545935547	31.036
351.0	2.5734010824130595	26.04
351.5	1.8893675721444119	30.184
352.0	2.2299483538974685	33.186
352.5	1.9207797825605557	70.305
353.0	2.019893729209985	90.742
353.5	2.0536899544246023	90.493
354.0	2.5809432637558247	80.477
354.5	1.58339128089508	110.721
355.0	1.8270464225170842	60.221
355.5	2.1163947306514843	39.103
356.0	1.6089983229327158	90.54
356.5	1.736345288986604	20.157
357.0	2.008181731791413	100.759
357.5	2.1645395239201637	90.628
358.0	2.4266969132204044	130.812
358.5	1.4212235163459808	74.399
359.0	1.4605065713927954	50.317
359.5	2.945344734526423	93.049
360.0	2.0312277317312146	66.766
360.5	1.6458158769631919	10.153
361.0	1.990432142381225	30.296
361.5	1.8331239093155438	80.412
362.0	2.361754273972742	30.221
362.5	1.875730875424909	17.649
363.0	2.3296167857013566	30.276
363.5	1.6235415877866581	110.701
364.0	1.9477015546338994	90.564
364.5	1.9390086614665338	121.643
365.0	2.490022842845128	70.349
365.5	1.5580478585240805	40.31
366.0	1.8448332459063583	30.168
366.5	2.189764028973183	111.111
367.0	1.8884741536149925	62.947
367.5	1.774155730436065	84.254
368.0	2.2373921053367893	90.602
368.5	1.7313257983961998	115.78
369.0	1.8564158177040524	60.45
369.5	2.7513912626128114	24.674
370.0	1.5221813500269725	60.553
370.5	1.6701645462280408	90.419
371.0	2.1864625313685004	44.587
371.5	1.5443553125674114	100.736
372.0	1.9155145934697957	5.141
372.5	2.4156305705453707	60.307
373.0	2.2397444679346132	55.775
373.5	2.0487879583911557	100.522
374.0	2.3404563243273273	11.777
374.5	1.3233305439771341	35.11
375.0	2.3808986181146286	100.675
375.5	1.8958195614998385	115.526
376.0	1.808333670871312	90.664
376.5	1.6915020023254106	92.56
377.0	1.8063265319394095	30.226
377.5	2.6007941334452087	53.282
378.0	1.9029810857294847	10.003
378.5	2.01269797562555	7.801
379.0	2.240031338647118	90.561
379.5	1.7891121299612898	105.282
380.0	2.1271754732924144	33.187
380.5	2.236799899042631	15.557
381.0	1.8374447648273993	4.807
381.5	2.270872118215495	20.272
382.0	1.901924014269778	6.261
382.5	1.7289873821604278	30.204
383.0	2.3008011963181287	4.603
383.5	1.6977291034503335	60.473
384.0	1.6987997747157118	110.632
384.5	2.4789708207490184	48.241
385.0	1.6434745178303303	44.662
385.5	2.2444951904865906	40.596
386.0	1.5360515573912328	90.564
386.5	2.080467931044262	107.33
387.0	1.783196365653593	70.518
387.5	2.0866435272645467	90.533
388.0	2.2285035753652584	130.752
388.5	1.9740075896253577	90.536
389.0	1.8991023255932244	66.875
389.5	1.326111172557889	30.23
390.0	1.983901340823654	30.05
390.5	2.0418244735373907	80.663
391.0	1.6903128769972526	80.593
391.5	1.9850202488233615	50.329
392.0	1.99942673241927	50.351
392.5	2.3122317802429646	50.491
393.0	1.6271520375620583	60.455
393.5	1.3542146149943768	70.429
394.0	2.027132413375235	20.161
394.5	1.9561746212486482	53.613
395.0	2.2317753624325065	80.494
395.5	1.9436071248943325	70.569
396.0	1.8447395177472858	21.45
396.5	1.8133155938539594	60.314
397.0	2.245905601062863	20.415
397.5	1.5300793714540926	36.136
398.0	2.0238685195759074	27.521
398.5	2.2932514336853655	75.559
399.0	1.8952296187585642	60.411
399.5	2.059121755884718	80.59
400.0	2.4642490452933377	55.932
400.5	2.1041663618226294	110.862
401.0	2.2172003201356416	100.603
401.5	0.12274036574037724	76.468
402.0	1.8985135880997355	60.295
402.5	4.368486599429624	367.488
403.0	2.2031132627054877	47.29
403.5	7.834683159027248	146.769
404.0	1.5578549499803416	30.229
404.5	1.8810687648525022	36.549
405.0	2.1090720007509036	30.3
405.5	1.9677277249427474	70.494
406.0	1.7527296557408631	30.18
406.5	2.040670588429653	131.067
407.0	1.9318067699044867	15.725
407.5	1.7291533383177606	70.278
408.0	1.845567581908921	30.005
408.5	1.8827172050250331	80.5
409.0	1.89524225973928	70.332
409.5	2.23230619684458	20.287
410.0	2.153925768031382	39.917
410.5	2.431404879556451	7.275
411.0	2.359037194053012	70.41
411.5	2.1180769485890787	30.214
412.0	1.9178681342686812	100.645
412.5	1.9185044232573711	30.153
413.0	2.180283912728929	91.153
413.5	1.5870034393730255	99.939
414.0	2.384875981020247	30.144
414.5	2.2804360150197076	44.664
415.0	2.2556506535871894	39.49
415.5	2.1923007752760846	40.259
416.0	1.4550312921813957	30.064
416.5	1.978964148785526	60.449
417.0	2.4406502111455888	29.961
417.5	1.8326699380882383	4.518
418.0	1.6236861656517416	39.662
418.5	2.86344973450284	19.998
419.0	2.3514273853731655	30.067
419.5	1.7581411491912249	110.889
420.0	1.425785017640843	103.188
420.5	1.8385204979190202	36.371
421.0	1.862089734693269	80.473
421.5	1.94297735777442	9.937
422.0	2.237277018984819	30.202
422.5	1.9462135572424852	46.802
423.0	2.3208355784792603	30.216
423.5	2.293168943605654	8.19
424.0	2.162573155993775	60.435
424.5	1.630200898011357	68.672
425.0	1.9572538402485433	97.654
425.5	2.186807683854989	120.789
426.0	1.7144994674387055	90.74
426.5	1.7776109388379258	97.033
427.0	2.0589517366652617	30.211
427.5	2.255011466817392	131.008
428.0	1.6759784959308455	90.455
428.5	0.14505284785714695	33.464
429.0	1.6513394309030314	54.519
429.5	2.5976870090185784	10.117
430.0	6.000269395304327	318.239
430.5	2.0233278206920975	20.537
431.0	2.140730205464206	74.578
431.5	5.199413814095698	100.669
432.0	2.597566111273379	65.82
432.5	2.0396656060051637	38.649
433.0	1.5976336930984003	25.336
433.5	1.919971643069749	30.154
434.0	2.1277899548452934	60.268
434.5	2.556297855637642	50.615
435.0	1.6915498325703222	30.064
435.5	1.6257991547962884	90.687
436.0	1.8917551193650324	30.311
436.5	1.6942499168975174	7.994
437.0	1.6315481282228663	100.625
437.5	2.3080885381230587	39.667
438.0	1.8145063730077844	110.791
438.5	1.5699753253818753	9.622
439.0	1.757803563245961	60.281
439.5	2.628542270286583	20.057
440.0	2.7911166001452328	36.675
440.5	1.7261214356310894	110.876
441.0	1.535950567198751	88.054
441.5	1.9165993723150447	9.637
442.0	1.9271531297735898	60.257
442.5	1.6532630557290864	110.302
443.0	1.8776464941617423	45.445
443.5	1.6801900800632261	106.794
444.0	1.4484233968078783	30.17
444.5	2.0453062338048555	30.193
445.0	2.3816288876359866	85.472
445.5	1.9344462491402021	20.204
446.0	1.4529890382763821	110.946
446.5	1.2502582933003465	65.278
447.0	2.280348580037608	110.797
447.5	1.6067817273832319	60.419
448.0	1.7315462476808472	60.446
448.5	2.1982309766168417	90.621
449.0	1.7069832331844796	60.341
449.5	2.087292377755398	30.186
450.0	1.5181040650656028	101.13
450.5	1.9449771267305376	137.351
451.0	1.776352294746822	59.975
451.5	1.6725070939897653	110.694
452.0	1.571675843582435	110.58
452.5	1.5879387255272728	40.088
453.0	1.9715344742367753	90.539
453.5	1.7071352184409965	90.586
454.0	2.2303299244870396	111.263
454.5	2.0936709852498727	20.272
455.0	2.1584744485146814	50.438
455.5	1.4983264293710408	11.635
456.0	1.8241629387021052	18.35
456.5	1.6552094182419126	100.83
457.0	1.56251307984993	80.565
457.5	2.210993289284906	40.29
458.0	1.9616836793125403	33.467
458.5	2.184525330284172	293.443
459.0	2.3427431999737927	80.456
459.5	2.2864032624927706	50.381
460.0	2.363202399293868	60.522
460.5	1.9575801851158445	60.455
461.0	1.8853783784275695	60.446
461.5	1.8404398224938139	9.527
462.0	2.0818749966272505	90.705
462.5	1.7627674603369223	90.72
463.0	1.7081916965633284	70.581
463.5	1.9482596677281958	171.461
464.0	1.9378902999324288	60.456
464.5	1.7531804067443864	80.432
465.0	2.230191697176451	40.32
465.5	2.234097889683935	40.309
466.0	2.4084206866274185	30.19
466.5	2.197869040771496	30.214
467.0	2.0134242070460995	80.599
467.5	2.068732566265688	257.984
468.0	1.9405446336760603	111.012
468.5	1.9819145138967262	76.815
469.0	2.381422958292006	130.85
469.5	1.6302093873385042	4.062
470.0	1.4416553047473906	114.489
470.5	1.7432618015166517	87.282
471.0	1.608566235550569	102.744
471.5	2.5229094779410643	106.13
472.0	2.639423246727294	130.973
472.5	1.7002595802536256	40.379
473.0	1.4039634124837934	80.706
473.5	1.4618276955410436	6.114
474.0	1.7817703912615634	61.454
474.5	1.699630725878087	23.557
475.0	2.034906699657885	90.652
475.5	1.8795053250470248	90.677
476.0	2.455205546056551	58.104
476.5	1.9955403618850027	80.582
477.0	1.7646600972811493	38.107
477.5	1.8454431496472667	14.36
478.0	1.9285156457112755	151.552
478.5	2.0654626656187296	29.069
479.0	1.606940172961441	70.521
479.5	2.1511033842598644	120.801
480.0	1.6581958499032514	30.989
480.5	2.175773382202975	50.288
481.0	2.1611899501076484	14.316
481.5	1.959905201815839	124.216
482.0	1.996598213257323	50.286
482.5	1.7888381051794662	100.77
483.0	2.0238734136026	80.677
483.5	1.692323982397598	30.244
484.0	1.9665880234338393	6.137
484.5	1.6233686845995394	90.757
485.0	1.8024009779730985	111.008
485.5	2.0432520362872806	66.773
486.0	2.3733035426622173	66.854
486.5	1.6557824383481845	30.175
487.0	2.205811763147005	30.195
487.5	2.1766481197978793	20.183
488.0	2.497455895793339	100.548
488.5	1.6683681481409876	35.305
489.0	1.7482459030964355	60.49
489.5	2.180077778205634	70.32
490.0	2.0381158026343575	70.304
490.5	1.879017470899505	141.284
491.0	1.8569218828106822	35.291
491.5	2.0127627004989725	147.941
492.0	1.9083029632019508	80.455
492.5	2.2765623209890293	141.005
493.0	2.1259498512537167	43.663
493.5	2.289654846117799	60.462
494.0	2.220350849540312	15.277
494.5	1.8979174084652723	119.958
495.0	2.380748229227366	20.053
495.5	1.6749255590782408	60.36
496.0	1.409507815467025	6.561
496.5	2.1060751445471473	25.534
497.0	1.946541424060303	91.021
497.5	1.818382706404616	80.641
498.0	1.7059409648460744	110.907
498.5	1.7215775821836858	82.423
499.0	2.00745991183773	60.215
499.5	2.5864512495444645	84.445
500.0	2.1418315356484174	19.602
500.5	1.4981606603077626	60.241
501.0	1.7439315603569907	60.163
501.5	2.0111227205222844	4.487
502.0	1.833449685135329	63.337
502.5	2.3303434603417523	8.634
503.0	1.9239065046652495	18.005
503.5	1.6744194833711044	60.176
504.0	1.6998994857272667	17.971
504.5	1.8958973892434423	40.231
505.0	1.8629387501714874	5.473
505.5	1.5794105500448126	44.421
506.0	1.5953989036627492	70.269
506.5	2.339881155532413	70.334
507.0	2.0472658541292574	70.3
507.5	2.470927282586581	27.936
508.0	1.8607886251436943	76.85
508.5	1.9429242525202972	5.219
509.0	1.9220970257459513	63.498
509.5	1.8507622326621609	91.161
510.0	1.8142643190836774	37.219
510.5	1.5416788954874852	29.295
511.0	2.186198500482286	66.519
511.5	2.104513308729619	70.419
512.0	1.7598406032109624	7.008
512.5	2.1986952852111075	100.908
513.0	2.325679812811165	77.275
513.5	1.7607230515677341	101.525
514.0	1.7524129156712454	141.104
514.5	2.2399780981079793	90.355
515.0	2.363300806663906	30.164
515.5	2.071873350227016	65.805
516.0	1.7696686969321076	55.895
516.5	1.6468224544359567	90.491
517.0	1.938507619087684	90.477
517.5	1.8910750041799953	40.359
518.0	2.0340505628608234	70.509
518.5	2.4141599128464755	90.591
519.0	1.995199084861116	90.63
519.5	2.366911078391027	90.551
520.0	1.9965672389170306	10.059
520.5	1.7869051368759121	71.042
521.0	1.7867724019355216	55.464
521.5	1.768488705875532	8.208
522.0	1.3989123158766494	80.847
522.5	2.5515697849916514	80.415
523.0	2.756463806391947	19.825
523.5	1.8049410406163613	140.883
524.0	2.180660248490248	84.734
524.5	2.0152755304512158	70.42
525.0	1.7442432783999577	70.397
525.5	2.2051680627600354	20.044
526.0	2.2786248374598794	98.25
526.5	1.550362590261939	62.725
527.0	1.288140980617581	60.345
527.5	2.8456730879388075	106.695
528.0	2.119845715582064	88.658
528.5	1.8093058336356485	110.876
529.0	1.8571900976616944	60.532
529.5	2.1521113963471623	40.372
530.0	2.0588817501596157	40.291
530.5	1.8634554513573305	90.731
531.0	1.9116065990146325	130.863
531.5	2.346349132666081	60.396
532.0	2.360832732485604	30.203
532.5	2.254538992010012	121.093
533.0	1.8175644701863072	151.388
533.5	1.6582834455921125	81.393
534.0	2.093449723350273	60.479
534.5	2.0037112509991557	165.824
535.0	1.8333533841929004	70.519
535.5	2.54206622919808	68.699
536.0	2.222194549348833	9.403
536.5	1.4929067007871235	110.535
537.0	1.7633083700251284	54.491
537.5	1.6643133078150212	91.686
538.0	2.310648968380893	16.734
538.5	1.854713303769727	39.643
539.0	2.483643547028618	65.951
539.5	1.7294436663134907	40.924
540.0	1.3642401789324794	60.373
540.5	2.3513609612268533	30.133
541.0	1.9295015483821292	114.071
541.5	1.7019773044887867	110.708
542.0	1.963745946030965	78.671
542.5	2.256136501196155	25.245
543.0	1.7242637298260994	121.273
543.5	2.171275156331644	30.323
544.0	1.8533655362584318	17.941
544.5	1.4806338868008149	30.246
545.0	1.6021101877274637	28.333
545.5	2.1594506453789006	83.576
546.0	2.171647279082522	20.057
546.5	1.6539637519308816	60.445
547.0	2.048927526587419	10.925
547.5	2.2053433094555817	20.12
548.0	2.125442801890481	50.304
548.5	1.3457030294418788	110.701
549.0	1.6572068185397477	5.579
549.5	1.8060196706036569	44.658
550.0	2.3034009719629354	60.337
550.5	1.8963262396095255	60.414
551.0	2.043995548378781	60.374
551.5	2.4084650013923845	36.378
552.0	1.7949690997868906	30.26
552.5	1.5624695412172875	86.761
553.0	1.4594480777138936	110.866
553.5	1.9270307686767936	71.485
554.0	1.7616884104108934	74.127
554.5	2.0670806479433828	49.325
555.0	2.2379305610537887	97.61
555.5	2.172726745498287	30.184
556.0	1.7228673724733055	16.511
556.5	2.0189918574057537	80.65
557.0	1.6608782439335275	115.276
557.5	1.9480018610182228	120.738
558.0	1.972780452075919	90.71
558.5	2.14552655688362	74.333
559.0	2.0824787221144456	30.231
559.5	1.8934547507259158	20.167
560.0	2.2912331546504427	152.609
560.5	1.7559211327753919	60.464
561.0	1.4029513712305495	69.662
561.5	2.1648024141999715	110.8
562.0	2.174493473444306	110.801
562.5	2.760677088128389	70.28
563.0	2.7171221076161176	81.27
563.5	2.1267958641893965	100.633
564.0	2.025105663691915	100.688
564.5	2.1701755502912907	30.2
565.0	2.2971594914811306	109.295
565.5	1.4027964589445079	91.659
566.0	1.653139987905207	76.389
566.5	2.2909915890208117	56.085
567.0	2.1287923736215486	34.723
567.5	2.088698526796349	5.667
568.0	1.3112728445945498	60.261
568.5	2.5355908191341667	95.605
569.0	2.1892076737964508	10.083
569.5	2.2593255449687843	99.861
570.0	1.8216747168078213	30.152
570.5	1.9561057539781272	26.63
571.0	1.7322013503191194	30.302
571.5	1.7267451969880794	90.563
572.0	1.517266258616483	58.258
572.5	1.6932703101597262	80.389
573.0	2.2345991281703377	20.2
573.5	1.9536431679845057	6.565
574.0	2.0619099476545504	41.266
574.5	1.6942008015013834	76.264
575.0	1.9438401201235167	35.638
575.5	1.975589316150333	80.509
576.0	1.8650290226362518	35.167
576.5	1.5426433192576137	90.705
577.0	1.8359360122450405	20.321
577.5	1.5519406855809847	75.144
578.0	1.9886432277276358	18.237
578.5	1.795283525060307	19.318
579.0	1.9279692839942222	120.757
579.5	2.2002848621086226	50.423
580.0	2.1471809387382854	75.027
580.5	1.5119267256092557	35.019
581.0	1.7716589730984973	70.334
581.5	1.9151694297360156	30.12
582.0	1.6500469843239658	58.748
582.5	2.5350623456615535	30.251
583.0	2.4452889310430583	20.289
583.5	1.6146115840904245	30.295
584.0	1.9369643120794922	6.068
584.5	2.1769517647271592	38.202
585.0	1.8547482057409836	35.204
585.5	2.057527076415603	60.449
586.0	1.7918671711591854	8.289
586.5	2.314757096942668	40.856
587.0	1.6212228744858883	20.167
587.5	1.6910543777017875	10.171
588.0	1.7393615506171933	30.225
588.5	1.9090162907162034	30.072
589.0	1.648273898267167	80.776
589.5	1.7416261081545112	46.515
590.0	2.0251974278882945	120.787
590.5	2.0331188552915522	90.559
591.0	2.265973493701926	30.168
591.5	1.641874277630823	50.436
592.0	1.6047211238398316	4.915
592.5	2.54642138196337	16.956
593.0	2.3450685151306603	70.386
593.5	1.570435209247652	36.017
594.0	1.5904343986776928	60.403
594.5	2.3467720972461357	30.528
595.0	1.6771949707109548	67.771
595.5	2.2966646981983923	65.766
596.0	1.9008823691214434	90.47
596.5	2.1524374779337747	80.366
597.0	2.484166735500801	10.229
597.5	1.511118535176078	35.968
598.0	1.8734083862491686	70.447
598.5	2.7820159044450383	30.312
599.0	1.7650867624939672	71.413
599.5	1.5431995279707418	25.935
600.0	1.9959146844583775	100.772
600.5	1.8275703485296533	60.446
601.0	1.834749888365176	5.566
601.5	1.8707956701825652	30.304
602.0	2.0930357678813087	60.352
602.5	1.9499394177353395	8.625
603.0	1.5076625743728442	30.218
603.5	1.9424976315994875	30.2
604.0	1.9867829469939526	27.093
604.5	2.4533703545856653	45.85
605.0	1.7672225076579338	85.638
605.5	1.913758121828896	100.622
606.0	2.4252544651942354	30.208
606.5	1.6031944570759946	50.391
607.0	1.833673674834604	30.271
607.5	1.5510885225800117	100.827
608.0	1.8633175054959659	37.653
608.5	1.8786385963894217	60.296
609.0	2.0845227804293462	10.558
609.5	2.1123913319735053	30.141
610.0	1.7861661373378692	15.969
610.5	2.1817118993205353	109.016
611.0	1.3516943863424855	22.736
611.5	2.46445483948424	26.902
612.0	2.2332600112965757	19.903
612.5	1.7762345558136898	22.309
613.0	1.4462087050302646	92.057
613.5	2.144735923561734	40.36
614.0	2.1520548282504057	25.346
614.5	1.7962754851968536	15.143
615.0	1.4767423880965516	50.32
615.5	2.024641847944639	29.892
616.0	2.1627571608991056	30.244
616.5	1.7275511154874372	39.697
617.0	1.9165146116614362	30.106
617.5	1.5225203159530716	44.306
618.0	2.6350229273754633	20.226
618.5	1.815461837313461	90.549
619.0	2.318995950650574	30.081
619.5	1.9607750212946915	96.787
620.0	0.16424734183392378	12.764
620.5	2.1993560355739543	60.386
621.0	4.99636152842191	12.837
621.5	1.9052248101733307	70.349
622.0	2.2375017216880435	69.234
622.5	1.841829190104855	80.443
623.0	1.8547623190083482	90.558
623.5	1.9695011315274287	90.598
624.0	2.1305015758792973	70.549
624.5	1.9695594109565269	80.563
625.0	2.045611848401732	30.217
625.5	2.1026810403956997	35.087
626.0	1.4594424606535807	16.882
626.5	2.0380761128751925	70.549
627.0	2.405657048837774	100.636
627.5	1.9287096037047071	70.478
628.0	1.7458241718274627	80.532
628.5	1.5326297508061215	130.677
629.0	2.334125295353535	60.422
629.5	1.6286861874149718	80.558
630.0	1.840499751543578	22.056
630.5	2.0761322192937124	67.973
631.0	1.7884226701772985	100.92
631.5	2.328044621193624	6.198
632.0	2.1363102608505193	77.918
632.5	1.85772308974618	103.598
633.0	2.3553316582135313	12.378
633.5	1.9360420215226888	70.491
634.0	2.306311694546165	20.195
634.5	2.181819924562828	7.052
635.0	1.7424589540948827	42.61
635.5	1.5773021150385158	100.749
636.0	2.111763878280824	30.236
636.5	2.225959246464889	6.043
637.0	1.7737934386005867	41.724
637.5	2.589836448924346	30.007
638.0	1.6032512622081445	80.454
638.5	1.6967974948464077	35.306
639.0	2.0789219120396227	20.185
639.5	1.8774955537683955	80.55
640.0	2.1371316238529343	20.148
640.5	1.7436635578766426	60.436
641.0	2.1143343798478	11.458
641.5	1.8792010649833009	60.455
642.0	2.1416348606276756	71.752
642.5	2.3375063367303235	7.975
643.0	2.2123986617655778	30.4
643.5	2.067350203153646	60.489
644.0	2.0578888335203533	30.273
644.5	1.697441045893517	80.435
645.0	1.6236907208756934	30.247
645.5	1.565775230610291	10.108
646.0	1.8615093606067405	14.2
646.5	2.063909152617714	41.649
647.0	2.393356633100474	39.381
647.5	1.8255652503163597	4.506
648.0	2.1217436076673817	33.609
648.5	2.15416314560293	30.203
649.0	2.3965322343152855	30.188
649.5	1.5731726631924667	100.54
650.0	1.74848246058845	100.41
650.5	2.080360570496117	20.157
651.0	2.0959100363375134	50.429
651.5	1.5024318480037644	131.023
652.0	1.8925869859812525	100.78
652.5	2.279720482798362	60.023
653.0	2.0824347098610128	35.091
653.5	1.9535758062782471	4.901
654.0	1.515432376108104	11.735
654.5	2.1456256204053705	120.672
655.0	2.1086400552947016	42.109
655.5	2.2226309890052027	98.744
656.0	2.2126630309722874	161.155
656.5	2.0278726554314948	60.167
657.0	1.7013355364568403	60.137
657.5	2.2206598893446987	40.194
658.0	2.2612513999608743	40.306
658.5	2.283245266283941	52.989
659.0	1.6850830788730045	30.159
659.5	1.957519270879129	68.141
660.0	1.746294554725913	11.007
660.5	1.7296660696748052	6.538
661.0	1.9595198561330582	19.781
661.5	1.500039447962972	120.888
662.0	1.8905024961134387	13.823
662.5	1.9265555700016852	77.461
663.0	2.1638305258716897	82.592
663.5	2.855812844023778	27.075
664.0	2.084717189598404	20.193
664.5	1.4223824749488843	50.367
665.0	1.4810519317375876	92.08
665.5	1.6365581522763577	70.238
666.0	1.6810528589864873	20.234
666.5	2.0631356553055995	36.887
667.0	2.363387264564933	66.675
667.5	1.8118520940281377	60.008
668.0	2.020853531763651	90.494
668.5	1.890271112765535	35.051
669.0	2.1025160677297685	38.391
669.5	1.7269627689910627	100.65
670.0	2.4199876835125993	30.416
670.5	1.7327112807098657	6.046
671.0	1.8633268821909628	90.596
671.5	1.8565229837000845	119.135
672.0	1.9417584127475134	80.567
672.5	2.114897555050665	30.219
673.0	1.4029912185743834	29.866
673.5	2.111547318436133	252.673
674.0	2.7630402620592522	30.284
674.5	1.5745336005510526	70.553
675.0	1.6642423296986906	6.23
675.5	2.0018182053672327	102.898
676.0	2.000570095963348	70.366
676.5	2.294993282011974	60.259
677.0	1.548742437190692	38.098
677.5	1.7066132303710284	7.809
678.0	2.543394191003737	50.359
678.5	2.1124431610994296	50.38
679.0	1.6264576722509954	100.564
679.5	2.523062365331978	70.361
680.0	1.8316272382200884	18.067
680.5	1.8435686144229717	40.269
681.0	1.4417497870480458	90.643
681.5	2.1912129798709343	90.677
682.0	2.4244702821296618	7.74
682.5	1.671341426147648	98.921
683.0	1.6471053310101702	33.804
683.5	2.077679477147061	5.157
684.0	1.844055162238257	70.504
684.5	1.5895834380280827	9.135
685.0	2.6134031505008943	20.25
685.5	1.5981685570124868	40.836
686.0	1.6400954643809778	40.281
686.5	1.8909713244954387	20.291
687.0	1.7873500158043738	40.254
687.5	2.3010197751369255	20.087
688.0	1.5385362099384505	30.288
688.5	2.3111781076182667	20.242
689.0	1.7192108405126731	40.313
689.5	2.221225120263274	37.704
690.0	2.6143450903351453	20.099
690.5	1.6808324875544458	20.07
691.0	1.374340319529372	4.217
691.5	2.376843625445849	38.488
692.0	1.7115357681780334	100.055
692.5	2.65741544913088	157.826
693.0	1.8459467036210646	40.346
693.5	2.0876775337414415	3.824
694.0	2.059097241908187	70.272
694.5	2.1244165431993904	20.186
695.0	0.15727654454707946	16.295
695.5	0.9306297830647681	16.672
696.0	0.5011583233263524	25.23
696.5	0.17899670621049812	139700410684.016
697.0	0.15368473733182522	46.945
697.5	1.3036333548325563	47.885
698.0	2.1781597244706887	111.328
698.5	1.5226990336845554	108.069
699.0	2.6135695084874855	100.688
699.5	1.5924337713811734	110.618
700.0	1.570637293657241	76.775
700.5	1.1468664532085873	60.045
701.0	2.030937766404162	50.549
701.5	2.115668403496411	76.357
702.0	2.074634529351677	70.102
702.5	2.0373712173882006	110.86
703.0	2.0857998014206123	37.993
703.5	2.5525374423638443	171.452
704.0	0.9143341422472309	147.698
704.5	2.178343493243736	90.604
705.0	2.1334577012027793	110.857
705.5	2.4836592779154922	80.869
706.0	1.3940743573942935	90.617
706.5	2.5705849162291505	60.406
707.0	1.8611046555390625	60.5
707.5	2.3482561712291643	80.674
708.0	1.8153276565511614	86.959
708.5	1.9965380206296806	80.65
709.0	2.4644551845377083	123.064
709.5	2.011608078755347	110.804
710.0	1.3209310028685906	90.766
710.5	1.9657656673824877	83.04
711.0	2.1281373458500408	100.598
711.5	2.188025424062823	40.351
712.0	1.0256915284080959	84.599
712.5	1.746455893658604	98.655
713.0	1.7807037847467329	80.313
713.5	2.0095661081635425	130.883
714.0	0.9768571697739761	50.767
714.5	0.7774334283280337	84.579
715.0	2.9002455954799364	129.79
715.5	0.779302926471835	90.617
716.0	1.4625599598507244	60.556
716.5	2.0921526041853005	100.913
717.0	1.832629932257594	49.17
717.5	1.3388216620419924	110.691
718.0	1.9814277385178445	65.159
718.5	2.6284885391707418	131.409
719.0	1.5842708360074351	60.412
719.5	2.116696575500273	80.468
720.0	2.279527990993859	101.04
720.5	1.5693401263541673	141.338
721.0	1.6330304198745935	80.566
721.5	2.0672097477293576	53.468
722.0	1.4703386432451675	69.418
722.5	2.8446413677684994	39.05
723.0	0.8586603086751573	50.861
723.5	1.8012277525389007	120.791
724.0	1.7792483224576754	69.035
724.5	2.1008735830204257	62.996
725.0	0.9109508287802014	78.111
725.5	1.574060622720269	110.509
726.0	2.0174749785401844	110.614
726.5	1.7508283528484099	60.591
727.0	1.1004693658413303	105.364
727.5	2.2415545600996802	90.422
728.0	1.7881925512985872	121.093
728.5	2.4210704175423867	103.682
729.0	1.4082130595283522	36.275
729.5	1.9511230390412706	70.452
730.0	2.0200105156089503	41.556
730.5	1.919440313564224	36.316
731.0	2.1948640524262646	124.206
731.5	1.7483674921996653	80.73
732.0	2.841532556956353	43.975
732.5	0.4102425871647808	100.284
733.0	2.1759936031618103	90.655
733.5	1.9345920881321943	50.378
734.0	1.9163730778139196	127.536
734.5	0.7201015977331112	90.68
735.0	1.8794113482794081	155.732
735.5	1.6732990576850428	76.521
736.0	2.7362629203955673	110.97
736.5	0.5994365278177464	53.204
737.0	1.666789769868606	63.605
737.5	1.9370876527045324	110.521
738.0	2.020538003378283	49.875
738.5	0.9270647361468433	75.265
739.0	2.1634238622958226	68.146
739.5	1.5456655950052942	92.648
740.0	2.4690098938896305	124.821
740.5	0.9119156234568182	100.719
741.0	2.0419521865283174	110.971
741.5	2.1046660629052285	100.762
742.0	2.706313952177496	127.364
742.5	0.9901836644141088	116.776
743.0	2.1469394605549357	161.068
743.5	2.388636048446169	81.045
744.0	1.8817631812388194	143.652
744.5	0.7887583392516059	70.437
745.0	2.037724238070101	161.332
745.5	1.7805275852880738	133.85
746.0	2.3559372375081375	173.382
746.5	1.1907338340612734	120.924
747.0	1.7558288239952924	100.796
747.5	1.7048606695150135	80.608
748.0	1.7647562108668895	43.263
748.5	1.1777923600681344	110.82
749.0	2.152399851491045	152.798
749.5	1.3423874970831522	70.47
750.0	1.8171004606615793	138.23
750.5	0.966587823092684	81.046
751.0	1.4579495727779916	90.54
751.5	2.0980492554274606	90.453
752.0	2.301418278696113	110.953
752.5	1.0219567600026511	100.852
753.0	1.8764284020249389	60.807
753.5	1.4410012809039332	97.168
754.0	1.91088511036505	40.48
754.5	1.245025129294385	80.572
755.0	2.456339499962445	82.089
755.5	2.368253903927482	101.238
756.0	1.6565136291234142	110.786
756.5	1.4677660460804445	109.385
757.0	2.086245764254369	50.704
757.5	1.9410209758807706	80.549
758.0	1.8585134535909213	80.638
758.5	1.812352430672142	121.277
759.0	1.7524963191265333	100.782
759.5	1.9291762253816669	61.247
760.0	1.8099569084568141	40.444
760.5	1.4666888070910091	50.91
761.0	2.263560042016334	77.985
761.5	2.2079738675171137	136.618
762.0	0.6266586252115023	104.404
762.5	2.3158503312760685	104.592
763.0	2.0833760628116926	90.589
763.5	1.8928694445559817	90.709
764.0	1.2085386524332598	98.379
764.5	1.4212340946907134	43.946
765.0	1.6424183562240755	77.702
765.5	2.430393194479582	148.662
766.0	1.0421499516517596	90.57
766.5	1.8304943236945934	125.266
767.0	2.2333873582103885	60.531
767.5	1.9576914476182585	100.807
768.0	1.405030381165148	73.102
768.5	1.8303096761609003	68.605
769.0	1.6561044850749935	70.349
769.5	1.7199448550797827	100.798
770.0	1.1561200522563064	90.528
770.5	2.4109460717572486	80.361
771.0	1.5247595395003355	50.348
771.5	2.140196128754523	122.485
772.0	1.8702374339390089	67.919
772.5	1.5302599510866395	80.42
773.0	1.7131788825809218	70.676
773.5	2.5632445038691998	60.491
774.0	1.616446319846069	94.01
774.5	1.8491221019458817	84.634
775.0	1.740035165542232	130.883
775.5	1.6462973365562958	75.207
776.0	1.5322642476047592	90.804
776.5	2.3325343968685153	110.923
777.0	2.631363130484402	50.454
777.5	1.5995330337317197	80.737
778.0	1.2489245160512068	66.329
778.5	2.0025615918816237	90.543
779.0	1.7655037616160905	130.819
779.5	1.5019150419949996	119.763
780.0	1.6098711538453672	43.197
780.5	1.909840657675599	66.388
781.0	2.780671061819557	60.2
781.5	0.6853546015868146	44.939
782.0	1.7644520316476942	50.405
782.5	1.67197167608825	74.96
783.0	1.684693218136082	151.351
783.5	2.1371371650439905	151.028
784.0	2.394717244721646	90.772
784.5	2.1382896242167297	78.885
785.0	1.7924952630188071	90.959
785.5	1.6823877297154897	60.304
786.0	1.9774315057351468	141.516
786.5	1.7658143166632472	32.958
787.0	1.5300798841451684	77.663
787.5	1.0556976076524924	171.213
788.0	1.4072538821442722	90.742
788.5	1.3693995498956237	80.652
789.0	2.797509485425344	54.562
789.5	0.6634338044006679	70.486
790.0	2.103848098217681	110.792
790.5	1.7930046177135481	48.152
791.0	1.8617146701651188	50.637
791.5	0.9171894454563976	95.124
792.0	1.6767214413211629	38.7
792.5	2.459541206495854	80.71
793.0	1.6632788936260674	60.508
793.5	1.1756440569023376	70.673
794.0	1.7988193392008602	100.496
794.5	1.5426167978043044	95.252
795.0	1.5325734922186112	57.736
795.5	1.4826593608055594	110.505
796.0	1.4155898354258656	65.954
796.5	1.980292287607793	120.965
797.0	2.2896457938701267	151.077
797.5	1.6028403726032163	68.782
798.0	1.6262829455860617	131.404
798.5	1.8411823611859008	171.216
799.0	1.5508796492005934	70.469
799.5	1.2810069729891498	105.976
800.0	1.7750306237912086	128.519
800.5	1.1602963898941552	46.392
801.0	2.6354593055046123	60.627
801.5	1.4179227936561003	70.526
802.0	2.1500431529653397	80.288
802.5	1.3780878834177783	110.817
803.0	1.8336037352386219	73.482
803.5	1.400337376201937	36.986
804.0	2.757067647635924	72.047
804.5	2.9755886916842345	153.945
805.0	0.6201843351668013	90.8
805.5	2.1041314121627406	60.052
806.0	1.8889870406171645	90.5
806.5	2.4288854472440464	72.99
807.0	1.1391264230943063	114.33
807.5	2.207040008027407	98.725
808.0	1.8558771324605794	102.95
808.5	2.229068465237975	46.226
809.0	1.0264516454602788	112.407
809.5	1.6312965826247847	83.514
810.0	1.9891464606188125	70.523
810.5	2.3672695067240612	62.993
811.0	0.960198249143609	60.452
811.5	1.4984413974691069	90.567
812.0	1.5717002205007964	35.586
812.5	2.1413170725430506	121.227
813.0	1.1010516489295827	80.483
813.5	2.319486523347167	38.294
814.0	1.2179801813967917	140.843
814.5	2.4612403510307406	154.208
815.0	1.476403578774617	150.582
815.5	1.902627961357748	63.84
816.0	2.0544147072623526	131.363
816.5	1.9130706218318636	111.683
817.0	1.4517072588037765	138.075
817.5	1.7813498142679574	60.331
818.0	1.807386057076885	151.6
818.5	1.7310363896009355	110.944
819.0	2.263417359214733	100.548
819.5	1.5898708771802579	90.71
820.0	2.300096527975346	103.806
820.5	0.7707118926276567	120.751
821.0	2.3302585564597664	66.452
821.5	1.8488073067648638	100.462
822.0	2.4257164799060487	34.658
822.5	1.3217572800844923	83.533
823.0	2.116665586448208	60.344
823.5	1.7358228492693792	120.563
824.0	2.406532459356967	121.041
824.5	1.3518379827526357	124.375
825.0	1.5872200301937514	80.412
825.5	2.2352468876281546	121.105
826.0	2.1339531734064368	60.498
826.5	1.483170060102812	153.973
827.0	1.9086425772413245	65.512
827.5	1.6885017445958277	108.484
828.0	1.4537648225653852	70.772
828.5	1.4307950081220813	120.904
829.0	2.2240898165857477	80.771
829.5	2.4295893464487084	88.072
830.0	0.7473784021477896	76.773
830.5	2.1335017008782042	201.511
831.0	2.113702415317565	100.949
831.5	2.707422851041912	52.93
832.0	0.5886780357632787	90.722
832.5	1.8857220765905995	140.888
833.0	2.3302926018509553	100.885
833.5	2.35836007035985	161.63
834.0	1.1044605517500743	121.102
834.5	2.2563808019295206	90.82
835.0	1.8021168786430193	177.922
835.5	1.7007526458679898	100.766
836.0	1.514478687885757	80.628
836.5	2.615452557874903	78.763
837.0	1.528586229278218	60.454
837.5	2.559992881643087	60.369
838.0	1.4964372007483906	60.501
838.5	1.8723366595729092	80.756
839.0	1.6332069947028445	60.371
839.5	1.7604223453025607	120.917
840.0	1.4514635352903253	70.414
840.5	1.3774567960160704	60.342
841.0	1.6960725480164538	155.064
841.5	1.3183484875446891	100.999
842.0	2.1784669886562	82.434
842.5	1.6112922130296885	116.286
843.0	1.5179372055743174	37.358
843.5	2.2772787528301413	60.427
844.0	1.8286965010770078	111.035
844.5	1.538009099574244	42.06
845.0	2.3823610260596815	94.73
845.5	0.5479697491504101	110.675
846.0	2.304296030998016	60.258
846.5	1.5794943908388461	60.451
847.0	2.570197283089442	101.775
847.5	0.7347717079758626	169.091
848.0	1.8252931309645704	70.586
848.5	1.9580689618429223	105.977
849.0	2.298354554062767	39.124
849.5	1.3033513721169847	66.404
850.0	1.7934006535785778	111.274
850.5	2.243955838282944	104.799
851.0	2.288707161866999	80.479
851.5	1.3719897968355865	80.414
852.0	1.6784521616417312	100.692
852.5	2.45037280931026	105.088
853.0	1.6553278728644933	70.648
853.5	1.1845120499819917	80.882
854.0	2.216127015426493	76.771
854.5	1.8057563523471631	118.044
855.0	1.2815808010211807	115.114
855.5	1.6221814988090857	90.359
856.0	2.0175859211109803	60.455
856.5	2.2730851382376493	128.485
857.0	1.2791377906296415	59.393
857.5	2.13071045079629	45.927
858.0	1.6532745831668705	86.458
858.5	2.077824932990426	135.065
859.0	1.1048664372466048	110.837
859.5	1.405036363697536	50.301
860.0	1.9529458859240119	114.686
860.5	1.8412776436117568	39.578
861.0	1.5033483409830115	60.36
861.5	2.3372036337649402	90.644
862.0	1.536105657253358	98.085
862.5	1.8381239915250172	50.469
863.0	2.1067725247647213	110.702
863.5	1.9833586203909153	134.79
864.0	1.9276680402422932	130.793
864.5	2.0567750999600958	110.777
865.0	1.7519460467759072	64.594
865.5	1.7017960684341642	60.367
866.0	1.7403008585049797	171.225
866.5	1.94755537604728	86.315
867.0	1.9618469136679066	110.433
867.5	2.3274196148341146	74.006
868.0	1.533046202811994	94.973
868.5	1.8164954549449839	100.681
869.0	1.5747355646467642	45.765
869.5	1.8406426290085987	80.083
870.0	1.7017512275432298	60.602
870.5	1.7179699125833932	60.74
871.0	2.0935654787639213	71.486
871.5	1.8102139246204139	90.776
872.0	1.891429485903142	91.119
872.5	1.7577322681433205	100.493
873.0	2.199552904615882	100.507
873.5	2.2123406353135255	101.078
874.0	1.5859783102188507	90.753
874.5	1.7911890895444755	50.462
875.0	1.402307691917363	115.309
875.5	1.8595988395970728	104.924
876.0	2.440780396782307	105.496
876.5	1.5939552014043779	110.911
877.0	1.6041570671713823	60.648
877.5	1.6028369928053317	111.0
878.0	2.0599623472652087	145.117
878.5	1.3424983402124924	140.848
879.0	2.2068634934623983	104.357
879.5	1.702469067109539	160.879
880.0	1.7568994934537565	96.104
880.5	1.6048441571407244	110.737
881.0	1.52610197038106	80.355
881.5	1.7824515018524658	80.897
882.0	2.016659600155571	77.853
882.5	1.5086042386149205	71.147
883.0	2.2593105331642764	60.488
883.5	1.4344339707935478	34.904
884.0	2.078097972452763	72.152
884.5	1.7969712371279702	90.328
885.0	1.7960403255880688	90.558
885.5	2.4689954283999263	197.97
886.0	0.614050784608805	110.893
886.5	2.645503107109363	82.739
887.0	1.9262834103884627	110.76
887.5	1.9992546690177309	90.598
888.0	1.8344560407399795	60.488
888.5	1.5582459307709713	111.197
889.0	1.7282393127444229	60.589
889.5	1.7787442682847363	52.33
890.0	1.0398952288592989	100.771
890.5	1.9108941214272717	117.838
891.0	2.5210896540087746	101.179
891.5	1.6004516392888841	80.465
892.0	1.8194392942277928	50.374
892.5	1.6663626157893636	100.699
893.0	2.645207952091115	50.389
893.5	1.2015842444690656	40.784
894.0	1.7831071817206847	70.437
894.5	2.1874893526855774	110.813
895.0	1.9628299960929565	60.294
895.5	1.5596912864551984	50.514
896.0	1.4419111949276304	70.99
896.5	1.4733627878316846	160.728
897.0	1.53272792461097	131.015
897.5	1.574328223670495	43.323
898.0	2.2208466950352013	67.062
898.5	1.8120826829704393	100.724
899.0	2.1309866495997185	106.893
899.5	1.6957059105814853	107.226
900.0	1.380034076169052	103.436
900.5	2.0022575641366096	47.8
901.0	1.5758858015850894	52.194
901.5	1.647279154101531	45.962
902.0	1.883301035027457	60.617
902.5	1.61215909359184	80.432
903.0	1.7258248608121565	121.092
903.5	1.8144280461695148	90.575
904.0	2.2664078149673887	66.433
904.5	1.666776611323518	100.673
905.0	1.7294841975436817	90.877
905.5	1.830390370892553	66.488
906.0	1.5847590912142757	91.52
906.5	1.8447611935365456	95.922
907.0	2.7512435604747334	68.943
907.5	0.9108075952877368	100.985
908.0	1.4094534723209524	74.967
908.5	1.8069326665822998	87.868
909.0	2.647339485507308	71.019
909.5	0.846677951014568	110.871
910.0	1.9939496255810292	110.695
910.5	1.789773408348322	94.902
911.0	2.6938990803355067	77.795
911.5	1.8038543689016386	70.821
912.0	1.4309454370544838	60.68
912.5	2.082964866649409	101.131
913.0	1.3356872515959444	100.759
913.5	1.8390799374872955	47.419
914.0	1.9355649864498574	80.498
914.5	1.8281131258759828	105.979
915.0	2.3883106084037777	50.268
915.5	1.5958517637996634	70.53
916.0	2.0510853002916583	100.796
916.5	0.9828309356022524	52.99
917.0	2.3989265167717013	126.479
917.5	1.620002329139315	99.011
918.0	1.7065223728260237	70.509
918.5	1.8303793999277622	48.314
919.0	2.631103238425866	69.569
919.5	1.1882017078081442	120.847
920.0	1.7724512490922788	148.242
920.5	1.6274240643393623	70.498
921.0	1.625130588743668	100.784
921.5	1.9028799043218465	110.831
922.0	1.493921330717889	100.719
922.5	1.6057173693238413	48.424
923.0	1.445703489624934	100.526
923.5	2.275874733423066	101.134
924.0	2.2743803328093355	51.906
924.5	2.524145976381632	156.334
925.0	1.6228179002090808	168.985
925.5	1.776952916399463	141.087
926.0	2.0366928853778066	80.885
926.5	2.2116406309704417	151.242
927.0	1.3747897074271032	100.75
927.5	2.032181558138375	86.642
928.0	2.0899536950190116	50.628
928.5	1.0916561827626465	85.463
929.0	1.9076703092568092	84.428
929.5	1.574057295102464	50.44
930.0	2.2165052253877544	50.393
930.5	1.5535133655733717	90.743
931.0	1.8810901076562574	100.811
931.5	2.0635797465289683	60.341
932.0	1.8642802534138285	114.783
932.5	1.7659930818163492	78.611
933.0	2.058426230217741	73.128
933.5	2.1309980822401298	80.47
934.0	1.7973292630242894	130.894
934.5	2.0372176069060375	100.61
935.0	1.5319908748390239	108.347
935.5	1.4986838845311876	110.577
936.0	1.5697562762290134	135.575
936.5	1.7298234614875587	109.882
937.0	1.144036245033707	70.557
937.5	2.105852004805375	60.524
938.0	2.099556897637723	42.599
938.5	1.8225096869419648	78.974
939.0	2.0481729472941574	99.056
939.5	2.325213734861496	80.9
940.0	1.4080301851438288	90.693
940.5	1.8296247491727973	80.949
941.0	1.8535936891648912	181.589
941.5	2.020670333833477	282.82
942.0	2.3818327101711785	235.932
942.5	1.7754827062002436	275.681
943.0	1.5687600614698085	140.979
943.5	2.380837727722141	130.928
944.0	1.7654677522767888	100.93
944.5	1.3967179776494254	131.068
945.0	2.0226707403349327	90.453
945.5	1.6358063440134878	80.623
946.0	1.4859810989008622	50.226
946.5	2.12393241501662	130.894
947.0	1.8257690962487956	38.036
947.5	2.6827079625208863	101.36
948.0	0.9777357580327624	100.794
948.5	1.6684184426182689	80.469
949.0	1.2248113934545628	157.455
949.5	3.0319917073166875	100.35
950.0	1.1617956065235033	114.102
950.5	2.1723696269096995	90.644
951.0	2.0205332955315876	100.971
951.5	2.0661763787340424	64.359
952.0	2.0514914696686777	90.43
952.5	2.02868196098062	120.943
953.0	1.6355884415070883	118.207
953.5	1.8341670738363565	80.913
954.0	1.1985049304757949	100.685
954.5	1.6870153998693036	68.82
955.0	2.052381389225903	50.272
955.5	1.953588886078503	97.987
956.0	1.6097725276912476	80.735
956.5	1.2989105411112685	90.653
957.0	1.5286861664830067	80.654
957.5	1.4575660739743297	100.688
958.0	1.9116568351374537	130.769
958.5	1.855587007867347	70.527
959.0	1.7910236458985966	101.301
959.5	1.5711944805165503	147.824
960.0	1.404345546875812	90.693
960.5	2.034708760926253	49.027
961.0	2.0781029706639518	70.519
961.5	1.4730215926380275	110.953
962.0	1.998647526764311	94.702
962.5	1.570291598152426	74.69
963.0	1.6364410844297	40.436
963.5	2.0408854675429304	90.753
964.0	1.0697860862680393	98.849
964.5	1.8397502839826334	90.67
965.0	1.770966952894321	76.784
965.5	2.5853551260490226	63.726
966.0	1.0841264288842247	60.546
966.5	2.085387106636843	58.176
967.0	1.5027970250576992	57.849
967.5	2.5198662168567187	105.484
968.0	1.1769633491456335	100.567
968.5	2.021565456291402	70.48
969.0	2.2000643138578577	70.586
969.5	1.6092874859979394	110.666
970.0	1.3354376549075058	69.078
970.5	1.6834318810737645	34.476
971.0	1.8713696022387396	65.262
971.5	2.0028509300145783	60.57
972.0	1.9957047712549214	50.908
972.5	1.5899821232053208	100.812
973.0	2.3025093165749517	133.918
973.5	0.5661449741494352	50.371
974.0	1.3987241084150723	121.023
974.5	2.4700020979163257	123.52
975.0	2.191478930608148	60.024
975.5	0.7722597719313523	74.976
976.0	2.000238500609028	60.5
976.5	1.751764405513988	80.604
977.0	2.7323956074537015	60.635
977.5	1.253668491911608	80.734
978.0	1.7112566997215881	80.426
978.5	2.098918234921406	67.551
979.0	1.5323211263789027	77.49
979.5	2.3417048986186786	54.336
980.0	1.9221088198727303	80.691
980.5	1.7934105392423543	60.7
981.0	1.6758742465170926	80.681
981.5	1.6022545604521976	80.409
982.0	2.033823152643344	105.697
982.5	1.5431775684540698	151.248
983.0	1.6244972434234033	100.708
983.5	1.7322927774775496	90.996
984.0	1.1116344198629617	70.996
984.5	1.8211219979302924	65.815
985.0	1.8326563429259208	127.919
985.5	2.0847945928001543	60.7
986.0	1.3573029942337758	40.334
986.5	1.9145699303135686	60.597
987.0	2.0129650764429594	57.072
987.5	1.7862386845045437	92.1
988.0	1.5658549594946989	125.593
988.5	2.1321978234263725	70.489
989.0	1.3692288058767836	141.174
989.5	1.7826308717369141	60.689
990.0	2.25796815818172	138.245
990.5	1.8881421262965956	85.613
991.0	1.5119573508044597	90.648
991.5	1.9584711523721805	161.79
992.0	1.4139964026648413	107.963
992.5	1.8639392910928045	51.698
993.0	1.8272411651547626	70.477
993.5	1.5684316315240778	57.873
994.0	1.7924771438588745	60.884
994.5	1.9094785422582177	55.679
995.0	1.6652972382503866	110.788
995.5	1.6415732499816036	90.482
996.0	1.55341658850039	77.01
996.5	1.7244555329465554	110.592
997.0	1.8816862682770947	60.525
997.5	1.4923506944225615	50.387
998.0	2.072916421838677	40.672
998.5	1.7836089148227678	101.169
999.0	1.3198828213001952	90.445
999.5	1.8656188043218571	60.582
1000.0	1.6178530510862827	35.769
