0.5	0.4427267822279826	30.709
1.0	5.2664598143146675	18.919
1.5	1.430130646239405	73.438
2.0	2.049466825676688	65.01
2.5	2.71148224158953	20.111
3.0	2.432088679861173	50.245
3.5	1.545184303851639	90.768
4.0	1.914342583807412	27.928
4.5	0.8356942111566394	125.838
5.0	4.195374547703522	80.412
5.5	1.7437440923207832	80.584
6.0	2.4136612572162757	70.558
6.5	2.308975825396994	78.236
7.0	1.918397737168625	40.433
7.5	2.3615883466757035	80.229
8.0	2.8969459098343906	23.639
8.5	1.8479145857111994	110.79
9.0	2.5522422637844664	60.466
9.5	2.7029920948063753	50.541
10.0	2.210089392228311	89.599
10.5	1.7637937031555735	70.412
11.0	2.5177197505176325	19.789
11.5	2.2222736350824204	80.58
12.0	1.969233326338258	110.898
12.5	0.23370280124710804	131.259
13.0	1.4071257727488928	22.523
13.5	0.46426260423261984	20.835
14.0	7.201981291292739	30.363
14.5	0.08968092261741026	42.184
15.0	1.578062584287992	32.923
15.5	4.963193164578578	17.939
16.0	1.7505211464598187	70.525
16.5	1.9177197595216766	91.606
17.0	1.927834058718036	44.599
17.5	2.2724223157995507	79.709
18.0	0.3298973210388002	20.722
18.5	0.6722399489884728	21.829
19.0	0.49042552946380313	22.696
19.5	0.5355072491909895	24.769
20.0	0.1616226590276806	18.265
20.5	1.8543845150997957	17.358
21.0	1.2923272649608166	18.022
21.5	2.009451958765533	34.1
22.0	2.367590964071929	121.249
22.5	1.2947970113585296	161.914
23.0	2.37605617188526	20.92
23.5	2.1511480077253493	80.54
24.0	2.219031851943968	130.788
24.5	2.389993574377405	38.402
25.0	2.549982007024893	22.4
25.5	1.3494270482879673	53.813
26.0	2.167381521595176	50.334
26.5	2.0856174306453226	50.115
27.0	1.5281714500299102	18.592
27.5	2.259797589577248	60.339
28.0	2.16132458160654	48.707
28.5	2.1980001174576405	60.33
29.0	1.547328059616992	120.772
29.5	1.9090026377825833	110.705
30.0	2.2714993098255696	60.471
30.5	1.9300105860844454	100.516
31.0	2.0959084649809587	22.64
31.5	1.8278183204390164	120.956
32.0	1.729599045128809	70.544
32.5	2.030711618617621	30.116
33.0	1.4925655042059653	77.0
33.5	1.904538245880119	20.172
34.0	1.9267986121595633	140.882
34.5	1.9559250721261259	184.894
35.0	2.121345066515083	60.392
35.5	1.706001488486417	87.013
36.0	1.9635735295353585	70.369
36.5	1.9120648151472692	60.489
37.0	1.6382586800746777	70.28
37.5	2.1166573212258735	70.641
38.0	1.94730562224451	60.444
38.5	1.559541688414714	70.554
39.0	2.0733925677617813	60.397
39.5	2.009744180342002	38.72
40.0	2.270457345420863	25.444
40.5	2.453627514507757	30.475
41.0	1.3648925786068329	43.819
41.5	2.4539196585208876	70.441
42.0	2.455036633147587	100.63
42.5	1.5552368079554324	41.925
43.0	1.395287968819682	70.487
43.5	2.3377890111021817	70.604
44.0	1.7079507091719193	90.486
44.5	2.0621248943908608	21.376
45.0	2.007274495325538	58.192
45.5	2.042598096531402	25.138
46.0	1.9388933165629498	96.092
46.5	1.5818316109727284	50.265
47.0	1.635011048930183	39.752
47.5	1.6980240587737494	120.85
48.0	2.099449269858961	80.359
48.5	2.3144011017196386	80.898
49.0	1.433427522745883	60.466
49.5	2.0381671311165546	120.814
50.0	1.7197856980293384	43.069
50.5	1.666393252040833	64.226
51.0	2.052894836498711	111.056
51.5	1.87717465354184	22.644
52.0	1.9295526278734383	60.475
52.5	1.761728975656484	120.797
53.0	1.7323514280112333	70.403
53.5	2.517963457598383	70.435
54.0	1.7258997586556069	90.681
54.5	1.7741148321337201	17.43
55.0	1.9708734136301682	70.402
55.5	2.033777719896587	80.647
56.0	1.5829956566747216	70.385
56.5	1.6839709467937498	60.387
57.0	1.6675468501195077	100.631
57.5	2.2252980407377843	80.522
58.0	0.6729879964868796	30.989
58.5	3.080204300338309	195.277
59.0	2.1080773002809745	80.603
59.5	1.948809993298313	39.244
60.0	1.8275742087910654	40.55
60.5	2.444558916257161	70.41
61.0	1.810881637202961	60.425
61.5	1.954022677544974	50.322
62.0	1.744637180812595	76.71
62.5	2.1423694584243957	90.451
63.0	1.896849965852636	50.285
63.5	1.5945242526049057	42.685
64.0	1.9013909140268221	78.41
64.5	1.3552437412486225	90.339
65.0	2.0899257871893977	50.263
65.5	2.33951405376593	60.618
66.0	1.621230278483696	70.65
66.5	2.2044828208657843	24.889
67.0	1.8748884272985527	70.59
67.5	1.7519430739270119	90.606
68.0	2.3029009260385847	217.358
68.5	1.945924709133399	171.465
69.0	1.7231842901259	34.512
69.5	1.724242987972191	94.711
70.0	2.5207654674416484	30.139
70.5	1.680841564789156	93.687
71.0	2.1883624758388964	121.12
71.5	2.2981249097978447	20.284
72.0	1.6039893889377028	100.629
72.5	1.6940760931007448	70.422
73.0	2.2772382480133437	76.142
73.5	2.3439430994120296	50.715
74.0	1.721072525508998	80.381
74.5	1.9646362671969602	59.968
75.0	1.9772825311869384	30.039
75.5	2.041044712144211	42.024
76.0	1.4962311135689632	84.12
76.5	1.5704019135136877	80.662
77.0	1.8856780917787717	50.399
77.5	1.5822973055941323	110.8
78.0	1.6622382991754054	70.475
78.5	2.0324555441426773	116.929
79.0	1.6314673029585847	70.621
79.5	1.7817614192204487	80.571
80.0	1.7237309331268718	102.26
80.5	1.8413690533128595	90.652
81.0	1.9259313790589103	80.478
81.5	1.74303482651056	96.159
82.0	1.8975978769661863	78.344
82.5	1.9100810673527835	70.593
83.0	2.090100856073689	70.613
83.5	1.9142582973133708	98.319
84.0	1.7330109849990243	29.085
84.5	1.5600583820601377	49.981
85.0	2.3874033406604913	90.746
85.5	2.2372854019997743	70.29
86.0	1.5886952060277642	61.458
86.5	1.6791982635542255	63.767
87.0	1.9441293928538013	70.455
87.5	1.9316010817595022	37.04
88.0	1.4740483470911594	80.66
88.5	2.1757493358174216	124.345
89.0	1.5507164947792984	131.417
89.5	1.8202239684053907	120.763
90.0	1.4736552616765053	46.626
90.5	1.6651829122205672	15.699
91.0	2.1301951291829027	30.197
91.5	1.4261686958488664	46.72
92.0	2.3118906033684734	60.434
92.5	1.6387453935162333	120.916
93.0	2.4761290615399902	90.377
93.5	1.9555196017151983	30.467
94.0	1.326897785063763	36.921
94.5	1.9267292080662386	60.523
95.0	1.8520883502983176	28.321
95.5	1.5910440190607884	100.794
96.0	2.287435782187965	31.639
96.5	1.5087406816368492	90.651
97.0	1.9661758514736845	27.581
97.5	1.833011149230079	90.846
98.0	1.6799045217003556	70.697
98.5	1.7564011690630799	26.612
99.0	1.865838254217046	50.722
99.5	1.7914241284425798	39.997
100.0	1.8903433099330482	60.362
100.5	1.7807716551500272	70.535
101.0	1.7976927357434882	80.592
101.5	1.9088733041234425	70.576
102.0	1.85480570258453	60.495
102.5	1.9885841950628578	70.452
103.0	2.2259602408857058	50.067
103.5	1.6831074720577959	89.727
104.0	2.0560075797686688	38.678
104.5	1.9241648940623346	120.426
105.0	1.9570386976259928	120.638
105.5	2.0441586103618223	43.374
106.0	1.994605195542704	40.281
106.5	2.387221082888105	99.889
107.0	1.6792067892047968	70.418
107.5	1.7068616490361337	50.277
108.0	2.160449461489995	79.264
108.5	2.0359152502364464	70.851
109.0	2.3707659823584635	30.479
109.5	1.743477417823106	27.924
110.0	2.0348098536234236	100.532
110.5	1.7413241928489567	58.993
111.0	1.3838551796288427	130.837
111.5	2.106316820659584	60.35
112.0	1.6167555806991782	121.364
112.5	2.1626458108046283	50.429
113.0	1.8652011979868	60.453
113.5	1.880241347171815	23.499
114.0	1.720052893930696	80.596
114.5	1.642274807696698	101.175
115.0	1.4848847917993873	50.765
115.5	1.5752660015423778	21.202
116.0	2.0421423617859893	80.638
116.5	1.3938678731890641	130.93
117.0	1.7668469463053036	110.55
117.5	1.483280174301817	70.569
118.0	2.491462785917026	99.094
118.5	1.5041210240020928	50.46
119.0	1.5986228828521694	70.578
119.5	2.362038957338676	70.768
120.0	1.7839710900480599	100.637
120.5	2.357907601854292	60.405
121.0	1.4732614305456109	120.932
121.5	1.847035460257029	70.562
122.0	2.2068037793046384	89.78
122.5	1.9657292636351775	60.487
123.0	1.500840488285211	110.855
123.5	2.558368060919922	103.668
124.0	2.2602252518007853	61.822
124.5	1.8439293499764038	98.516
125.0	2.01596172633712	80.34
125.5	1.95906472037069	32.713
126.0	2.4169838214418724	162.052
126.5	1.6832061345587301	40.381
127.0	1.9222026215334949	70.48
127.5	2.0429291333753863	40.078
128.0	1.6797273111943938	50.189
128.5	0.13968983766582233	10.098
129.0	8.42054836939537	80.5
129.5	1.615930311818682	100.796
130.0	2.390277191977259	60.592
130.5	1.648581400586409	130.732
131.0	1.9511747027443116	92.681
131.5	1.4243634266272722	13.399
132.0	2.2984058343730442	20.157
132.5	0.5619603242705915	59.06
133.0	1.2883443615089185	64.293
133.5	0.5710923590896266	14.21
134.0	2.052930549328843	50.346
134.5	1.4662940188307363	15.238
135.0	0.7345659008375831	60.431
135.5	1.0253573940077954	20.153
136.0	1.4035283903045075	120.068
136.5	0.9178414369745046	160.259
137.0	0.5605133354399215	141.062
137.5	1.424620714276853	20.297
138.0	1.809800113207512	127.525
138.5	0.8171361031065721	15.107
139.0	0.664086628744319	33.538
139.5	1.8330431976967652	120.574
140.0	0.7312594226695984	131.069
140.5	1.8798317827572286	116.48
141.0	0.5897913680467807	17.562
141.5	179.63514525904046	18.075
142.0	0.08429534819469978	15.438
142.5	5.716031883527864	40.208
143.0	1.640608456121517	101.407
143.5	1.357455433660754	16.718
144.0	0.8027129314090462	18.397
144.5	1.5829726071593415	36.685
145.0	1.3414624976686154	130.745
145.5	1.203067067853899	35.547
146.0	1.5318558395125097	100.643
146.5	0.43854969175827335	15.682
147.0	1.2235989927836883	80.62
147.5	0.4919648196203765	13.217
148.0	0.6923176827470789	90.656
148.5	1.0539025651368699	33.764
149.0	1.060207554595845	35.102
149.5	0.5640822314796085	19.781
150.0	1.25098966136752	140.989
150.5	0.6855940012698166	17.747
151.0	0.5965087503871537	17.337
151.5	1.0418297544887771	31.657
152.0	0.529395174499434	20.619
152.5	2.01589057010131	61.49
153.0	1.2071651921217283	90.72
153.5	1.5761901800761282	41.535
154.0	1.0833642158784342	50.349
154.5	1.2856465450391668	51.217
155.0	2.0320504647552142	101.197
155.5	1.04507634362139	130.978
156.0	1.3324934935273351	80.877
156.5	1.2407868646756859	119.68
157.0	2.875286464775122	40.368
157.5	0.7746867045123064	20.355
158.0	0.7607910525102718	18.494
158.5	1.2305713047262672	20.349
159.0	0.8965144933494914	13.61
159.5	0.9283485723734484	23.293
160.0	1.3500660331712129	25.488
160.5	0.7227244699418744	13.344
161.0	0.8202732208051512	33.974
161.5	1.3598240696402097	191.342
162.0	0.5006172826933071	1501.927
162.5	0.1385579120732654	1501.927
163.0	0.1769241059544213	1501.927
163.5	0.03211772203133979	2860.077
164.0	0.1301104777324636	16.969
164.5	3.687613755584578	50.574
165.0	2.318962471188039	50.341
165.5	2.008320083963815	20.114
166.0	1.9924842100143536	103.753
166.5	2.0743789082779434	80.472
167.0	2.8271667143266437	50.251
167.5	1.8331552475701192	40.328
168.0	1.7013696508509613	39.214
168.5	2.657483602673628	67.644
169.0	2.181710189873976	110.719
169.5	1.6372616545436565	50.397
170.0	1.5046104693331235	17.469
170.5	1.6396759682198176	110.662
171.0	0.13809195509218913	50.316
171.5	0.9644958001089594	51.721
172.0	0.14632160440090747	14.537
172.5	8.016349831140401	75.766
173.0	0.1576089877800619	8.957
173.5	7.227997003344615	101.003
174.0	0.17375699937975814	8.362
174.5	3.536542343785758	100.688
175.0	0.1460997967489067	18.331
175.5	4.263943826548649	50.405
176.0	0.9597780413897756	50.308
176.5	0.1589953778031291	14.813
177.0	2.8939746074812347	114.33
177.5	1.8015412547205163	42.053
178.0	0.77196769606481	90.488
178.5	0.56161879400987	52.292
179.0	0.6185731563598031	80.717
179.5	0.40965499016956697	80.535
180.0	0.4486496785509833	162.35
180.5	0.6593104467812337	141.398
181.0	0.46393942548903516	76.148
181.5	0.4016992890091783	62.63
182.0	0.45946053438558493	161.43
182.5	0.39343895514625865	129.153
183.0	0.38189287004959876	110.81
183.5	0.7410287292696622	184.455
184.0	0.5418899987195837	141.185
184.5	0.4039476835353873	60.883
185.0	0.7688619210790562	139.076
185.5	0.5225968317164255	70.372
186.0	0.5028256318829888	110.939
186.5	0.713661931526633	161.099
187.0	1.0541571157613974	30.465
187.5	0.622954190459177	110.711
188.0	0.431086915176103	137.402
188.5	0.6259261770542096	130.929
189.0	0.4323985797888318	110.676
189.5	0.8026572233989054	90.653
190.0	0.609798493542892	120.765
190.5	0.5231821998438301	37.511
191.0	1.084885145553531	70.6
191.5	1.8616748199088304	80.352
192.0	0.7680318914009135	110.815
192.5	0.8513646552158292	80.547
193.0	1.0962330017330746	80.63
193.5	0.7842243033805648	70.56
194.0	0.642134769966906	90.638
194.5	0.8252409744377379	110.869
195.0	0.7496647961055962	27.91
195.5	0.47872197291503366	20.9
196.0	0.6556969386963253	110.782
196.5	0.3950643712486976	50.627
197.0	1.5888773755646717	37.301
197.5	0.6594926863983931	141.236
198.0	0.38498145426957986	131.207
198.5	1.226403663509877	514.715
199.0	0.5743719875898905	204.073
199.5	0.5336192218608388	686.406
200.0	0.193552925189254	706.66
200.5	0.9465374101525759	17.179
201.0	0.5471282551045454	100.909
201.5	0.5970060819188298	735.969
202.0	1.0662568407810844	816.566
202.5	0.5894540823742885	141.032
203.0	0.6332389046213361	70.38
203.5	0.34313132232608085	121.087
204.0	0.44124076577512394	161.275
204.5	0.9410085246421144	16.699
205.0	0.5542801530547343	322.551
205.5	0.6025416830789745	756.8
206.0	0.7454581118959956	95.69
206.5	0.5762238539604428	524.402
207.0	0.20443337168108783	847.196
207.5	0.7974788239956269	130.574
208.0	0.3029754458981442	56.051
208.5	0.36939500231514927	20.469
209.0	0.67794164880193	126.117
209.5	0.35339851537917866	111.035
210.0	0.3814761458785655	80.546
210.5	2.455877577157099	46.155
211.0	0.12160244339852835	46.155
211.5	5.637523283050021	106.107
212.0	0.6850090220457833	13.587
212.5	0.5177208114498429	100.764
213.0	0.4036913342794505	90.706
213.5	0.7072610402500947	39.433
214.0	0.33373891284497337	110.859
214.5	0.530551473874665	98.053
215.0	0.8088664580700294	50.544
215.5	0.3334025628104025	90.59
216.0	0.4200649838411661	130.942
216.5	0.6596860273370968	141.002
217.0	0.5148037096163309	102.311
217.5	0.5777852072254037	64.582
218.0	0.7574085666092456	443.81
218.5	0.1906634371549086	625.414
219.0	0.9081312306493023	126.13
219.5	0.6087752462041234	39.43
220.0	0.4500468023481982	60.381
220.5	2.0696785054812135	71.948
221.0	0.6240045300493544	18.282
221.5	0.7424489191790877	80.697
222.0	0.6975280075422234	50.417
222.5	0.5357551135357407	80.583
223.0	0.43009126021314736	161.004
223.5	0.6770285044194991	60.628
224.0	0.575659690118905	17.804
224.5	0.6636199986069575	116.799
225.0	0.7217125594588629	136.493
225.5	0.1443033510275739	554.875
226.0	2.5897249964898483	457.701
226.5	0.8496100964449843	65.467
227.0	1.3364585142066459	593.858
227.5	0.9848921152366809	526.048
228.0	0.5347361266419909	968.167
228.5	0.9299553672123828	100.681
229.0	1.0854433416188862	34.667
229.5	0.4416885345966239	140.994
230.0	0.6169443227980058	72.478
230.5	0.3395970114611909	140.969
231.0	0.6685389874610936	120.917
231.5	0.414175786468714	10.976
232.0	0.3844389050934439	135.71
232.5	0.5311257564981994	14.319
233.0	1.1917103573090568	80.599
233.5	0.49635414739813705	121.171
234.0	0.2920145047597809	129.254
234.5	0.36515914113527925	79.775
235.0	0.6288186280484203	20.248
235.5	0.5520074983732033	43.806
236.0	0.36706137063836153	73.479
236.5	0.4429088671726478	257.219
237.0	0.4955575918073407	141.193
237.5	0.9221976256999095	514.979
238.0	0.4063175941187925	90.771
238.5	0.3577329589573216	73.509
239.0	1.980083651034253	80.555
239.5	0.3722360004561435	127.165
240.0	0.5510846039319915	83.127
240.5	0.6650033741589255	62.229
241.0	0.3358320019804579	136.205
241.5	0.381095653622858	115.753
242.0	0.7004570039906621	21.112
242.5	0.28753989784237055	117.705
243.0	0.40979198851577375	113.007
243.5	3.3601539488767256	27.452
244.0	0.43825248635655895	343.021
244.5	0.6937361307193609	706.035
245.0	0.8212220635743215	40.148
245.5	0.43152509228387326	123.939
246.0	0.5471682889467737	19.186
246.5	0.3838527032616297	120.917
247.0	0.7954376202462179	114.373
247.5	0.7010612703109125	90.781
248.0	0.6886474175058898	150.943
248.5	0.4254692238638303	40.587
249.0	0.9543875659647149	40.44
249.5	0.4760181131975718	119.014
250.0	0.4563523038507516	141.09
250.5	0.8135802965310429	77.968
251.0	0.3587603731054085	120.817
251.5	0.4716543044898099	20.306
252.0	0.7909675502846025	171.534
252.5	0.7185137831597597	141.24
253.0	0.57891263463621	50.345
253.5	0.7544603061568917	211.649
254.0	0.5072863761927726	776.566
254.5	1.4471232944943777	147.737
255.0	0.38701404057161387	80.578
255.5	0.5225902144968563	90.683
256.0	0.7832183427092174	21.538
256.5	0.555273855323891	90.773
257.0	0.42244547118057296	115.718
257.5	0.883133479712857	524.415
258.0	0.2540954853293163	525.04
258.5	0.9588120854570843	111.154
259.0	0.6224353836497614	110.877
259.5	0.5757363067526017	140.908
260.0	1.2713880001638271	80.737
260.5	0.9992907046759357	474.509
261.0	0.8315006072101558	701.28
261.5	0.7607114863178657	701.28
262.0	0.40996999026363573	908.698
262.5	0.8124657863630529	20.234
263.0	0.5454626262413323	130.974
263.5	0.570668413898829	110.814
264.0	1.3511918921394237	110.764
264.5	0.3505796055025365	140.273
265.0	0.4941364927698546	39.375
265.5	0.669310799613508	16.691
266.0	0.29904796980096476	42.608
266.5	0.720227153113608	141.366
267.0	0.2967597393311098	513.943
267.5	0.7310944396842541	33.716
268.0	0.5350647412161976	40.288
268.5	0.8120115949231905	20.461
269.0	0.5791655308876634	100.81
269.5	2.1218757870235914	470.602
270.0	1.4699414044849606	39.752
270.5	2.4765870623699824	52.269
271.0	0.5403133263539277	40.454
271.5	0.43994355502695176	59.881
272.0	0.48093434167418947	121.724
272.5	0.6144607415780419	132.996
273.0	0.6079261895776485	32.128
273.5	0.697907481075211	878.334
274.0	5.263552464999825	136.834
274.5	0.3345918504738524	69.588
275.0	0.6255213032126593	20.261
275.5	0.4007059043024559	70.611
276.0	0.3702762589338946	80.584
276.5	0.3597843579839497	37.545
277.0	0.5634394844697618	80.755
277.5	0.3202428566416744	54.659
278.0	0.7245523026779334	141.1
278.5	0.3754965700149244	90.568
279.0	1.5110242468815567	104.782
279.5	0.6187122255158218	618.923
280.0	0.6854125006382388	504.415
280.5	0.5363640508673988	606.881
281.0	0.643567553551025	56.936
281.5	0.5375452740664678	56.505
282.0	0.8009282544043037	23.092
282.5	0.3696983836630879	36.597
283.0	1.2766595846617308	410.487
283.5	1.9544315695189696	34.092
284.0	0.4828560492911678	73.381
284.5	0.6856034547172527	29.366
285.0	0.5517506740446265	120.925
285.5	0.4959442461079419	21.322
286.0	0.5552793632544085	20.237
286.5	0.3630847607667844	202.746
287.0	2.1250765271299707	37.24
287.5	1.0179534459275437	504.399
288.0	0.4625285389696921	988.864
288.5	0.5707526992777496	37.377
289.0	0.5490118442918098	121.333
289.5	0.5849906819461005	20.166
290.0	0.5988961359273643	86.361
290.5	1.4861658017084056	60.475
291.0	0.9467117699369408	50.237
291.5	0.8884321655175752	161.506
292.0	1.1822168912141031	292.788
292.5	0.8553574756102372	565.409
293.0	0.9688250095152381	131.005
293.5	0.47436351387491593	56.174
294.0	1.5118989011689272	35.949
294.5	0.1586716268707354	35.949
295.0	2.659577013775347	20.157
295.5	0.6205191614908212	66.029
296.0	0.4541181802433864	18.374
296.5	0.39054480412630277	171.293
297.0	0.5316396275316151	433.477
297.5	0.3375664314780188	756.118
298.0	0.5753358629198407	1049.459
298.5	0.6585708267644712	113.944
299.0	0.36675121429877994	1015.602
299.5	2.3906758445091043	20.269
300.0	0.7973635668274669	60.88
300.5	0.7158299535508696	40.681
301.0	0.4459389319562629	50.482
301.5	0.6432310891235886	80.543
302.0	0.6747163067343349	19.712
302.5	0.6174523319898932	120.579
303.0	0.5362922680458808	128.623
303.5	6.117608760254329	50.406
304.0	0.7867993153474051	50.362
304.5	0.4288544225692402	77.61
305.0	0.42199991152886895	100.739
305.5	0.6355539844632274	110.739
306.0	0.49518437353050365	40.436
306.5	0.48341208477056014	20.323
307.0	0.33554982812059336	100.842
307.5	0.33951417009933144	38.549
308.0	0.5464935136955087	131.267
308.5	0.8646250627341886	151.386
309.0	0.5506201545460668	655.707
309.5	0.8087736174415412	80.418
310.0	0.7135149208862986	79.411
310.5	0.4651496051990322	110.688
311.0	0.6445490255079891	256.32
311.5	1.0847153956418196	111.649
312.0	0.5526361302217425	34.199
312.5	0.8910499865804301	21.265
313.0	0.5420565712207024	40.846
313.5	0.4366434267090195	40.342
314.0	0.47732235850639343	35.57
314.5	0.12095471746786726	206.501
315.0	5.566706540081249	23.782
315.5	0.6388276330165926	70.449
316.0	0.4190779629371126	129.068
316.5	0.7139142536966343	124.969
317.0	0.7453935846980102	33.64
317.5	0.6447007933575122	262.612
318.0	0.6243294113040562	626.2
318.5	1.0642046083709398	100.763
319.0	2.329850279675975	100.79
319.5	0.5342420693931801	110.864
320.0	0.419781722872624	131.717
320.5	0.6400727989708351	36.159
321.0	0.4127626578729959	20.205
321.5	0.37130392973425647	120.881
322.0	0.7079152991740574	119.077
322.5	0.3965098731883693	50.505
323.0	1.6901172190562985	152.471
323.5	0.4743059663427329	80.703
324.0	0.35277574795161515	108.32
324.5	0.6939037982653752	393.513
325.0	0.2398096950372521	595.172
325.5	0.7285923128407246	110.649
326.0	0.7630371116429638	110.868
326.5	0.311379670233509	54.977
327.0	0.4540685616531997	97.756
327.5	2.398670133027068	45.644
328.0	0.6956399984918056	37.626
328.5	0.6292323103625264	100.695
329.0	0.9097012577760112	17.105
329.5	0.6060899783731216	100.946
330.0	0.7064804523938542	111.834
330.5	0.697135062903754	80.635
331.0	0.6462357662786616	80.678
331.5	0.6678816181534932	110.843
332.0	0.14475225641334477	17.248
332.5	1.743259068839779	50.563
333.0	0.7809456101859283	20.311
333.5	1.00069828425609	20.315
334.0	0.8581389528579646	159.121
334.5	0.506843154255636	120.899
335.0	0.3808923959393158	109.348
335.5	0.31345493249763484	131.038
336.0	0.33753998819085945	40.266
336.5	0.4161756919565748	35.239
337.0	0.27536983061908255	144.285
337.5	0.5061677163012116	133.651
338.0	0.4319492328314499	22.208
338.5	0.22606526187623605	36.298
339.0	0.24487133263112285	131.081
339.5	0.3536307710186529	64.043
340.0	0.3350678662851444	101.588
340.5	0.7603831047088373	85.972
341.0	0.5792653371077006	54.369
341.5	0.4689006575370214	32.456
342.0	0.3687984957459441	137.503
342.5	0.34599929255945583	184.834
343.0	0.409534511670511	35.361
343.5	1.0800083867142476	171.412
344.0	0.43813764621088175	61.25
344.5	0.9612899614628412	37.301
345.0	0.7180343316121285	130.988
345.5	1.6854223126497399	34.642
346.0	0.8817804869197255	70.608
346.5	0.668918414075775	34.979
347.0	0.5494404672335271	30.458
347.5	0.551398417931731	100.757
348.0	0.5718894937317923	100.822
348.5	0.5835500073776814	20.155
349.0	0.42660328421231575	153.565
349.5	0.6480157119966576	90.671
350.0	0.47883109444631566	146.122
350.5	0.5700157724982132	85.966
351.0	0.7435189034961949	138.245
351.5	0.14979925125437804	19.485
352.0	4.7708913009972305	100.703
352.5	1.5399700605855904	47.464
353.0	1.7604798100120858	120.73
353.5	2.0521482654961716	30.188
354.0	2.4365644282433423	110.912
354.5	1.4140429905063039	50.363
355.0	2.1549781674288058	17.373
355.5	1.7107264958798816	110.531
356.0	1.7949476861591822	72.402
356.5	2.021289478032814	17.583
357.0	1.7643899585486202	24.943
357.5	1.8261857219737516	142.704
358.0	1.749099183535196	100.748
358.5	2.212860252587794	46.666
359.0	1.8179799668821257	120.898
359.5	2.5997775726871257	16.786
360.0	2.0018601606120967	31.779
360.5	2.177004571047069	40.202
361.0	1.5080340540125046	20.18
361.5	2.1514570101952595	22.437
362.0	1.9604142679798293	100.76
362.5	1.5846208415180487	16.511
363.0	1.7137326715964865	60.232
363.5	2.0412389341386383	50.368
364.0	1.6349552066460193	60.419
364.5	0.13664644924399041	16.759
365.0	7.5310126455145125	50.519
365.5	2.28413658506371	80.523
366.0	2.1951660475336063	90.529
366.5	2.3871619506772546	110.663
367.0	2.075269364226275	80.435
367.5	1.928337188278965	70.314
368.0	1.3747086328064904	70.541
368.5	2.356904727437092	97.181
369.0	1.736042491331351	30.19
369.5	1.690740802647592	47.644
370.0	2.33541788717868	48.107
370.5	2.359941210120999	60.399
371.0	1.7976845368834737	80.906
371.5	2.02516679975547	120.986
372.0	1.953208555335027	58.502
372.5	2.003102998581883	20.232
373.0	1.440039806548267	40.677
373.5	1.9254745143462637	30.105
374.0	1.6264869825529007	61.568
374.5	1.9347457023674661	50.403
375.0	1.7679603516413496	30.226
375.5	1.8906379287480946	70.667
376.0	1.7172273430760978	99.603
376.5	1.6614928374796445	70.286
377.0	1.5054278632547475	70.564
377.5	1.7578312474447577	70.41
378.0	1.9806615969163524	40.412
378.5	1.5231985007338686	97.972
379.0	1.6963273505578034	90.67
379.5	1.66577865710167	60.808
380.0	2.144897695430849	130.718
380.5	1.8878618451858322	20.216
381.0	1.8044822981391688	100.51
381.5	1.9648705282842387	15.831
382.0	1.9068675938312527	94.757
382.5	1.449754730219908	130.767
383.0	1.5766262311874024	70.431
383.5	2.204465120069669	42.311
384.0	2.1435776926102563	60.342
384.5	1.6981450678479062	30.28
385.0	1.8673899512388092	61.218
385.5	1.8854644158791116	27.892
386.0	2.3939381500006487	28.082
386.5	1.3896988387289428	70.505
387.0	2.146171622711522	60.52
387.5	1.7801991809225688	70.536
388.0	1.7206182042950184	90.533
388.5	2.3204410481603315	110.57
389.0	1.9051309294430054	40.326
389.5	2.1302769417645275	30.073
390.0	1.4566965218032635	117.658
390.5	1.7158835413166231	119.121
391.0	1.4719338743341073	53.165
391.5	2.051644573481321	23.437
392.0	2.0612824812443646	88.718
392.5	1.4076160915715858	19.529
393.0	2.297168560750689	47.801
393.5	2.103812888883623	60.253
394.0	1.8972863538238456	50.463
394.5	1.697757651962248	87.437
395.0	2.254287380652008	117.963
395.5	2.1062249106312176	130.884
396.0	2.0982968282883685	80.485
396.5	2.0726600282114402	100.552
397.0	2.092508855694535	70.404
397.5	2.2346507381772995	20.113
398.0	1.4029377520472142	50.384
398.5	1.5667227725079447	100.519
399.0	1.8018729038640324	80.505
399.5	2.4260201484485173	60.373
400.0	1.8842212333907475	80.531
400.5	1.7536401471979106	60.413
401.0	1.897769174874076	14.385
401.5	2.0479378062176363	40.642
402.0	1.5439407060294537	80.47
402.5	1.3348462041694602	90.545
403.0	2.260738260728079	19.95
403.5	1.5183046188938374	80.599
404.0	2.113139258446384	90.841
404.5	2.184400748705647	60.379
405.0	1.4527571132222992	90.599
405.5	1.870665016768606	97.236
406.0	2.0762325189648396	48.668
406.5	1.984827152462793	90.544
407.0	2.2354234527189036	70.399
407.5	1.7640560140663828	49.449
408.0	1.473784544386966	70.531
408.5	1.8560545054905435	36.112
409.0	1.9929359196749066	141.868
409.5	2.2972953234055233	90.548
410.0	1.759750409906175	80.668
410.5	1.615285864661275	69.044
411.0	1.8071314755942263	55.838
411.5	2.167657852191035	50.437
412.0	1.467294506772922	19.595
412.5	1.7285390005814232	17.276
413.0	1.6323087484789356	60.534
413.5	2.0660288468937758	30.199
414.0	1.9018513595970838	70.463
414.5	1.6916324139624481	60.326
415.0	1.7284609965413278	44.716
415.5	1.9684358888213935	110.667
416.0	1.7752141772849708	18.222
416.5	1.990911766262887	47.39
417.0	2.0394697292166346	60.379
417.5	2.4053943203891297	60.343
418.0	1.717844200780805	90.569
418.5	2.3069661318431067	80.696
419.0	1.4727713301865026	66.629
419.5	2.0779752108346945	80.258
420.0	1.6292845620558383	20.051
420.5	2.11595233451049	83.025
421.0	2.268649525007951	20.202
421.5	1.880973127567997	45.002
422.0	1.2858460897349258	30.177
422.5	1.8961101158845703	110.044
423.0	2.2818092911855565	88.207
423.5	1.9339975797336342	20.026
424.0	1.5625773997539492	110.767
424.5	1.6788521488702715	17.331
425.0	1.8922701525556003	15.84
425.5	1.6703116360270949	43.988
426.0	1.8682589160487975	46.206
426.5	1.548230129638226	53.092
427.0	1.805534923506448	30.188
427.5	2.4172793208066343	70.471
428.0	1.8758344383138268	84.495
428.5	2.134929273323632	90.544
429.0	2.4214416467560733	60.346
429.5	1.7154656725225244	70.539
430.0	2.1213334154816685	60.359
430.5	1.998666125411313	50.407
431.0	1.846361529368589	60.252
431.5	1.704260511933646	70.484
432.0	2.017711064950501	130.659
432.5	2.2318183562855087	47.435
433.0	2.3531391258999776	50.386
433.5	1.4823329964656589	60.454
434.0	1.9623739297784375	60.384
434.5	1.7694080189594248	110.771
435.0	2.085292505013066	60.303
435.5	2.481319871613514	98.224
436.0	1.406541267632926	30.207
436.5	2.575439278512219	60.211
437.0	1.6812790478429904	110.748
437.5	2.089461574445188	90.781
438.0	1.7594187752610606	87.344
438.5	1.962678716401569	70.192
439.0	1.8689542160738228	14.782
439.5	2.1993877656608256	20.446
440.0	1.8900717636839535	30.24
440.5	1.7697715463077226	40.213
441.0	1.8649123664544343	100.667
441.5	1.810179872189368	70.537
442.0	2.085333165559143	80.633
442.5	1.93818291456911	30.197
443.0	1.8747820870835945	87.067
443.5	1.9572647832507037	20.257
444.0	1.9087745213387246	45.229
444.5	2.187518759982365	90.458
445.0	1.938661377594648	142.526
445.5	1.926256661100585	60.777
446.0	1.9837330708899414	60.173
446.5	1.868348488795822	56.711
447.0	2.0093362690753827	110.544
447.5	1.617609651430916	130.904
448.0	2.236848831005369	30.19
448.5	2.1668514022829943	45.153
449.0	2.0880935923325668	59.123
449.5	1.8363466931720318	100.859
450.0	1.8012157960434032	70.439
450.5	1.5377420703164664	110.583
451.0	2.1813484257766094	37.964
451.5	2.0859499428474026	158.826
452.0	1.7357549591576076	90.757
452.5	1.8108800589291283	100.743
453.0	1.5359300195791081	77.109
453.5	1.6137525336718546	21.747
454.0	2.0888404153823275	70.585
454.5	2.322565062250616	20.242
455.0	1.5365086609226368	13.705
455.5	2.3477324732434757	47.872
456.0	2.0330354475274253	110.876
456.5	1.676486837402275	90.612
457.0	1.6497369649741005	60.641
457.5	1.189592522796736	90.598
458.0	1.928542142608057	66.629
458.5	2.130050304757961	79.948
459.0	1.9620248098724984	35.497
459.5	2.394235613588633	30.286
460.0	1.7771697946837066	110.639
460.5	2.2433477283221563	106.278
461.0	1.7954677494191575	130.897
461.5	2.1312447299633335	110.655
462.0	1.7832973657991589	19.013
462.5	1.9625080656937346	15.677
463.0	1.6413711434978133	30.18
463.5	2.2432182068994964	100.645
464.0	1.912858353185109	20.229
464.5	1.7722722761956866	46.902
465.0	1.9447593790848337	100.489
465.5	1.9241219572530464	121.759
466.0	1.4434649391770977	16.189
466.5	2.5139240202478073	60.374
467.0	1.3064398786912819	130.86
467.5	2.049146351654494	30.41
468.0	2.2942717284494902	131.216
468.5	2.108736088610006	16.012
469.0	1.9887368107786445	90.605
469.5	1.597881291298385	20.199
470.0	1.8330429087985756	60.223
470.5	1.6540399578801404	120.752
471.0	1.8730121316394317	97.852
471.5	1.976204951535862	19.918
472.0	1.8704113852926894	120.852
472.5	2.056063221847153	81.196
473.0	1.75103130496809	131.174
473.5	1.9224281834805694	70.312
474.0	2.306899161017639	54.972
474.5	1.6101355678370357	49.516
475.0	1.603617939726861	100.806
475.5	1.9788164755624464	120.779
476.0	2.136193461091394	60.262
476.5	2.1842510415896585	50.241
477.0	1.8408997228916408	100.558
477.5	2.392025316899866	20.121
478.0	1.35714218801569	94.65
478.5	2.2052356171693166	30.249
479.0	2.191701192740844	80.37
479.5	2.2256078502481174	40.332
480.0	2.1269400311409274	100.522
480.5	2.1728614550092598	30.084
481.0	1.8067181392801452	39.736
481.5	1.5002303207721694	90.546
482.0	2.3591263929076693	20.434
482.5	2.082418717152763	20.221
483.0	1.8008815551825996	16.523
483.5	1.6978247464104375	60.557
484.0	1.7255333670521569	60.488
484.5	1.9060031538379532	120.665
485.0	1.5297701507698196	70.408
485.5	1.6543485457425113	105.39
486.0	2.108686942771511	117.892
486.5	2.0384479562074436	50.388
487.0	1.484736304049539	47.625
487.5	2.0038884988679375	70.453
488.0	2.6217741511500208	20.413
488.5	1.708494305903597	30.259
489.0	2.227608329863872	30.284
489.5	1.9022994480364408	94.314
490.0	1.8461955148704092	90.564
490.5	2.248073385639109	17.919
491.0	1.3985421861485683	44.672
491.5	1.9227334833079122	80.549
492.0	2.506557884520693	60.382
492.5	1.5625152952833359	80.624
493.0	2.1941979818215476	70.419
493.5	2.379465210649938	49.918
494.0	1.5618036189712408	120.792
494.5	1.7987590097738324	27.249
495.0	2.096530888025098	20.247
495.5	1.6130667298394472	80.623
496.0	1.8076549200931242	70.391
496.5	1.872039327112849	120.766
497.0	2.241293972981377	30.231
497.5	2.458815009569034	68.346
498.0	2.34515486133714	46.012
498.5	1.5909329687297624	20.274
499.0	1.8788108572152795	34.548
499.5	1.875186255319316	81.299
500.0	2.254186173316443	30.737
500.5	1.568102185044301	70.54
501.0	2.6236585482614982	57.135
501.5	1.5578779346153013	70.504
502.0	2.210857120466236	20.234
502.5	2.2472730636405123	20.256
503.0	1.7621704362798694	30.307
503.5	1.7309506490116504	30.269
504.0	2.1492333004070687	60.452
504.5	1.9352530623491389	130.91
505.0	2.079895224591576	120.711
505.5	2.15035710955825	70.543
506.0	2.0269986440134105	20.223
506.5	1.8005448811775413	20.25
507.0	2.1521607641758074	90.542
507.5	2.206599639718485	60.382
508.0	1.8416258619268164	19.489
508.5	2.058960019741395	50.373
509.0	1.8999417434301424	20.715
509.5	2.32179598256789	30.168
510.0	2.0569717487630905	83.037
510.5	1.8451053553785812	70.54
511.0	1.898296423385407	116.99
511.5	1.7355873978486152	37.309
512.0	1.7961010085185256	90.547
512.5	1.6786769675630928	100.75
513.0	2.465941053147363	63.94
513.5	1.7076146870738813	76.372
514.0	1.5686271554852833	161.332
514.5	2.103102236680852	50.281
515.0	2.0494768391354445	50.739
515.5	2.018058543134542	110.64
516.0	1.9698718952645495	30.156
516.5	1.7839839369571382	36.918
517.0	2.1654842280698334	60.411
517.5	2.128262115127419	120.949
518.0	2.0084545076347875	80.524
518.5	1.9913954274318417	77.199
519.0	1.7606845123395576	18.081
519.5	1.7666105758379507	110.696
520.0	2.3077379191169327	20.202
520.5	1.6497152961513089	26.76
521.0	0.1732011827778009	14.21
521.5	2.0300069054789653	20.215
522.0	6.334852829640385	100.663
522.5	1.7114537227487372	60.929
523.0	1.9823352634156872	30.263
523.5	1.6021283086656464	100.628
524.0	1.8333350174957699	30.164
524.5	2.237884298696589	111.055
525.0	2.075805221816272	130.78
525.5	1.6506799844172533	90.52
526.0	1.8844638289779387	30.162
526.5	1.8745327249238726	80.505
527.0	1.9580662168752647	20.38
527.5	1.707845449371584	110.819
528.0	1.3617228389975213	80.485
528.5	2.231476393748789	90.337
529.0	2.0520482617068856	20.336
529.5	1.845860727373734	37.989
530.0	1.9279442442777501	73.896
530.5	1.4849104118000658	80.479
531.0	2.035030341592339	30.181
531.5	1.7576514198492577	48.372
532.0	2.0167397968389467	125.078
532.5	2.0418286364754787	50.466
533.0	1.521181166969572	100.628
533.5	1.736280664427431	30.177
534.0	2.754658771519141	100.685
534.5	2.0308699582868677	19.827
535.0	2.006768488257627	40.393
535.5	1.4895849399366274	22.914
536.0	2.0790484963152074	60.045
536.5	1.542603458436631	36.969
537.0	1.643958178914597	100.319
537.5	1.824882454013958	70.623
538.0	1.7188408105770572	80.717
538.5	1.7568901380379285	110.859
539.0	1.6602330910816943	39.41
539.5	1.985616104071565	100.58
540.0	1.8296990365873302	54.935
540.5	2.7209931328139474	90.893
541.0	1.6635472854868627	16.369
541.5	1.8963620417335758	100.373
542.0	1.746825220666096	70.488
542.5	1.7232591988934056	60.541
543.0	1.4688732703063387	55.343
543.5	1.68212412134619	60.485
544.0	2.0421297098441262	100.479
544.5	1.8327295958304906	90.798
545.0	2.1476298529886937	30.211
545.5	1.7281433646270086	72.731
546.0	2.4200734361688876	30.101
546.5	1.8481666999692847	19.875
547.0	1.4812353079310006	100.59
547.5	1.6652608221320406	86.665
548.0	2.282680945401619	16.939
548.5	2.550051600888511	100.655
549.0	2.3144078792775185	30.189
549.5	2.3013248545042164	20.18
550.0	1.937701984040889	30.437
550.5	1.6606436181951116	130.775
551.0	1.4469866573971075	80.469
551.5	2.2692407584396785	20.227
552.0	1.8951264933868217	60.319
552.5	1.7563944201377133	110.842
553.0	1.400912013835527	70.429
553.5	2.3338179650506676	95.269
554.0	2.0346878963699035	80.38
554.5	2.014645148238443	80.575
555.0	1.4777032376624941	60.459
555.5	1.3996670698876348	130.977
556.0	2.156695955953486	90.546
556.5	1.862798576238354	70.462
557.0	2.201410974691202	110.706
557.5	2.086603241303707	121.519
558.0	2.0379543974347842	70.61
558.5	1.385390174513462	60.399
559.0	1.6932279636026148	102.312
559.5	2.0876418643134733	39.626
560.0	1.6190936458292482	80.489
560.5	1.6870521110508638	110.753
561.0	2.065890128721806	100.66
561.5	2.288922057673399	20.178
562.0	1.5117483042176618	90.482
562.5	1.481796649332716	78.338
563.0	2.1555722197097333	80.484
563.5	1.7060995573642281	44.456
564.0	1.7170365815578215	60.333
564.5	1.8038935544020174	80.507
565.0	1.9542790911091363	110.876
565.5	2.547685798671845	129.479
566.0	1.3017854465779175	90.642
566.5	1.6823691284335502	90.6
567.0	2.016050444574841	60.364
567.5	2.2052414631291395	60.493
568.0	2.092690141462641	107.183
568.5	2.236773620626629	141.026
569.0	2.0157200597576623	30.173
569.5	1.9159144537402704	30.36
570.0	1.7747418279876428	17.598
570.5	2.0171192241900306	16.659
571.0	2.3443201620673535	343.163
571.5	1.7921584062707063	17.504
572.0	1.7729762192396565	103.246
572.5	2.8456500500179924	40.2
573.0	1.7857772613840381	56.548
573.5	1.4988700788490419	45.301
574.0	1.699460210341611	30.204
574.5	1.9238157218053646	30.2
575.0	2.4309683876884365	20.244
575.5	2.32270736846822	20.181
576.0	1.4042371537179257	30.18
576.5	1.2924730282181844	45.87
577.0	1.757020321941437	90.543
577.5	2.2272100814514695	20.203
578.0	1.3626369679205501	50.361
578.5	1.688494514159604	80.58
579.0	1.7372692859604524	36.49
579.5	1.960159811378518	100.665
580.0	2.3040164714187945	15.443
580.5	2.3400560947261595	30.225
581.0	1.484704343956181	130.826
581.5	1.8650672903382988	70.614
582.0	1.806721906048384	35.362
582.5	1.7781681391630872	90.424
583.0	2.035127766945184	14.682
583.5	2.344009847517456	20.223
584.0	2.0900832838632337	30.843
584.5	2.243755194750001	58.703
585.0	1.8227120582442473	50.391
585.5	2.731379988487214	50.299
586.0	1.6437798499997105	40.166
586.5	1.879336136952066	128.522
587.0	1.2170984711244612	105.903
587.5	1.661250564258529	90.518
588.0	2.410635136369794	100.757
588.5	2.3036483840253803	30.291
589.0	2.0872876437532444	51.051
589.5	2.0254704717290104	96.192
590.0	2.0206528343165973	33.654
590.5	2.1171732112612935	80.363
591.0	2.3959793156892637	16.65
591.5	2.0890985307445633	78.351
592.0	1.568719892589139	50.043
592.5	1.4409363524789238	88.668
593.0	1.729698903086305	16.437
593.5	2.2343047607227233	60.354
594.0	1.6413559090481005	67.628
594.5	1.6470267783488206	67.289
595.0	1.5071137428772903	90.526
595.5	1.7416980466708216	90.567
596.0	2.2359450007625727	100.566
596.5	1.9902026330332643	100.577
597.0	2.163488920381507	70.537
597.5	2.0325180416897464	14.816
598.0	2.0472175182631065	30.018
598.5	2.1601619200240445	30.041
599.0	1.669356199325614	46.163
599.5	1.6621327716257517	50.805
600.0	2.555248620761237	79.953
600.5	2.069732759918151	56.458
601.0	1.760407202498478	130.816
601.5	1.7131868486224382	44.838
602.0	1.7606498378581132	100.812
602.5	1.6453243734065635	17.037
603.0	1.6293183972161345	45.703
603.5	2.0637614471248185	49.913
604.0	1.649855785338885	36.033
604.5	1.505677107270586	20.174
605.0	1.743728225891752	90.427
605.5	1.4623628451320927	14.829
606.0	2.0776478173388657	13.298
606.5	2.443230078508188	60.446
607.0	2.1085874401783826	50.413
607.5	1.4643683003316454	50.4
608.0	2.1913754061449735	20.06
608.5	1.678082351866319	20.09
609.0	1.6205846665703698	20.179
609.5	1.678610488799245	53.821
610.0	2.0138083240367695	90.537
610.5	1.6487658289342348	44.409
611.0	1.8636972569129673	50.373
611.5	2.3498805838640733	50.283
612.0	1.7803890419291306	60.365
612.5	1.8390354080986284	14.541
613.0	1.380383823786024	100.447
613.5	1.8835318417025004	100.519
614.0	1.486583420669209	60.381
614.5	1.738543623858773	60.353
615.0	1.5138164579156945	44.958
615.5	1.7344696686546641	110.686
616.0	1.8191635445786087	79.361
616.5	1.8043678764743907	76.233
617.0	1.762464600902493	91.397
617.5	2.015382999986159	20.273
618.0	1.7674646872930428	85.794
618.5	1.8525592058669549	59.379
619.0	2.0615098130775125	96.402
619.5	1.8532686580207924	98.859
620.0	1.9763549673389158	18.122
620.5	2.142619260966502	80.667
621.0	1.3418760698901668	110.779
621.5	1.2366877128038696	110.662
622.0	2.1540236922410614	18.234
622.5	1.9168239854911264	80.426
623.0	2.2101263957004056	110.806
623.5	2.371528608561756	16.94
624.0	1.7583113983040792	20.118
624.5	2.1215958439376283	20.177
625.0	1.5236825521342017	90.606
625.5	1.706486516888366	37.175
626.0	2.214860872302714	27.957
626.5	2.1285472440652216	30.165
627.0	1.5752207956658686	104.848
627.5	1.8403723195744182	106.826
628.0	1.8900813082666068	110.649
628.5	1.5066923503438499	30.221
629.0	1.5078564518198236	60.339
629.5	2.2082425981225335	60.355
630.0	1.6735368526010894	117.482
630.5	1.7494358579378189	85.29
631.0	2.357592189581506	22.04
631.5	2.176841003583911	50.42
632.0	2.117750802744156	19.946
632.5	2.2428596733859663	20.027
633.0	1.786774850340681	19.408
633.5	1.574065827750238	16.426
634.0	1.7754649986263817	90.604
634.5	2.1782713678612247	30.202
635.0	1.7619193455797877	40.245
635.5	2.3317796960822763	111.809
636.0	1.8175565899415589	60.62
636.5	2.0968386581398746	45.894
637.0	1.8558071681348276	47.531
637.5	1.3849388834211958	19.284
638.0	2.0142832027818782	16.113
638.5	2.1885206227734297	50.402
639.0	1.9070765403508563	120.978
639.5	1.784210109259496	120.938
640.0	1.9435547602994023	80.387
640.5	1.989792201368311	20.199
641.0	1.4432687602507386	120.932
641.5	1.9715126637187816	119.01
642.0	1.8654450862695018	30.18
642.5	2.3468202485505074	64.975
643.0	2.529622185321546	54.607
643.5	1.9261238796388978	90.778
644.0	1.288568339718636	60.442
644.5	1.4601818974264018	130.888
645.0	2.2273979973052302	30.091
645.5	1.629501021455674	30.2
646.0	1.4943892045994707	90.865
646.5	1.545906946112354	100.677
647.0	2.1380648216347193	44.233
647.5	1.581801756549887	48.185
648.0	1.7749734225025908	80.605
648.5	1.7965123843512305	80.587
649.0	1.748714628383801	19.64
649.5	2.2361187688347584	80.428
650.0	2.108593770004329	19.204
650.5	1.8417596012303405	76.772
651.0	1.8736642837799433	60.507
651.5	1.8914188156876235	60.427
652.0	1.7514087816264612	120.897
652.5	1.315195369007378	140.893
653.0	1.8967517927795312	37.243
653.5	2.0458447709430168	35.777
654.0	2.6563376523789666	30.292
654.5	1.99635190577268	50.035
655.0	1.376333561527332	80.465
655.5	1.6957502921135523	80.398
656.0	1.4720143073374077	70.449
656.5	1.61715742069012	15.624
657.0	1.7848378275742829	89.443
657.5	1.9990718806183552	86.88
658.0	2.0473703843556432	38.464
658.5	2.096492682797821	60.395
659.0	2.0966672872045704	20.288
659.5	2.1015122628772036	20.28
660.0	1.3171981320902213	96.186
660.5	1.6746089452149668	99.745
661.0	2.005904823633527	34.203
661.5	1.921883669220426	90.669
662.0	2.1801081749364197	50.476
662.5	2.0774033852735436	20.246
663.0	2.1417335067730745	60.386
663.5	1.46736262170895	32.276
664.0	1.3191748405916772	30.154
664.5	1.6615484139550913	76.014
665.0	2.183898984229969	30.046
665.5	1.939925430367229	29.966
666.0	1.2825024720836664	48.795
666.5	1.6943676736833875	90.672
667.0	1.7884892180014567	86.589
667.5	2.088983856363405	50.212
668.0	1.3571237892533412	110.665
668.5	1.9089110571388344	90.664
669.0	1.9953571770418455	134.764
669.5	1.972156195879921	136.095
670.0	2.124635225537531	15.625
670.5	2.1994124225782787	96.167
671.0	1.772158411797932	90.492
671.5	1.7355502028740628	90.5
672.0	1.9088388272853685	70.408
672.5	2.044668196755335	80.719
673.0	1.791094091041567	98.741
673.5	0.9878437929632911	475.295
674.0	1.9849493876686646	80.556
674.5	0.7596452748407541	1282.047
675.0	1.6118793256529018	60.471
675.5	1.4519894075341826	60.036
676.0	2.283474053640537	95.139
676.5	1.8895737361038734	100.67
677.0	1.3338378443389314	30.238
677.5	2.3903883411947895	40.245
678.0	1.6149185788926677	116.457
678.5	2.191919513023953	39.438
679.0	1.916797203682859	69.57
679.5	0.15168591653327435	12.843
680.0	1.4710159824232611	70.573
680.5	8.88299095074853	50.365
681.0	2.179157917540306	24.954
681.5	2.277224027560736	83.65
682.0	2.0606173837650505	30.465
682.5	2.778643208912139	50.722
683.0	1.7445858845666962	35.605
683.5	2.0536634190094993	13.73
684.0	1.6010174769291388	18.944
684.5	1.9260787826504278	80.551
685.0	1.5920546803162052	101.566
685.5	1.9053585221831366	30.328
686.0	1.3812366326949175	60.532
686.5	2.0184494953664287	60.64
687.0	1.8808441348771907	32.062
687.5	1.9757748723949033	46.62
688.0	1.686879210980751	80.693
688.5	2.006226710641015	70.429
689.0	2.263749306507728	50.971
689.5	2.0802520742962525	69.594
690.0	1.5454414982964975	82.278
690.5	2.0974175038535536	90.402
691.0	2.067358173250375	16.322
691.5	1.8354098021454455	70.428
692.0	1.8367386506459449	15.275
692.5	1.9239276177691609	50.419
693.0	2.131300369912076	110.528
693.5	2.5543846456949355	16.473
694.0	1.7403909275603233	100.819
694.5	1.8694711591745576	70.413
695.0	2.2301523730797888	80.344
695.5	2.038516334642844	130.867
696.0	1.73592236186108	110.621
696.5	2.618286924383044	90.68
697.0	1.6907508719101445	27.348
697.5	2.008141971242954	90.526
698.0	2.204227205462756	90.69
698.5	1.6031501780644581	65.428
699.0	2.018033610891323	100.744
699.5	1.9209331434388397	20.241
700.0	2.2562856087277123	80.46
700.5	1.9834659680424884	50.225
701.0	2.5224062794818174	45.904
701.5	1.2431888975018393	70.515
702.0	2.064011833361062	15.571
702.5	2.1541645836807404	70.444
703.0	1.6015225718934212	78.914
703.5	1.702618767190154	50.382
704.0	1.8371242025524157	50.488
704.5	1.7422647961080002	30.192
705.0	2.52168069135904	81.114
705.5	1.7653934977551526	50.684
706.0	1.8428790842515461	80.486
706.5	2.6619592525832894	100.695
707.0	2.295908970336321	30.201
707.5	2.023103643770092	46.441
708.0	2.3399319723215783	99.125
708.5	1.9451518901813325	60.328
709.0	2.087307211918989	40.299
709.5	1.4550136107258045	79.521
710.0	1.99951465999795	100.772
710.5	2.3375110352406323	50.329
711.0	1.7320725570024518	78.413
711.5	1.9230559055653504	20.448
712.0	2.1453507012306585	30.24
712.5	2.3970228171336623	40.196
713.0	1.6507300977743602	50.49
713.5	2.2003225128259896	70.476
714.0	1.446982498693213	80.61
714.5	1.9428993194965827	70.443
715.0	1.5442945078247254	50.269
715.5	2.121065345584802	100.703
716.0	2.1189619221222165	30.252
716.5	1.4541781276379773	80.583
717.0	1.7967143259362452	17.001
717.5	2.282033803621433	78.954
718.0	2.0080036590480006	90.407
718.5	1.6311578581878534	30.415
719.0	1.6125097875179544	30.104
719.5	1.8131444481762689	18.145
720.0	2.445169381438654	50.52
720.5	1.4100562225571076	90.552
721.0	2.125526755975223	16.645
721.5	2.110850039473039	50.347
722.0	1.5954693152601926	40.335
722.5	2.125024203677288	80.524
723.0	2.2598384442603483	30.081
723.5	1.4806142015116517	111.251
724.0	1.502678438668632	80.749
724.5	1.8000100803738424	50.319
725.0	1.4529462530693806	50.377
725.5	2.280193495928346	30.175
726.0	1.7134664815173724	36.552
726.5	1.721020377199991	31.554
727.0	2.0123681767933235	100.684
727.5	2.2862937745543555	16.405
728.0	1.9448899314035126	16.807
728.5	1.5547115781375591	70.634
729.0	1.973794101879638	64.592
729.5	1.8806888870981013	40.158
730.0	1.89612715286369	120.565
730.5	2.134072775524399	110.52
731.0	1.7113719194172547	23.44
731.5	1.4422515776710212	80.633
732.0	2.0744049427641884	15.52
732.5	2.020480197114175	120.811
733.0	1.9112494636884567	40.373
733.5	2.2786029133787515	80.376
734.0	2.1410628302907364	70.543
734.5	2.154475792624922	60.495
735.0	1.7042560092418337	80.555
735.5	2.325465398722718	18.927
736.0	1.470361579916613	74.841
736.5	1.9220909149249412	60.372
737.0	1.6834418490853433	100.745
737.5	1.4055305710726522	80.526
738.0	1.6879196254185007	121.157
738.5	1.96873526409293	98.515
739.0	2.2585652502965456	22.438
739.5	2.1160645565574128	68.211
740.0	1.9503078148657509	90.417
740.5	2.141544502436894	80.528
741.0	2.039260676241781	50.425
741.5	2.4110269296792572	130.668
742.0	2.212753530459407	70.613
742.5	2.1320025169870607	20.336
743.0	1.450674271021734	50.12
743.5	1.8211278028722935	19.546
744.0	2.1861958472647647	114.815
744.5	1.7142449453302409	45.076
745.0	2.1774915071033867	15.206
745.5	2.319341885034136	18.313
746.0	2.030201573469237	30.207
746.5	1.9402478760611297	21.387
747.0	1.5873386333275574	37.972
747.5	2.0898354171792684	35.505
748.0	1.8891517306329852	60.338
748.5	1.453385452559873	80.698
749.0	2.1168462972831485	90.637
749.5	2.244670789508514	50.346
750.0	1.1775803612580984	60.497
750.5	1.8654674357263863	120.686
751.0	2.235064740343142	70.54
751.5	2.1229183294862137	86.146
752.0	1.97243087255701	90.352
752.5	1.6390851228637062	38.197
753.0	2.046004981245366	20.426
753.5	1.9828121164689685	80.651
754.0	1.93126405869201	92.891
754.5	1.7564060806483863	130.899
755.0	1.4776096404129213	90.517
755.5	1.7366411637784291	17.383
756.0	1.9551042266492935	75.464
756.5	1.9079824047453853	110.604
757.0	1.6543424970788059	14.53
757.5	2.0906899818051987	39.541
758.0	1.746015977298923	60.085
758.5	2.170608949823441	172.141
759.0	2.011679882925998	50.457
759.5	2.0054122970306127	70.646
760.0	1.7206551894928264	20.336
760.5	2.0500066804079395	90.856
761.0	1.5793292641622056	112.448
761.5	2.139588928974015	38.059
762.0	1.7518232156219609	60.256
762.5	1.9385385063615925	80.449
763.0	1.506898815705577	90.613
763.5	2.386003242758839	70.624
764.0	1.8015862871584285	60.332
764.5	2.647109288245635	20.129
765.0	1.55419102465636	70.475
765.5	1.0963109091804721	80.428
766.0	1.8530763262673933	70.492
766.5	1.656776894504506	50.463
767.0	2.407947872705812	18.836
767.5	1.714103535932866	60.528
768.0	1.1180480731514713	80.501
768.5	1.5287538497835254	120.815
769.0	1.8825026339506017	110.774
769.5	1.7944797205877439	80.452
770.0	1.4264624603422373	54.759
770.5	2.245875251198391	42.225
771.0	1.2390415703519864	127.752
771.5	1.3618267193542004	80.462
772.0	1.4973978357424655	30.19
772.5	2.3113852853814896	30.342
773.0	1.9164548423585657	18.885
773.5	1.4096098586722046	140.858
774.0	2.3821405726704086	90.323
774.5	2.506135250918053	21.576
775.0	1.4250199556704368	16.06
775.5	1.859780194972954	70.328
776.0	1.9351125500458202	18.752
776.5	1.9091699030081206	90.573
777.0	1.7289356229595072	60.303
777.5	1.1682718596573596	35.298
778.0	1.2222604734696776	140.107
778.5	2.329675733585965	80.509
779.0	1.9500234793058222	120.821
779.5	1.6317516162793346	148.511
780.0	1.4653959012409221	47.441
780.5	1.8620345156009275	120.823
781.0	1.6610575923758415	110.509
781.5	1.0408435513433258	39.458
782.0	1.8354879727180402	27.949
782.5	1.1094129025745965	16.013
783.0	2.0602100799919705	60.479
783.5	2.235391635026474	38.542
784.0	1.770594495921302	15.38
784.5	1.4444369902753842	30.182
785.0	1.9445892814938268	30.575
785.5	1.1130324331392	140.966
786.0	1.7524672562977888	30.348
786.5	1.4216794031902011	109.073
787.0	2.4873945299497104	82.249
787.5	1.7993810488823383	60.44
788.0	1.7796930019930228	15.147
788.5	1.481068165696422	19.883
789.0	1.9265783939674876	108.364
789.5	1.8647108106611394	20.18
790.0	1.4853755052950777	110.902
790.5	1.618233410021666	90.696
791.0	0.8560558646850656	70.572
791.5	0.4108371956729017	120.772
792.0	0.6986615521201366	50.927
792.5	0.4128191539660333	21.66
793.0	0.5097899291707513	92.954
793.5	0.6133340656728404	92.2
794.0	0.3995681102824903	54.718
794.5	0.45724015889549535	133.745
795.0	1.5675804154555546	16.963
795.5	0.785764139379797	20.908
796.0	0.5146346878101423	96.431
796.5	0.3454173826591671	19.937
797.0	0.7176759676989426	16.565
797.5	0.4758413065733911	20.29
798.0	0.5620212750554577	41.408
798.5	36.578529252476066	91.135
799.0	2.1168289862560155	130.975
799.5	1.9463431270168787	80.491
800.0	1.7931547449090017	40.192
800.5	2.111294504730107	59.633
801.0	1.4673867396555287	14.08
801.5	0.7381156661448088	105.573
802.0	0.14452534871199074	24.421
802.5	0.8240276300183274	130.86
803.0	0.3765295406151264	69.653
803.5	1.2300764351778946	71.849
804.0	0.5686054744389025	26.882
804.5	0.4153601681399429	120.617
805.0	0.42785615921667025	120.834
805.5	0.6384755890808053	18.618
806.0	0.31397939703100836	39.568
806.5	0.3973132890662155	23.307
807.0	0.3050317093026847	61.52
807.5	0.7273831063114651	17.852
808.0	0.5371388861681986	19.097
808.5	0.42495723287443193	19.623
809.0	0.6089484434154476	29.466
809.5	0.45619013946578574	50.382
810.0	0.3496058557749482	120.805
810.5	0.7648598053973811	100.692
811.0	0.36507220474155594	90.915
811.5	0.35822296272758125	110.758
812.0	0.7879971863657925	110.877
812.5	0.1629030343181771	131.611
813.0	3.0209272290146587	150.59
813.5	2.125319021494924	151.812
814.0	1.4242986964903321	33.9
814.5	0.9485202245692098	197.973
815.0	2.824696481721913	161.537
815.5	2.4656734157484452	289.617
816.0	2.347909273116877	383.858
816.5	1.7207338415259739	236.263
817.0	2.7517285032226777	181.744
817.5	1.939374428148124	20.268
818.0	0.12187123959281963	22.343
818.5	0.2299743464261727	15.021
819.0	0.6150169656481084	22.121
819.5	0.6621694521023235	111.004
820.0	0.37060031676146016	50.408
820.5	0.964680929440643	32.513
821.0	0.41561053502386835	41.338
821.5	0.4516847811762053	90.618
822.0	0.6268769466360102	34.109
822.5	0.47224144185288497	244.728
823.0	0.7409913809093183	80.514
823.5	0.8065287875924088	14.962
824.0	0.5364441587361977	100.772
824.5	0.4345078240001348	120.729
825.0	0.7929921285979338	33.501
825.5	0.3983579076275937	63.521
826.0	0.5666900691147738	20.066
826.5	0.521587371743599	50.386
827.0	0.47292426189500836	60.493
827.5	0.6221469804760636	34.28
828.0	0.846615791384228	80.621
828.5	0.48526759187917934	42.224
829.0	0.4540611920213013	116.421
829.5	0.6754783114640619	40.44
830.0	0.3981945386415571	90.731
830.5	0.5408480397197492	119.377
831.0	0.7278095594687359	70.603
831.5	0.6852938360060742	80.852
832.0	0.416326303069025	110.698
832.5	0.811456927601473	130.784
833.0	0.5590461036272072	45.07
833.5	0.653523800830422	52.388
834.0	0.7172813717560829	15.864
834.5	0.5391057374361314	128.274
835.0	0.4005800125340971	102.013
835.5	0.5527114132315528	35.656
836.0	0.4545400684067904	64.796
836.5	0.4197431597702621	33.094
837.0	0.7252183797295482	130.448
837.5	0.4028038817305833	132.827
838.0	1.0323880164053838	20.133
838.5	1.3608044197305276	20.15
839.0	0.21001410449875055	120.782
839.5	0.2636564974682112	120.81
840.0	0.3923678249853997	120.825
840.5	0.36105599823500195	120.839
841.0	0.326381120329608	105.884
841.5	0.3252285167937303	112.943
842.0	0.9309104814893524	20.188
842.5	0.9106000933048884	20.164
843.0	0.27841899912512835	31.113
843.5	0.2802963371283688	29.936
844.0	0.5632918848953788	20.229
844.5	0.6896704632371888	20.251
845.0	0.41568977764477927	80.818
845.5	0.4210728123692848	44.845
846.0	116.08701262031524	235.123
846.5	0.7344652521089879	129.294
847.0	0.5835914471386712	17.214
847.5	0.665478868878745	45.947
848.0	0.8823760747778086	111.37
848.5	0.29714952987113846	56.347
849.0	0.4729061004979897	40.4
849.5	0.8333118564615121	12.834
850.0	0.4657259791263837	40.44
850.5	0.44663873273220006	40.653
851.0	0.6389332772620228	30.279
851.5	0.21305954032878796	271.94
852.0	0.3653919265667438	56.221
852.5	0.8288811715334344	12.523
853.0	0.31284372926568044	80.719
853.5	0.31485292476624016	14.11
854.0	0.33130384683825714	122.98
854.5	0.5961061461299934	184.556
855.0	0.34015147747231117	117.994
855.5	0.29577518105720857	22.191
856.0	1.099674416419584	95.592
856.5	0.3796720463551479	21.371
857.0	0.48597688715708715	73.686
857.5	0.7450335023810604	19.358
858.0	0.3829765969323428	30.532
858.5	0.47654973320121136	110.754
859.0	0.6837335770790607	30.927
859.5	0.6866712937202517	252.434
860.0	1.1350096869367594	62.19
860.5	0.4090180699472277	120.821
861.0	0.28100198801300125	29.451
861.5	0.8392767753005725	101.18
862.0	0.4326279936500636	70.494
862.5	0.473187901652082	60.302
863.0	0.994997326347686	70.56
863.5	0.5715389625113817	71.427
864.0	0.6865921434018516	61.796
864.5	1.1019511698055522	138.523
865.0	0.4991679100091561	299.391
865.5	0.5114006960782949	371.649
866.0	0.7000809117034051	171.163
866.5	0.6588688297784364	173.199
867.0	0.6339376227159175	201.488
867.5	0.6579659368020633	164.571
868.0	0.7483329230646459	120.95
868.5	1.1935663917197146	141.696
869.0	0.44572534362733635	90.499
869.5	0.6087820855783196	80.41
870.0	0.4011263431536867	191.734
870.5	0.37944072372443044	725.974
871.0	0.9293796945449075	668.196
871.5	0.3247698625326751	775.84
872.0	0.15095701332832767	12.902
872.5	13.083861602988945	100.424
873.0	1.620401718268683	50.379
873.5	2.2309432961453948	64.453
874.0	2.222380701237369	113.453
874.5	2.6601615493710518	50.427
875.0	1.3699630526833129	90.533
875.5	2.3108156731806417	70.627
876.0	1.6112292394286727	90.666
876.5	2.4092239259685275	110.724
877.0	2.1789997415909306	60.335
877.5	1.9253855722972153	120.865
878.0	0.7060084412923763	14.824
878.5	1.3838169997356338	125.913
879.0	0.898947406598561	20.409
879.5	0.5461168736686881	20.205
880.0	0.4958645873150923	103.403
880.5	0.4899610743021444	26.138
881.0	0.6813467070981005	35.584
881.5	0.5169209085878244	14.894
882.0	0.470263316646992	45.724
882.5	0.15017721636100176	1854.717
883.0	0.17303741192024658	34.828
883.5	1.5164355641250988	432.771
884.0	0.1799704000793233	20.894
884.5	2.6906050648484854	100.811
885.0	2.444954212816662	44.607
885.5	2.5427152941090645	20.195
886.0	1.9590972608451014	50.225
886.5	1.5251288465836634	82.54
887.0	2.5313637884653875	17.915
887.5	1.687359265199889	30.306
888.0	1.776257287528489	19.046
888.5	2.6535176731542176	212.13
889.0	1.023385087353152	40.68
889.5	0.8842518899481898	50.882
890.0	1.063548506588353	50.382
890.5	1.4017179440533218	139.965
891.0	0.1275114361836117	44.758
891.5	4.204598392287074	49.346
892.0	2.1126322326929934	90.972
892.5	1.5260084652793207	82.156
893.0	1.5483609690605806	70.49
893.5	1.5568573363637839	90.514
894.0	1.5541188061865856	90.71
894.5	1.026098914759141	39.868
895.0	2.2571126464790274	86.108
895.5	0.17318593218417888	11.576
896.0	1.205997981439451	50.65
896.5	4.537240917262338	11.489
897.0	1.3602111326657196	90.642
897.5	1.5006486026173904	30.344
898.0	1.2577365117165946	141.409
898.5	1.7197287831480803	70.537
899.0	1.3151708283051253	92.535
899.5	1.3630688272448097	50.37
900.0	1.502380600931909	120.899
900.5	1.8154338874174116	42.913
901.0	1.7488579532700017	38.595
901.5	1.4978212824654766	70.624
902.0	1.0125819401318128	51.573
902.5	1.243313665714831	100.883
903.0	1.2206240957547951	50.722
903.5	0.9216158879536358	126.279
904.0	1.0110748635423736	46.739
904.5	0.9253856005126466	40.447
905.0	0.1448547693487807	12.823
905.5	0.945824482022525	159.269
906.0	0.8036518363688554	12.153
906.5	6.382013126215925	116.943
907.0	2.0757955289668604	30.181
907.5	1.9123889434395163	30.966
908.0	0.8124842376772556	122.013
908.5	1.0288361607488545	90.478
909.0	0.7208964373695823	90.477
909.5	1.771365412099164	89.961
910.0	1.5112661406600674	64.16
910.5	1.7616776177298192	188.657
911.0	0.13305363078585	11.138
911.5	1.1099140106014536	63.738
912.0	1.0321919086948972	85.512
912.5	6.032371346076692	13.437
913.0	1.4382957615073213	69.253
913.5	1.4363518253729899	11.253
914.0	3.8359450192308056	120.581
914.5	2.5319759666439077	50.741
915.0	2.3895984659846703	20.161
915.5	1.249526036463795	42.121
916.0	1.1126295785820748	50.583
916.5	1.040269227396647	10.643
917.0	0.8697549717344781	109.449
917.5	1.1029974229284982	100.775
918.0	0.7841851049448046	153.292
918.5	1.2633172856486323	126.212
919.0	1.254093026500387	105.239
919.5	1.1398216165067863	44.527
920.0	0.9193051277128009	90.594
920.5	1.1381335706114126	120.844
921.0	0.9598732910182273	120.818
921.5	1.184498049810637	90.784
922.0	1.0260423618550112	65.099
922.5	0.9505152788118615	63.653
923.0	0.16511485989115493	27.668
923.5	1.3560560945002178	32.812
924.0	1.484235852487699	23.672
924.5	1.2960408375178636	69.028
925.0	6.65553615877633	80.375
925.5	1.2934696512356438	33.803
926.0	1.1086917301499275	30.27
926.5	1.4140849805075977	30.251
927.0	1.199913197698971	50.427
927.5	1.256696246053271	151.446
928.0	1.2641490177405512	20.409
928.5	1.09504931117324	20.398
929.0	1.722833285764396	70.759
929.5	1.460219258661121	90.525
930.0	1.811841682729438	90.551
930.5	1.8615207786451156	292.765
931.0	1.1082055751160693	70.34
931.5	2.4831106968092476	45.309
932.0	2.2791160861551782	54.927
932.5	2.334005719231508	118.358
933.0	0.46774557625034574	444.952
933.5	1.3504053800738998	97.514
934.0	1.1377942982955447	104.109
934.5	1.767327163797804	113.195
935.0	0.7353083622886043	1299.828
935.5	0.9322200464116807	100.831
936.0	1.2379064740206753	47.548
936.5	1.1821469709510457	149.434
937.0	0.12344349609771708	1299.828
937.5	2.4690542608009887	20.005
938.0	2.916337191494955	71.953
938.5	2.065867536418084	91.252
939.0	0.13046030303621056	17.337
939.5	0.17443322862246147	9.828
940.0	0.151191986211057	17.865
940.5	0.1565221257195473	14.712
941.0	0.13485910433605403	13.234
941.5	0.1502486274046682	10.224
942.0	0.30148581325840734	22.392
942.5	0.15323000564458358	33.748
943.0	0.12537273320890271	15.951
943.5	0.20253398371331882	24.28
944.0	2.7563301930493425	20.224
944.5	2.7896857006736444	20.147
945.0	2.077992412037567	20.109
945.5	3.008416794774519	20.168
946.0	4.019787186473294	35.204
946.5	1.7246730298958934	70.739
947.0	1.3987792985100316	70.787
947.5	2.0277411295541325	70.803
948.0	2.83292472835617	70.788
948.5	2.0011307949326707	70.896
949.0	1.950334110084161	31.404
949.5	1.9018632946947662	34.078
950.0	2.062153885157068	40.013
950.5	1.7852186099241105	34.131
951.0	2.61654471193021	50.551
951.5	1.1671560028068315	12.083
952.0	1.3722691551220156	13.153
952.5	2.142153098909737	22.824
953.0	1.1478040336571818	150.946
953.5	1.784728127063293	90.573
954.0	1.8568823690600809	11.05
954.5	1.619740735397194	12.57
955.0	1.7305691913613768	14.03
955.5	3.4243449029031297	17.285
956.0	2.228351106018901	80.605
956.5	1.7618262760606105	11.89
957.0	1.5861583790904126	15.799
957.5	2.511749206046315	19.222
958.0	1.1910630972268625	11.416
958.5	1.629996244902743	60.634
959.0	1.9432111225813429	11.238
959.5	2.472428758605165	10.77
960.0	2.156926482637312	70.571
960.5	2.0360995575701226	11.78
961.0	2.3918709721852194	30.283
961.5	1.737216059018981	40.38
962.0	1.8887340726319584	171.956
962.5	0.7334946213895057	444.819
963.0	0.9962644538236529	140.426
963.5	1.2834585032305086	142.837
964.0	0.061699663638789704	1085.064
964.5	1.391111236348785	793.57
965.0	2.7659070262126386	16.285
965.5	1.9999775570177503	20.127
966.0	2.478296411113495	19.757
966.5	3.7171989078053236	20.601
967.0	1.7043513336520129	30.179
967.5	1.9088505710390096	80.436
968.0	2.412964433102191	41.476
968.5	1.6445952665526034	80.543
969.0	2.1102158101757067	20.281
969.5	2.5115994352458477	20.351
970.0	1.9704548253567988	20.279
970.5	2.1503457119462936	20.264
971.0	1.8023490349881548	9.654
971.5	2.7478744087242357	95.468
972.0	2.267351498474828	23.154
972.5	2.4398945758946953	13.128
973.0	1.440269401310621	41.702
973.5	2.1827836128047573	51.77
974.0	1.566388649445532	70.302
974.5	1.684667909458037	70.343
975.0	2.2260413160471653	56.611
975.5	2.623995341915492	123.447
976.0	2.668000507709897	41.682
976.5	2.432740110937174	26.951
977.0	1.3619975920812588	70.46
977.5	1.7515684911396545	8.509
978.0	1.8003884899718194	12.941
978.5	1.7294992567121374	43.421
979.0	1.860882624873407	9.974
979.5	2.07919249738226	20.456
980.0	1.8125582235109339	20.441
980.5	1.6866949023051214	95.068
981.0	0.9822359002065325	80.623
981.5	1.7314943303995805	79.153
982.0	1.402925007662519	80.69
982.5	1.060615233596033	80.682
983.0	1.6795318512120425	12.74
983.5	1.3741713021948676	140.684
984.0	1.630548832924943	13.89
984.5	1.5169491813979408	49.143
985.0	2.104787474682214	70.4
985.5	1.8413329149824256	40.409
986.0	2.189180068466204	30.254
986.5	1.5110775946363264	39.659
987.0	1.4171923681465814	20.248
987.5	1.8504748393376949	20.262
988.0	1.8782448352180963	100.624
988.5	2.4211831702731543	88.009
989.0	1.4108781407748912	36.614
989.5	1.2368218969424447	30.182
990.0	1.3890884269303498	30.226
990.5	1.45366954543041	30.199
991.0	3.031366128253098	37.123
991.5	2.1536696968370004	70.318
992.0	2.029892298229953	70.372
992.5	2.0756611909564855	70.375
993.0	2.549797867393966	50.442
993.5	2.434191087217462	50.356
994.0	1.9480501510231718	50.417
994.5	1.909756679047669	50.407
995.0	2.0024777572881156	80.527
995.5	2.073872218934939	50.32
996.0	2.050679350621757	80.549
996.5	1.9875287244438393	80.554
997.0	1.6435814822723185	90.473
997.5	1.5879123033807736	30.223
998.0	1.600802047592956	12.575
998.5	1.291317521366854	30.244
999.0	2.0154697153534533	87.078
999.5	2.0173899091747445	29.8
1000.0	2.264432438539825	30.295
