0.5	0.14950951696710665	8.929
1.0	0.17778765634306357	13.856
1.5	0.8454241713030455	36.524
2.0	2.3620244113970372	34.736
2.5	0.648315831903633	15.079
3.0	1.615330033343959	120.96
3.5	1.2343592451884813	211.424
4.0	0.21463953314468937	106.991
4.5	1.1593824941180269	96.853
5.0	1.2236783961001185	25.626
5.5	2.7799811875508387	52.396
6.0	1.2018347693289786	30.401
6.5	1.3644458733507963	68.466
7.0	1.9752651626129123	120.836
7.5	1.5395043826352404	37.603
8.0	1.1504288934390354	52.765
8.5	1.4459033344557009	70.454
9.0	1.8298762773520787	120.755
9.5	2.4058843134630186	161.723
10.0	1.4813660393009296	100.453
10.5	1.5273238972956933	150.863
11.0	1.4359147369716505	96.998
11.5	1.62046095477491	106.028
12.0	2.0641627823337214	93.673
12.5	2.118836908438794	50.482
13.0	1.7956849235099488	111.463
13.5	2.0723605211035987	70.543
14.0	2.0554467153426192	110.744
14.5	1.6961312852277388	90.723
15.0	1.31302718570403	24.601
15.5	1.5587416925634634	71.172
16.0	1.5665754131933785	60.603
16.5	1.6907790058853407	80.467
17.0	1.6385869862513789	71.475
17.5	1.610656426486861	46.21
18.0	1.8581189820785586	140.902
18.5	1.5971088576836958	30.237
19.0	2.153574707771051	112.039
19.5	1.8420545348276047	80.572
20.0	1.890155731503793	56.429
20.5	2.180718683448271	131.503
21.0	1.4799297570606456	70.537
21.5	1.9578666522006563	46.948
22.0	1.7345736841431394	99.375
22.5	1.706311081096544	103.682
23.0	1.497632541173637	15.146
23.5	2.028957818525971	80.221
24.0	1.4948234559608078	30.237
24.5	2.423354743375121	14.362
25.0	2.27230042505784	110.667
25.5	2.5654077722307944	80.528
26.0	1.588853213082356	60.596
26.5	1.861696919580256	80.561
27.0	1.852688711244631	15.232
27.5	2.0443436811621054	30.209
28.0	2.1687583397513426	70.441
28.5	1.7983580871994487	30.091
29.0	1.6506093350411273	56.241
29.5	2.0783090287450947	83.206
30.0	1.9498980116499993	82.879
30.5	1.2534323947727108	80.488
31.0	1.4457730278119814	70.483
31.5	1.9816652806553423	40.348
32.0	1.3585706556822619	90.498
32.5	2.126385830621286	30.124
33.0	1.2317908458091766	16.262
33.5	2.109964061716537	50.778
34.0	1.690918880385708	70.37
34.5	2.114458173805095	100.498
35.0	1.5267585752201602	121.242
35.5	2.370923710824946	181.796
36.0	1.3565303598551728	272.377
36.5	1.9707259997941844	69.575
37.0	1.300151659105168	131.015
37.5	1.4861374155935865	130.86
38.0	1.8701931331762967	66.59
38.5	1.825910549392663	40.339
39.0	1.4865852786012133	120.814
39.5	1.693229697884119	110.908
40.0	1.6173188454418579	102.358
40.5	2.290327532582728	100.778
41.0	2.5548191516381316	30.187
41.5	1.7701311114419573	80.335
42.0	2.1883857378011355	210.028
42.5	1.6131858108253445	110.599
43.0	2.201866134483334	74.694
43.5	2.148815494912404	90.571
44.0	1.7914701269268851	186.46
44.5	1.8377586572755462	209.168
45.0	1.133706585058579	114.365
45.5	2.032820418466298	31.539
46.0	1.6246088396345544	90.436
46.5	1.4689184947357004	45.019
47.0	1.728858223890444	141.214
47.5	1.9374580418509906	77.582
48.0	1.4381955788852772	70.601
48.5	1.434187410237547	151.187
49.0	1.6101009146821612	292.583
49.5	1.968750036756794	218.518
50.0	1.434869881818903	46.772
50.5	2.1622021122064847	88.716
51.0	2.161843950326525	131.11
51.5	1.522650251672769	116.44
52.0	2.1093787062768588	87.701
52.5	1.7084216507612426	161.513
53.0	1.4706373258116212	50.302
53.5	2.2326151344989014	83.776
54.0	1.6388501946742973	31.656
54.5	1.3674858643550407	17.955
55.0	2.043955238633884	127.355
55.5	1.6038013988100257	59.433
56.0	1.903592725213003	397.875
56.5	1.3959823714606843	943.882
57.0	1.6555402617175299	53.099
57.5	1.750312099478337	60.132
58.0	1.8390166159922003	64.588
58.5	1.436135572988554	80.647
59.0	1.5399524853924362	120.85
59.5	1.8865708613040544	70.479
60.0	1.8089536852320616	80.571
60.5	2.193443154176215	71.074
61.0	1.0895276838390193	28.855
61.5	2.46957279039849	30.186
62.0	1.884731811196357	90.65
62.5	1.467869762114174	110.642
63.0	1.5188618532213336	135.913
63.5	2.343601114757384	80.695
64.0	1.7413510824803733	131.378
64.5	1.7301425147084144	70.409
65.0	2.2782559455461278	128.722
65.5	1.949078633735604	80.579
66.0	1.3675408226056198	100.713
66.5	2.2379029339515126	110.6
67.0	1.5230034090919062	38.85
67.5	2.0639325575698817	100.09
68.0	1.5163079666572907	161.6
68.5	1.9811339257734604	131.452
69.0	1.396420659646755	110.678
69.5	2.551050864671984	40.498
70.0	0.9543197782484465	120.768
70.5	1.80328996624224	49.188
71.0	0.757090206594694	575.885
71.5	0.17721737827250955	1251.176
72.0	2.2788275530978304	30.479
72.5	1.5768970460452796	146.669
73.0	2.131249310524823	60.527
73.5	1.7564059690961575	90.78
74.0	1.756368280230022	44.389
74.5	1.6063226721493047	30.404
75.0	1.7059709935892542	70.45
75.5	2.2856960923939793	130.009
76.0	1.5372195693102504	90.698
76.5	1.5852936785848348	40.267
77.0	1.8485237205439735	92.382
77.5	1.8954871692070916	222.353
78.0	1.5378825346402352	373.979
78.5	0.15757613259147377	991.195
79.0	0.16351664433596247	1476.655
79.5	0.16281584240935676	2033.967
80.0	0.011667358572150085	4232.108
80.5	0.1254071829067539	4232.195
81.0	2.2613214762299942	185.668
81.5	1.9530093556568737	187.893
82.0	1.5067052626420963	232.622
82.5	1.184779994521878	529.899
83.0	0.3458569492330013	734.665
83.5	0.46083463396216484	1323.344
84.0	0.6669596474539059	1338.728
84.5	1.124392153532623	1609.054
85.0	1.9786946769604796	91.795
85.5	1.8971051392725147	252.449
86.0	0.04977302016767893	758.275
86.5	0.17458575473892146	1283.896
87.0	0.13919126667494217	1708.279
87.5	0.1952420245928926	4033.257
88.0	1.2043075351456543	341.04
88.5	0.8743003240402817	343.451
89.0	2.387237496978876	67.302
89.5	2.8492916410934384	137.105
90.0	2.0290239823760374	110.548
90.5	1.9135309552011222	151.2
91.0	1.8239988976164683	105.847
91.5	2.0216057930792015	299.707
92.0	1.1662758287531054	700.511
92.5	1.4342596504590952	877.498
93.0	1.927153029818434	495.997
93.5	3.756963744887477	183.701
94.0	2.2397181474530563	141.345
94.5	1.502976389569009	130.851
95.0	2.070934962205757	16.023
95.5	1.9582473709073844	27.961
96.0	2.0886928363489377	80.464
96.5	2.4148276115407517	70.257
97.0	1.3978089765996573	67.869
97.5	2.130951019976693	60.482
98.0	1.378015271236358	108.702
98.5	1.839672923294502	151.325
99.0	1.4988160227620861	83.389
99.5	1.2228634848401032	130.927
100.0	1.7745642522049534	80.336
100.5	2.0164223165597988	60.582
101.0	2.207618660469392	90.564
101.5	1.7496925618986965	74.358
102.0	1.4016282721121212	172.275
102.5	1.7134088559584069	41.823
103.0	2.207612159496149	80.736
103.5	2.1712405682156715	45.652
104.0	1.7221018178629368	100.504
104.5	1.9403946633642735	70.286
105.0	2.4635486887603224	61.648
105.5	1.7011416760946834	57.534
106.0	1.8196797639755196	63.287
106.5	1.7756833128537222	100.635
107.0	1.9413235694411728	70.631
107.5	1.643392302844696	120.68
108.0	1.7348318625559374	48.284
108.5	1.9429026143415584	90.644
109.0	1.5231493992593943	102.136
109.5	0.869668940773111	374.494
110.0	0.13789653889739095	940.674
110.5	0.17966675064376525	1474.514
111.0	0.16211848729883785	1980.968
111.5	0.08237227262958098	6080.198
112.0	1.130201477742915	6094.959
112.5	2.8183434522415545	32.196
113.0	2.1334728136825176	80.564
113.5	1.6442712330202822	80.514
114.0	2.1795901542003957	144.515
114.5	1.5212086154214994	281.21
115.0	1.982379253295686	19.716
115.5	2.3166969347727	90.48
116.0	2.443378956771877	50.358
116.5	2.0784084337267856	70.082
117.0	2.26626865232859	130.723
117.5	1.916201718453922	150.904
118.0	2.074590210071446	110.837
118.5	1.7164422446975276	304.371
119.0	0.2601530750883437	855.221
119.5	0.12760897526232626	1081.838
120.0	0.1554608431054733	2008.553
120.5	0.04317734412930478	3423.984
121.0	0.6371737402566774	540.285
121.5	0.7316125071325048	834.106
122.0	0.14561572841673362	1369.899
122.5	0.21397568512729576	4072.207
123.0	0.21241206256864525	8662.66
123.5	0.012442145785389479	9735.755
124.0	1.6236719676071165	202.854
124.5	2.525846871714793	272.595
125.0	1.4247287094514	751.782
125.5	1.0789808600616864	1536.415
126.0	0.6163240950002621	687.535
126.5	0.9183240129092232	434.828
127.0	0.4284363035051835	892.179
127.5	0.8799306692527441	1587.386
128.0	0.7585258797556096	1239.748
128.5	1.1659021480449199	1922.736
129.0	1.1525928646587995	317.177
129.5	0.8924198034999979	894.644
130.0	0.12261537737361741	894.644
130.5	0.6138126202668436	2269.561
131.0	0.7399578720874399	2777.743
131.5	1.667483243252331	2479.512
132.0	3.6230327678750096	69.698
132.5	2.1831866986770034	140.959
133.0	1.5435362789843936	20.204
133.5	1.3489047153269562	37.202
134.0	2.2519876049382406	98.568
134.5	1.6654399626345895	58.347
135.0	1.6968957697273912	141.032
135.5	1.6734814408833474	44.738
136.0	1.6800628337560193	41.249
136.5	1.5117081553793004	90.648
137.0	2.3275520563875216	120.732
137.5	1.3886286580393166	70.346
138.0	1.8907834876505805	28.108
138.5	1.7985335375323974	79.84
139.0	1.8199348161050737	39.124
139.5	2.1642471684383575	37.032
140.0	2.0658705531343378	60.207
140.5	1.6257835997870125	50.528
141.0	1.4325314795878945	120.853
141.5	0.9249998222450968	171.129
142.0	1.6158206084073872	33.834
142.5	2.7224805427631247	120.938
143.0	1.760088904028014	151.287
143.5	2.099669933138644	55.759
144.0	2.2998697358511127	70.786
144.5	2.23915669782859	60.476
145.0	1.6940016794791692	85.533
145.5	1.6567841334199511	120.703
146.0	1.779498098258895	120.932
146.5	1.0966701054255414	49.692
147.0	1.8266635819185937	90.807
147.5	1.8690086188539945	40.903
148.0	1.1043991857751951	40.309
148.5	1.2858375882461988	141.112
149.0	1.5999869933339461	20.262
149.5	1.9111111327991577	100.382
150.0	1.6331596046008396	60.451
150.5	1.4780406035822777	61.051
151.0	2.1643784751144506	90.448
151.5	1.5182196910361716	60.379
152.0	1.5805656678237325	51.105
152.5	2.034862488293867	20.308
153.0	1.6518987342384184	40.266
153.5	2.6053326815993265	42.502
154.0	1.605018750776804	120.749
154.5	1.0413798095316025	63.27
155.0	2.4491876207045067	123.085
155.5	1.8514887331225944	55.707
156.0	2.274793105997465	100.657
156.5	1.8607644914523822	15.369
157.0	1.8761309572606193	19.575
157.5	1.8558752788087152	120.768
158.0	2.349758356601457	177.219
158.5	1.3721389580035854	90.611
159.0	2.7040043471753927	60.858
159.5	1.6019208536922867	20.21
160.0	1.8254091156819965	50.358
160.5	1.4965597248076679	14.908
161.0	1.4396782712487188	120.729
161.5	2.0150358556749164	20.751
162.0	1.44212291834097	100.784
162.5	1.7615694954408267	19.856
163.0	1.7622407052272748	110.744
163.5	1.712580776673941	172.151
164.0	1.462849373310941	140.812
164.5	1.8033697276853071	70.435
165.0	1.4785859605030653	66.084
165.5	2.177807326249345	90.751
166.0	2.1961890387944263	34.515
166.5	1.9985652861879588	45.142
167.0	1.695286516926762	120.758
167.5	1.99709227723917	63.839
168.0	2.523059358480917	70.529
168.5	1.8114059765424442	70.595
169.0	1.6756900371427974	50.353
169.5	1.411022276641387	130.747
170.0	2.099500460892376	120.868
170.5	2.3293435385861514	35.978
171.0	1.4728245961717978	100.651
171.5	2.457459671352241	97.958
172.0	2.189568602911916	126.314
172.5	1.6005082778137893	14.962
173.0	1.8499733259099693	37.489
173.5	2.1012367710003566	30.147
174.0	1.8933482026120652	99.656
174.5	1.7069084138121566	83.422
175.0	1.1196889139831967	140.768
175.5	2.3964308086161568	57.245
176.0	1.9051492635735534	30.316
176.5	1.6044226998471636	110.895
177.0	2.1390265567871642	111.898
177.5	1.9956373443022302	90.651
178.0	2.2209917031654283	86.909
178.5	2.560621212095382	71.936
179.0	1.435876469060063	78.791
179.5	2.028284960193487	20.376
180.0	2.0515167832193963	140.892
180.5	1.6624550259745698	72.897
181.0	2.3065560290774387	222.266
181.5	2.242887721292028	71.696
182.0	1.2824686854668386	147.342
182.5	1.7516471855225113	30.336
183.0	1.5571098811138324	50.473
183.5	1.7756536350443108	90.774
184.0	2.0257195679982756	101.346
184.5	1.8032132327694776	40.292
185.0	2.42178314216136	30.182
185.5	2.39876662375248	99.323
186.0	1.7725941597621546	40.288
186.5	2.4174927712069207	80.39
187.0	1.6029554496575706	80.512
187.5	1.923498836110856	50.399
188.0	1.4744511719994895	131.096
188.5	2.176312015214488	30.438
189.0	1.7716307522001156	83.306
189.5	1.979173659658318	39.354
190.0	1.424334117549258	141.167
190.5	1.5886979156954741	40.227
191.0	2.095093419087239	100.555
191.5	1.9096109524622278	90.645
192.0	2.554803264585625	120.932
192.5	1.3680552794897922	110.669
193.0	1.6377023688001096	64.864
193.5	2.380842123516349	19.801
194.0	2.0337155319591087	30.311
194.5	1.9283194880374261	90.54
195.0	1.8800446376481441	108.3
195.5	1.7667731078266866	110.157
196.0	2.6881369100213237	59.11
196.5	1.6361812506837954	46.407
197.0	2.483347190408556	99.051
197.5	1.8036975119341334	91.494
198.0	1.591942895002882	90.6
198.5	2.473920269049207	90.58
199.0	1.568367048051711	202.557
199.5	1.3405925068252103	620.034
200.0	0.20434626811560694	1042.793
200.5	0.22188936726700942	1643.762
201.0	0.1432400728373006	4242.896
201.5	0.24345571210382014	7799.163
202.0	0.7139382687057183	7812.024
202.5	2.1378553802226015	57.284
203.0	1.931260340764485	21.071
203.5	1.934694159950149	80.78
204.0	1.877018517179213	152.538
204.5	2.023958940003919	16.639
205.0	2.359670164374944	60.429
205.5	1.5934050562025772	140.612
206.0	1.40166564858229	17.808
206.5	1.4298966105561033	50.406
207.0	2.356187423581439	69.806
207.5	1.6515452783079736	101.042
208.0	1.5301847702532572	79.987
208.5	1.8185854216191029	212.279
209.0	1.6912400832209076	563.57
209.5	2.9403647469645664	454.583
210.0	1.6278715724169794	200.854
210.5	2.020332554941104	90.451
211.0	2.240456085698076	110.835
211.5	1.1530637817120277	109.897
212.0	1.9329225601569222	60.456
212.5	1.2028112070602868	102.928
213.0	2.324398939130189	16.982
213.5	1.5284701942515975	90.513
214.0	1.7700274441982855	15.509
214.5	2.1614862108248736	30.178
215.0	1.8798447269147995	70.679
215.5	2.292808257527531	60.423
216.0	2.035873554214977	70.54
216.5	1.4021789179060746	131.322
217.0	1.8253211692591216	80.437
217.5	1.9742973432807394	90.776
218.0	1.6193576168808599	40.278
218.5	1.4496752821187848	84.779
219.0	1.5162936437894226	60.108
219.5	2.5691352056556833	80.533
220.0	1.730765788820229	53.616
220.5	2.2322916179449304	121.717
221.0	2.1470096987804044	120.636
221.5	2.0048931660647535	90.871
222.0	1.895628388330848	80.317
222.5	1.6727673716839044	215.56
223.0	2.1482432874623996	97.717
223.5	2.286058406348105	252.837
224.0	0.8211983848173421	678.619
224.5	0.6312260792394564	1250.274
225.0	1.883333592360374	496.376
225.5	0.9973342535263009	881.018
226.0	0.31678154812525355	1224.293
226.5	0.8306745173562664	2567.746
227.0	0.5952580333108143	212.352
227.5	2.5456556328865356	221.018
228.0	0.9371416559036856	734.243
228.5	1.1273141142268255	977.741
229.0	0.6205845779992033	579.528
229.5	0.9895342201513158	1068.98
230.0	3.5851680359770834	173.778
230.5	1.2875810539563082	676.195
231.0	1.2148847725594702	1200.59
231.5	0.5764889066307267	1781.396
232.0	0.5041562113985127	1407.428
232.5	1.7622109433346664	81.444
233.0	1.9700107139660197	60.541
233.5	1.5130121715326692	243.14
234.0	1.6470192571516418	481.869
234.5	0.6898647930647381	752.944
235.0	0.3629759288546897	1034.51
235.5	0.6462911203060635	1154.736
236.0	0.7232452860628442	1398.351
236.5	1.5082590478097733	121.055
237.0	0.4446100560136893	682.128
237.5	1.4955526141284996	360.12
238.0	3.7592588189829463	120.867
238.5	2.2444784316169235	100.592
239.0	2.0648890104724456	90.595
239.5	1.4787142525827668	130.925
240.0	1.6374023909709372	130.983
240.5	1.7463096431528544	70.322
241.0	1.9794854556598003	100.62
241.5	1.6302414607603	208.136
242.0	2.041141654553851	30.608
242.5	0.9313336864709528	110.702
243.0	2.0562800842881224	115.704
243.5	1.5715802141738107	120.882
244.0	1.9813626106312674	110.904
244.5	2.029216024467558	50.364
245.0	1.9457923731602458	110.689
245.5	2.290479014714625	111.81
246.0	1.8372057572454934	39.266
246.5	1.3878452287732572	90.495
247.0	1.6965069435565856	57.662
247.5	1.9746213822937349	137.35
248.0	1.2940100914726167	95.259
248.5	2.0253531348897322	225.359
249.0	2.37345294358789	293.848
249.5	1.1758860094564256	766.631
250.0	0.8930942613630675	1131.5
250.5	4.440082208285096	60.073
251.0	1.9212222784499502	143.165
251.5	2.466530191142776	57.557
252.0	2.0345193026084143	43.995
252.5	2.013656000183706	111.432
253.0	1.5793669962593138	434.666
253.5	1.9767347996235816	666.206
254.0	1.715356231407544	27.064
254.5	2.6583239459779673	30.463
255.0	1.9119875225283625	17.81
255.5	1.972352274268711	60.608
256.0	2.401250315542895	327.578
256.5	1.4648312970417565	690.069
257.0	1.5047403790634049	1285.845
257.5	1.2906679723714685	1686.305
258.0	2.121529739600363	233.797
258.5	2.0149466189633607	472.13
259.0	0.1993587247703346	1028.654
259.5	0.9845603004620878	563.287
260.0	0.9474782303746493	511.368
260.5	2.667716705551099	140.815
261.0	2.6549801827811894	70.927
261.5	1.9761237781676924	50.563
262.0	1.3644258321106564	107.924
262.5	1.8225177384636142	90.643
263.0	1.9030076921291421	20.401
263.5	1.690051974891959	111.008
264.0	2.1421796954092196	80.593
264.5	2.2549841786900453	65.834
265.0	1.7546713367164737	46.446
265.5	1.7690824911136998	100.454
266.0	1.6274102388534928	30.2
266.5	1.316874985328896	71.869
267.0	2.6888247939699164	130.938
267.5	2.2349368694665603	106.977
268.0	1.5293043931055215	111.093
268.5	2.3196370940869433	90.723
269.0	2.016067352006046	150.995
269.5	2.5921471505962446	111.299
270.0	0.8802318731529405	17.573
270.5	2.2711764071818576	90.511
271.0	2.27130734759792	50.313
271.5	1.5557790676689909	44.231
272.0	1.5944271469111695	70.418
272.5	2.216486444599149	91.033
273.0	2.1242721215495846	99.376
273.5	1.819670789913503	90.717
274.0	1.7369619084359254	22.148
274.5	1.913730243407605	80.382
275.0	2.2546369829774138	80.886
275.5	1.931128253129627	90.681
276.0	1.6380232408211903	91.272
276.5	2.1206337959998316	234.124
277.0	2.011206447278587	100.738
277.5	1.7847496180695557	222.548
278.0	0.9578506048344285	612.366
278.5	2.05515939951602	140.256
279.0	1.7607930286308515	150.961
279.5	0.3979873465537402	141.267
280.0	2.700943062685795	70.44
280.5	2.2722328478267597	141.232
281.0	2.4505315918142343	50.388
281.5	2.0296435040711587	60.461
282.0	2.045264620691531	30.183
282.5	1.6753895885232715	90.429
283.0	2.051118513355538	37.436
283.5	1.2395418184311506	56.215
284.0	1.8967029863940694	110.778
284.5	2.328544742551481	20.801
285.0	2.3798355487063416	110.815
285.5	2.083721777435651	88.056
286.0	1.377927742481423	115.834
286.5	1.6647058386295452	70.544
287.0	1.9839422856834115	100.676
287.5	1.9223327939609294	151.005
288.0	2.2333180829194292	28.772
288.5	2.0513226462236864	90.489
289.0	2.0396994482655124	77.603
289.5	2.1445178594361023	110.867
290.0	1.8416144389575146	62.763
290.5	2.2250403049431142	80.273
291.0	1.8187256293940874	181.989
291.5	1.5010132917692138	69.355
292.0	1.6912609216656806	30.467
292.5	1.7691053992929484	40.226
293.0	1.708410212817513	60.535
293.5	2.3968595520617146	110.847
294.0	1.7237111453826561	16.006
294.5	2.570288102280488	80.434
295.0	1.422369702338978	94.149
295.5	2.0758631553739098	90.699
296.0	2.0214191933054977	70.5
296.5	2.416687054245326	110.716
297.0	1.4553601695678156	116.383
297.5	2.0347191865093914	111.195
298.0	1.5366318731945159	66.501
298.5	2.131948647279078	44.765
299.0	1.7410653086755599	49.039
299.5	1.5255829358793698	151.095
300.0	2.4368177646831763	171.489
300.5	2.1002239748043365	214.259
301.0	1.1825046942368573	60.559
301.5	2.1207650436720034	133.65
302.0	2.014734313484661	110.881
302.5	2.433051065318949	60.569
303.0	1.3611844488502536	60.388
303.5	2.058713917857949	101.652
304.0	1.679941816445305	60.469
304.5	2.451656582126672	383.82
305.0	1.7364731994837952	909.621
305.5	0.6955970286592813	2606.34
306.0	1.3507369539931393	2766.645
306.5	0.8377180275767934	674.064
307.0	1.8090482094138887	122.585
307.5	2.0027795759652016	100.678
308.0	2.892577478491165	27.269
308.5	1.408429225662338	73.137
309.0	1.7731172843795422	131.191
309.5	2.252886248770646	121.231
310.0	2.2363049794990855	283.471
310.5	1.8623525152241605	656.938
311.0	1.749971656017736	312.774
311.5	1.9640889835949593	122.34
312.0	1.57957500482036	110.784
312.5	2.1514303419774112	65.216
313.0	1.783676521784635	121.077
313.5	2.210169579469566	80.54
314.0	2.3627718782058826	118.436
314.5	2.4517864614297946	141.789
315.0	1.325716054270075	70.625
315.5	2.5157591449413665	107.636
316.0	1.6583836101585048	110.654
316.5	2.62015143477325	30.222
317.0	1.6605073125825616	86.283
317.5	2.0681500479829444	140.849
318.0	1.8548311920971763	22.629
318.5	1.6790956295705426	89.805
319.0	2.3272614874816697	71.003
319.5	1.6706191680014415	89.286
320.0	2.8058383650473764	30.631
320.5	1.6405615514216032	81.964
321.0	1.8126305635997566	85.005
321.5	1.5924943129448574	50.269
322.0	2.145528338332452	90.727
322.5	1.1623770640230358	486.136
323.0	2.282677121824937	343.971
323.5	2.6483916283204305	64.082
324.0	2.2089006552663673	110.667
324.5	1.67820742143203	68.48
325.0	1.7623649288379621	92.176
325.5	1.9603190639869972	70.612
326.0	1.666378652359209	130.847
326.5	1.37675857125922	90.668
327.0	1.7299642822579884	131.114
327.5	2.106840173008134	202.34
328.0	1.7056569928792569	163.968
328.5	1.6413839257244787	95.442
329.0	1.770712496185962	80.857
329.5	2.1818718366864998	101.055
330.0	1.866977968255677	82.259
330.5	2.2365358700222524	101.854
331.0	2.3465845027580174	101.224
331.5	1.7859959753665444	73.738
332.0	2.117117381614318	121.11
332.5	1.8032176424750959	202.481
333.0	2.1257944354254272	222.04
333.5	1.784257190475708	715.953
334.0	1.7247701770268475	222.139
334.5	2.298138186544405	232.772
335.0	0.6804826926574276	842.099
335.5	2.155852899006778	182.492
336.0	0.9111797150122809	340.185
336.5	1.037823381432574	314.96
337.0	0.42069928203787943	1543.632
337.5	1.0159840570866345	1518.11
338.0	6.174618092619209	52.182
338.5	1.4380516893012276	367.622
339.0	1.0111497087673296	291.343
339.5	0.7255383974947639	548.706
340.0	0.7841837563765272	1105.943
340.5	0.46107752616871667	1568.581
341.0	1.7638548814624315	349.459
341.5	1.0310090797205023	543.412
342.0	2.1973102093662127	733.522
342.5	1.5634838801959836	304.39
343.0	0.8787311634648409	1291.659
343.5	2.422963090729469	76.102
344.0	1.891679956354072	108.264
344.5	1.7931872083544549	201.924
345.0	1.46950044421769	313.017
345.5	0.8451855841660977	660.852
346.0	0.6205848487035331	1422.395
346.5	2.8266359310584797	141.45
347.0	2.0679267221278472	50.775
347.5	2.3686538618003055	232.337
348.0	1.4430640482742225	100.899
348.5	1.0892155961360577	524.533
349.0	2.3565144126564634	135.249
349.5	2.704982999721285	83.587
350.0	1.8030612580700136	126.969
350.5	1.6210974007636312	132.502
351.0	1.0487809178450553	222.852
351.5	3.24640534010832	30.203
352.0	1.2201747845915014	76.194
352.5	1.9884105206727374	90.486
353.0	2.388125562588933	107.034
353.5	2.079229709553232	60.064
354.0	1.0500653059751035	80.453
354.5	2.3212639059915676	91.15
355.0	1.8076879170153608	242.3
355.5	1.4115377350338147	541.664
356.0	2.564970175212298	717.676
356.5	1.6420371521867567	109.586
357.0	1.9196303153095797	150.778
357.5	2.5442130823978797	222.051
358.0	1.3294495677279985	710.502
358.5	1.413426844041756	321.298
359.0	0.40037464206773793	695.74
359.5	0.7482934295638973	1292.766
360.0	1.7971174652002269	112.438
360.5	1.355351686432248	42.672
361.0	1.4894269072152415	104.994
361.5	1.9435967072602414	88.017
362.0	1.3577930576724535	113.528
362.5	1.968226654140463	35.283
363.0	1.484653797165046	130.694
363.5	2.1666144158470857	70.625
364.0	1.3851416248433763	57.716
364.5	1.7285321338768096	115.101
365.0	1.5144083698109754	110.633
365.5	1.578311080913688	90.845
366.0	1.0741507884974855	205.001
366.5	1.911118531032733	278.459
367.0	1.7402452443406171	72.795
367.5	1.749849991645699	135.334
368.0	1.3245656726364674	353.276
368.5	1.6148465357389925	51.035
369.0	2.2635427031407342	83.422
369.5	1.6050041816932499	70.389
370.0	1.3770176282920101	188.258
370.5	1.5624427313449605	142.871
371.0	1.541312717279875	61.854
371.5	1.8583553630380172	130.514
372.0	1.492180429421926	50.418
372.5	2.145652210871694	37.578
373.0	2.4365278793449874	80.588
373.5	1.919070198142692	90.937
374.0	1.6160459911928708	202.693
374.5	2.2775116931135595	242.495
375.0	1.779682615086669	179.766
375.5	1.836240143926348	264.41
376.0	1.6228736531867194	130.8
376.5	1.715552226596058	172.301
377.0	2.4131047067536056	60.483
377.5	1.573613172741557	90.551
378.0	1.6239822999371916	90.646
378.5	2.3926584289511994	242.952
379.0	1.7842896476317058	100.531
379.5	1.5754961381436712	141.001
380.0	2.6322615257345827	100.999
380.5	1.77731304326988	129.69
381.0	1.720795896934492	110.784
381.5	2.2987851245709447	175.087
382.0	1.9804466798450377	111.251
382.5	1.4738292962263964	191.434
383.0	1.70969644554522	252.538
383.5	1.915201917702521	272.882
384.0	2.910907947995426	693.571
384.5	2.5609074693202416	150.155
385.0	2.226269693536688	92.479
385.5	1.8833499407082934	100.918
386.0	1.890585533000601	85.869
386.5	2.245970405590327	119.996
387.0	1.8150243437603275	119.433
387.5	1.6093784487883809	231.936
388.0	1.5431008145551786	60.391
388.5	1.8239466515223457	110.846
389.0	1.8311227304901925	73.459
389.5	2.0302214166812917	100.601
390.0	2.3590138234089224	91.029
390.5	2.2759119411914086	101.527
391.0	0.9248605095702689	232.413
391.5	1.0936091915414612	793.948
392.0	1.0308809517666124	182.975
392.5	2.035289741019736	838.289
393.0	3.3359371369061743	86.211
393.5	1.8812801866643374	111.263
394.0	1.7701181471585477	37.998
394.5	1.974227137400162	207.449
395.0	1.9031475532361073	373.866
395.5	2.143049575986118	282.658
396.0	1.7972865427889624	242.032
396.5	2.6129627660177794	100.364
397.0	1.9988892163263772	50.456
397.5	1.9419353583700127	110.6
398.0	2.2184100845788253	100.646
398.5	2.0728237139487957	212.144
399.0	1.6791383172365202	295.258
399.5	1.2937298317915316	634.865
400.0	0.9040009289212262	1314.128
400.5	0.8547905527361161	1953.881
401.0	2.0263594895234815	392.69
401.5	0.905925957104038	906.472
402.0	0.7368171092268576	443.853
402.5	2.4984468165824576	183.277
403.0	1.3771395625075227	273.351
403.5	1.2625062827705673	369.228
404.0	2.4201343292000486	307.284
404.5	2.101965380230393	116.985
405.0	1.419956840330074	151.534
405.5	2.3520379291720217	377.37
406.0	1.2999967333303628	559.535
406.5	1.5312748576374549	257.168
407.0	1.6704520818839874	762.249
407.5	2.34684701871813	476.88
408.0	2.505447758794552	521.09
408.5	1.744462226327441	354.982
409.0	1.587092390607786	354.385
409.5	2.91005540898263	580.069
410.0	0.9949215366540867	895.836
410.5	1.2261620423646589	1093.218
411.0	0.9801574550656255	1920.349
411.5	2.921884916756693	81.713
412.0	2.3088393792575586	161.66
412.5	1.9915551112438241	78.457
413.0	2.1798040489787622	110.949
413.5	2.172697866004284	161.377
414.0	1.9168858624231173	344.569
414.5	1.7815315961561962	101.341
415.0	2.5826654609952984	90.731
415.5	1.8134275207600388	80.614
416.0	2.074202983883358	90.424
416.5	2.56576798322521	101.737
417.0	1.5119152983106874	302.879
417.5	2.1302415974433657	343.822
418.0	2.6620636648090796	131.85
418.5	1.8641569819634536	168.31
419.0	1.0370831596464234	158.439
419.5	2.419452843047732	100.571
420.0	2.043552436093836	214.245
420.5	1.4014367688742042	140.897
421.0	1.915331261867392	282.363
421.5	2.371665765706338	100.797
422.0	2.0217289062147583	157.763
422.5	2.0122994212759924	459.781
423.0	0.6694151287699476	958.982
423.5	2.9796240379883394	46.001
424.0	1.4452718456815767	73.916
424.5	2.558118130725297	157.564
425.0	1.8226841163248348	141.064
425.5	2.4624789994344773	73.206
426.0	1.6666825578403714	100.876
426.5	1.998805494772666	206.683
427.0	1.5767444184861636	227.151
427.5	1.3825208325052718	683.777
428.0	0.09799631338512976	1048.999
428.5	1.8995576694622642	906.736
429.0	2.286615145811546	26.789
429.5	1.572137636685553	90.663
430.0	1.866114439126263	80.572
430.5	2.159429927719697	30.236
431.0	1.5781270393248812	31.366
431.5	2.057234716943965	18.821
432.0	2.1911004932839204	95.097
432.5	1.7798410352903915	100.725
433.0	1.8626953548157323	120.696
433.5	1.8440991445272386	64.963
434.0	1.6988124230261188	141.136
434.5	1.4762643166473484	140.772
435.0	2.110594053360745	161.238
435.5	1.616240601344118	80.617
436.0	1.6671065619746859	221.588
436.5	1.907905666138957	100.661
437.0	1.8348062202975337	39.282
437.5	1.5865793834124398	111.586
438.0	2.41036194714802	80.532
438.5	1.5019604079946034	116.953
439.0	2.1332830413931623	70.452
439.5	1.7585549514924494	161.01
440.0	1.8504395938253027	100.85
440.5	1.3837043128307092	110.79
441.0	1.5506833766344956	26.904
441.5	2.4044254060469017	15.931
442.0	1.725535860376803	100.824
442.5	2.193665643361878	68.824
443.0	2.4848146867959513	21.174
443.5	2.022828010544964	100.628
444.0	2.189956152012306	80.347
444.5	1.8993619760919103	80.592
445.0	2.0737256847602894	90.658
445.5	1.7178346329462926	50.385
446.0	1.859935065260988	90.091
446.5	1.6053959044194703	90.576
447.0	2.1119424772671835	100.632
447.5	2.4602930557113925	39.954
448.0	1.410912548746167	82.42
448.5	2.3899740869375163	109.883
449.0	2.0163338359018432	55.593
449.5	2.142106261107824	35.325
450.0	1.178431394631363	80.796
450.5	2.300418493836774	82.479
451.0	1.7781312825225275	60.252
451.5	2.8848125381413605	50.581
452.0	1.3372792430238	132.836
452.5	1.9584238675243355	80.654
453.0	1.8464716027445207	30.234
453.5	1.6507665373931109	100.558
454.0	2.600461005293898	80.695
454.5	2.0639314411004963	80.322
455.0	1.6471269686356098	53.833
455.5	1.649468157570034	90.897
456.0	1.8565526976871063	70.381
456.5	1.9808725481558074	50.362
457.0	1.7603918640452312	100.708
457.5	1.9130617854357064	69.719
458.0	2.0021149910807567	96.251
458.5	1.9444007741217524	24.341
459.0	1.9224256345096637	100.53
459.5	1.623289422372415	30.237
460.0	1.537192883037659	90.72
460.5	1.9041050168072653	27.798
461.0	2.0568929213814418	80.468
461.5	1.972582185559845	66.318
462.0	1.9263732450325324	40.677
462.5	1.9943798800492316	60.477
463.0	1.5559658322247225	70.688
463.5	2.0826042236503235	80.551
464.0	1.3790464269435714	110.696
464.5	1.9433436104995345	121.858
465.0	1.796315328648202	52.646
465.5	1.4729113154749867	90.602
466.0	1.7523516240743477	84.795
466.5	1.6364826640869858	80.652
467.0	2.145464369109698	141.347
467.5	1.9985691899050129	38.111
468.0	1.9135817682946998	14.389
468.5	1.7676460112740409	60.468
469.0	1.9888348009726626	120.822
469.5	2.2851399830011614	56.596
470.0	2.1445252674682314	40.29
470.5	1.4946349368736238	80.658
471.0	1.7310897436644879	30.071
471.5	2.2661797461569604	73.587
472.0	1.9005493721406927	90.759
472.5	1.184416805740058	88.338
473.0	2.415045623772578	90.615
473.5	2.007940592441213	90.216
474.0	1.1251814045012352	63.774
474.5	2.7998459306523027	90.758
475.0	1.2444513440675304	120.766
475.5	1.506328735316378	90.609
476.0	2.2042805881993877	100.566
476.5	1.5465682201339896	37.134
477.0	1.443115521436827	75.586
477.5	1.648023715676619	15.48
478.0	1.8689455050798711	23.878
478.5	1.300708108386357	98.59
479.0	1.7926702441270455	90.601
479.5	1.8756517119866878	110.732
480.0	2.454207249726642	110.973
480.5	1.620984191160795	90.653
481.0	2.032606956768242	50.326
481.5	1.9629072687801385	20.306
482.0	1.3922642476570528	88.102
482.5	1.4561394759776989	151.334
483.0	1.705536583420113	90.685
483.5	2.4253753403183875	18.783
484.0	1.5903938252152419	27.878
484.5	1.5963964153266472	30.278
485.0	1.73732549495009	30.128
485.5	1.9504531946897201	49.709
486.0	1.3985863651553656	21.897
486.5	2.4073197209048565	69.67
487.0	1.6546403204317313	30.273
487.5	1.5762336276988744	80.453
488.0	2.2211760446584274	91.069
488.5	1.6750269751087226	21.555
489.0	2.5700502635953777	80.367
489.5	1.8672292770103693	20.187
490.0	1.4818680462285885	100.55
490.5	2.189800839675185	144.669
491.0	1.7267552135851272	110.738
491.5	2.1332889526955543	130.959
492.0	1.7316131149152247	100.63
492.5	1.7423953812390651	111.395
493.0	2.406383257039773	50.404
493.5	1.8954773138242318	30.18
494.0	1.4644268625072983	90.804
494.5	2.3042249023724426	37.953
495.0	1.7904775548690723	140.905
495.5	2.1060026662890867	110.774
496.0	1.419321389068565	60.439
496.5	1.807916245914632	350.267
497.0	2.001249118933539	110.769
497.5	1.8130186935311423	16.199
498.0	2.0278090502175257	103.317
498.5	2.513856799802594	68.999
499.0	1.1952970881083986	40.395
499.5	1.78220862798529	70.578
500.0	2.3510920706368723	16.907
500.5	2.1873492702819193	80.39
501.0	1.772364030534109	151.0
501.5	2.0547742679251457	60.514
502.0	1.4290066696543164	70.547
502.5	1.587205115323782	34.585
503.0	2.157443176876387	80.424
503.5	1.2702020151048667	140.976
504.0	2.5299038174611908	35.385
504.5	1.935414015275429	31.255
505.0	1.8707570576404216	111.059
505.5	1.6538376627471012	47.945
506.0	1.753397936333381	21.213
506.5	1.923056911289879	19.149
507.0	1.4776547575393617	141.09
507.5	1.660615256599613	70.597
508.0	2.370053107032702	120.822
508.5	1.965051195705778	60.286
509.0	1.511243415621855	130.783
509.5	1.5066844966166588	90.554
510.0	2.597001207787464	134.285
510.5	1.858214987487322	47.741
511.0	2.9582219250806974	54.551
511.5	1.6880903291792082	36.577
512.0	1.5965169306479274	50.366
512.5	2.1877534087289154	80.384
513.0	1.7365708098139254	70.599
513.5	1.8707481241315933	49.218
514.0	1.907744939886398	114.94
514.5	1.7255223358189327	131.368
515.0	2.236293813619812	120.799
515.5	1.5305755105048824	96.735
516.0	1.8539982805563946	110.717
516.5	1.6856479317355317	60.317
517.0	1.9787307778398995	344.057
517.5	1.5374892912790812	69.244
518.0	2.2674399349901644	90.982
518.5	1.4234282504351192	90.622
519.0	1.5072127100180923	17.722
519.5	1.7053813376360158	15.415
520.0	1.992065215957092	80.643
520.5	2.1392270385494214	39.176
521.0	1.6825133954493676	110.738
521.5	2.150926235799171	59.089
522.0	1.797856425602361	90.485
522.5	2.4504836877377163	130.886
523.0	1.6670778701453384	80.61
523.5	1.637370601661779	130.756
524.0	2.2637730980629276	30.107
524.5	1.7200746406051521	17.166
525.0	2.145965432216135	15.298
525.5	2.411898650298203	110.584
526.0	1.586897598820516	151.054
526.5	2.2596196501482972	90.663
527.0	1.6770749093992359	56.418
527.5	2.059837189782385	95.719
528.0	2.030255333201467	24.759
528.5	2.188531420749204	30.21
529.0	2.252777007943014	30.198
529.5	2.090397030290686	120.718
530.0	1.7330556367864545	133.179
530.5	1.7232084370760958	100.661
531.0	1.6819084560025148	14.528
531.5	1.6242465942589783	121.199
532.0	2.6071217826025013	90.6
532.5	2.207518593413195	90.574
533.0	2.5496911496215473	140.434
533.5	1.6036209558562482	40.238
534.0	1.707196865793829	112.809
534.5	1.6566313143806066	50.415
535.0	1.596778932326193	14.58
535.5	2.1726265066248804	43.573
536.0	1.4168481977251097	51.146
536.5	1.8293528327612274	50.334
537.0	2.3231140360446956	50.346
537.5	1.9689055839950886	80.443
538.0	1.7517155187427595	89.001
538.5	2.0200147537665054	41.32
539.0	1.8758727989165689	80.455
539.5	2.1001204032336855	100.918
540.0	2.120789348367877	47.111
540.5	2.1003620186163965	145.159
541.0	1.5341961671439683	72.344
541.5	1.8208394119091145	120.788
542.0	1.9083996084440178	173.001
542.5	2.3762767654483943	19.904
543.0	2.3000691597828156	20.138
543.5	1.640066252665004	36.309
544.0	1.279304011259838	100.055
544.5	2.156718964498271	90.721
545.0	1.874207456928877	85.979
545.5	1.723416010795052	40.347
546.0	1.7564521739147	30.196
546.5	1.8256192165722722	50.604
547.0	1.6649355812348423	70.311
547.5	1.490998124583035	90.592
548.0	2.5480070302353335	40.191
548.5	1.573111395649749	16.356
549.0	2.126677325637755	50.452
549.5	1.712298091604321	60.277
550.0	2.1739232556002817	21.024
550.5	1.8754061348698094	100.637
551.0	2.288087288529119	110.828
551.5	1.6341909605491942	25.335
552.0	1.9048836654966257	60.536
552.5	2.208068276632105	20.303
553.0	2.7664914404107996	60.903
553.5	0.9038651871397471	80.449
554.0	2.51187928183827	25.675
554.5	1.3199170612573594	90.541
555.0	2.9580448839985873	61.455
555.5	1.5292901794171339	101.027
556.0	1.7282203563247862	50.103
556.5	2.9394367615621593	90.708
557.0	1.7895422179302174	141.201
557.5	1.2446639542683533	33.564
558.0	1.7671309560219484	50.405
558.5	2.165527797027424	90.743
559.0	1.8827095928533433	44.332
559.5	2.1009695660674184	50.232
560.0	1.6224075908760296	71.846
560.5	2.1901969379153354	100.842
561.0	1.678468413840747	90.671
561.5	1.3842267856805681	30.201
562.0	2.0540863708164054	100.755
562.5	1.5524754258909763	36.265
563.0	1.9606870283977693	49.268
563.5	2.257373848573047	110.63
564.0	1.7113714617408777	90.619
564.5	2.2602851320535344	32.856
565.0	1.5897745723337748	44.347
565.5	1.765240218524317	22.128
566.0	2.1295606095616866	90.559
566.5	1.7057559456952571	27.938
567.0	1.606790314952305	70.372
567.5	2.1352241676085897	121.13
568.0	1.5530650972954967	464.459
568.5	1.928252253565259	76.166
569.0	1.1195249761784225	85.058
569.5	2.0455039905576964	50.396
570.0	1.8752177103396857	72.459
570.5	2.1872677197080437	106.55
571.0	1.4374621136460706	40.722
571.5	1.50834520481753	30.223
572.0	2.1650291776505015	34.14
572.5	1.6001976906084068	15.833
573.0	1.3679510682858522	14.882
573.5	1.610226334146491	127.089
574.0	1.6483962448255391	132.9
574.5	1.0531911496520145	30.213
575.0	1.512497917357765	19.321
575.5	1.7501094959964938	130.798
576.0	1.8022825131004936	90.773
576.5	1.230776802371641	50.416
577.0	1.219016875308288	40.266
577.5	2.232151709523739	77.732
578.0	2.0424414291736843	88.676
578.5	1.3125868766879378	100.604
579.0	1.4841569681160622	20.257
579.5	1.172222109287589	14.16
580.0	2.3834399023503385	74.635
580.5	1.6435840040026535	68.103
581.0	1.3865740351448521	191.712
581.5	1.734546643297572	30.258
582.0	1.977413270196774	56.37
582.5	1.8780971010585346	80.502
583.0	1.4720022668622006	70.476
583.5	2.1399930813684747	81.506
584.0	2.524266410478755	81.082
584.5	1.55636278405868	195.652
585.0	2.3312714165766297	37.125
585.5	1.4315527659307312	151.566
586.0	1.8512461590062836	100.36
586.5	2.1989142521411655	29.116
587.0	1.539359491764758	40.285
587.5	2.2861239629302426	272.779
588.0	2.7068874369244154	354.016
588.5	1.6203633478450015	101.371
589.0	1.595604658639151	70.551
589.5	1.8969889044257697	60.421
590.0	1.0956295396346825	171.048
590.5	2.324727571171423	18.371
591.0	1.1503265583734112	47.263
591.5	2.7703901454127187	39.797
592.0	1.7635530055717443	82.057
592.5	1.3363479836210124	68.791
593.0	1.4729634994699252	40.813
593.5	1.7117167186265325	66.821
594.0	0.9297001701063298	140.356
594.5	2.323711521292043	43.31
595.0	1.327716852045433	110.588
595.5	1.5307428528438647	90.628
596.0	2.2787105776801844	34.6
596.5	1.9728346527014256	16.124
597.0	0.9393679757227609	201.089
597.5	1.4962768772676294	15.789
598.0	1.8301780396812435	110.872
598.5	1.7125188405812075	69.035
599.0	1.8437322664285085	100.601
599.5	1.7369626790952095	110.483
600.0	2.6421419473182004	90.958
600.5	1.3048245938835998	59.105
601.0	1.9160043175275925	357.358
601.5	2.1063121747573503	420.791
602.0	0.7892550226069646	809.978
602.5	1.0313213262792986	1303.297
603.0	1.3817410070340774	83.89
603.5	1.2628421970037347	160.87
604.0	1.6642455004800865	150.778
604.5	1.8486564762606894	70.485
605.0	1.5203263273227188	50.374
605.5	1.8704649738841894	37.543
606.0	1.8307722126074049	31.82
606.5	1.50343667495188	120.75
607.0	1.3584660430185627	15.696
607.5	1.696061196107929	140.878
608.0	2.201959380450556	30.302
608.5	2.439328575875555	70.554
609.0	2.0621881175719947	40.285
609.5	2.5447499774766493	100.278
610.0	1.5401999714657446	70.817
610.5	1.6148473173181133	70.757
611.0	2.004382969509214	25.405
611.5	1.591896912652419	232.012
612.0	1.5307504314049794	500.679
612.5	0.8430226681285821	874.318
613.0	1.7826110577614018	1456.527
613.5	2.8662564198224056	1917.094
614.0	0.6404347110756377	1838.581
614.5	2.65583437424222	110.771
615.0	1.3164698933891534	61.907
615.5	2.4747875261547656	18.52
616.0	1.8174298586644264	35.346
616.5	1.9245081777970319	110.711
617.0	1.5824073803004939	28.315
617.5	2.3101928210466647	38.088
618.0	0.8284528240688585	88.487
618.5	1.7379384680250647	60.339
619.0	1.8973165870862114	141.058
619.5	2.02088098382974	120.876
620.0	1.64104124604839	222.346
620.5	0.8912970134469913	404.504
621.0	3.087015744351867	848.01
621.5	1.7045130061449045	100.633
622.0	2.0250585067726403	20.225
622.5	2.4450966587082203	70.567
623.0	1.6491896730763156	130.908
623.5	1.902538903873204	25.058
624.0	2.558546007061963	30.352
624.5	1.7502782802247299	100.764
625.0	1.6363444106177596	15.591
625.5	2.219625028853208	75.877
626.0	1.6588316678330044	49.897
626.5	1.8045474886250041	90.465
627.0	1.9670793267940505	40.414
627.5	2.2667366510301568	30.215
628.0	1.5605674954346003	100.716
628.5	1.6979408665762579	90.558
629.0	1.974565660840914	43.58
629.5	2.086966418113391	50.376
630.0	2.194209425960527	50.473
630.5	2.3657957724651046	80.602
631.0	2.0015612148874053	41.648
631.5	0.9872796379175007	50.432
632.0	1.9927310183794789	54.116
632.5	2.167032266834506	81.64
633.0	2.155730135095497	76.543
633.5	1.428105694814762	110.844
634.0	2.5692050532243393	49.683
634.5	1.7134808743923908	20.191
635.0	1.5465707448785067	23.594
635.5	1.5542287715398095	90.811
636.0	1.729248418410459	15.07
636.5	1.9138671141289476	89.961
637.0	1.5697534194551501	100.875
637.5	2.0558946964945846	70.406
638.0	2.096900578643521	94.726
638.5	1.611137743587103	110.843
639.0	2.1717818940090563	104.678
639.5	1.8304416339370426	72.016
640.0	2.1489644949387907	32.797
640.5	1.9978527389656713	110.684
641.0	1.6314292755085058	100.767
641.5	2.109539460674043	90.488
642.0	1.8113025887067034	22.786
642.5	2.4174038022916733	92.358
643.0	1.9754152802974634	80.549
643.5	1.8696197691277472	140.939
644.0	2.063468707536955	50.272
644.5	1.6719075077532788	134.818
645.0	1.7600869925500884	14.496
645.5	1.4606186825053393	88.318
646.0	2.658490080351932	60.377
646.5	1.7323108540047563	100.691
647.0	1.755844998756672	30.299
647.5	1.960718040217427	110.692
648.0	2.0713920205099683	30.197
648.5	2.548001961024516	18.449
649.0	1.4543395631414395	120.991
649.5	1.9597320560641784	70.184
650.0	1.6417081508495988	20.381
650.5	1.5255415755524866	80.504
651.0	1.4482181760102752	38.496
651.5	2.2102059293580902	80.658
652.0	1.5648495672082952	41.429
652.5	1.996085651354579	60.315
653.0	2.07012713278668	90.558
653.5	2.1439526241866864	80.629
654.0	2.4793184478501726	151.217
654.5	1.2739360849025902	80.463
655.0	2.053709505685835	81.895
655.5	2.253823978379559	70.463
656.0	2.5779186792073543	61.431
656.5	1.8945932753521229	62.723
657.0	1.9381026439402667	46.038
657.5	2.202395158010621	30.197
658.0	2.3656862251200605	28.743
658.5	2.049647639314273	36.295
659.0	2.4336192743209457	59.503
659.5	1.8989647146026158	90.833
660.0	2.1188879227213895	40.267
660.5	1.7556665254965935	14.562
661.0	1.9309833254527193	110.664
661.5	1.9830170784666754	20.307
662.0	1.7979732733501288	40.649
662.5	1.8396630499023718	16.73
663.0	2.121131342053656	58.896
663.5	1.7932085253096655	130.839
664.0	1.605812580504814	80.557
664.5	2.499063735015255	70.292
665.0	1.5993527164810906	110.687
665.5	1.8134527920201546	43.263
666.0	1.6180310128810151	30.226
666.5	2.2590365066632976	50.24
667.0	1.6807694408779261	45.188
667.5	1.4963735663952817	110.851
668.0	1.4867483675916506	15.892
668.5	1.9660971825726594	70.414
669.0	2.0626129929402834	86.944
669.5	2.004728967524126	60.655
670.0	2.1784039697965873	111.143
670.5	1.9285562683168276	143.92
671.0	2.2984216552520795	26.298
671.5	1.863592655968168	72.552
672.0	2.0299846380975515	41.578
672.5	2.444045144733856	106.875
673.0	2.058116951475641	50.608
673.5	2.0530902786773155	85.878
674.0	1.6479112113302756	30.28
674.5	1.4606500529075406	60.49
675.0	2.3916898752622946	29.501
675.5	2.271750656178364	117.869
676.0	1.3471906049329552	70.447
676.5	1.5038081549287348	80.485
677.0	1.9449792281390608	15.127
677.5	2.091826164632599	26.816
678.0	1.1881228636707866	99.349
678.5	1.4434037048756525	30.223
679.0	1.7770499391564878	94.364
679.5	2.341497123322091	55.999
680.0	1.4667526474877073	14.0
680.5	2.2420833281564536	100.619
681.0	1.9245558484281484	60.484
681.5	1.969147483449838	110.932
682.0	1.8421832264411493	120.943
682.5	2.246924339162061	90.538
683.0	1.9262813058033166	45.502
683.5	1.7179148150577646	246.109
684.0	2.4688404166428892	281.835
684.5	2.200566911832465	130.802
685.0	1.9244152315751935	77.729
685.5	1.2071487566528343	110.74
686.0	1.772177383335722	90.603
686.5	2.2210775801889677	50.271
687.0	1.9420459417815585	81.466
687.5	1.2209110776441263	80.466
688.0	2.1649093859335933	80.442
688.5	2.0467830438636376	110.724
689.0	1.587720535341451	43.365
689.5	1.5451370689483583	120.674
690.0	2.2452205133386975	45.954
690.5	1.764834050949727	80.377
691.0	2.1837388940498648	20.177
691.5	1.9301119930548478	100.598
692.0	1.8301330426332088	49.106
692.5	1.8746580173631104	50.434
693.0	2.101523486282833	81.97
693.5	2.5244688799912707	90.463
694.0	1.8438629019423238	90.591
694.5	1.8783577939363487	75.966
695.0	1.6363730627858268	16.037
695.5	1.9666805333132118	123.722
696.0	2.219015601127898	57.396
696.5	2.4697149133049896	66.195
697.0	1.4182799480056436	110.661
697.5	1.6708972077698698	100.663
698.0	2.259570080645149	70.989
698.5	2.130256990972785	50.392
699.0	2.0432529633877237	40.583
699.5	1.7990889857007732	51.567
700.0	1.903199381788311	90.676
700.5	2.501910265096784	41.468
701.0	1.3651255396516808	30.305
701.5	1.6378263598667875	90.453
702.0	1.5748485919629558	39.444
702.5	1.8751487846915476	51.042
703.0	1.4026950175507222	88.359
703.5	2.0468418795534467	93.086
704.0	1.7899549468906548	77.892
704.5	1.9711590326287658	86.768
705.0	1.7549598527536172	141.04
705.5	2.310245104152872	132.137
706.0	1.6107446146549074	37.14
706.5	2.0427517570994267	21.791
707.0	1.6764030821393467	94.073
707.5	1.6314602088686552	120.777
708.0	1.465964971943895	67.559
708.5	1.4359147569015918	112.543
709.0	2.2694592019203306	80.897
709.5	1.6128953472455698	16.339
710.0	2.2881465370538496	38.327
710.5	0.7196242977287901	14.164
711.0	2.2071074240799544	50.408
711.5	2.624886890670414	80.995
712.0	2.1225314195066685	40.23
712.5	1.3088241767177446	90.59
713.0	2.3864059078472035	40.191
713.5	1.8699855261262972	120.51
714.0	1.3165632055482197	90.736
714.5	1.9541149758534755	20.289
715.0	1.5048796987483224	100.534
715.5	2.250730304358673	100.493
716.0	2.4417972058792583	70.814
716.5	1.4659995972004662	90.721
717.0	2.089627909135918	44.034
717.5	2.6997661742244836	60.172
718.0	1.658876612205817	20.214
718.5	1.703255085796701	110.606
719.0	1.7584187630360735	14.068
719.5	2.023304703327266	110.301
720.0	1.589285460112317	110.785
720.5	2.236292840280151	66.942
721.0	1.644692247280814	30.209
721.5	2.0413232564342536	20.335
722.0	1.792498636364503	50.482
722.5	1.9431130160167205	17.554
723.0	2.3307106943028066	14.758
723.5	1.8790804213589094	60.463
724.0	1.184562130682643	25.443
724.5	1.6888772018473075	16.751
725.0	2.0660660230621875	131.064
725.5	2.45779706471004	90.825
726.0	1.7842497222343807	14.767
726.5	1.4056229949337988	130.783
727.0	2.0933162324953063	80.469
727.5	1.6632464223624732	110.718
728.0	2.2471619699085177	34.884
728.5	2.20133843202297	110.746
729.0	2.0622301892843873	79.946
729.5	1.8307573292290629	80.534
730.0	2.572960794119133	35.809
730.5	1.8972956097824452	39.646
731.0	1.915552282217701	62.738
731.5	1.7300488158115765	30.254
732.0	1.4011337141116686	46.039
732.5	2.2698063602129066	35.916
733.0	2.216113757819781	71.562
733.5	1.3513283903907698	320.728
734.0	1.940495423860678	393.099
734.5	0.947331860165928	874.871
735.0	2.9795203738072087	430.58
735.5	2.3117615691893363	68.25
736.0	1.73884029264272	151.541
736.5	2.183518371067821	232.131
737.0	2.02349337990407	266.522
737.5	1.272514401283486	49.784
738.0	2.403989237566333	100.283
738.5	2.169165467639615	40.119
739.0	1.7327224197105437	30.215
739.5	1.8530589132240844	14.947
740.0	2.4991120629376575	40.697
740.5	1.551640069920465	71.186
741.0	1.252113228044598	20.958
741.5	2.0531226059232304	16.003
742.0	1.9685839253290327	80.58
742.5	1.7416022686318786	65.898
743.0	1.4467814823753196	40.323
743.5	2.437098908233855	89.714
744.0	1.8156339269991013	192.035
744.5	2.200533753686439	131.911
745.0	0.8529939763933945	100.551
745.5	2.065207202705818	78.667
746.0	2.1937395107361155	24.237
746.5	2.05148601517976	102.553
747.0	1.4788117634053055	80.602
747.5	1.8636210138652818	80.623
748.0	2.1056464491474722	92.15
748.5	1.2959185435404892	110.796
749.0	1.9956987977882898	53.564
749.5	2.7155529739878195	20.259
750.0	1.4263792087076888	110.507
750.5	1.9979579609977012	97.194
751.0	1.9986471676900766	20.306
751.5	1.6021444847467117	118.405
752.0	2.0136542335431815	100.188
752.5	2.099514077811775	110.726
753.0	1.8238885294897598	117.346
753.5	1.9853696424695415	30.362
754.0	1.5927170649943396	70.688
754.5	1.5923378331293994	80.379
755.0	2.6714695762500202	70.856
755.5	2.039028347384749	61.396
756.0	1.7537193062917047	81.125
756.5	1.2038813498243779	14.527
757.0	2.210345026726463	79.194
757.5	1.776450632959294	80.565
758.0	1.9715972561608548	131.067
758.5	2.1345561161468214	55.632
759.0	1.30030308639131	70.451
759.5	2.19960100356319	43.939
760.0	2.3828894360402786	50.153
760.5	1.1637107589076832	50.762
761.0	1.4859041666892967	80.556
761.5	2.418086638293935	90.902
762.0	1.9886241961905913	90.584
762.5	1.2680304130555526	64.077
763.0	2.273892285100683	99.174
763.5	2.0405689425613245	140.965
764.0	2.3319257899675203	292.773
764.5	2.034129245207954	654.046
765.0	1.968277259184626	1215.181
765.5	0.17669598387732321	1028.73
766.0	0.9711199711678983	1835.676
766.5	0.4545818947228663	3857.362
767.0	1.0704818251884918	1189.934
767.5	1.0807771258386418	336.419
768.0	4.433853736820558	83.928
768.5	1.760109475427346	19.828
769.0	1.6963135178949922	39.312
769.5	1.962847053039521	40.737
770.0	1.8111036915559773	40.541
770.5	1.7571198498302014	90.585
771.0	1.7077287783885295	373.654
771.5	0.9578790079222574	896.975
772.0	0.1451012217748496	1086.522
772.5	0.8981710367316664	1521.669
773.0	5.383922848621498	58.065
773.5	2.141163821527708	90.631
774.0	2.437845573539424	80.501
774.5	1.8024467926853247	110.857
775.0	1.4361433074086392	80.717
775.5	1.9332564425847407	90.614
776.0	1.7344950266174801	96.894
776.5	2.5203181041740477	90.715
777.0	0.8045483125072027	70.35
777.5	2.3560428222431975	90.482
778.0	2.1309559823975825	30.141
778.5	2.07162411353424	20.171
779.0	1.4633116639522314	112.087
779.5	1.0175886278832016	282.781
780.0	0.9759230310731405	723.411
780.5	0.2684649728438678	1037.37
781.0	0.9462462327087657	1792.031
781.5	0.2521263471976848	3398.793
782.0	0.8000487650645495	3452.549
782.5	0.15372445178963945	3452.549
783.0	2.4570277931263242	172.991
783.5	1.9469991982848787	50.278
784.0	2.104622636529402	153.957
784.5	2.5462900501620664	130.964
785.0	1.2252168993987422	110.957
785.5	1.8850163869470207	151.489
786.0	2.400063537981857	172.478
786.5	1.9641043838441958	292.963
787.0	0.4035175302688906	640.718
787.5	1.1108032861855646	1295.257
788.0	1.0428721472999043	1612.812
788.5	1.3675491744075208	112.219
789.0	1.392411984161928	202.573
789.5	1.3922934120410224	331.069
790.0	0.6705400784183573	848.063
790.5	2.3722864391750065	371.93
791.0	3.944091835727966	293.242
791.5	2.596604671686403	16.167
792.0	1.7592820036150711	60.435
792.5	1.702859395425911	80.677
793.0	2.1726710441977226	343.981
793.5	1.4222454654719119	522.61
794.0	1.383411362500516	1071.309
794.5	2.8985067186209355	92.094
795.0	0.511235919356739	126.684
795.5	2.515560994975133	119.59
796.0	1.9685202084088442	373.849
796.5	1.2378662424667026	498.276
797.0	1.607632746784381	1126.904
797.5	1.6892176963179053	1001.96
798.0	4.042893295600012	100.364
798.5	1.960406671435596	100.931
799.0	1.7171038853578822	273.623
799.5	1.6747386746482291	470.472
800.0	1.8664463996050216	858.044
800.5	0.459154896030377	1174.529
801.0	1.630984828911772	832.964
801.5	1.779103657650425	832.964
802.0	0.6797822786590769	1352.259
802.5	1.5511714959304383	2153.3
803.0	1.4417113675819067	3529.614
803.5	0.1420523735918142	75.444
804.0	5.8144530864918815	22.176
804.5	0.17556229513361665	75.649
805.0	5.569631683222028	91.649
805.5	5.27407757713408	60.433
806.0	2.825714534391741	30.469
806.5	3.2381834819945423	113.631
807.0	3.0476879056030386	60.365
807.5	3.845795097303166	30.316
808.0	3.9223540406786124	60.969
808.5	3.4186878363414106	24.02
809.0	3.028038892070834	20.594
809.5	2.997593260360552	22.713
810.0	2.7232345209110056	98.544
810.5	3.5544264999738613	20.079
811.0	3.2737679652724343	30.294
811.5	3.922729061333557	21.996
812.0	3.0004698170588657	45.421
812.5	3.965485921431272	37.71
813.0	2.040890479710829	120.967
813.5	2.2664744419963583	60.443
814.0	2.142806061457448	45.343
814.5	3.119757431682712	105.703
815.0	2.681591233359928	60.402
815.5	3.159603184110594	60.323
816.0	3.2680211614274737	75.454
816.5	3.612459227806809	22.495
817.0	2.2546478892482176	75.48
817.5	1.7637768468641355	60.408
818.0	2.4198149720797657	30.328
818.5	3.3002179504872853	120.797
819.0	3.612993381030831	45.315
819.5	2.945190505566487	60.471
820.0	2.9401133196262363	90.552
820.5	4.059011488434438	75.515
821.0	3.5147432618257213	75.632
821.5	2.6632913009402452	45.342
822.0	3.706028872197413	22.042
822.5	3.4006177617926614	60.794
823.0	2.962551361682593	60.356
823.5	3.0472264278666232	120.669
824.0	2.7934335633318494	75.415
824.5	3.095727952269203	49.648
825.0	3.4194992737289063	91.008
825.5	3.6995501247618168	25.672
826.0	3.2118175523080446	20.598
826.5	3.4971947234824	121.575
827.0	3.376561708433048	45.36
827.5	3.5681234162238193	45.494
828.0	2.764106018801127	75.464
828.5	2.961956118295311	75.549
829.0	3.7397336620220054	46.008
829.5	4.851943870678851	46.092
830.0	3.775557524650757	31.146
830.5	3.4923184298617396	60.396
831.0	3.4627405411607475	45.34
831.5	3.9218738058170097	45.412
832.0	2.380814178903636	25.532
832.5	2.609829398524833	25.532
833.0	2.50358430057342	60.416
833.5	3.4201378094383865	60.496
834.0	3.121535761334028	90.542
834.5	3.018658603972505	90.619
835.0	3.0158270277741885	75.36
835.5	2.9200783673154107	75.434
836.0	2.5547557961533944	25.103
836.5	2.4912137238809535	25.103
837.0	2.238422682522835	30.859
837.5	2.2035868652029897	60.355
838.0	3.858670595108596	57.752
838.5	3.8749354161217946	57.821
839.0	3.114419930317008	45.321
839.5	3.6392675404819994	45.392
840.0	2.591261404604561	30.362
840.5	1.651405071084871	30.324
841.0	3.2231248500297083	30.432
841.5	2.4574498210447238	20.815
842.0	2.219617235839153	45.286
842.5	1.5581258384759022	18.879
843.0	3.8601463086858057	90.464
843.5	2.580317937232796	45.234
844.0	2.4486468305611395	22.63
844.5	2.3572238013516325	30.251
845.0	1.8568527009032187	22.1
845.5	2.192466104585723	90.56
846.0	1.8032171960644603	60.342
846.5	2.6788710847513837	105.716
847.0	3.611825970537383	45.249
847.5	1.5505400110882999	60.381
848.0	2.6301448498094695	60.31
848.5	3.1323281883007463	60.912
849.0	2.1213967779122735	45.342
849.5	2.670941269807696	18.954
850.0	2.269425681295415	23.269
850.5	3.796830565142653	30.618
851.0	2.0347969816726397	30.171
851.5	1.6865219631309556	120.573
852.0	2.930360115649473	105.694
852.5	3.5443482751928657	75.343
853.0	1.8906375735274372	20.368
853.5	1.6576248219335392	45.358
854.0	2.4870935683499953	105.547
854.5	2.3274646066262044	45.277
855.0	1.571754915270298	34.232
855.5	2.8223050141863553	20.805
856.0	3.2648469538330067	21.094
856.5	3.273732792439291	19.864
857.0	2.7231433805794856	60.284
857.5	2.124974613330124	20.379
858.0	2.6317542014905415	24.485
858.5	2.7890561327099204	21.056
859.0	2.346709793466037	30.25
859.5	2.8978072038974423	45.279
860.0	2.2077320887056575	122.335
860.5	2.502938678782678	75.433
861.0	2.317764397249958	60.324
861.5	2.5397536510550824	120.531
862.0	3.0071445991123826	60.341
862.5	2.642747385987818	106.222
863.0	2.3932134669894842	30.375
863.5	2.5939106495628184	60.266
864.0	2.330334137407059	60.416
864.5	2.7914637159346523	50.002
865.0	2.612421250879096	24.721
865.5	2.715592703131245	75.377
866.0	3.00281685144153	98.137
866.5	1.8553115001492537	45.223
867.0	2.682811987583017	46.175
867.5	2.621251696533513	20.92
868.0	2.294409804795577	19.518
868.5	2.739925081301382	105.527
869.0	3.291041097374041	60.386
869.5	2.340218204630987	45.367
870.0	1.9705500199203927	18.336
870.5	2.2875572977064	19.402
871.0	1.9532954357670302	45.296
871.5	2.181425403602683	45.296
872.0	3.257229560479777	75.909
872.5	3.2932307350702192	24.185
873.0	2.315164079046362	45.229
873.5	2.383485435279355	40.281
874.0	2.020596427228599	120.992
874.5	3.8046618756205026	27.326
875.0	1.6200043669166522	75.443
875.5	3.6655766934307024	60.367
876.0	3.211197301580015	40.144
876.5	2.408887849627719	22.016
877.0	1.4717696103160247	30.222
877.5	2.0875095718489867	60.919
878.0	2.4065597487051043	19.794
878.5	2.6823271722368687	75.481
879.0	2.195045923229821	20.07
879.5	2.549945422291394	60.419
880.0	2.9090102100987854	75.826
880.5	2.796009782926641	106.205
881.0	1.3716882153221825	30.274
881.5	2.415298833610439	21.873
882.0	2.58888243697312	18.422
882.5	1.9252300298609406	45.317
883.0	3.6036105488788372	46.001
883.5	2.6844488761265564	114.845
884.0	2.6285783229729898	30.201
884.5	3.2148217643992902	67.249
885.0	2.3781195923401595	18.628
885.5	2.428192870237834	21.68
886.0	2.1803654726600885	128.616
886.5	3.3393547234366343	45.299
887.0	2.90333064782011	19.301
887.5	2.3965007002309693	30.145
888.0	2.9874479254525697	19.007
888.5	3.144997379977356	60.43
889.0	3.2314521906704488	121.97
889.5	3.1073270567510676	106.357
890.0	1.7947287229097153	45.316
890.5	2.2846660949849102	30.15
891.0	1.9054332320688019	20.929
891.5	2.9366521240347487	19.85
892.0	2.191536383395298	90.485
892.5	1.532490515989474	81.908
893.0	3.405879814905149	19.683
893.5	2.7688627356747455	60.31
894.0	2.7445024433365575	30.923
894.5	1.9018819639950872	20.155
895.0	2.3705794801195403	75.483
895.5	2.1696898137303493	18.09
896.0	2.479412919522653	45.227
896.5	2.1264938239190125	20.677
897.0	2.34314239785155	45.431
897.5	3.6904587067724792	19.427
898.0	2.03427703200047	120.538
898.5	2.5160616307160364	19.745
899.0	2.532313153590213	60.286
899.5	2.5220621238585323	30.175
900.0	3.275468745515835	90.586
900.5	2.561720439439135	90.449
901.0	2.0316805098833535	75.497
901.5	3.135933387863813	30.455
902.0	1.9951368780053964	127.342
902.5	2.3571902408190617	45.293
903.0	2.910556839755145	19.26
903.5	2.8890143455468453	45.225
904.0	2.432005075080043	108.066
904.5	0.8114542226328767	122.259
905.0	0.7386905842407191	104.328
905.5	0.33687985804253173	24.891
906.0	0.5373115415710134	100.778
906.5	0.6848390396827659	100.661
907.0	0.25562067377415554	124.765
907.5	0.023805736467857122	62.443
908.0	6.748796972822039	40.949
908.5	0.6064508776884671	18.242
909.0	0.593205443045886	94.286
909.5	0.48868748162784476	50.47
910.0	0.425415692425123	126.753
910.5	0.8606928402461661	38.157
911.0	0.42628246142583626	39.165
911.5	0.8872237905511575	79.999
912.0	0.36021022727668117	127.432
912.5	0.5745533273159867	100.656
913.0	0.27689208107069646	41.109
913.5	0.582275092080498	47.895
914.0	0.7254389914286387	68.994
914.5	0.5329147360674379	50.634
915.0	0.5314609135150985	120.839
915.5	0.38118357478849796	126.292
916.0	0.7489409060411844	18.586
916.5	0.5086054656003033	110.227
917.0	0.2838680609824439	100.495
917.5	1.0328231899954872	40.43
918.0	0.43640336094214005	107.418
918.5	0.9775411143723755	109.624
919.0	0.30130175589600844	78.594
919.5	0.4215428626965407	40.153
920.0	0.39147284783447484	123.327
920.5	0.3910109339548798	102.509
921.0	1.1564362641669823	28.274
921.5	0.883037993968761	124.968
922.0	0.4143635116622307	40.446
922.5	0.4397581106353989	110.695
923.0	0.6278391896625743	108.861
923.5	0.5101152563928982	38.084
924.0	0.497058357541104	95.751
924.5	0.6569382257471466	120.489
925.0	0.4365590512108183	90.602
925.5	0.2727822794108063	101.354
926.0	2.1341124079437543	30.327
926.5	0.3672431961186631	80.664
927.0	0.41821755220824075	111.726
927.5	0.7104522858533668	49.526
928.0	0.5500061322476572	120.773
928.5	0.4175498512021822	48.927
929.0	0.6805809123006585	108.75
929.5	0.6118072703454442	90.758
930.0	0.41754076886843255	90.717
930.5	0.6770732179038186	37.389
931.0	0.5721309583582839	105.01
931.5	0.46399176694536626	38.905
932.0	0.6083093483526322	126.073
932.5	0.5448006433729453	79.489
933.0	0.5206021907161763	100.037
933.5	0.777534718602489	110.835
934.0	0.4383103114262949	70.537
934.5	0.027472820365748052	68.785
935.0	4.860486207037165	38.67
935.5	1.1138043278596794	78.788
936.0	0.6465865797840454	58.59
936.5	0.6447786948846294	17.284
937.0	0.5057761335287752	34.592
937.5	0.8365058981640636	70.273
938.0	0.5805115823059402	20.372
938.5	0.482493303462086	60.418
939.0	0.4448891216693139	28.765
939.5	0.43126234767213895	120.839
940.0	0.6590113883453927	30.25
940.5	0.4010523595062462	50.464
941.0	0.41861179324007386	72.055
941.5	0.8800420645546202	17.429
942.0	0.5221614652333765	128.715
942.5	0.8644504531972772	78.164
943.0	0.5737368496600135	21.428
943.5	0.5681580436772773	31.633
944.0	0.7215900027008106	50.483
944.5	0.3722410783409453	101.382
945.0	0.47329849201944635	110.908
945.5	0.7968774382556374	50.313
946.0	0.6955953956178833	39.879
946.5	0.40231649161538413	48.243
947.0	0.6417680478463691	39.284
947.5	0.33962419554636347	80.747
948.0	0.34620634211233514	69.993
948.5	0.5338033866213117	47.764
949.0	0.3672812144508219	18.519
949.5	0.37009090111998794	17.817
950.0	0.6665782283495615	110.743
950.5	0.37901897203309454	80.623
951.0	0.6857055123813014	50.413
951.5	0.4839360613048768	30.229
952.0	0.9297815860898508	41.345
952.5	0.488028205745579	121.084
953.0	0.6664248492547127	110.743
953.5	0.010424306611742852	96.518
954.0	0.859109197950591	39.662
954.5	2.3231202167764056	20.25
955.0	1.973468592986301	20.237
955.5	0.280582122510177	48.326
956.0	0.4924264617384598	30.232
956.5	0.37585358082278697	102.081
957.0	0.312992074599552	30.913
957.5	0.44318165516263847	32.35
958.0	0.5412026599484714	50.578
958.5	0.2945342389163006	18.187
959.0	0.31765006773762916	127.085
959.5	0.5081745161284875	95.498
960.0	0.5234386358861929	78.162
960.5	0.7137350894175534	79.127
961.0	0.42611102118840133	123.419
961.5	0.5060103969739711	90.673
962.0	0.6149309962076575	110.903
962.5	0.3769302955620879	20.247
963.0	0.3136383565491866	28.397
963.5	0.6005617625840532	48.142
964.0	0.5813836730599502	51.164
964.5	0.46974375601640145	18.444
965.0	0.7907409388115915	68.939
965.5	0.3585660875073685	79.314
966.0	0.5469562887885021	70.646
966.5	0.6689095009637783	50.181
967.0	0.4956913991693398	34.146
967.5	0.5281941438581	19.18
968.0	0.9203226115711277	39.955
968.5	0.4272512001001395	100.747
969.0	0.5314512317723248	110.735
969.5	0.6083031527255129	80.606
970.0	0.5547835216751372	38.712
970.5	0.4249747707709433	60.581
971.0	0.9067622378389263	78.514
971.5	0.5373185876931189	48.788
972.0	0.4111469824652589	18.754
972.5	0.8638790914693638	68.579
973.0	0.4749284511204685	91.714
973.5	0.7329620309910142	19.831
974.0	0.9439122317880304	50.446
974.5	0.4140943173785302	99.383
975.0	0.542676245624309	17.761
975.5	0.6835449701351705	70.517
976.0	0.4944363986943431	90.758
976.5	0.39919668088214866	20.184
977.0	0.6848181382647438	90.655
977.5	0.5070290016287721	110.7
978.0	0.6546407089066782	20.19
978.5	0.6065845882457465	91.926
979.0	0.29677324180793757	40.454
979.5	0.804721440829733	100.646
980.0	0.6973917329893186	89.455
980.5	0.40082661417158244	126.567
981.0	0.4575935067792738	100.694
981.5	0.04846466546890285	38.296
982.0	8.474757861351236	127.782
982.5	0.5466990270766369	50.476
983.0	0.5014933063234052	120.798
983.5	0.8202350438351099	79.294
984.0	0.7143781884901927	30.253
984.5	0.47543218218986255	126.583
985.0	1.1888745624262593	417.757
985.5	0.6321192787597412	70.742
986.0	0.701390939198999	20.232
986.5	0.46664634496249513	109.759
987.0	0.44433391032442426	100.163
987.5	0.7921667115219212	30.196
988.0	0.4831833338351663	116.948
988.5	0.4158206938600692	103.565
989.0	0.7550848413733284	90.633
989.5	0.31277088095589084	19.275
990.0	0.2902544389284526	48.311
990.5	0.6171965701685833	48.813
991.0	0.36222917382052777	125.355
991.5	0.4177512888108186	91.212
992.0	0.5114753127275081	98.312
992.5	0.9309110243144925	93.001
993.0	0.35926968702265516	30.282
993.5	0.5225694986346694	18.514
994.0	0.45729268184103683	60.463
994.5	0.38806979655050705	19.572
995.0	0.6012308488204576	48.396
995.5	0.5657754723246352	119.674
996.0	0.3236429363641168	38.739
996.5	0.6528466747923006	45.889
997.0	0.688561806586792	100.262
997.5	0.6920621863451342	18.28
998.0	0.5430673353475378	48.915
998.5	0.3594326429909772	57.036
999.0	0.7025155714621377	20.243
999.5	0.2754933235482931	97.429
1000.0	0.6784888379780727	98.732
