0.5	0.3596789347007655	40.501
1.0	1.221644976048238	50.269
1.5	0.13455551271088095	10.66
2.0	11.212273955785705	13.122
2.5	2.0057480952942304	30.62
3.0	2.5952647753205143	12.576
3.5	1.8313145915594289	70.64
4.0	0.16123529857654362	16.721
4.5	0.16859004444198664	8.965
5.0	7.91701396565211	20.277
5.5	1.482390137535134	51.859
6.0	1.98282372031296	171.521
6.5	2.899120947700582	90.657
7.0	2.178623557619189	90.419
7.5	1.6376071670372714	140.961
8.0	2.127241976404801	75.448
8.5	2.638254244511394	20.349
9.0	1.7314552256549893	97.773
9.5	3.2029460981965068	141.541
10.0	2.844002270350161	121.326
10.5	1.732654830475024	60.487
11.0	2.2063088741552503	72.968
11.5	2.9318168796349284	45.842
12.0	1.8055688744257172	60.301
12.5	1.4857903674297366	70.516
13.0	1.4955093200466902	110.966
13.5	2.1457442238630047	9.646
14.0	2.1867070348665125	20.251
14.5	1.738460359232472	70.576
15.0	1.4113792392094977	40.443
15.5	1.3618525137561934	36.087
16.0	2.3141966590722554	80.595
16.5	2.070091421214769	80.55
17.0	1.2342787585346882	57.188
17.5	1.8996303404980426	120.778
18.0	2.073204742581765	130.831
18.5	1.8490667840709294	90.546
19.0	1.9616422752551697	40.581
19.5	2.0340324964622787	32.936
20.0	2.4149196915168676	95.163
20.5	1.8769951855270561	105.603
21.0	1.8453232751279558	110.703
21.5	2.247026074290709	90.674
22.0	3.0496898055578336	66.082
22.5	1.6876064641045312	89.927
23.0	1.9866318944065025	40.188
23.5	2.5015279353673576	30.149
24.0	1.4408582930224338	120.79
24.5	1.6544177039639194	90.753
25.0	1.7619952510784338	28.614
25.5	1.2295754896924105	60.514
26.0	2.0231951710347693	9.132
26.5	1.561306201783054	82.558
27.0	1.310121477761812	70.507
27.5	1.7916459426935758	80.561
28.0	1.6768498157942566	40.081
28.5	1.543938461053119	90.606
29.0	1.1381991307463373	9.422
29.5	2.2017090044365917	30.206
30.0	1.869511439013042	20.201
30.5	1.8428543085124716	68.065
31.0	1.7694092367117995	50.296
31.5	2.1060828094000517	33.956
32.0	1.9473227787101273	40.343
32.5	1.6278690773094804	90.696
33.0	2.23867678763534	110.278
33.5	1.945933216831266	110.811
34.0	1.7205107377685138	100.716
34.5	2.0680238743208483	130.842
35.0	1.9267999041591608	120.782
35.5	0.17177062948144337	9.95
36.0	0.1766514596741404	92.06
36.5	3.8416640811379548	70.271
37.0	2.3007540743200887	15.065
37.5	2.078727053388852	30.228
38.0	2.5140567382145447	40.334
38.5	2.3575212520391555	40.247
39.0	1.0561608085421135	60.368
39.5	2.450316169500424	20.137
40.0	2.726734980879862	110.645
40.5	3.0967703061443776	80.724
41.0	1.6187606056980244	90.655
41.5	1.7562364490513662	34.5
42.0	2.8368527400928008	60.076
42.5	2.300355784569413	121.21
43.0	2.1165985713539714	40.21
43.5	1.7392981385493034	118.221
44.0	2.598312487196372	90.541
44.5	2.1743203281498404	20.27
45.0	0.18577470769978074	10.579
45.5	0.05882494625426876	20.492
46.0	0.09346490893495141	12.134
46.5	0.12519825695498785	12.542
47.0	1.7529530540596023	50.741
47.5	0.12510140803850667	8.823
48.0	0.17970853956200988	30.069
48.5	8.675078308974147	104.179
49.0	0.1755602670530057	28.331
49.5	5.021267975063935	50.431
50.0	2.386025718268636	60.481
50.5	1.9213517955499493	39.879
51.0	1.9563989300262183	50.333
51.5	2.159601080659871	49.629
52.0	1.7390579533865327	50.374
52.5	2.0561586136638166	89.215
53.0	2.1926459936963894	80.672
53.5	1.7075265680175817	125.424
54.0	2.016529208724443	130.952
54.5	2.5325450190105148	60.378
55.0	2.0528984282041165	35.571
55.5	1.644148112214073	90.565
56.0	2.2293180797209757	76.253
56.5	2.096345723311081	70.311
57.0	2.271066196288172	52.25
57.5	1.7413438790588966	75.034
58.0	2.4545026326899864	100.25
58.5	1.755457797740947	70.419
59.0	1.7513325802737976	79.572
59.5	1.9097771252466096	53.561
60.0	1.8974978339083666	50.356
60.5	1.8322683717677615	81.491
61.0	2.0256792420101184	40.431
61.5	2.475147024049487	139.565
62.0	1.7665446473655593	141.194
62.5	1.9482831422839064	80.62
63.0	2.6750876479153574	69.624
63.5	2.0079500864015825	110.723
64.0	1.6933404970417594	80.543
64.5	0.12149370518345173	15.542
65.0	1.2823158460576776	50.395
65.5	0.12250031443053151	28.294
66.0	4.868856282509587	50.361
66.5	1.001232714196841	153.271
67.0	0.17850528561507711	22.342
67.5	3.4205739406175844	133.331
68.0	0.7648434520217202	15.98
68.5	0.15961946816947611	39.517
69.0	2.0660683320531597	121.03
69.5	1.622424042063059	141.034
70.0	1.2425847572470956	40.946
70.5	1.9880409537315993	120.837
71.0	1.821477421550396	65.322
71.5	2.9845533164739333	70.92
72.0	1.929548621898725	60.531
72.5	1.51319221833279	67.547
73.0	2.0230613452226915	93.677
73.5	1.8123313268384968	60.506
74.0	2.154517881367577	46.081
74.5	1.9841167421154982	70.484
75.0	2.1412861500309863	56.287
75.5	1.8945924118230653	110.679
76.0	1.5340051372497658	50.384
76.5	1.6369025129144767	80.526
77.0	1.380160536979979	48.61
77.5	1.3594172815946164	80.502
78.0	1.686260326410141	70.641
78.5	1.700243502912515	130.829
79.0	1.9499147914057635	63.178
79.5	2.001062795366118	40.328
80.0	2.2735224341242484	70.529
80.5	1.5842317133445722	80.533
81.0	2.075606205132956	80.675
81.5	2.12722004784911	102.271
82.0	2.0890437969956013	110.66
82.5	1.6654466925390652	70.285
83.0	2.1853079167885032	101.235
83.5	2.096028423975442	80.437
84.0	1.7417699107417985	41.21
84.5	2.191901065929249	76.658
85.0	1.997881090181254	80.397
85.5	2.0481479815887553	154.445
86.0	1.7597356268188389	49.05
86.5	1.4665920413321691	37.158
87.0	2.040091285085838	72.106
87.5	1.8439208316740792	90.725
88.0	2.037983466385846	29.561
88.5	1.8993732571662556	70.562
89.0	2.2856051546606184	70.473
89.5	1.8409490480387116	70.555
90.0	2.074341637461936	70.477
90.5	1.8819882537871246	109.349
91.0	2.3424736642226787	52.685
91.5	1.624987231252425	30.519
92.0	1.9386113367588371	81.1
92.5	1.5138353500412831	70.368
93.0	2.4250368294561304	141.653
93.5	1.9942733646688315	70.568
94.0	1.6855680218716265	32.026
94.5	2.036164656877571	30.331
95.0	1.665262692109754	140.992
95.5	2.001611938983302	50.218
96.0	2.0968777824390474	77.083
96.5	2.1522392630317055	50.713
97.0	2.0276681722940917	104.018
97.5	2.1427828768383295	50.24
98.0	1.3433606545065526	80.394
98.5	1.898190441016458	159.982
99.0	1.9468240677550812	43.609
99.5	1.730976938530953	25.08
100.0	1.7708037292568737	40.988
100.5	1.482231526123313	100.788
101.0	2.0141465091950668	50.635
101.5	1.6360191158379087	70.575
102.0	2.0040854616659134	70.586
102.5	1.3419639050001388	70.502
103.0	1.89370702958741	100.675
103.5	1.9110357729167824	50.369
104.0	1.8603052992996114	70.642
104.5	2.266607727494297	60.992
105.0	2.1644119983465417	28.388
105.5	1.809389069470104	27.348
106.0	2.0301659251217776	60.52
106.5	1.6336572174167716	70.432
107.0	2.0793825783882793	34.886
107.5	2.452948310987153	90.865
108.0	1.9744637921498307	69.933
108.5	2.582708643576211	50.358
109.0	1.5631719602688305	112.076
109.5	1.8914344874461306	70.551
110.0	1.767266124415067	59.284
110.5	1.7997114814015598	35.496
111.0	1.8875942798069139	80.418
111.5	1.8517923823720457	100.901
112.0	2.0401444632895833	129.187
112.5	1.9073770599454245	107.586
113.0	1.9839104135932266	90.392
113.5	1.9971982558381356	81.821
114.0	1.649192987944595	131.421
114.5	1.6188358724890775	118.848
115.0	2.082192575331738	39.196
115.5	1.9783659122737798	60.404
116.0	2.102284864243398	100.309
116.5	1.9115917334169976	80.643
117.0	2.00540879427568	52.818
117.5	2.0045235186628148	110.861
118.0	1.7364945218067753	60.327
118.5	2.2323870292827768	105.736
119.0	1.756407197460485	130.884
119.5	2.1293575209229236	110.716
120.0	1.7270663797664643	115.847
120.5	1.807070932622689	80.654
121.0	2.0645380371423245	110.68
121.5	2.4336134848188182	70.508
122.0	2.1503492024671846	50.242
122.5	1.49549437976921	100.844
123.0	2.3163609954507267	70.463
123.5	1.7636343758991764	34.358
124.0	1.720559764264215	80.454
124.5	2.0356874916034435	32.045
125.0	1.9105106456200354	49.858
125.5	2.152539698031442	99.35
126.0	1.469147261658103	50.458
126.5	1.7235876651687303	70.37
127.0	2.1005346794739017	56.959
127.5	2.0946996841401657	51.277
128.0	1.4899413185511097	51.196
128.5	1.54048640760961	78.953
129.0	2.092743287351412	70.372
129.5	2.1791281747852596	66.517
130.0	1.9600823745407725	80.562
130.5	2.3809774631665777	80.641
131.0	1.6458953504754692	42.459
131.5	2.254312845114971	60.411
132.0	2.310800933035857	90.581
132.5	1.8767936449397888	50.676
133.0	1.8218323923345545	107.786
133.5	2.349126373372133	84.503
134.0	1.9468798170505122	70.346
134.5	2.1396303899456437	100.662
135.0	1.7938651477048393	102.016
135.5	2.4577198165948406	50.329
136.0	1.4724730851751924	130.856
136.5	2.2171691414779464	66.206
137.0	2.1831605633027342	42.805
137.5	1.9220701546609795	110.864
138.0	2.301466013565205	50.313
138.5	1.6287312038797344	111.164
139.0	2.1744583518469027	70.412
139.5	2.3211849474844066	99.511
140.0	1.9585545875863726	70.734
140.5	1.7432578623052322	90.582
141.0	1.900737282324363	40.552
141.5	1.585641928633308	60.533
142.0	2.16180657426893	38.972
142.5	2.5628280126022775	54.257
143.0	2.258379207983471	60.566
143.5	1.8827142601982358	80.954
144.0	1.9624236082946174	45.735
144.5	1.9508980608228363	70.475
145.0	2.393143297065639	60.377
145.5	1.6980066319521343	80.778
146.0	1.7505288435132966	58.696
146.5	1.8485832125505521	123.616
147.0	2.0102698120612	49.972
147.5	1.7354973406973782	70.394
148.0	2.672279765285008	60.409
148.5	2.0040590726706	80.487
149.0	1.7028435277129164	80.599
149.5	1.7974319629539015	116.278
150.0	2.477810272641904	90.753
150.5	2.2690228095026757	50.777
151.0	1.8738388611898484	71.056
151.5	1.7777638004661842	114.686
152.0	2.221900246292049	68.847
152.5	1.9607659326031068	100.702
153.0	2.098228494465893	60.403
153.5	1.6534745380242737	39.062
154.0	2.2794797136900407	43.623
154.5	2.03834742421463	81.04
155.0	1.7830522862718357	60.404
155.5	1.90340348690906	40.274
156.0	1.6351945044687906	127.846
156.5	2.0214863138012493	80.632
157.0	2.0982658596405743	131.272
157.5	1.8194697334250372	64.862
158.0	1.943863666594475	70.983
158.5	2.102563255453715	116.989
159.0	2.118982296142536	100.653
159.5	2.1275374448163724	80.502
160.0	1.686492667988852	90.683
160.5	1.904766553602859	20.649
161.0	2.2089249058617657	62.151
161.5	1.7112479305354475	74.626
162.0	2.1708504047554738	60.269
162.5	1.7666740733463113	84.867
163.0	1.5014407907067275	80.71
163.5	1.6126289153914732	80.555
164.0	2.5424919258737115	95.013
164.5	1.5967873478059007	80.558
165.0	1.6840932528192605	80.426
165.5	2.192004026175367	70.913
166.0	1.974897664015675	50.837
166.5	1.5959803916358068	130.91
167.0	1.7278601478736535	85.65
167.5	2.6923235975399735	121.387
168.0	2.1442535677471533	104.308
168.5	2.3419747468079564	60.384
169.0	1.9155567451637405	71.054
169.5	1.5484049081059066	55.847
170.0	1.8180870736630421	141.204
170.5	1.755347104850506	106.84
171.0	1.9504002491252945	110.853
171.5	1.9712982512348283	100.543
172.0	2.555022477706622	70.826
172.5	1.7219909549898234	80.056
173.0	1.5846282358632302	80.614
173.5	1.798293334262151	131.059
174.0	2.069044592595358	60.377
174.5	1.705321582963774	115.283
175.0	1.8020242552187336	51.712
175.5	1.6255999158792052	100.672
176.0	1.7009015574776423	90.864
176.5	1.6075156682937242	50.307
177.0	1.7770073907396875	70.353
177.5	2.0168792271196434	56.468
178.0	1.8952404875424431	70.482
178.5	1.8222725640696036	50.457
179.0	1.8709849264080303	119.454
179.5	1.858324456000852	40.346
180.0	2.194082461516846	80.432
180.5	2.013246483781826	41.153
181.0	1.7074820946858809	57.927
181.5	2.0841783072357063	61.318
182.0	2.546613638651797	83.953
182.5	1.416134185888868	58.867
183.0	1.602104628101688	50.184
183.5	2.54012602579289	70.344
184.0	1.6481081250387792	100.662
184.5	1.4861792292426887	80.401
185.0	2.6192514739161497	60.583
185.5	1.5144863052357447	54.894
186.0	2.0065738421905612	50.351
186.5	2.1187821558408264	151.167
187.0	1.5239520116304248	70.413
187.5	1.8707673042291804	99.37
188.0	1.6349861297984298	50.375
188.5	2.05847217630791	66.65
189.0	2.2957718589515688	71.445
189.5	1.914557816080235	60.239
190.0	2.2552356074195408	50.371
190.5	1.828744092275156	120.898
191.0	2.0553547993000585	70.385
191.5	2.205076421915999	92.553
192.0	2.049235974303502	33.727
192.5	1.593118013492133	100.392
193.0	1.7918907941360909	60.551
193.5	2.1188469877545364	110.723
194.0	2.3772409449360206	80.75
194.5	1.4448216164673666	80.429
195.0	1.7013532293258977	32.883
195.5	1.907592346597528	70.738
196.0	1.857539878224026	70.442
196.5	2.1481679004150878	144.513
197.0	2.097330224023121	90.623
197.5	2.0134459806667793	100.914
198.0	1.9287438937937464	49.484
198.5	1.6102978352555564	100.765
199.0	2.2560343357895043	103.116
199.5	2.353377709589582	79.561
200.0	1.8292629262432867	80.663
200.5	1.6217599498926483	90.359
201.0	2.1140925455206094	90.517
201.5	1.860186684354029	105.793
202.0	1.8717004755510367	50.359
202.5	1.8991934746430104	70.462
203.0	2.25651605990559	65.419
203.5	1.542073044499229	60.317
204.0	2.0971747670459266	38.399
204.5	1.29145406690249	38.182
205.0	2.007779319968739	64.599
205.5	2.354729573734504	80.582
206.0	1.9480423565251759	90.58
206.5	1.8377260699535924	118.335
207.0	1.8185184696502446	49.708
207.5	2.411820963803488	36.074
208.0	2.136232755177294	70.516
208.5	1.397855402429633	53.683
209.0	2.1658687779176113	60.375
209.5	1.6393996453782105	120.853
210.0	2.171402762323989	110.514
210.5	2.292167266653923	69.831
211.0	1.9309872069876675	80.658
211.5	1.6150444999980544	40.304
212.0	1.6468552258343403	70.546
212.5	2.3632953208020826	60.47
213.0	1.9713428644974749	120.791
213.5	1.7731610444017811	80.605
214.0	1.656455665470162	36.549
214.5	1.4213429237723403	90.529
215.0	2.715125959238869	49.364
215.5	1.6496744278921966	60.438
216.0	2.0187744613524536	35.228
216.5	2.375601684186948	47.437
217.0	1.8601502471165707	70.433
217.5	2.2972645645038523	88.597
218.0	0.1796267732503409	12.866
218.5	5.172547774096312	120.744
219.0	1.9979191620833945	14.195
219.5	1.5719965239922948	47.773
220.0	0.15653653022691238	14.577
220.5	7.380176841910766	60.921
221.0	2.095225552493141	74.905
221.5	1.4071008408884942	60.147
222.0	1.5486430314107018	81.044
222.5	2.248684889522529	80.498
223.0	2.0524371143363287	16.88
223.5	1.1573684312425712	90.43
224.0	1.8771591576611393	80.649
224.5	1.985661997791852	60.434
225.0	1.8122312127007987	128.352
225.5	1.0674087776992818	60.508
226.0	1.9059011692903123	70.469
226.5	1.8056946164749716	58.605
227.0	1.7804745961431276	80.519
227.5	1.1151555147323386	50.362
228.0	1.71130229376073	161.168
228.5	2.075755407092313	40.175
229.0	2.3200381503858827	100.7
229.5	1.4704032630776471	100.629
230.0	1.0099007925008023	241.479
230.5	2.7948047157008955	130.884
231.0	2.3709744359310196	42.474
231.5	0.9796204799238759	70.553
232.0	2.2660118682378436	50.472
232.5	1.8034964527423696	171.457
233.0	2.6368908960014816	45.681
233.5	1.6118355382337362	110.801
234.0	1.6837651075826263	130.995
234.5	2.6554893549484513	41.676
235.0	1.9255951710559525	48.056
235.5	1.1915454425800118	40.356
236.0	2.0978383357647643	20.222
236.5	1.747007145144085	16.949
237.0	1.674984494702552	30.193
237.5	1.4798455983977667	50.447
238.0	2.089166647346233	20.16
238.5	1.6875527058325166	76.345
239.0	1.4691835177393064	100.773
239.5	1.4967098160241568	100.644
240.0	2.3450569180207683	26.602
240.5	1.5389610064249433	130.741
241.0	1.8596589774209655	17.084
241.5	1.5542375939285287	160.967
242.0	1.767203662803117	38.038
242.5	2.718809956649276	23.585
243.0	2.3112115361143273	161.998
243.5	2.628150866545997	30.459
244.0	2.2686984307334153	44.986
244.5	2.460532150960955	201.239
245.0	2.2177261591182975	141.059
245.5	1.962643825108836	90.497
246.0	0.1775329910438822	11.467
246.5	3.7726215497979783	101.131
247.0	0.8202307697557614	30.167
247.5	0.17057263059940742	17.732
248.0	0.16133500831705075	11.284
248.5	0.12432441473704368	17.625
249.0	1.7011748391582857	58.951
249.5	0.9637045480184432	60.196
250.0	0.655028794536711	38.079
250.5	0.7551131815597522	100.695
251.0	0.7640240902200812	37.078
251.5	0.9045030734141393	100.73
252.0	0.7799834735419356	121.141
252.5	0.5794171430971028	40.339
253.0	0.910033093846921	40.342
253.5	1.0136954509610636	70.524
254.0	0.8177062819887282	38.996
254.5	0.8028584872467133	50.349
255.0	0.7988511125822438	59.64
255.5	0.8378473038666905	48.137
256.0	0.5826980925519328	70.522
256.5	3.3776951147094456	282.409
257.0	1.1183015352660708	111.051
257.5	0.747423537024282	110.3
258.0	0.5981886488607496	292.721
258.5	0.49885537020109766	372.879
259.0	0.5746495787960774	352.907
259.5	0.717977547117543	352.905
260.0	0.6691857781909253	432.363
260.5	0.3865133717513361	524.126
261.0	0.5038295580171105	494.242
261.5	3.6991641532487507	1041.886
262.0	0.694565070190318	1041.886
262.5	1.1751591936810315	1044.923
263.0	0.9049901898526654	1044.923
263.5	1.4949598647904843	1007.206
264.0	0.5814166216564581	957.956
264.5	1.8962740768672879	1051.268
265.0	0.3682098338002579	1051.268
265.5	2.2035325088953805	356.792
266.0	0.42651031216654567	893.936
266.5	0.8369100316354686	1398.295
267.0	0.13503119507188127	13.529
267.5	6.867617121925434	60.441
268.0	1.1638662698263798	160.95
268.5	1.6949637746793154	117.327
269.0	2.321733593897556	30.276
269.5	1.5691031790775585	140.846
270.0	1.206832575227987	13.438
270.5	1.7861103768908722	96.13
271.0	2.1810945654409037	74.393
271.5	1.6510383975468041	30.251
272.0	2.225637866020019	30.225
272.5	2.0169428105770244	30.026
273.0	1.4726419714080132	76.564
273.5	1.4555054257053666	151.015
274.0	2.1458838288050908	20.084
274.5	1.3317803326239075	12.517
275.0	2.5549134595876013	80.312
275.5	1.916087806436991	100.762
276.0	1.8920068249954038	47.095
276.5	1.764092787376815	74.269
277.0	1.2278148632648838	124.329
277.5	1.6003678894639795	20.144
278.0	1.9899039935608216	30.289
278.5	1.6212826850794337	34.578
279.0	2.4884271941480423	64.815
279.5	1.6026595479095707	77.265
280.0	1.689615001008338	60.505
280.5	2.6179098123096027	40.225
281.0	1.2225977018554541	60.451
281.5	1.4227214972662163	30.341
282.0	1.1941631315855066	85.541
282.5	1.4687549763428205	90.588
283.0	1.8419013238949984	85.271
283.5	1.3375329541673258	80.429
284.0	1.6317547864192827	109.211
284.5	0.8257854626572804	171.642
285.0	1.6013425365939036	74.159
285.5	2.1180279053819704	32.792
286.0	1.2728408790135657	14.334
286.5	1.3969455483460085	30.306
287.0	1.4426233460691051	123.588
287.5	1.5642834732723674	88.199
288.0	2.3202124011532406	30.197
288.5	1.9578922951639925	76.052
289.0	1.654022132677734	44.604
289.5	1.4362282263344999	13.772
290.0	1.5881568492213218	27.039
290.5	1.0061851659599592	140.761
291.0	1.9338276054042813	60.351
291.5	1.3990148710861905	96.731
292.0	2.6071492241379635	116.295
292.5	1.309430303779556	60.474
293.0	1.045596813889416	30.214
293.5	1.960230417508117	20.414
294.0	1.399775411141442	15.102
294.5	2.4572980909996995	120.808
295.0	1.2361272200217461	26.337
295.5	1.133356532676987	110.826
296.0	1.4918355366795173	120.587
296.5	1.9617313198409192	90.215
297.0	0.7853593942876133	135.849
297.5	1.847606598985712	30.381
298.0	1.063309986552485	36.093
298.5	2.3920073489317786	70.464
299.0	1.5993741307596248	111.786
299.5	2.102156813216803	110.725
300.0	2.585401457010753	60.536
300.5	1.825616979515418	30.292
301.0	1.9285447023246751	60.301
301.5	1.589863028542346	120.929
302.0	1.8502047880300336	14.03
302.5	1.7340469473917648	15.765
303.0	1.5889532186511772	71.44
303.5	2.3244931366161787	43.312
304.0	1.8355600303021737	30.157
304.5	1.2314339944192518	30.14
305.0	1.4192244206630562	120.574
305.5	1.5455578510598598	80.591
306.0	1.5925262853881013	110.812
306.5	1.65649053131857	60.408
307.0	1.628503066834597	70.459
307.5	1.660190848588882	30.206
308.0	2.3069662029144715	39.886
308.5	1.095499284135254	22.398
309.0	1.8669373825659774	70.354
309.5	1.430326083765192	80.637
310.0	1.3573170897286864	30.189
310.5	1.3519034979376416	30.231
311.0	1.3652730555520964	30.332
311.5	1.81407031488092	43.648
312.0	1.824422232471985	20.1
312.5	1.4884308622148568	14.889
313.0	1.598439792218187	14.484
313.5	1.820400325977362	80.524
314.0	1.5649282826718074	64.996
314.5	2.023807582643179	40.251
315.0	1.23827894675146	130.717
315.5	2.9560478857063193	51.019
316.0	1.9800713035230453	50.412
316.5	1.6464016719515557	80.415
317.0	1.7266315918867197	104.335
317.5	1.9454821457951794	75.742
318.0	1.476645711876286	100.629
318.5	1.930124227288828	70.425
319.0	1.507130636889933	45.522
319.5	1.8932093744383456	60.474
320.0	1.1356418025360442	80.628
320.5	1.2024739491591712	80.484
321.0	1.5881356109020235	75.603
321.5	1.550134632306131	36.113
322.0	1.4747073470029881	80.533
322.5	2.1505534801442328	80.325
323.0	1.5503151020133148	43.585
323.5	1.7246200389922552	80.601
324.0	1.6525000065391364	95.883
324.5	1.617827167777322	60.46
325.0	1.818724119985767	14.917
325.5	2.0268838112153666	54.737
326.0	1.4644287080489953	44.409
326.5	1.8924346202616709	15.772
327.0	1.8759190901505212	90.952
327.5	1.6135724970604717	60.497
328.0	1.9408329344328197	77.618
328.5	1.2383800943784344	115.713
329.0	1.8303610373748938	90.957
329.5	1.8616375266330025	60.491
330.0	0.7363466057757394	14.439
330.5	2.1848386380505844	14.149
331.0	1.4156872979089836	111.026
331.5	1.504061794394447	45.217
332.0	1.0941536266475584	120.689
332.5	1.7637341538065707	75.557
333.0	1.2585224099304146	115.12
333.5	1.6697963837193774	30.225
334.0	1.349160071929416	33.253
334.5	1.832804951224002	44.604
335.0	1.511214966141405	110.584
335.5	1.7028910548402505	60.508
336.0	1.5647973728138493	120.689
336.5	2.199497536916415	50.198
337.0	1.228409723138574	60.562
337.5	1.4748013050924735	14.557
338.0	1.7948051511886054	30.374
338.5	1.9818701676939647	100.575
339.0	1.2101091356360374	35.219
339.5	1.8098437426855174	30.213
340.0	1.7403651430134481	34.317
340.5	1.7971000343298147	30.213
341.0	1.7388189959659381	20.049
341.5	1.1096599822422464	41.183
342.0	1.8136610649792415	50.632
342.5	1.5113059542129763	53.683
343.0	2.087974790051309	90.645
343.5	1.6174784721106634	60.449
344.0	1.7738950749013087	45.103
344.5	1.7483937654690096	100.778
345.0	1.3915818651388296	120.895
345.5	1.278023196525601	60.263
346.0	1.5761599410347988	498.309
346.5	0.821865447490279	47.003
347.0	1.9992819825864971	151.304
347.5	1.8785012956679203	16.735
348.0	2.3536461583224106	65.564
348.5	1.5811619001790078	47.237
349.0	1.6721031071790278	64.652
349.5	1.9721355372780451	70.457
350.0	1.5239046136195487	65.619
350.5	1.691728019760777	126.24
351.0	1.9896611266608932	100.689
351.5	1.947213306365919	43.67
352.0	1.4210914141710786	33.494
352.5	2.25036299079506	19.467
353.0	1.5118371277180531	43.86
353.5	1.945678471699824	30.227
354.0	1.5119029434862155	30.182
354.5	1.6205764000064036	30.173
355.0	1.2199654642633364	110.868
355.5	2.1056946340337737	50.452
356.0	1.2671283967665607	70.606
356.5	2.0108700199794822	30.154
357.0	1.567854727614316	44.704
357.5	1.8560517734725324	40.277
358.0	1.9291206037501838	129.275
358.5	1.8864452883412444	14.902
359.0	1.80082648302905	54.796
359.5	1.360748517490648	242.401
360.0	2.1406843199605343	60.35
360.5	2.092347129915752	30.179
361.0	1.5995863275308608	60.423
361.5	1.4169576582387096	14.406
362.0	1.8974077783676864	46.057
362.5	1.694204478888188	104.876
363.0	1.798877594424139	30.466
363.5	2.0172603010302272	30.071
364.0	1.7961105372111807	30.371
364.5	1.815068440321796	103.742
365.0	1.9593945548643936	60.479
365.5	1.0615299070942994	20.245
366.0	2.072780093199256	60.283
366.5	2.1557817983249086	85.369
367.0	1.7078110210402282	30.209
367.5	1.9634534271331345	50.246
368.0	2.2262709120329696	60.416
368.5	1.5995325627753927	50.407
369.0	1.7560651846838504	30.228
369.5	1.3425982212984402	75.72
370.0	1.8724166263436157	30.02
370.5	1.9181218497132015	90.454
371.0	2.3297307259755136	120.86
371.5	2.151517087039017	44.37
372.0	1.8234752640354983	95.426
372.5	1.6272199823033449	80.394
373.0	1.6658469223217167	30.204
373.5	2.194800008920118	44.972
374.0	1.4306310747974358	74.472
374.5	2.528785062847855	14.722
375.0	1.660431276315212	110.995
375.5	2.0513543270925676	40.231
376.0	1.6947071954742536	13.628
376.5	1.7810544204438583	96.513
377.0	1.5134100677358997	30.211
377.5	1.748978260256403	90.59
378.0	1.9541868848881692	90.477
378.5	2.312080732864686	130.861
379.0	1.9374199320223697	40.722
379.5	1.602532846539028	14.762
380.0	1.727676092983539	110.625
380.5	1.9466104075023736	14.707
381.0	1.4133907870582807	150.971
381.5	1.679584471425756	30.209
382.0	2.047898984051669	16.003
382.5	1.7393335391491584	60.549
383.0	2.0441137491070287	65.007
383.5	1.544663719019742	131.069
384.0	1.4066721038265881	54.708
384.5	1.6442451595901917	92.469
385.0	1.2632294134287003	44.79
385.5	2.2372247925229116	60.317
386.0	2.3257713690039585	30.229
386.5	1.9702932659272292	75.976
387.0	2.100252103013584	30.064
387.5	1.5304366776531826	80.446
388.0	2.4176202066080754	30.212
388.5	3.073333717245242	19.997
389.0	1.2314336673073718	50.325
389.5	2.3183974180279927	85.233
390.0	1.4909482290994613	80.592
390.5	2.2686795729436433	60.54
391.0	1.7087997500209366	60.523
391.5	1.7516372115301588	13.465
392.0	2.5445733094406866	17.998
392.5	1.4182866139708852	100.781
393.0	1.9658771610325354	120.709
393.5	1.556824741821987	60.265
394.0	2.2298787711457826	80.52
394.5	2.294720765199107	141.074
395.0	1.2889717560123048	136.392
395.5	1.3575750926493153	90.779
396.0	2.253710902032404	60.296
396.5	2.2248380905057625	70.535
397.0	1.5296713739793462	50.237
397.5	1.8396486552624955	110.92
398.0	1.8756836274326862	80.553
398.5	1.6829632950805558	60.557
399.0	2.069344785671213	90.669
399.5	1.6283319601214352	44.252
400.0	2.0678131142829868	90.369
400.5	2.2469466645111553	30.151
401.0	1.8212864443346841	73.728
401.5	1.9873498712137203	36.136
402.0	1.4935806586872737	60.442
402.5	1.4403880967314682	70.513
403.0	2.077303216393905	36.221
403.5	2.003304904653935	60.207
404.0	2.0032870674802976	82.396
404.5	2.2443056964558408	36.148
405.0	2.198245833402702	30.221
405.5	1.8751013129909417	130.714
406.0	2.1863195476679187	70.412
406.5	1.470947983751816	100.672
407.0	1.7146636680207443	70.548
407.5	1.9141070381162666	80.516
408.0	2.0565058197710693	65.89
408.5	1.7210698651123881	64.533
409.0	1.8269254963014692	90.452
409.5	1.643540502667257	90.565
410.0	2.286526099529155	100.796
410.5	1.7419292864988336	24.16
411.0	1.2243670277369412	120.677
411.5	1.894556587200917	76.342
412.0	2.216075384595935	46.088
412.5	1.4899144635823502	75.879
413.0	1.788220614112378	60.409
413.5	1.7160267574881605	105.306
414.0	2.1298605773009154	30.21
414.5	1.8583270204487585	80.546
415.0	1.8866046890107921	90.693
415.5	2.3721752211210845	14.177
416.0	1.6222734775971213	66.723
416.5	1.9461602425598248	70.534
417.0	1.6336306110923469	90.326
417.5	1.7751881579692146	16.807
418.0	2.0846289930507194	16.157
418.5	1.491189855541879	13.741
419.0	1.7454997664578573	30.202
419.5	2.3889329183629573	14.481
420.0	1.4139603878359888	50.363
420.5	1.9589903589879116	100.649
421.0	2.440115298683592	80.607
421.5	1.9380208001902093	45.378
422.0	1.8134941424407023	90.577
422.5	1.3739509729195072	140.999
423.0	2.279444641280152	80.464
423.5	2.5485388191205867	108.269
424.0	1.4979123508909764	30.307
424.5	1.3666274195416852	90.655
425.0	1.8843962681024553	100.581
425.5	1.4476482554830425	100.889
426.0	1.7289875677824544	60.335
426.5	1.3358971023235693	110.693
427.0	1.7706035418994828	80.521
427.5	2.71028252310734	107.073
428.0	1.5739747792539605	44.635
428.5	2.0601069670205265	40.264
429.0	1.6025511081689714	140.913
429.5	1.7468394301158487	69.453
430.0	1.307560068632943	30.201
430.5	1.6262100515466882	90.405
431.0	2.075899885118779	60.443
431.5	1.6595267349334442	90.707
432.0	2.14358693679052	44.209
432.5	1.425154673883177	56.407
433.0	1.707879046044134	30.285
433.5	1.5612473643391969	37.933
434.0	2.1549987752180217	96.46
434.5	1.831475036752768	43.893
435.0	2.3331213062059075	70.364
435.5	1.9888272666537914	106.563
436.0	2.224793990392889	20.233
436.5	2.006215289989892	100.466
437.0	2.1784484622187836	60.506
437.5	1.3249062740172002	100.946
438.0	1.8720524361067548	75.597
438.5	1.9912486370598461	40.299
439.0	1.7752879871070097	44.901
439.5	1.9489767090018364	36.959
440.0	2.1719404688645545	30.255
440.5	1.9668148973256203	50.246
441.0	2.5153069070109946	30.22
441.5	1.6590109332670089	18.701
442.0	2.2636749680765953	50.245
442.5	1.9583438572353395	78.134
443.0	1.5964625650072015	70.989
443.5	1.5029341724935776	30.087
444.0	2.2666049386719003	100.742
444.5	2.153267572048608	60.427
445.0	2.573120726641016	17.589
445.5	1.328786331418696	80.481
446.0	1.9440061215771662	14.621
446.5	1.6479556398135304	68.421
447.0	1.3954547745987718	126.894
447.5	1.756116408125551	30.282
448.0	2.38448377294151	87.542
448.5	2.258460405351447	60.258
449.0	1.9649085254709437	64.942
449.5	0.8117792784327105	90.574
450.0	1.4962384210407786	70.626
450.5	2.282805768625638	13.463
451.0	1.8895703793781167	14.91
451.5	2.268172182669858	14.314
452.0	2.06013460714996	80.628
452.5	2.0273619867683452	20.2
453.0	1.5755302454217932	110.937
453.5	1.5959364989064146	70.438
454.0	2.468957370966272	90.6
454.5	1.5028041778185508	65.348
455.0	1.90872770474665	70.552
455.5	1.7972980385930493	60.299
456.0	1.6999546797405471	16.164
456.5	1.8062001736197542	22.661
457.0	2.0500381604611664	30.175
457.5	1.8458899227205037	70.437
458.0	1.996713924237122	100.757
458.5	2.1068230671842865	80.543
459.0	1.6647592213505762	100.778
459.5	1.4512105735346112	120.964
460.0	2.007887325006749	74.661
460.5	1.9707128800750178	88.394
461.0	1.2703456653133958	44.143
461.5	1.9649104043465497	50.412
462.0	2.2490613964038157	18.733
462.5	1.4904381429166171	35.656
463.0	1.9826853075164743	20.155
463.5	2.416497370637183	79.496
464.0	1.3915991674894026	40.304
464.5	2.037276358047508	60.482
465.0	1.9367486964955545	64.953
465.5	2.0294450576882253	30.196
466.0	1.790394864197168	100.893
466.5	1.76773426682487	90.652
467.0	2.117978196189368	90.568
467.5	2.1510990240694925	60.167
468.0	2.051125741808038	90.618
468.5	2.1034128326919	14.234
469.0	1.3045676164212774	44.812
469.5	2.1755877409293523	130.857
470.0	1.7868498165516136	60.516
470.5	1.9448048262643851	101.41
471.0	1.7721834582124432	14.135
471.5	2.210392463564332	13.121
472.0	2.240064947667149	55.817
472.5	1.8624424046388197	30.253
473.0	1.7750425943859565	66.495
473.5	2.1797549509334044	30.997
474.0	2.0174721765311596	30.165
474.5	1.777146967996024	35.829
475.0	1.896644078671614	110.855
475.5	1.6355966119596228	80.469
476.0	1.7091221349666916	100.781
476.5	1.7819690570052173	30.202
477.0	1.6104214223582234	87.861
477.5	2.0733799871198717	151.415
478.0	2.0646772542286005	70.479
478.5	1.8114691690743525	76.9
479.0	1.5294441306692974	80.509
479.5	1.6664115578754062	80.732
480.0	1.7016060096924788	46.389
480.5	1.8192769745381503	80.469
481.0	2.317390835551893	40.299
481.5	1.5545032215218957	110.82
482.0	1.8352697546151153	70.391
482.5	1.4182385764486167	40.245
483.0	2.2558308209991167	45.113
483.5	1.8534882488360034	20.226
484.0	1.9624351495337864	100.78
484.5	2.145203767427873	120.787
485.0	2.2500275451080305	37.137
485.5	2.2619654353781184	60.467
486.0	1.7310618242667821	45.654
486.5	1.9620606184931026	30.269
487.0	2.097567352115771	67.81
487.5	2.3601537201296243	57.56
488.0	2.1334579249320753	60.122
488.5	1.9839193651804612	80.542
489.0	1.6380184834507794	100.742
489.5	2.0809440944444995	60.201
490.0	1.951429759401024	77.921
490.5	1.187286516023007	78.812
491.0	2.5411549186534237	30.166
491.5	1.9903047743363873	100.844
492.0	1.9471538623822024	153.559
492.5	1.8105812351293369	12.916
493.0	1.7198993573873034	44.611
493.5	1.8426863035834453	66.141
494.0	2.3026799925007717	90.194
494.5	1.1362802507496192	14.718
495.0	2.359524879871672	30.308
495.5	1.9648366287369288	90.435
496.0	1.8588864835058605	30.079
496.5	2.1081009676300573	30.397
497.0	1.2495658577012791	125.892
497.5	2.0399127576239633	80.521
498.0	2.3169595736017206	86.992
498.5	1.552658680675534	60.257
499.0	2.199002689036327	60.186
499.5	1.9399700641960353	40.576
500.0	1.9281314484671894	46.802
500.5	1.8720234531111857	74.097
501.0	1.9462454431113931	37.57
501.5	2.3858630466777466	60.302
502.0	1.4515890275543035	54.142
502.5	1.9611718577041723	100.7
503.0	1.7276172237449852	73.643
503.5	1.679208402492673	45.757
504.0	2.0461764778910907	30.192
504.5	1.3925881929894726	80.483
505.0	1.5199541901560645	80.416
505.5	1.9398624413975463	98.206
506.0	1.7740402253311176	90.574
506.5	2.0727169082549315	70.494
507.0	1.766651539875179	74.904
507.5	1.7200505610693921	44.594
508.0	2.1459067334826543	70.544
508.5	1.8236941819380288	63.983
509.0	1.8830545908249634	121.053
509.5	1.9998218924555664	70.378
510.0	1.8232639116322789	30.172
510.5	2.0447763024705687	120.799
511.0	2.434866154217858	15.842
511.5	2.1949249928429384	60.384
512.0	1.727485086545539	70.527
512.5	2.1943112163244254	120.903
513.0	1.5319764850848765	100.643
513.5	1.6984190369250975	30.245
514.0	1.795818716724447	60.288
514.5	1.950254762915915	50.424
515.0	2.03878567084196	30.301
515.5	2.1126455466490737	15.072
516.0	1.6898433996474624	90.687
516.5	1.7822657487256028	64.569
517.0	2.253984695076885	100.538
517.5	1.483182353011563	70.219
518.0	1.7796933821704495	50.433
518.5	1.6905001422145802	90.0
519.0	1.8781960452424364	74.632
519.5	2.121289433520711	46.162
520.0	1.145494606303736	30.2
520.5	2.626793945246395	90.804
521.0	1.867403418363882	65.893
521.5	1.812404524143755	80.524
522.0	1.6140657733326638	77.566
522.5	1.4801879483623757	30.273
523.0	1.712566717611688	106.747
523.5	0.16520645735239206	28.131
524.0	2.721996559503381	460.902
524.5	0.17585711736286447	14.986
525.0	5.354393164418684	19.983
525.5	1.3971266308541432	130.8
526.0	1.407428495015729	15.385
526.5	1.534737712777169	101.982
527.0	1.4406577456318677	100.534
527.5	1.7652632553654948	29.725
528.0	1.7791401836996983	80.431
528.5	1.860033751554674	80.676
529.0	1.8482226759982228	140.702
529.5	2.315167469067764	100.694
530.0	1.7886820282190996	40.206
530.5	0.8926264773710215	37.097
531.0	1.686518911978207	130.91
531.5	2.267304322326691	37.971
532.0	1.5396775499463355	28.655
532.5	1.8592580665761176	91.299
533.0	2.2761019178157005	20.87
533.5	1.59664493719795	83.059
534.0	1.613055878214978	50.327
534.5	1.3721326313408073	272.13
535.0	1.8791983653980733	15.457
535.5	1.5557081023550667	120.736
536.0	1.5736166793171307	30.197
536.5	1.5836872873421417	50.528
537.0	1.567967857490674	15.964
537.5	2.251839311366654	107.803
538.0	1.9810438128912964	40.218
538.5	1.2875998505235513	50.433
539.0	1.6849951109953927	106.76
539.5	2.4516888060230393	20.25
540.0	1.653841049339352	15.088
540.5	2.402018466431019	85.796
541.0	2.2330522321355013	100.747
541.5	1.8156133844723412	100.567
542.0	1.8249632978061185	110.811
542.5	1.7658574044602415	67.346
543.0	2.4444854208841966	100.481
543.5	1.784259199133738	101.065
544.0	1.473613217374703	30.148
544.5	2.2924817859349584	20.12
545.0	1.5281530705076667	35.14
545.5	1.9383998557057673	64.725
546.0	1.9786776117749982	27.041
546.5	1.4768266102958798	39.513
547.0	2.548362771286375	20.225
547.5	1.8315392823313252	36.932
548.0	2.301287976566633	50.319
548.5	1.6580821139490836	68.877
549.0	1.5405815639215619	45.634
549.5	1.7154119800336278	60.344
550.0	0.1318684470379847	18.218
550.5	8.782668129025701	90.689
551.0	1.7427976778036123	20.248
551.5	1.9491156108397496	15.642
552.0	2.2159284962792816	12.542
552.5	1.7226107894842413	33.793
553.0	1.1489651754271175	92.702
553.5	1.8395100040523882	19.436
554.0	2.3776232963959614	99.392
554.5	1.3110560754345846	30.267
555.0	2.022544707528469	100.67
555.5	1.1004698961367982	90.645
556.0	1.8119089240445116	80.64
556.5	1.395219566381062	64.399
557.0	1.7777157835420148	90.733
557.5	1.687274778041243	114.775
558.0	1.9127014481269147	66.713
558.5	1.2932435820523587	80.534
559.0	2.2381757755648577	50.253
559.5	2.322566271407835	108.614
560.0	2.0039775361844483	71.598
560.5	1.668180929650661	50.298
561.0	1.6022976218160638	90.597
561.5	1.837546914804538	32.086
562.0	1.565918518720493	100.83
562.5	1.2438190893645846	110.974
563.0	2.1028967932468388	100.467
563.5	1.3185814648784964	130.875
564.0	1.67367851598993	131.009
564.5	1.001500394761232	82.715
565.0	1.5256899902241279	70.668
565.5	2.1819885294582866	50.425
566.0	1.9319676673333375	48.177
566.5	1.2691141046105192	130.913
567.0	1.544506658681289	80.536
567.5	1.841260772121616	12.277
568.0	1.1587516679388514	107.856
568.5	1.3988299527179784	40.297
569.0	1.8512733181543366	66.091
569.5	2.1075124866791413	45.382
570.0	1.403540422378814	20.09
570.5	1.883130985194886	110.584
571.0	1.596931142955647	100.488
571.5	2.763637818026046	73.62
572.0	1.3368256603838535	110.883
572.5	1.5558529637274965	63.999
573.0	1.6690660244124456	130.918
573.5	2.3601600528029496	117.123
574.0	1.3956589807283852	140.996
574.5	2.1818889428078845	13.496
575.0	1.8618644763208732	20.163
575.5	1.8648591852400378	40.459
576.0	0.8988666860246085	14.195
576.5	1.5502550305527525	71.862
577.0	2.230411297402125	43.186
577.5	1.8023761160790959	60.356
578.0	2.1978921582512845	20.134
578.5	1.6637358313473694	84.443
579.0	1.9162773255085948	90.623
579.5	1.717561866507583	90.634
580.0	1.5236409412959677	43.788
580.5	2.344767827790267	110.843
581.0	1.2881081912045935	111.665
581.5	1.5911470906198952	50.358
582.0	1.6791246240160027	50.716
582.5	1.292227917016622	12.121
583.0	2.071067732662803	14.302
583.5	0.9812820751583664	120.982
584.0	1.7797702589586677	77.431
584.5	1.3867940771392426	100.738
585.0	1.5548026099369234	272.198
585.5	1.8130898468074614	76.746
586.0	1.1301461390266354	40.26
586.5	1.258830493815879	141.019
587.0	1.7353130321887673	41.149
587.5	1.334667131145634	43.383
588.0	2.082451153211657	130.709
588.5	1.434759948789509	108.617
589.0	1.6323254174264832	70.53
589.5	1.2853228636029206	70.258
590.0	1.8196136435052013	80.504
590.5	2.1351858809108917	24.108
591.0	1.8550902220276655	80.512
591.5	1.6329719392346154	30.213
592.0	1.8388783680887506	76.954
592.5	1.7995388449083942	161.187
593.0	1.6381658577599858	26.966
593.5	1.5159282976891042	171.615
594.0	1.8103200911796797	12.803
594.5	2.0493042710973075	105.741
595.0	1.5524382030357702	102.056
595.5	1.3729095530896493	110.831
596.0	1.5809857765239501	20.207
596.5	1.7445450014764563	14.736
597.0	2.088261280216928	140.838
597.5	1.49213822862515	40.299
598.0	1.6187169643355344	121.086
598.5	1.455560618265939	57.589
599.0	1.2293777750431807	131.069
599.5	1.4261386571796097	78.843
600.0	2.034110965752645	40.226
600.5	1.4331264279047757	60.377
601.0	1.403873805594802	80.883
601.5	1.0529097435281978	110.151
602.0	1.3641847371492344	161.087
602.5	1.9520506436787823	90.635
603.0	1.8663689075273053	73.69
603.5	2.056604869433446	117.449
604.0	1.821752865655188	121.104
604.5	2.150938562518724	30.195
605.0	1.2493384922425825	159.046
605.5	1.8959258287934526	386.22
606.0	0.8718907951729676	363.837
606.5	0.12427032819594686	16.424
607.0	9.358245234400373	50.594
607.5	2.409027143931167	50.486
608.0	1.444903270797124	50.639
608.5	2.124772225099042	50.775
609.0	1.3372910718755806	70.527
609.5	1.5716795298817845	80.489
610.0	1.3951201966823568	96.456
610.5	1.846005280053461	33.433
611.0	1.3574590441300052	103.541
611.5	1.643561774949166	110.643
612.0	1.8406801305366816	121.143
612.5	1.5553789989476114	20.231
613.0	2.522541255941427	14.287
613.5	1.6663585368849438	56.962
614.0	2.4926163665240764	40.59
614.5	1.3581523048372057	35.131
615.0	1.5131922413729897	100.711
615.5	1.8193382531494806	50.373
616.0	1.2884499783231673	117.992
616.5	1.3127208254186964	44.27
617.0	1.3929844637894078	70.614
617.5	1.665675075872603	26.034
618.0	1.3659535454717517	115.732
618.5	1.797734699337203	50.565
619.0	1.519126877857531	41.36
619.5	2.134031874882518	60.686
620.0	2.073931245988724	90.654
620.5	1.4094983014931002	70.488
621.0	2.463851947051745	114.335
621.5	2.575626211724531	111.143
622.0	1.759769482767256	80.43
622.5	1.1376565745920237	110.643
623.0	2.0327233681449863	120.63
623.5	1.556386033915757	80.471
624.0	2.3243062625844835	151.061
624.5	1.2434785530780001	70.546
625.0	2.12739337036436	70.541
625.5	2.1111477245844044	40.199
626.0	2.1414227559957117	70.576
626.5	1.5662240362996886	112.326
627.0	1.8541515275614378	30.55
627.5	1.8729365592965348	90.583
628.0	1.8865914263473706	34.235
628.5	1.5145369590073559	111.008
629.0	1.9716567796160707	30.217
629.5	1.842762785690521	56.707
630.0	1.3482446495244051	12.818
630.5	1.7602045726399325	90.639
631.0	1.9664372309359222	20.229
631.5	1.5380690662220247	90.402
632.0	1.6448197146452854	20.57
632.5	1.6475004926548544	102.659
633.0	1.9878313616158845	70.947
633.5	2.182329607482354	36.074
634.0	1.7607602008483219	56.349
634.5	1.7539141607730746	42.102
635.0	1.2780355952606672	30.317
635.5	2.3569196295497608	50.214
636.0	1.5330736125400535	30.312
636.5	2.1308272343874486	125.125
637.0	1.8358012005321769	50.261
637.5	2.222275866258123	158.019
638.0	1.5095171011061446	60.362
638.5	1.4318613574115107	70.348
639.0	1.3579069362589082	110.917
639.5	1.8092239304369075	19.014
640.0	1.7531864568509263	34.459
640.5	1.6957359387873299	54.498
641.0	2.8608132525930206	40.38
641.5	1.7498137033993564	80.733
642.0	1.9084995656218453	22.393
642.5	1.9567989029636266	20.041
643.0	1.6038854123209272	100.725
643.5	1.8795560815092334	67.542
644.0	1.3490482189727953	80.483
644.5	1.856665086484231	111.917
645.0	2.3196200783536187	80.514
645.5	1.7557890814619987	90.685
646.0	1.8878920004129924	40.261
646.5	1.6858213115739173	60.687
647.0	1.7673168062558444	20.146
647.5	2.0522723578193887	83.282
648.0	1.17330076848314	121.03
648.5	2.185670293385091	89.645
649.0	2.288945594478958	81.139
649.5	1.589715172324111	50.374
650.0	1.838424454836836	60.534
650.5	1.8198803629564324	40.187
651.0	2.006791499342099	60.484
651.5	2.3982077116010303	20.001
652.0	0.812731626316569	90.7
652.5	1.9458936315369204	20.184
653.0	2.0484621227184734	70.444
653.5	1.61996222739244	11.825
654.0	1.3965153691017391	60.29
654.5	1.6243272758661589	43.787
655.0	1.976115239166168	93.277
655.5	1.7479481122184946	44.169
656.0	1.3413211931677003	62.57
656.5	1.9907212404143177	90.563
657.0	1.5863760209729159	61.076
657.5	2.467942993049722	72.557
658.0	1.6599923598491422	40.24
658.5	2.3933218799375013	12.001
659.0	1.5961431813319598	50.405
659.5	2.0053342615939678	50.281
660.0	1.3274423368702257	42.88
660.5	1.8309037260806797	140.961
661.0	2.1202686282399807	123.665
661.5	1.4989359115638734	38.409
662.0	1.2898415395454963	50.381
662.5	2.5206222912572636	35.145
663.0	2.006582863747525	13.137
663.5	1.3879060895203317	54.356
664.0	1.9249517357508228	80.558
664.5	2.4598156430359537	42.016
665.0	1.496674690017593	90.317
665.5	2.3627925998698798	34.555
666.0	1.5681768119957458	30.216
666.5	1.278101265702291	130.876
667.0	2.2222393599260832	43.706
667.5	1.7934741128369611	80.551
668.0	1.6710511200960831	33.764
668.5	2.148091929866105	30.347
669.0	1.591132448616375	53.57
669.5	1.4013294497601636	44.397
670.0	1.5044992558456562	16.217
670.5	1.9651585065306518	60.344
671.0	2.0404138780012073	50.454
671.5	1.551822282704364	60.495
672.0	2.111393996316086	100.574
672.5	1.9121608513541104	120.896
673.0	1.7832915252551471	80.699
673.5	1.5283507903901075	20.212
674.0	2.293116528288373	23.613
674.5	1.9154937666635972	33.115
675.0	1.8629397861526888	70.455
675.5	1.3970421469679424	30.205
676.0	1.7961031273724504	80.399
676.5	1.8217526356646692	55.601
677.0	2.121762321644969	98.703
677.5	1.1106952490708344	24.807
678.0	2.3161079652271037	171.736
678.5	1.9981294083173853	50.787
679.0	2.0093119875123904	90.743
679.5	1.0938171495139317	35.063
680.0	1.9455282240491034	52.302
680.5	1.8384296385296628	87.234
681.0	2.4448520890755985	40.357
681.5	1.9877998399421788	43.507
682.0	2.1664002046213597	90.521
682.5	2.2312478936343636	30.235
683.0	2.074589534085533	11.827
683.5	1.4795838552846114	72.695
684.0	1.9010692107842073	40.343
684.5	2.309874668715777	81.336
685.0	1.156658441411149	131.074
685.5	1.719140054234402	40.261
686.0	1.9247316063081057	70.119
686.5	1.9314225771367253	80.646
687.0	1.461275863789348	53.51
687.5	1.9910775801047407	80.403
688.0	1.7295450574027638	60.5
688.5	1.6319533522194771	12.386
689.0	1.9709447399575764	60.561
689.5	1.6041089728792433	51.808
690.0	2.2412560190593167	30.156
690.5	1.4124921204626122	30.201
691.0	1.0774262283358795	109.282
691.5	1.7874892298060239	120.718
692.0	1.8983785382201945	40.214
692.5	1.9587152249287656	33.436
693.0	1.8220504998889595	60.641
693.5	1.5680476382448194	70.58
694.0	2.2677547387564356	30.245
694.5	2.4870651198185785	13.781
695.0	1.1279605938431254	30.215
695.5	1.8564659630764933	13.263
696.0	1.4805613976358059	63.486
696.5	1.7540086732431976	127.525
697.0	1.2306621139169103	80.61
697.5	2.327162378689774	89.17
698.0	2.0263129003052294	40.322
698.5	1.3711902743066786	52.006
699.0	1.0150456421860798	82.809
699.5	2.2082141340796535	70.894
700.0	1.7076421793706238	58.604
700.5	2.2273464525567173	81.838
701.0	1.6335760973385471	80.544
701.5	2.501941221052206	64.255
702.0	1.7276345219496683	40.316
702.5	1.9133364188765345	32.395
703.0	1.6606082596943843	90.594
703.5	2.044606161482779	100.74
704.0	1.7245756371700438	40.243
704.5	1.8168397617902532	129.753
705.0	1.5566323335974444	70.288
705.5	2.3587391080192925	21.984
706.0	1.8029570854720924	40.34
706.5	1.9734609934676552	33.989
707.0	1.4530020328717383	42.604
707.5	1.9845645679128345	90.545
708.0	2.0599182745047555	70.897
708.5	1.794745351907873	55.527
709.0	1.7683580167049748	60.378
709.5	1.616495713890517	110.627
710.0	2.187541039500544	75.917
710.5	1.4924178715580716	30.26
711.0	1.529277122440949	87.681
711.5	2.082845230235795	20.041
712.0	1.399057641861681	90.659
712.5	1.4414694944429176	80.577
713.0	1.434899090548783	11.371
713.5	1.5930068646224806	88.133
714.0	2.1920968042671913	16.27
714.5	1.5623966091520347	86.242
715.0	1.9244131373409608	63.525
715.5	2.6096909173493623	16.418
716.0	1.7153129471877013	16.434
716.5	1.337482042403568	55.502
717.0	1.3882767856869784	43.157
717.5	1.7044146967706717	80.594
718.0	2.358229229975319	20.19
718.5	1.124197459090062	40.299
719.0	1.7640686089222037	60.288
719.5	2.1700079542327426	125.196
720.0	1.7162993571929708	13.029
720.5	1.8605626151739374	103.659
721.0	1.6363432365294208	182.833
721.5	2.273029642271891	40.236
722.0	2.02543350082786	44.261
722.5	1.638311317348187	70.472
723.0	2.0800660387094885	20.113
723.5	1.8538062284012222	50.344
724.0	2.223067985100845	17.221
724.5	1.8704039256373628	64.109
725.0	1.8555470902946622	80.55
725.5	1.6225185541178442	98.169
726.0	1.8367056817123604	92.774
726.5	1.5171441881457022	14.794
727.0	2.2071333411053105	55.049
727.5	2.045546596745963	41.787
728.0	2.187473061205895	80.484
728.5	1.731920050926101	19.969
729.0	1.5215638084949843	85.825
729.5	1.6581620986394878	90.752
730.0	2.0014745477350764	110.708
730.5	1.25532291291906	18.594
731.0	1.7424195289023978	76.302
731.5	2.208075521899719	111.231
732.0	2.335335078071932	70.502
732.5	1.2347264909068572	80.574
733.0	1.9059714968777894	148.567
733.5	1.4393370398327308	40.613
734.0	2.261780830018176	75.237
734.5	1.3885655870354936	60.77
735.0	1.8670806577185346	66.2
735.5	2.624173801903096	39.091
736.0	1.5670394333214945	66.377
736.5	1.8460109159093931	110.838
737.0	1.8226638004639812	16.044
737.5	1.8915355147244102	100.74
738.0	1.6225449538203234	60.629
738.5	1.564055389003499	70.572
739.0	1.8380543737039783	70.235
739.5	2.194340646369237	14.929
740.0	1.7047441020395895	42.179
740.5	1.304736927746456	62.841
741.0	2.506363439523068	70.628
741.5	2.128358439578722	20.165
742.0	1.7664050291450164	95.297
742.5	1.926544267457629	20.487
743.0	1.9953553335982315	50.285
743.5	2.1298967462389595	70.434
744.0	1.3595991731675505	85.418
744.5	1.5302388805108333	110.795
745.0	1.890702045119129	108.509
745.5	1.4937810880430336	40.241
746.0	1.6213782709554383	64.569
746.5	1.1575999177288745	90.685
747.0	2.2174504136180486	180.358
747.5	1.793083730883232	40.195
748.0	1.6343780045216496	20.203
748.5	1.9551656976848912	70.431
749.0	1.4963059143272084	38.54
749.5	2.1485058581484497	100.714
750.0	1.8552179569420797	74.255
750.5	1.669141958033253	92.209
751.0	2.0214201520870714	17.952
751.5	2.323925976911364	65.584
752.0	1.4301387610450036	26.606
752.5	2.3618032456166476	32.842
753.0	1.5839623995635699	35.844
753.5	0.17827611301095458	15.205
754.0	7.517355213022877	50.63
754.5	2.0670357111225512	19.713
755.0	1.8918937905450872	100.374
755.5	1.842338833527821	50.416
756.0	1.5011853959924457	90.535
756.5	1.9048294838384567	90.789
757.0	2.465389539030909	33.964
757.5	2.3753215844937263	30.18
758.0	1.9514166184110138	52.96
758.5	2.11684418285024	101.169
759.0	2.359461542781768	90.684
759.5	1.4331346226796267	125.194
760.0	1.4462420292357283	121.133
760.5	1.657682407364412	20.189
761.0	1.6705171346716314	41.775
761.5	1.9887802447958844	58.543
762.0	1.2720285880574251	62.666
762.5	1.7882684183583892	70.435
763.0	2.1529795561183387	100.775
763.5	1.7670626291393026	50.409
764.0	1.3497729861784817	100.924
764.5	1.6752279492329458	70.509
765.0	2.1036987169326293	32.4
765.5	1.585428411108276	90.732
766.0	1.7737090862132208	110.733
766.5	1.4627766037617598	58.195
767.0	1.836498546780319	110.827
767.5	1.5609462323933943	20.144
768.0	1.6492411561098228	50.28
768.5	1.8250262715779226	20.35
769.0	1.575778289763937	67.242
769.5	1.9225963275306355	80.585
770.0	2.0080084716936284	146.138
770.5	1.6184845249902975	14.24
771.0	2.238397374780106	70.457
771.5	1.5883603581086174	130.897
772.0	1.30990235437044	90.025
772.5	2.402741311841793	66.282
773.0	1.9951698587571898	161.223
773.5	1.8433399393373435	50.26
774.0	2.4834338898737984	20.207
774.5	1.817556547116305	14.732
775.0	2.0977319217023322	153.855
775.5	1.5262274999654553	22.675
776.0	1.5006958865677884	49.868
776.5	1.9285360253478687	34.76
777.0	1.914222832363111	70.468
777.5	1.3356730764084421	130.856
778.0	2.141824432259454	14.179
778.5	2.4346362942306343	70.644
779.0	1.7375476990039036	80.947
779.5	1.581691312218979	30.208
780.0	2.491991179563336	20.076
780.5	1.7509707912599666	12.901
781.0	1.9888871799149903	101.985
781.5	1.9683233000906208	19.758
782.0	2.146229299787572	36.035
782.5	1.7656692371871674	11.276
783.0	1.9631210000503312	90.633
783.5	2.231553551079258	64.922
784.0	1.7365165353258432	40.345
784.5	1.6409072636065543	41.163
785.0	1.8574659868902512	63.93
785.5	1.7578229558113068	90.647
786.0	2.020753527420709	120.789
786.5	2.2587726618017716	40.283
787.0	1.6144063824782093	12.768
787.5	1.723004793522284	95.116
788.0	2.2256447355947446	32.413
788.5	1.8328243197456056	30.175
789.0	1.4194110035477392	275.818
789.5	1.8009908318412073	80.589
790.0	1.6390641233872398	75.646
790.5	1.7001246357801996	80.652
791.0	1.7569081643125217	90.897
791.5	2.295666547358475	60.676
792.0	1.5535681653847222	66.211
792.5	2.384651908370237	80.37
793.0	1.0409529015010064	100.776
793.5	1.9276211119694544	12.295
794.0	1.778389735313227	65.003
794.5	2.2111794554399933	54.81
795.0	1.4371354703392458	70.386
795.5	1.5232305059233746	20.176
796.0	2.3217567952012836	55.245
796.5	1.7330370236000772	20.211
797.0	1.6176608164452824	91.704
797.5	1.6872546562509867	37.181
798.0	2.061870006360791	90.417
798.5	1.6613271937674494	76.777
799.0	1.3929555810220184	23.433
799.5	2.1170039575695583	60.159
800.0	2.672572648236087	20.127
800.5	1.668856148562053	66.838
801.0	2.182945164172071	50.232
801.5	1.5614090685483162	70.503
802.0	1.8565560065589473	112.823
802.5	1.4806826971596492	60.433
803.0	1.875466746483124	12.92
803.5	2.0436414946637496	100.467
804.0	1.9569207561651458	15.877
804.5	1.6234583441066806	50.391
805.0	1.5420938312920554	72.91
805.5	1.9719691890775692	12.715
806.0	2.331115993357617	50.243
806.5	1.740090221144973	90.681
807.0	2.0428299689043996	42.328
807.5	1.8558383923162163	78.328
808.0	2.379500703592242	80.524
808.5	1.4681500472298519	62.151
809.0	1.461428406267085	110.889
809.5	2.2188858765336916	16.208
810.0	2.2681024243175725	19.457
810.5	1.1344604853578966	35.353
811.0	1.2422352902795941	80.449
811.5	2.3218002973225036	70.816
812.0	2.0114296122354016	90.458
812.5	1.6064558303841932	70.558
813.0	1.557928534139481	110.667
813.5	2.142949125098442	80.547
814.0	1.8795587835528609	34.47
814.5	1.5366175621711444	60.431
815.0	2.1082219667760675	70.017
815.5	2.1162566870719113	120.956
816.0	1.9432347487597614	20.535
816.5	1.5774235948257982	99.855
817.0	1.774998066491592	24.206
817.5	1.8464718021314395	30.223
818.0	2.6000404304273537	45.574
818.5	1.4911813229771598	32.977
819.0	2.114532194114312	20.07
819.5	1.8472287994648855	24.356
820.0	2.0415259051800705	32.857
820.5	1.6530226041882659	56.099
821.0	1.6792683563210493	60.308
821.5	2.3492670624746834	121.269
822.0	2.001829370645577	70.255
822.5	1.9621821988376713	20.124
823.0	1.8007132915489605	100.834
823.5	2.2426826387192973	70.516
824.0	1.7788883645391815	100.669
824.5	1.5007349542201585	80.54
825.0	1.688543805613294	90.597
825.5	1.837023691643285	80.666
826.0	2.082817360088916	130.785
826.5	1.1251652799487013	30.148
827.0	1.7578272839963698	110.855
827.5	2.155243586374175	100.683
828.0	2.1440248428820188	70.604
828.5	1.221128559092301	60.296
829.0	1.9079534290077482	80.431
829.5	1.8387311157567825	90.463
830.0	1.9118539266760703	62.898
830.5	1.517599613815848	60.495
831.0	1.7561294532543985	80.502
831.5	2.652286948699916	12.394
832.0	1.6219269530531875	14.023
832.5	1.4436413223473015	71.783
833.0	1.8090940881641462	95.776
833.5	1.7724808820640081	13.497
834.0	1.500962824114753	50.483
834.5	2.143285684672624	70.466
835.0	1.6848807802099426	50.376
835.5	1.6981297601188847	11.424
836.0	1.7183541411124255	32.282
836.5	1.468343382836244	121.16
837.0	2.0369793346998026	60.446
837.5	1.6620254976683555	81.485
838.0	1.2763936506314073	110.938
838.5	1.7658904991827094	61.63
839.0	2.47230465562175	60.402
839.5	1.5174251903288154	41.399
840.0	1.4474531405302125	171.905
840.5	1.831899257485182	90.678
841.0	1.6962005853050186	141.13
841.5	1.7219849315459732	40.587
842.0	1.591538747522651	44.621
842.5	2.0337644033718063	70.556
843.0	1.905300477113269	110.777
843.5	1.9778258274694653	100.744
844.0	1.525122948107767	12.082
844.5	2.395903056117723	121.38
845.0	1.7169749063200006	52.207
845.5	2.014023112605686	70.264
846.0	0.9658809774446572	130.914
846.5	1.9045857784634617	55.438
847.0	2.4961260987015077	123.386
847.5	2.4673824274108798	80.4
848.0	1.6103155400545632	115.754
848.5	1.5985388008165695	90.689
849.0	1.973350132919305	51.435
849.5	2.416546233614352	11.837
850.0	1.1791718722732392	139.02
850.5	2.2055364523456085	70.615
851.0	2.2044018787624426	20.046
851.5	2.2365888611061293	120.796
852.0	1.510575777462197	100.681
852.5	1.6644648454788298	120.542
853.0	1.5152874625339074	12.614
853.5	1.3388011744747292	83.083
854.0	1.3914891755597691	40.453
854.5	1.918949791177044	103.939
855.0	2.080473288462095	60.493
855.5	1.5567019836005886	60.659
856.0	1.73884404873612	155.012
856.5	1.9720145063492822	75.881
857.0	1.2209270241213128	105.197
857.5	1.3106636594034726	60.394
858.0	1.5870304035266114	50.856
858.5	1.492465988556315	15.261
859.0	1.7547983960249671	80.737
859.5	1.592892037683285	70.415
860.0	1.9283143911725904	203.309
860.5	1.9820259227936925	80.739
861.0	1.8424949938213173	132.428
861.5	1.6608649452043953	212.376
862.0	1.5996086307470225	110.612
862.5	1.4460958238888142	96.451
863.0	1.6214181559005556	16.651
863.5	1.5002273830834838	50.456
864.0	1.6320272172442432	90.683
864.5	1.9004419129268237	81.205
865.0	1.8974116083815755	120.854
865.5	1.9496507213883374	42.846
866.0	1.8599605891115127	100.63
866.5	1.8104045163505424	20.217
867.0	1.47191332220156	53.149
867.5	1.0784523347627344	105.177
868.0	2.026631999932104	20.167
868.5	1.7001290420542021	20.334
869.0	1.2575262089958126	50.395
869.5	1.6959793203744864	50.418
870.0	1.8718036477977158	60.715
870.5	1.3440647425531806	35.319
871.0	0.9737024765898707	25.963
871.5	2.5461055964752815	20.146
872.0	1.5405072392712211	52.769
872.5	1.9384455816819552	50.374
873.0	1.1401633587864648	30.194
873.5	2.0792259910327764	30.23
874.0	1.1645655109375737	50.362
874.5	1.7947578431843663	72.989
875.0	1.2085663338021002	90.562
875.5	2.003181782131328	50.411
876.0	1.8282433689759465	14.038
876.5	1.540059509851476	100.668
877.0	2.012352502685618	12.655
877.5	1.4658717873214586	15.541
878.0	1.7389716208754809	161.204
878.5	1.3669689753838288	252.623
879.0	1.880861335767679	60.433
879.5	1.3279266123372846	53.554
880.0	2.4294795381281915	123.094
880.5	1.8821440389409658	12.616
881.0	1.614195418886037	13.545
881.5	1.6075505943395914	60.473
882.0	2.1313190875003607	25.618
882.5	1.159446853658183	141.266
883.0	2.7269367243606286	13.846
883.5	1.4915754856275012	42.18
884.0	2.333833154226715	50.421
884.5	1.2630430987836392	50.931
885.0	1.6849922364697707	85.227
885.5	2.490748518990234	79.57
886.0	2.066727949276069	30.051
886.5	1.4739975331867323	50.003
887.0	1.8236369654062263	22.897
887.5	2.0867047860979486	70.669
888.0	1.7848472854635677	19.971
888.5	1.194028147477187	50.296
889.0	1.5957932669892534	33.136
889.5	1.2748256934795414	20.24
890.0	2.209803809459043	141.098
890.5	1.1190924018390824	53.814
891.0	1.4163610476084247	90.467
891.5	2.3964564505055246	30.212
892.0	1.5304478157809696	125.6
892.5	1.98819651645636	70.7
893.0	1.923851629376094	50.325
893.5	0.07219046117378877	172.64
894.0	0.15073327957285743	172.64
894.5	1.6719957140449795	40.393
895.0	0.9852257136841263	100.647
895.5	0.943613894301308	33.702
896.0	0.7330885331809444	50.389
896.5	0.8554610918744767	65.121
897.0	0.9035025376227558	40.324
897.5	1.0451790920810808	110.775
898.0	0.8065864693105219	20.243
898.5	0.6287269077336668	90.673
899.0	0.7677267933126263	50.299
899.5	1.2474062234217722	40.382
900.0	0.712989286845121	50.349
900.5	0.7939799495450565	20.203
901.0	0.812312910606545	63.502
901.5	0.7528653931074116	19.754
902.0	0.9968462967054202	16.415
902.5	0.15495998413426848	39.421
903.0	6.9385942153678855	50.57
903.5	0.895359958271134	63.107
904.0	0.1362325391037729	17.829
904.5	7.353246562989015	150.86
905.0	0.9007069221708612	100.53
905.5	0.12450708954558659	20.417
906.0	5.299771967683566	100.761
906.5	0.6587034071655347	65.786
907.0	0.175779154464191	23.236
907.5	2.627965390117059	21.699
908.0	4.745755029537308	28.875
908.5	3.360778911814227	30.206
909.0	1.4485981932524203	43.948
909.5	2.906363297922138	110.818
910.0	1.73065455852003	53.437
910.5	1.8491558247414486	130.849
911.0	1.5148516704198185	48.859
911.5	3.1336869299861307	71.075
912.0	2.2554834299767403	22.496
912.5	1.868651536541976	25.154
913.0	1.244288350304114	81.485
913.5	1.7810048194141062	26.384
914.0	4.306720103378162	18.974
914.5	0.08746304798102689	34.545
915.0	3.450888193572936	19.123
915.5	0.7274884309136155	43.239
916.0	1.153353579179162	24.458
916.5	0.6116212386433434	50.634
917.0	3.942256415102679	70.704
917.5	1.4820384304915026	130.829
918.0	2.1012006185816072	70.423
918.5	2.157265766426428	36.995
919.0	0.7645750893976978	20.802
919.5	2.1949816731241305	145.591
920.0	2.479102438914845	19.954
920.5	1.8682270893518023	120.904
921.0	1.9504157320010849	42.422
921.5	0.952298520442682	113.987
922.0	3.18452932351156	50.309
922.5	1.7460493952962286	70.581
923.0	0.790442300048878	152.211
923.5	4.036103351969963	61.646
924.0	1.599229002648577	39.11
924.5	2.3079560682240996	40.135
925.0	1.6969770543805132	36.132
925.5	3.146118981369411	18.992
926.0	1.5845433474129633	78.95
926.5	0.436632055006356	19.604
927.0	4.7840914905577945	70.434
927.5	2.2320751975383724	81.76
928.0	2.1613428578364973	48.994
928.5	2.8361184884304467	108.645
929.0	1.1198013364248998	91.106
929.5	1.8351620360968497	120.837
930.0	1.812981011366354	70.558
930.5	2.3347772012943437	70.392
931.0	1.6384535640214675	80.445
931.5	1.67359157790069	130.785
932.0	2.3455279972925553	20.202
932.5	0.1094729247313789	67.993
933.0	2.0197559646603738	43.488
933.5	2.637844624425235	39.129
934.0	1.2664511921523707	20.128
934.5	4.136864351001906	40.21
935.0	1.4594584445139862	80.358
935.5	2.2411159528582827	80.467
936.0	1.8505483122299704	52.771
936.5	0.9707775439702664	43.72
937.0	3.6677879904825055	80.528
937.5	1.9307045914704437	30.224
938.0	0.4729766022518688	24.711
938.5	3.89270229857287	50.432
939.0	1.4132705290492433	25.274
939.5	2.5559378825253756	20.172
940.0	1.5809655856651526	90.617
940.5	1.6723584837797631	40.163
941.0	2.3074065069772116	97.962
941.5	2.111923386913271	50.627
942.0	1.5711288201479001	74.464
942.5	1.98195709976226	40.18
943.0	1.298426499546344	60.476
943.5	1.410068096557703	128.462
944.0	2.740540202649548	30.192
944.5	1.9968438569131783	43.094
945.0	1.9398841611614863	21.958
945.5	0.5498667506178507	45.036
946.0	3.8048667019676974	72.359
946.5	1.9872124709013617	31.276
947.0	0.590464378768499	106.832
947.5	3.350261887405039	89.462
948.0	2.284574184587885	120.445
948.5	1.2497423156139915	40.008
949.0	2.2430985938158434	50.811
949.5	0.7457169599576695	19.515
950.0	4.452119016657391	39.192
950.5	1.413814272931346	50.385
951.0	1.8320438218198343	30.302
951.5	1.6650556991226322	102.809
952.0	1.8662819067179546	30.195
952.5	1.602371977444061	80.67
953.0	1.5674399928578648	100.864
953.5	1.6753707367132982	22.483
954.0	1.6589474003289517	60.568
954.5	1.3955616058035059	90.493
955.0	1.9767649982552709	30.925
955.5	2.402496082494048	60.474
956.0	2.014357361370781	19.003
956.5	0.3846274653625613	20.679
957.0	2.947839285420448	30.326
957.5	1.9024536775731518	90.426
958.0	1.3674065431671896	89.41
958.5	1.5045246308751514	40.315
959.0	1.8816942817280888	22.898
959.5	2.4873280414829004	80.678
960.0	0.9818133958901242	130.916
960.5	2.196130177527229	19.258
961.0	2.0981060963115197	95.402
961.5	2.412734483074948	41.741
962.0	0.9407147146195898	20.474
962.5	1.746641564764725	130.736
963.0	2.299837801994441	39.633
963.5	2.1835138684148414	38.969
964.0	1.0422124427179786	50.4
964.5	2.0232436705318215	81.939
965.0	1.7327722675388428	50.367
965.5	1.972561502857957	120.765
966.0	1.5553925706640617	20.414
966.5	1.8040599543901021	67.292
967.0	2.480528047031763	30.191
967.5	2.5543491407174295	130.891
968.0	0.9886446342946805	80.454
968.5	2.0346725599684774	60.612
969.0	1.453528133537404	80.579
969.5	2.716081085939153	29.658
970.0	0.8502749717907133	80.626
970.5	2.050961299666248	50.24
971.0	2.110205732078215	103.666
971.5	1.8303302238778218	50.485
972.0	1.397588649734733	114.869
972.5	1.5912674861986833	49.272
973.0	1.6425902979233533	131.763
973.5	1.8429206569900694	30.223
974.0	1.3384467693951263	31.467
974.5	3.9067969598935726	21.098
975.0	1.863137208152044	80.762
975.5	1.5780125156491847	60.639
976.0	1.661612471440013	60.575
976.5	2.043937800475352	50.42
977.0	0.9009145135434049	41.1
977.5	3.0695948552506866	60.385
978.0	2.2205356145232367	100.611
978.5	1.2581495363663577	24.532
979.0	4.529045560114994	212.056
979.5	1.5796204765334234	619.207
980.0	9.818682807906006	41.334
980.5	1.9999157112262727	90.911
981.0	1.2269525617096497	20.349
981.5	1.576164472394792	110.717
982.0	1.9455591266398544	19.097
982.5	1.8037911127554842	23.235
983.0	1.2769600369227199	45.661
983.5	1.57482398421553	30.229
984.0	1.2868070282103223	100.706
984.5	2.0525951948303156	90.65
985.0	0.793157307823162	101.883
985.5	4.239795866207682	105.059
986.0	1.5595562971658794	80.549
986.5	1.6116814947890616	60.336
987.0	1.3359340316326505	100.65
987.5	2.0527423678691976	71.121
988.0	1.9378652903077813	90.585
988.5	1.3172653933084526	85.966
989.0	2.368227584507238	23.595
989.5	2.027064958137621	41.324
990.0	1.8724475885831895	122.21
990.5	1.7656477248935378	91.24
991.0	2.0322395633488317	110.813
991.5	1.7469484577428922	70.429
992.0	1.6132509185448118	90.612
992.5	1.799760827438081	91.704
993.0	2.004482970295837	40.219
993.5	2.0411035797457333	130.819
994.0	2.298357399308418	30.222
994.5	1.8638642479259486	21.542
995.0	1.489564081583706	110.665
995.5	1.924236826159859	103.145
996.0	1.8818861518405177	131.024
996.5	1.1881415829763575	80.633
997.0	1.995462360396064	121.844
997.5	0.7869532635272302	50.059
998.0	2.8346122864827477	60.789
998.5	1.7795815872280278	22.767
999.0	2.1371136331934766	30.13
999.5	1.1608462405882376	121.06
1000.0	1.6509037885670592	80.781
