0.5	0.15267573272134494	10.29
1.0	8.452805971626116	50.702
1.5	1.6818466765651683	11.606
2.0	1.9539786625778404	50.239
2.5	1.677946093467347	50.233
3.0	2.235718482194881	80.475
3.5	2.0297445926191946	11.817
4.0	2.1587900852124746	113.067
4.5	1.744550680351058	111.667
5.0	2.0459728472190783	12.174
5.5	2.578646096914973	40.457
6.0	0.40023704237225005	130.276
6.5	3.5335949451162985	80.684
7.0	2.33289736140779	31.935
7.5	2.0174964933468584	80.547
8.0	2.1586996345390865	80.365
8.5	0.9666653161318461	92.209
9.0	3.6141807137195885	60.397
9.5	1.739317621888093	70.163
10.0	1.8249863571965848	80.503
10.5	2.1305123338552603	50.314
11.0	1.854279716266329	110.666
11.5	1.9713876243878374	80.42
12.0	2.4868246900025905	10.809
12.5	1.7645096675548966	84.878
13.0	2.0038376429465505	70.77
13.5	1.6569292877422073	50.452
14.0	2.074474530154672	70.374
14.5	2.2111869579181724	15.378
15.0	2.213534036908153	41.904
15.5	1.8469727049694573	100.601
16.0	2.189406880211101	40.584
16.5	1.72824038910234	9.23
17.0	1.724614350964975	60.471
17.5	1.7670286314933314	20.159
18.0	0.8733225907183593	108.092
18.5	3.7573549259975745	70.445
19.0	0.186221212339265	16.233
19.5	3.4743305585063013	60.298
20.0	0.1797059013016956	139691523781.232
20.5	0.15357839578698365	143.605
21.0	3.481461952061224	120.775
21.5	2.562044832647302	15.512
22.0	1.7790787692427859	50.177
22.5	2.1452187445287834	50.302
23.0	1.6722932484264559	60.477
23.5	1.7435795467847295	20.287
24.0	2.5850827462814796	18.653
24.5	2.5505938565212984	90.847
25.0	1.7263303327881703	14.566
25.5	3.0168347647980642	83.084
26.0	1.9053764065147136	80.502
26.5	2.213110437047487	90.522
27.0	2.2339540059801832	226.182
27.5	1.7337657712461028	14.917
28.0	2.3191746212447604	64.11
28.5	1.9949297164129691	15.693
29.0	2.518013775264847	70.339
29.5	2.1207558332580563	70.221
30.0	2.0267556598177543	41.104
30.5	1.884988788861207	83.127
31.0	1.6107662566226304	50.228
31.5	2.071071145800878	100.469
32.0	1.7984494749733055	70.462
32.5	1.7981629912067596	50.237
33.0	1.9226127781035944	50.204
33.5	1.4180153424691722	45.191
34.0	1.874677959307248	25.694
34.5	1.8743134065931653	110.964
35.0	1.843428931552124	130.751
35.5	2.23305735797701	18.992
36.0	1.6090878954568908	91.066
36.5	1.8856740723661807	90.622
37.0	2.4623027816706795	96.795
37.5	2.2283869012012123	80.497
38.0	1.6007745174332724	70.43
38.5	2.527578470545272	91.02
39.0	2.1259255787254245	34.799
39.5	2.8692614688359654	60.323
40.0	1.3822870067430024	60.411
40.5	1.5582218917470505	100.623
41.0	1.9336662132453166	60.282
41.5	1.6586912440084818	100.689
42.0	1.4844991400241463	86.982
42.5	2.434372742542433	14.09
43.0	2.121624003622631	84.073
43.5	1.5921436025319844	46.598
44.0	1.5923344382239157	13.265
44.5	1.725893453932727	14.241
45.0	1.9646201552117928	100.651
45.5	1.603875196873669	70.392
46.0	2.1463537335436573	80.505
46.5	1.6623464719131182	148.322
47.0	1.9974431430420996	34.328
47.5	1.652386953404465	100.661
48.0	1.7619386920217512	24.548
48.5	2.272041908950257	70.416
49.0	1.7888798974305815	120.875
49.5	1.7396798531929785	20.058
50.0	2.1398005611935753	80.452
50.5	1.9587230398558861	60.442
51.0	2.1491497189684945	50.762
51.5	1.9372204898337964	30.141
52.0	1.9384463581938953	50.313
52.5	1.8392939420606769	40.27
53.0	1.4647724591001843	90.639
53.5	1.9989477586702624	88.962
54.0	1.4804050750524518	90.436
54.5	2.142087097763626	40.524
55.0	1.9412524156519977	80.858
55.5	1.2447367701488938	90.513
56.0	2.1573222585291636	20.352
56.5	1.820772014085557	130.085
57.0	2.478239189663928	42.338
57.5	1.7043638460607278	80.87
58.0	1.7694969997590926	70.326
58.5	2.5267465332351997	70.439
59.0	1.817751230167793	110.617
59.5	2.031976829683068	90.453
60.0	1.4554601918363765	110.68
60.5	2.0833944497344583	70.305
61.0	1.9202530059132725	50.213
61.5	1.5090924955743048	120.814
62.0	2.1150967710985924	76.373
62.5	1.578563256768937	50.392
63.0	2.1110197987289334	90.679
63.5	1.6397329139002286	28.011
64.0	1.9518660625288777	14.34
64.5	1.6738099261327781	20.462
65.0	1.4250857711288194	108.7
65.5	1.7531844846983609	60.336
66.0	2.671413739510364	85.167
66.5	1.0674822940272413	20.137
67.0	2.5000846988593324	50.352
67.5	1.254726797760205	25.219
68.0	1.809786248580131	80.491
68.5	1.2194938425519632	33.781
69.0	1.7493063936704893	70.485
69.5	1.2352725337719355	91.088
70.0	2.1808511047526586	17.977
70.5	2.2118765331571444	22.294
71.0	1.5310589438028468	50.501
71.5	2.3814102094905376	70.42
72.0	1.5739730124042424	27.223
72.5	2.317218982796314	60.41
73.0	1.6769580569007916	83.471
73.5	1.797846738717817	92.301
74.0	1.8553105054957755	120.652
74.5	1.5601747573000893	20.341
75.0	1.932504705207834	60.563
75.5	1.4257818027311782	50.438
76.0	1.545862849070544	90.481
76.5	2.7057732898749505	80.496
77.0	1.4512149982311995	120.69
77.5	1.6213066830989027	100.747
78.0	2.0582129040000274	97.09
78.5	1.6183210522990301	104.166
79.0	2.0408825336273524	87.029
79.5	1.6858406973466336	110.699
80.0	1.6575702233860128	128.444
80.5	1.6620795231460501	64.945
81.0	1.3129935326714541	87.252
81.5	1.8494061111909705	40.253
82.0	2.3526269448100865	23.068
82.5	1.7515193710639723	150.835
83.0	1.9655502762987358	70.347
83.5	2.452539730431939	20.135
84.0	1.7546269606013967	90.531
84.5	1.4463521796909977	90.574
85.0	1.2587862351567238	90.676
85.5	1.5835319391540998	26.324
86.0	1.9030663265605912	50.176
86.5	1.7157493861186934	16.626
87.0	1.7009822427005408	77.901
87.5	2.6704327531245986	40.217
88.0	1.6991175834641619	38.938
88.5	2.0950999136102495	50.107
89.0	2.009275665943334	20.219
89.5	1.5935635825180932	50.249
90.0	1.4269658002287344	70.46
90.5	1.86018015981633	66.764
91.0	1.6108706111225344	60.266
91.5	2.5603731938080405	40.228
92.0	1.7152530551063045	120.726
92.5	2.2559891689418605	80.67
93.0	2.2905843281901173	80.331
93.5	1.5679299514768923	120.762
94.0	2.037587664380525	50.207
94.5	2.0457899028132296	19.953
95.0	1.113361996776226	60.252
95.5	2.143997113451158	161.835
96.0	1.3485479922504304	50.346
96.5	2.1547456625226866	60.218
97.0	1.1619800986540332	98.683
97.5	1.9466768952853966	40.469
98.0	1.5686756297607374	130.665
98.5	1.8788967560064418	113.922
99.0	1.0840727596567143	100.527
99.5	2.2897010183117033	60.435
100.0	1.0318551682665635	150.669
100.5	2.4612408920800766	90.645
101.0	1.852757011685791	26.434
101.5	2.068155194170272	130.791
102.0	2.4311868054840104	60.385
102.5	2.100886736588913	33.78
103.0	1.7905785266590928	20.132
103.5	2.5291972238087563	109.616
104.0	1.837504812038797	130.817
104.5	1.9355784927856068	20.259
105.0	0.6640980537728942	16.482
105.5	1.8062810475326925	130.749
106.0	1.77282700692283	92.135
106.5	1.6357465770085453	90.695
107.0	1.2645641615376646	150.828
107.5	1.9378627230601566	50.506
108.0	1.8096131640551483	124.841
108.5	1.5335586422420244	91.458
109.0	1.9080096374063342	40.255
109.5	2.002050796145985	50.274
110.0	1.8364373574253843	19.433
110.5	2.344371202885538	30.209
111.0	1.7916026865435186	50.324
111.5	2.129140346567463	70.358
112.0	1.9162485003566163	16.976
112.5	1.9551722267739975	110.739
113.0	2.0525274893945675	13.342
113.5	1.8889417275204003	18.09
114.0	1.782615879202585	140.727
114.5	1.5521785723662973	26.361
115.0	1.8925506700107697	83.822
115.5	1.8437650025560839	97.028
116.0	2.146932463160313	25.629
116.5	1.5574324296116182	50.414
117.0	2.127306712655304	50.223
117.5	1.6983175738597074	70.574
118.0	2.27983769001004	85.674
118.5	1.979617532367073	70.475
119.0	2.0013178689001347	40.111
119.5	2.0101184527922658	93.238
120.0	1.7639464758492909	80.584
120.5	1.2744537819000015	99.002
121.0	1.8311122902095731	27.569
121.5	1.6183213245515815	60.376
122.0	1.7048291352866087	15.805
122.5	1.8777851582708291	35.167
123.0	1.7630483123983753	14.75
123.5	1.9534081090186894	75.672
124.0	1.8765185492308047	50.416
124.5	1.706222760560703	60.335
125.0	2.0884624209696088	50.417
125.5	1.974947661762138	20.446
126.0	2.0797421250642976	90.652
126.5	1.2377036709295197	90.585
127.0	2.147516124175886	50.234
127.5	2.420500314797718	91.814
128.0	1.3428854318374182	120.779
128.5	1.5733061057222286	80.436
129.0	2.387406289763393	70.38
129.5	1.5677688253123199	130.839
130.0	1.8981310893813357	40.236
130.5	1.5961471613153786	80.623
131.0	1.9742645213328045	120.821
131.5	1.99262560231872	70.733
132.0	1.5854774129763474	50.331
132.5	2.4755212361942602	40.124
133.0	2.052200908848453	80.446
133.5	1.5354417300952312	110.687
134.0	2.0129412802065625	14.475
134.5	1.9077323230917778	60.091
135.0	1.7025594258841605	65.196
135.5	1.802557418031409	27.002
136.0	1.5080391116603165	69.55
136.5	1.9210912418774269	35.78
137.0	2.200823988499493	24.643
137.5	1.8906468179823654	91.616
138.0	2.0772114567227318	153.403
138.5	2.070468358751249	20.133
139.0	1.645180222244195	60.464
139.5	2.3381021500169767	15.708
140.0	1.94331152658757	201.803
140.5	1.929635039128234	71.604
141.0	1.7972071754942074	272.22
141.5	1.4596659317741494	333.21
142.0	1.803618294175817	511.603
142.5	0.985469985834212	493.212
143.0	1.3952930249584696	16.095
143.5	1.9856354646903585	24.565
144.0	2.290051647884955	60.432
144.5	1.601483547460147	38.12
145.0	1.6414208943248862	100.665
145.5	2.1290039186034724	70.619
146.0	1.3498201876854652	120.799
146.5	1.8819696017254244	80.745
147.0	1.9126367784444642	90.626
147.5	2.1931684281910644	90.75
148.0	2.3174508092445163	80.624
148.5	2.5241523330698783	40.192
149.0	2.1230586389138235	80.482
149.5	2.561701756561605	44.337
150.0	1.1449562670469249	60.428
150.5	1.983030965880305	14.77
151.0	2.014252298935418	88.039
151.5	2.087733286750672	130.382
152.0	1.61244117153749	80.67
152.5	2.1331857352972037	40.188
153.0	2.025489880973656	70.235
153.5	2.2831318694876725	88.591
154.0	1.247435231122687	120.786
154.5	2.01339154135087	87.665
155.0	1.9847578253829306	151.129
155.5	1.6579159893074575	80.319
156.0	2.042274806571108	82.379
156.5	1.3851963917019254	90.551
157.0	2.302755094683583	90.553
157.5	2.623086008150324	42.103
158.0	1.349539576415982	97.213
158.5	2.140933476253873	16.538
159.0	1.7418087552944974	130.848
159.5	2.851157121509583	50.438
160.0	1.3511842497176019	28.047
160.5	1.523370692750094	18.654
161.0	2.7060678207067705	80.811
161.5	1.4903089273558983	40.21
162.0	1.496594798839387	13.697
162.5	2.1207159156015	45.95
163.0	1.5943440173188308	50.192
163.5	2.075095588796552	84.932
164.0	1.4205238744092872	60.307
164.5	1.500869546878053	70.414
165.0	2.327418247236016	18.588
165.5	1.6704999360395307	25.767
166.0	1.780663692291228	70.288
166.5	2.260791885954456	60.309
167.0	1.4980690256874012	40.431
167.5	1.697740509349096	90.672
168.0	1.9904405830065866	120.631
168.5	2.0400462636700314	65.163
169.0	1.5901812774343855	100.712
169.5	1.7993565500761877	60.331
170.0	2.0637229994706705	100.077
170.5	1.8614854424163805	80.431
171.0	1.7437964510237776	13.96
171.5	1.8952893871322414	50.325
172.0	2.1977933982559557	90.507
172.5	1.7513999010379278	120.749
173.0	1.6732460329377412	101.435
173.5	1.4541160795424435	20.068
174.0	1.8292119015638735	40.136
174.5	1.7057750848394329	20.211
175.0	1.9937577582737158	30.325
175.5	1.5531872848231947	40.185
176.0	1.6826226731127207	80.386
176.5	1.831028940045911	138.753
177.0	2.3018063527927923	60.017
177.5	1.7610125209689915	50.372
178.0	1.7308628054498991	76.586
178.5	2.1205338907374145	58.386
179.0	2.0723795062475685	33.049
179.5	1.6471014040162593	61.156
180.0	1.6246728725190491	20.137
180.5	2.3076993420873024	60.153
181.0	1.468688097185979	80.499
181.5	1.8430247080759434	66.2
182.0	2.3035953810362413	107.597
182.5	1.8628902429256022	151.034
183.0	1.7491114742627956	50.347
183.5	0.7986812720347045	315.999
184.0	0.6590290558697656	781.765
184.5	2.342988272676892	90.529
185.0	2.0966752536005684	70.862
185.5	1.7576690828456258	110.686
186.0	1.7361939393051706	19.469
186.5	1.694860886813359	97.548
187.0	2.1044047838845583	100.618
187.5	1.837139202824311	70.383
188.0	1.753568484533267	71.837
188.5	1.785887841163403	130.747
189.0	1.9600571098770911	96.742
189.5	1.727143954982296	59.695
190.0	2.2022672913106995	50.345
190.5	2.008669395960346	50.327
191.0	1.7251944495675513	151.006
191.5	2.061929045482287	136.622
192.0	1.9388895653886633	100.801
192.5	2.234520247462778	45.52
193.0	1.6008629507312695	50.283
193.5	1.8204666778803185	70.436
194.0	1.5927256349097427	131.023
194.5	1.7786243328321478	95.7
195.0	1.957298429172256	30.245
195.5	1.706146728390607	70.375
196.0	1.951589490948224	90.915
196.5	2.0416188910810695	84.498
197.0	1.6596239496851883	60.219
197.5	2.02958437402369	91.685
198.0	1.8488608093833658	120.929
198.5	1.7187615237614318	16.756
199.0	2.0881824782833074	13.97
199.5	1.9463870595796255	25.045
200.0	1.7482870775612558	50.213
200.5	2.0453858754549925	30.274
201.0	1.6961072395039554	80.546
201.5	1.862740505155764	80.459
202.0	1.637985331720872	50.208
202.5	1.56908255752265	120.953
203.0	2.1578268292283607	70.358
203.5	2.1355326077469723	76.827
204.0	1.4593579107691428	50.219
204.5	1.5237975226815406	113.851
205.0	1.4490255492140616	110.671
205.5	1.6391695159417539	48.473
206.0	1.684314015048569	60.406
206.5	1.5324138639953282	25.388
207.0	2.373135735825486	80.718
207.5	1.6403400280626397	128.542
208.0	2.552185496877069	36.543
208.5	1.5654868340048884	21.956
209.0	1.6678086828132865	141.0
209.5	1.7022258709315352	90.401
210.0	1.5148677557863586	60.491
210.5	1.850278616279427	23.016
211.0	1.5049284977805026	130.043
211.5	1.841349242239659	59.014
212.0	1.6054099520084129	80.495
212.5	1.8869548105794136	16.252
213.0	1.3707815254217672	60.46
213.5	1.5797694009411631	60.422
214.0	1.849576085485759	20.14
214.5	1.6048928974599654	84.692
215.0	1.59958230320858	120.771
215.5	2.176725228903487	110.599
216.0	1.452225497027358	87.465
216.5	1.4337896831263632	110.709
217.0	1.8807872800972205	70.37
217.5	2.00869999190855	126.409
218.0	2.5297796159513855	90.537
218.5	1.7611004868398181	87.799
219.0	1.3780808817990817	130.728
219.5	1.642732920792426	53.969
220.0	2.367201483365752	50.23
220.5	1.7201981178730703	100.562
221.0	1.4386088976690814	144.638
221.5	2.301424869688412	15.596
222.0	2.4255547689067734	80.628
222.5	2.003589692133275	49.982
223.0	1.464439851440974	21.976
223.5	2.1850173185575072	20.951
224.0	2.0291249560981566	103.784
224.5	1.5740697804632957	73.963
225.0	1.6500849984069725	50.163
225.5	2.4124325654800716	50.394
226.0	1.846167260989208	127.639
226.5	2.0902503250805964	70.138
227.0	1.5837803668824568	17.176
227.5	1.4578655169647974	98.796
228.0	1.6208671621542727	41.129
228.5	2.2852135767144595	76.982
229.0	1.3335628714597807	30.204
229.5	1.6401161818524996	21.805
230.0	1.8912015349154134	50.11
230.5	2.4357198630673214	33.648
231.0	1.8825487623144788	50.348
231.5	1.9325091424912815	100.505
232.0	2.149920411979704	50.224
232.5	2.0517892816609837	90.646
233.0	1.6439941639776943	50.45
233.5	2.2941861821779246	90.643
234.0	1.7170036850446053	51.46
234.5	1.5167278158287667	14.493
235.0	1.8266047924867348	88.648
235.5	1.5638631121573934	130.889
236.0	2.0137959604154956	14.864
236.5	2.042611289163068	80.507
237.0	1.4572430077338394	70.45
237.5	1.9716007519769114	36.377
238.0	2.116972479833042	106.495
238.5	1.547454611102413	40.309
239.0	1.5636296238839396	90.197
239.5	1.8795003255256002	107.382
240.0	2.2779211391072876	80.501
240.5	1.5931120254994313	14.149
241.0	2.2958060928431574	130.864
241.5	1.8109831728025958	100.692
242.0	1.579841584989147	17.041
242.5	1.5053825937287988	96.397
243.0	1.9021247834565904	70.452
243.5	2.0208167398719024	130.803
244.0	1.5989560173778066	70.543
244.5	1.6112330266910868	80.552
245.0	1.904712249354744	88.541
245.5	1.5959455447680855	48.462
246.0	2.0614586733127522	120.543
246.5	1.55682218578755	60.451
247.0	2.226383442266253	60.421
247.5	2.026108849817691	63.38
248.0	2.044789159650618	37.68
248.5	1.7407410268384635	60.48
249.0	1.689924325089315	50.359
249.5	2.36278358089806	70.346
250.0	1.3537172427174835	80.39
250.5	1.5357804987418338	40.538
251.0	2.229789394564314	141.097
251.5	1.6645559097940248	50.337
252.0	2.3750667258718186	100.51
252.5	1.8316373389348641	73.457
253.0	2.109238781008325	67.771
253.5	1.8523809110564118	80.499
254.0	1.7434917265371195	106.506
254.5	2.3462437773441307	15.994
255.0	2.0725244598015644	104.073
255.5	2.1202169572104093	87.505
256.0	1.8529561990037944	61.058
256.5	1.9889571431215471	18.168
257.0	2.313041183084117	50.12
257.5	2.4551077525296585	50.246
258.0	1.9823347089202334	53.823
258.5	1.2664699501880048	15.961
259.0	2.130675827529108	34.291
259.5	2.2847827298006362	87.003
260.0	2.2389932926655747	110.597
260.5	1.3134902585877652	36.026
261.0	2.5614938701505787	20.457
261.5	1.52974599093169	80.554
262.0	2.329161195448639	65.521
262.5	1.4500949336065294	20.16
263.0	1.8830180758046149	80.574
263.5	1.6824767559159803	70.317
264.0	1.822169676953105	27.936
264.5	1.555025977080346	140.78
265.0	2.6583347130497215	73.569
265.5	1.9382629935971778	140.854
266.0	2.083167294906947	14.015
266.5	1.6019476228338947	62.836
267.0	2.356222105079985	17.639
267.5	2.2636109573317533	37.524
268.0	2.008405032340413	40.167
268.5	1.7003253483733125	60.375
269.0	2.157293786945391	50.702
269.5	1.8649930215411665	74.896
270.0	1.3372438388313004	70.444
270.5	2.5243006197079576	40.362
271.0	1.9417923469635228	76.519
271.5	2.1425958227130315	50.305
272.0	2.0054624228701936	69.142
272.5	1.4534026751503368	100.804
273.0	2.0950966205113404	70.415
273.5	1.8660960047526018	110.547
274.0	1.9671518457659165	63.964
274.5	1.7074997452226364	80.455
275.0	1.6835727009527452	14.452
275.5	2.1479921987898667	87.098
276.0	1.2905602074260267	120.721
276.5	1.8360685103384151	50.26
277.0	1.887918403190056	65.227
277.5	1.6969939717992837	40.71
278.0	2.201736051371218	30.222
278.5	2.12871052564417	84.633
279.0	1.9841449725453026	14.782
279.5	1.4161782892412915	20.248
280.0	2.014476481100404	80.655
280.5	1.8913203506942355	95.382
281.0	1.3498365550239428	60.508
281.5	2.3735505106264294	67.436
282.0	1.4632865782122988	70.374
282.5	1.7163808481475835	89.749
283.0	2.0812697409746708	90.569
283.5	2.72478389351595	171.536
284.0	1.0467023174237218	51.217
284.5	1.583687101387054	100.869
285.0	2.290778364942196	120.094
285.5	1.873106560748396	202.978
286.0	1.3786030442426338	121.212
286.5	1.6561752946394308	202.443
287.0	1.6795422813972687	217.486
287.5	1.4732689934217478	241.875
288.0	2.2242587826099243	181.547
288.5	1.8391044123282658	165.213
289.0	1.9284606701362588	234.58
289.5	1.5614517357838003	434.484
290.0	1.3927909579984161	397.84
290.5	2.49146525146537	354.345
291.0	1.5060393255363147	414.578
291.5	1.8348940969777248	318.52
292.0	1.8839899726487306	111.049
292.5	1.8600479864243291	40.139
293.0	1.576307012438243	20.144
293.5	1.8074949955078814	70.233
294.0	1.7333600942832754	70.464
294.5	1.830027668578124	20.116
295.0	2.071485349483464	120.903
295.5	1.9526578178636784	17.037
296.0	2.2410895547189122	50.344
296.5	1.5129134196232095	90.533
297.0	1.9757873498443967	95.237
297.5	1.876482257608932	60.458
298.0	1.582338725119322	70.465
298.5	1.6733319653183996	124.192
299.0	1.5895883621120155	60.569
299.5	1.5427434005814138	108.598
300.0	1.8928841764770297	85.554
300.5	1.4014506870677121	120.669
301.0	1.5590377471324643	50.334
301.5	1.860363313393058	70.478
302.0	1.6031763237247714	90.463
302.5	1.8958068411470235	70.546
303.0	1.7777850325441709	129.771
303.5	1.843000933657721	38.495
304.0	1.8786072643277696	16.187
304.5	2.1137726457205446	40.308
305.0	1.8160444408787986	50.156
305.5	1.460803526800032	40.397
306.0	2.273333511992979	82.007
306.5	2.0022255109469342	70.487
307.0	2.0533475144789293	25.071
307.5	2.103381799078227	70.445
308.0	1.9057227144103759	13.946
308.5	1.9058366024414863	60.35
309.0	2.9933340791775045	50.268
309.5	1.183079799211912	80.605
310.0	1.7161255933672375	70.271
310.5	1.9228783636640896	70.177
311.0	1.9134268778210966	130.883
311.5	1.4691636035259759	50.035
312.0	1.9477881361538527	23.399
312.5	1.4212856716003728	80.632
313.0	1.597474079362485	18.222
313.5	2.3789992505540094	23.76
314.0	1.3666799388305106	120.578
314.5	2.0368295526514237	110.718
315.0	1.9813282746537502	80.569
315.5	2.154756575518951	130.77
316.0	2.0609697163847502	80.61
316.5	2.02057511426604	120.78
317.0	1.7229791369904508	231.873
317.5	1.2598068910058782	484.327
318.0	2.4058449544522413	121.03
318.5	1.487702105407261	33.349
319.0	2.49340433141682	102.211
319.5	1.9643038230736534	100.745
320.0	1.9604793287923854	70.58
320.5	2.089048805859077	35.657
321.0	2.0691064448574856	70.338
321.5	2.1472188543228636	80.126
322.0	1.5970661125692895	97.03
322.5	2.1043446518278994	70.528
323.0	1.895678503859142	103.931
323.5	1.6724385880323116	140.858
324.0	1.5942239903334918	16.725
324.5	2.3623706202170083	15.804
325.0	1.5319381736122568	50.371
325.5	2.0234144272382384	90.506
326.0	2.075572536285404	21.465
326.5	1.7193830490360853	100.42
327.0	2.1426822263258427	90.803
327.5	1.608045006288668	100.915
328.0	1.8054977103153433	14.21
328.5	2.3393245009102457	60.874
329.0	1.4953271595221473	60.392
329.5	1.6898042201592962	50.374
330.0	1.8190056968329786	60.278
330.5	1.504921616124322	90.588
331.0	2.4371280579291947	85.141
331.5	1.4022365104304153	100.609
332.0	2.0797797925787536	90.541
332.5	1.4631276109457936	80.604
333.0	2.091355289741151	20.168
333.5	1.766991770380995	20.245
334.0	1.544500489571466	130.81
334.5	1.9892524108977883	113.474
335.0	2.161803793382702	80.313
335.5	2.054817404067597	107.727
336.0	2.0409562725534265	60.472
336.5	2.029219742820927	20.136
337.0	2.22476946895332	50.652
337.5	1.3808738690866083	94.528
338.0	1.6859453212693927	85.584
338.5	2.1222510279874203	76.598
339.0	1.8525084986738984	52.935
339.5	1.3554016424418986	40.605
340.0	1.9997270988180746	140.817
340.5	1.9498106611805457	50.163
341.0	1.9852307623455872	70.588
341.5	1.9137056229527276	20.189
342.0	2.127422159327302	15.4
342.5	1.6173867841042067	70.343
343.0	1.8495520450839453	48.273
343.5	1.7362819759398265	86.42
344.0	2.0277646143885053	23.804
344.5	1.6585015216161227	40.13
345.0	1.9634726485803953	60.365
345.5	1.2845078235272596	96.335
346.0	2.1126682561195533	50.252
346.5	2.123441975065473	18.119
347.0	1.9579003964949755	120.834
347.5	1.5848773970501615	80.522
348.0	2.4534337748357666	50.18
348.5	1.7328727487949558	16.747
349.0	1.5493290149195633	60.398
349.5	2.459677428134199	84.798
350.0	1.3788216834421534	36.967
350.5	1.9542902013473902	50.353
351.0	1.5742038524443065	17.896
351.5	2.0811786771855902	90.532
352.0	1.6811195202088278	35.055
352.5	1.982433629384186	20.143
353.0	2.3468063810348982	80.998
353.5	1.9578894406711955	60.361
354.0	1.6366274493268422	130.892
354.5	1.857300814428315	141.121
355.0	1.3125086840665832	90.736
355.5	1.7271863771190914	13.643
356.0	1.8840208291087612	50.405
356.5	1.6806793977210128	17.781
357.0	1.7387730070040772	20.21
357.5	1.4885757996605258	50.322
358.0	1.396084023630168	201.369
358.5	1.639663041584091	90.62
359.0	1.4357172654528298	29.906
359.5	1.468928145155652	20.248
360.0	1.1847759801960112	57.964
360.5	1.1521322119907722	120.773
361.0	1.9246139388194943	63.003
361.5	1.7943653358110299	27.86
362.0	1.6223950198788075	50.416
362.5	1.9314780636853326	60.187
363.0	1.3772840079433732	90.542
363.5	2.0147861995231113	140.786
364.0	1.113389234529803	82.338
364.5	1.8966184934012145	130.886
365.0	1.430878296779549	88.608
365.5	1.3901259384508413	95.078
366.0	1.633433281586353	118.274
366.5	2.718181136586439	36.917
367.0	2.0526798707747544	50.261
367.5	1.8287930931675593	50.323
368.0	2.1188483745449123	74.905
368.5	2.198012693281165	66.069
369.0	2.2857457804284804	49.199
369.5	1.534594973214386	22.556
370.0	2.4138514300150913	15.189
370.5	1.9526669032787225	80.657
371.0	1.9038623252976852	20.141
371.5	1.7410439887251645	131.07
372.0	2.1859984409878304	102.072
372.5	1.595686804587519	161.544
373.0	1.5450301135641429	418.852
373.5	2.1842920758722593	20.393
374.0	1.5590724516103425	78.166
374.5	1.3940660403883467	18.36
375.0	2.0347659433136545	20.736
375.5	1.8965671772127124	50.469
376.0	1.6232399180428805	34.628
376.5	1.9600204461364867	115.996
377.0	1.716929615707125	74.52
377.5	1.6488263841064696	80.437
378.0	2.7434652559492925	70.245
378.5	1.952831085709716	29.554
379.0	2.1298744269585694	50.221
379.5	1.8453875867322933	53.609
380.0	1.8384179696379208	94.145
380.5	2.165819279474173	60.381
381.0	1.766287628755422	90.388
381.5	1.8162257466026082	96.033
382.0	2.0399475463863084	64.072
382.5	1.2855159480025777	80.469
383.0	2.3521311312060535	130.729
383.5	1.7437643976434387	38.362
384.0	1.9894643144700601	70.221
384.5	2.1603127241449886	80.485
385.0	1.7748083959986107	40.348
385.5	1.5767062310433095	40.217
386.0	1.8664513332796075	80.382
386.5	1.6636836632020118	80.505
387.0	1.6194156007319844	15.868
387.5	1.8325793210649524	66.443
388.0	1.4221061360624188	60.534
388.5	1.8421602744767356	30.181
389.0	2.0649859657731193	50.544
389.5	1.743961860166805	80.72
390.0	2.437923777434122	86.389
390.5	1.4324546050943354	131.013
391.0	1.8867526350247055	91.722
391.5	2.247580641773663	50.212
392.0	2.0636184763690406	89.82
392.5	1.5409493396700042	20.124
393.0	1.757896364828424	120.818
393.5	2.3687593049186186	37.968
394.0	1.9873814185984573	130.798
394.5	1.6289031225689834	50.311
395.0	2.130804077554986	97.765
395.5	1.7979715410454709	70.191
396.0	2.366489516990566	91.4
396.5	1.3983354549523852	100.581
397.0	2.289921171621028	138.492
397.5	2.1226139311907892	70.431
398.0	1.5002218853271387	33.191
398.5	1.567636890956848	70.288
399.0	1.4440059799015363	14.807
399.5	1.8325119380565573	40.227
400.0	2.3348557141633672	86.718
400.5	1.497358973853092	80.572
401.0	1.646745686806185	60.387
401.5	1.957152080335613	50.167
402.0	1.7084849164940652	120.83
402.5	1.699816337065466	60.445
403.0	1.8095191582031116	50.321
403.5	2.0663015236147433	44.003
404.0	1.668797934964636	82.648
404.5	1.5754920156113874	130.804
405.0	2.322391435194161	115.965
405.5	1.6606990420773853	20.162
406.0	1.4351182729360121	80.577
406.5	1.885981348984009	84.937
407.0	2.016400768487115	14.683
407.5	2.0551979067190733	24.633
408.0	1.4805287216498768	70.418
408.5	2.0190031280585483	14.01
409.0	2.127367792754553	14.725
409.5	1.4323126232770234	60.536
410.0	1.4784387552810787	70.484
410.5	2.0430886590838	110.739
411.0	2.326911281023641	36.887
411.5	1.9671432007603278	140.952
412.0	1.9669254513799046	50.224
412.5	2.0219991532013135	86.227
413.0	1.846632544607164	130.988
413.5	1.612306470958073	80.578
414.0	1.653914515338803	50.252
414.5	1.4630944698355381	20.277
415.0	1.453400192224184	110.836
415.5	1.6413724738134632	123.756
416.0	1.9415583316033989	58.412
416.5	1.4298272438529798	28.024
417.0	1.6167108109303983	86.046
417.5	1.4869761236152144	20.836
418.0	2.2320329888382786	80.559
418.5	2.2375031620320924	20.212
419.0	1.4688346811214625	15.702
419.5	1.4610785494017184	70.201
420.0	2.192261077798627	90.585
420.5	1.9986022009109694	80.516
421.0	2.0553778084227368	120.82
421.5	1.748190319476094	80.537
422.0	1.4048447866060485	67.157
422.5	1.7602923107068753	70.272
423.0	2.9230491420238285	50.172
423.5	1.1106120347512751	140.925
424.0	1.8003562542057134	70.426
424.5	1.9202742264818646	140.724
425.0	1.9268894583711633	69.902
425.5	1.2332848375618486	70.631
426.0	1.762410606943509	130.952
426.5	2.3805157837557878	80.597
427.0	2.278878919770455	84.786
427.5	1.7639240595797254	120.66
428.0	2.0784778045528536	50.236
428.5	1.5229925609382373	70.493
429.0	2.108098681089978	60.389
429.5	1.897650786112026	40.25
430.0	1.5214510921756608	64.244
430.5	1.9270230324560265	80.59
431.0	1.7907162770956555	60.455
431.5	1.753001378374291	70.528
432.0	1.9738595915551775	60.218
432.5	1.7473757195514121	353.731
433.0	2.400464850421835	485.109
433.5	2.1986942992990746	131.955
434.0	1.6450872609893805	39.47
434.5	1.5977446718799555	17.374
435.0	2.0446221599443706	27.709
435.5	1.4908905559622136	30.144
436.0	1.920953995154976	26.926
436.5	2.154616432273225	83.653
437.0	1.5374179666707555	15.111
437.5	2.091758997420629	30.179
438.0	2.0144052288367584	111.014
438.5	1.9791820272007334	80.538
439.0	1.7376990031100807	95.385
439.5	1.703483586268264	83.066
440.0	1.7497975467180158	60.411
440.5	2.1552165873639586	133.886
441.0	1.517150901115022	50.271
441.5	1.357243105424858	28.513
442.0	2.3837945683582653	88.557
442.5	1.8792455890467277	69.41
443.0	1.581153313658778	136.016
443.5	1.9636381862860117	110.972
444.0	1.6000892693807458	50.291
444.5	1.8456826589846094	70.277
445.0	1.8833262856734259	35.233
445.5	1.9383549951794237	70.501
446.0	1.52886772518824	120.96
446.5	1.6341689839239448	60.383
447.0	1.6255200077169805	107.639
447.5	1.5962394075663189	41.94
448.0	2.2156565373247115	100.617
448.5	2.3091732240917326	50.169
449.0	1.820894145924902	70.487
449.5	2.217219437281552	32.062
450.0	1.9883426028835192	110.694
450.5	1.9901974330043493	130.928
451.0	1.6408089533408987	70.482
451.5	1.612416911443126	18.788
452.0	1.7795418132471956	96.517
452.5	1.6033147621762995	85.124
453.0	2.142646722522549	30.039
453.5	1.5239532464739667	50.21
454.0	2.0389687915043413	104.839
454.5	1.4670201064566828	14.34
455.0	1.9541507952579993	80.643
455.5	2.163154026024509	50.169
456.0	1.5529883810087382	90.661
456.5	1.9861392961466737	50.269
457.0	2.1947403482370764	17.416
457.5	1.8924379793184751	80.39
458.0	2.347890169763222	108.32
458.5	1.7138089044338152	140.347
459.0	1.645497544173892	50.152
459.5	2.153726417426491	70.511
460.0	1.8249797503181466	60.514
460.5	2.335813773673822	70.452
461.0	0.1527138700995952	20.048
461.5	1.9104910432183257	47.496
462.0	9.597789759805618	151.057
462.5	1.6686117994539684	140.793
463.0	1.6580378180986595	50.522
463.5	1.9993661269401994	60.342
464.0	1.7300035622994843	50.218
464.5	1.4094550886572927	34.39
465.0	1.8506543966506321	251.808
465.5	1.8840595521942323	130.85
466.0	1.9985355763049477	100.706
466.5	2.110811639852881	70.441
467.0	1.9654284247150182	80.24
467.5	1.9246392980548364	50.092
468.0	2.4887028792095847	40.326
468.5	1.54186047698684	13.691
469.0	1.3928765446859492	50.202
469.5	1.94444136193514	60.313
470.0	2.357896096437677	98.286
470.5	1.7830818413027893	80.846
471.0	1.7714208690235094	70.279
471.5	1.507824295396111	50.203
472.0	2.149791455234138	100.672
472.5	1.884116178617688	40.272
473.0	1.512294232407835	252.126
473.5	2.156628672636409	130.615
474.0	1.5092561924491783	80.519
474.5	1.876800638206401	20.957
475.0	2.0439168725076873	50.305
475.5	2.2373597430342023	53.519
476.0	1.9104738820969371	100.863
476.5	1.695429263287878	69.184
477.0	1.1477723318138853	322.828
477.5	1.9536548323565899	50.405
478.0	2.1894532103636255	120.742
478.5	1.828352369227487	60.443
479.0	2.1238184919459204	20.01
479.5	2.592202481142014	20.152
480.0	2.0693229507568525	121.882
480.5	1.5525608409048564	60.453
481.0	1.6267866425297814	100.732
481.5	1.7116855463988951	13.85
482.0	2.0739648459853677	60.186
482.5	2.081376662422835	50.212
483.0	1.7258909080311775	17.509
483.5	1.8273268727720033	80.573
484.0	2.0309429401564327	40.752
484.5	1.5696929932688806	70.368
485.0	1.5624055408614794	120.923
485.5	1.7989994903269242	80.531
486.0	2.747106153545438	19.72
486.5	1.945995922641647	50.419
487.0	2.6268651081836816	30.051
487.5	2.105004298075785	90.508
488.0	2.2570314955756783	16.532
488.5	1.6248116210091286	80.559
489.0	1.1943904961279548	60.321
489.5	2.253469201457398	90.667
490.0	2.4298954964199564	80.362
490.5	1.4124863489363575	15.376
491.0	2.1159473444000767	70.554
491.5	2.444380155772777	35.982
492.0	1.838117947389078	93.551
492.5	1.8280752170343475	17.265
493.0	1.2075971946388608	130.87
493.5	1.6101812787204184	38.082
494.0	2.1681050234196744	181.185
494.5	2.1558032259824498	70.524
495.0	1.9776923913703799	110.655
495.5	2.2810350081510156	49.991
496.0	2.5303803323596576	63.591
496.5	1.7093949395452035	120.794
497.0	1.2845037537934414	70.369
497.5	1.6413422634369452	70.5
498.0	2.469795078753871	121.047
498.5	1.9175765104590576	14.034
499.0	1.676563101096397	130.659
499.5	2.331959844310958	90.539
500.0	1.9952151619622118	130.959
500.5	1.5945768716684998	77.815
501.0	1.7269409522422254	72.251
501.5	1.8067203552032935	50.219
502.0	2.20599869452553	30.27
502.5	1.8450985310405754	120.815
503.0	2.135178791650775	60.264
503.5	1.9021185659128457	40.288
504.0	2.0183588144017706	103.106
504.5	1.3239524709685537	18.704
505.0	1.523501912497045	102.769
505.5	2.2511211181589132	93.025
506.0	2.2767869678256587	120.725
506.5	1.6626554717713833	50.333
507.0	2.084453754231202	50.126
507.5	0.12423968673601982	13.927
508.0	1.7393594895216806	82.895
508.5	1.1743645153541358	60.404
509.0	7.631921244929545	100.706
509.5	1.597466806313905	107.386
510.0	1.9131434317784444	131.449
510.5	1.978155193095731	90.616
511.0	1.8961230902200084	100.541
511.5	1.8723337179973567	50.317
512.0	2.325084850762658	50.074
512.5	1.800417375544165	50.235
513.0	1.9768480830048707	126.956
513.5	1.3817815522767793	80.578
514.0	1.9736541397858307	84.098
514.5	1.678420330619046	50.338
515.0	1.8868069410039028	18.284
515.5	1.617626157178284	86.121
516.0	1.6273783068779666	20.084
516.5	1.988274631336736	105.873
517.0	1.9810798199108854	14.543
517.5	1.6125119491234103	18.943
518.0	2.2381064160279225	120.829
518.5	2.023126388517551	120.942
519.0	1.852039551612747	70.436
519.5	2.08390912488936	70.373
520.0	1.5941775133484513	70.326
520.5	2.1234775724571273	50.168
521.0	1.9570032747396395	70.482
521.5	1.5542995256431111	90.466
522.0	1.4962652967766419	130.804
522.5	2.3391832500241616	39.124
523.0	1.9783832519746194	28.075
523.5	1.772882068339859	86.689
524.0	2.590083533894505	60.726
524.5	1.5878121344745524	80.484
525.0	1.4584209810035424	70.364
525.5	2.2544146856486478	30.445
526.0	2.273488723619158	28.808
526.5	1.7386062286469164	14.814
527.0	1.349761976540669	130.967
527.5	1.671955354551827	70.398
528.0	2.3252077084076257	70.425
528.5	2.167198933898923	18.312
529.0	2.028804277769929	57.949
529.5	1.6335840026190007	30.13
530.0	1.2436607266375372	60.388
530.5	1.9372377010179629	94.748
531.0	1.8031581968457233	70.364
531.5	2.3358237818377843	50.419
532.0	1.9621266070046646	80.553
532.5	1.6711909736317396	90.644
533.0	2.0994034497123435	60.657
533.5	1.664548226550813	90.62
534.0	1.8714322688674356	90.373
534.5	1.918261411088103	55.824
535.0	2.1178984254939395	50.467
535.5	1.912945909939863	34.19
536.0	2.4329521103366094	110.454
536.5	2.3993158907581473	107.109
537.0	1.8789635631738868	130.794
537.5	1.9385680357071464	90.576
538.0	2.255052107804993	50.198
538.5	1.9319281833276865	80.553
539.0	1.5383004002402758	60.53
539.5	1.9866157421533421	130.925
540.0	1.9020494352721318	40.232
540.5	1.5547411318190192	70.155
541.0	1.955126477741856	70.425
541.5	2.422081786314925	70.372
542.0	2.2143315419980505	80.477
542.5	1.7284755258612663	45.0
543.0	1.6647715883255123	23.434
543.5	2.0441077653289406	70.377
544.0	1.7592785378611557	130.885
544.5	1.5935401897025074	110.838
545.0	1.555657593093293	50.598
545.5	1.8435531749333087	38.667
546.0	1.5351710097669493	18.371
546.5	2.027752000587251	84.106
547.0	2.087539236936937	30.527
547.5	1.991590913971131	60.428
548.0	1.4938411740165018	120.795
548.5	1.3606815685583038	110.787
549.0	1.863494824279254	60.422
549.5	2.5930774048149354	20.305
550.0	2.330336028640409	109.382
550.5	1.5437492161673558	40.432
551.0	1.814541595809624	65.357
551.5	1.8878276147329618	70.514
552.0	1.4870562185486953	18.571
552.5	1.8083278375604652	80.712
553.0	2.3162946339383006	27.805
553.5	1.7149396756243225	30.124
554.0	1.297567662328866	67.026
554.5	1.9209237447920737	70.499
555.0	1.8597996584408831	35.968
555.5	2.4395324773161824	86.422
556.0	2.377159338797446	272.348
556.5	1.5925063184821362	70.383
557.0	2.0633308483111756	40.358
557.5	1.6444568321052522	50.068
558.0	1.6822472009261578	15.935
558.5	1.526286882001705	45.609
559.0	1.7529812465614514	40.118
559.5	1.9789861875976185	90.702
560.0	1.6940332541069865	130.847
560.5	2.1534570168188805	21.35
561.0	1.9255069674567877	120.917
561.5	2.1233146739025472	100.61
562.0	2.2303116061701984	80.515
562.5	2.2244608443044656	15.274
563.0	1.8174075447781681	80.689
563.5	1.9642261708705446	70.386
564.0	1.5108341512480794	137.533
564.5	1.4222194398283383	70.271
565.0	1.7694583209139711	69.045
565.5	1.53072616634472	60.373
566.0	1.6390834932830958	105.122
566.5	1.5378535139993978	70.37
567.0	1.603399487121615	15.836
567.5	1.483358578944234	17.126
568.0	0.8224536293862222	20.461
568.5	1.0229584579144753	130.84
569.0	1.5889592769188077	15.82
569.5	1.4117917185212816	18.841
570.0	2.0956830755847067	131.012
570.5	1.780160014443738	112.38
571.0	1.6182810314702725	134.968
571.5	1.8315807016183179	148.381
572.0	2.3051940099327086	134.294
572.5	2.309860961790819	90.642
573.0	1.97887202095257	19.997
573.5	1.809571450483079	20.194
574.0	1.646656611613621	85.294
574.5	1.9056381828149627	90.527
575.0	2.351616280992069	90.613
575.5	1.843711513203383	16.627
576.0	2.048583056620664	70.225
576.5	2.1739743160609417	70.325
577.0	1.498195051719801	140.867
577.5	1.7212657436915537	80.536
578.0	2.088498620903246	70.286
578.5	2.5117450967559316	59.647
579.0	1.511963954708344	131.062
579.5	1.3865623979950144	115.506
580.0	1.7610604106193593	25.665
580.5	2.1683218865499327	70.383
581.0	2.480836300427351	17.477
581.5	2.1592076761841628	70.329
582.0	1.7019737451385182	130.817
582.5	2.0335536909967025	130.877
583.0	1.8910581420570747	50.32
583.5	1.778098674626563	50.129
584.0	2.3474312871500533	60.25
584.5	1.945849103204884	106.043
585.0	1.7664258900366754	90.68
585.5	1.9893937137204747	13.959
586.0	1.8709987392736196	18.25
586.5	1.982350877299979	54.402
587.0	1.7248631738953495	114.612
587.5	2.1502971328648006	26.385
588.0	1.6412941078051024	180.036
588.5	1.678327222849297	80.553
589.0	2.2197455733892557	29.141
589.5	2.0186436204639278	50.303
590.0	1.8648625142232869	50.258
590.5	1.8772285099882449	132.687
591.0	1.248951811545692	171.532
591.5	1.49041317067171	13.582
592.0	2.1176374609708977	27.573
592.5	1.9829880872025107	50.214
593.0	1.9408137805998746	70.398
593.5	2.5168668535929637	70.4
594.0	1.237958420901141	79.106
594.5	1.4477647451272226	130.916
595.0	1.6793516220088403	30.152
595.5	2.1371626111719237	50.332
596.0	2.4492720300310062	40.768
596.5	2.5272807516185796	60.911
597.0	2.1060905178452427	90.633
597.5	2.114121540496585	26.921
598.0	2.3030136930399117	76.323
598.5	2.2242638824265897	18.074
599.0	1.620462600024011	70.937
599.5	1.4959990035405912	110.712
600.0	2.39539847590124	60.538
600.5	1.9294212016463943	55.267
601.0	2.1384844053494354	70.513
601.5	1.7934212245671497	43.222
602.0	1.4686824286599907	70.57
602.5	1.6736817704964608	120.89
603.0	2.170557938881374	60.469
603.5	1.982094032956789	60.389
604.0	2.327548306948054	121.533
604.5	1.896348287524806	26.353
605.0	1.818183967775955	119.435
605.5	2.1767557694540693	60.456
606.0	2.3112784438725824	70.534
606.5	1.93775652983957	50.394
607.0	1.900766423713182	22.688
607.5	2.14790029395081	20.166
608.0	1.8645076787024928	20.067
608.5	2.095081412489636	101.82
609.0	1.4918970628307495	151.982
609.5	1.4895682019698249	141.103
610.0	2.43505794134743	89.61
610.5	2.8718382669053826	50.272
611.0	1.8011264076800972	50.283
611.5	1.7158281945021838	50.316
612.0	1.9250672597977687	50.35
612.5	2.1055817923272877	50.449
613.0	1.9999906877982554	115.307
613.5	2.1250617144586266	258.796
614.0	1.2535077879629595	70.419
614.5	1.5191469217681102	70.38
615.0	1.5103497324446955	138.516
615.5	1.5898640256277483	84.663
616.0	2.1968015756179358	81.109
616.5	2.041087095882434	17.258
617.0	1.8948802393328126	41.2
617.5	1.8860696828323684	40.198
618.0	1.613607087232293	99.732
618.5	1.4931388712127556	90.669
619.0	1.893412124347166	80.467
619.5	1.6103160680520332	34.855
620.0	2.075289430189337	135.415
620.5	2.125757594595461	60.265
621.0	2.1596794681014426	120.722
621.5	1.6360076170524327	70.452
622.0	1.4714753276280212	151.578
622.5	1.6429841896325885	70.119
623.0	2.603284219190642	70.416
623.5	2.0457248927452367	70.449
624.0	1.6068324863312218	100.732
624.5	1.5776867838297137	120.769
625.0	2.18340504106322	122.268
625.5	1.6791900281682801	60.521
626.0	2.2675231213980527	80.429
626.5	2.150940570805736	80.466
627.0	2.0215710989704383	60.455
627.5	2.1539247640346937	60.413
628.0	1.8780063280287196	130.875
628.5	1.916736872036969	130.783
629.0	2.304968672243033	27.367
629.5	2.569882863227785	50.246
630.0	1.860233443037948	90.431
630.5	1.8039771103386646	82.328
631.0	1.678667166754928	59.268
631.5	1.7730037771848535	54.521
632.0	2.0575030061345503	16.447
632.5	1.8901506829487753	21.439
633.0	2.753182556590142	50.391
633.5	2.3851614165677337	93.976
634.0	1.9982486874373404	130.785
634.5	1.785441587704171	39.294
635.0	1.9157400415162247	90.376
635.5	1.9307596633372162	30.155
636.0	1.8275894646384236	80.608
636.5	1.9928873169062922	37.494
637.0	1.6662869145447023	90.508
637.5	2.046218397934314	22.554
638.0	1.5744945004235305	109.997
638.5	1.940764524896659	50.35
639.0	1.9240467347184926	43.22
639.5	1.9778141649805607	34.999
640.0	1.726790884509396	50.48
640.5	1.4652273091380101	207.944
641.0	2.4270769754544124	34.319
641.5	2.207593900301705	100.887
642.0	1.5611047176094577	60.222
642.5	1.7695441540930308	60.331
643.0	1.6244514706337307	80.333
643.5	1.655697756624999	80.638
644.0	1.9600961838296178	30.0
644.5	1.6511652604264246	30.051
645.0	1.5110913972153364	80.46
645.5	1.932461696155794	80.531
646.0	2.485287484575217	98.162
646.5	2.060498581397352	108.342
647.0	1.1771588575157168	139.989
647.5	1.5541786203125132	72.143
648.0	1.893926917138272	50.278
648.5	1.6480795807113924	50.29
649.0	1.703792463918566	120.697
649.5	1.6468963117968147	120.659
650.0	2.135813712222547	140.793
650.5	1.890819846232908	17.618
651.0	2.301925665373659	50.257
651.5	2.218720081117927	50.181
652.0	1.9694339720024323	50.204
652.5	2.097648197728557	18.809
653.0	0.970052961605794	88.928
653.5	1.0370789848579258	84.634
654.0	1.95000446745752	60.366
654.5	1.7219002133457333	60.32
655.0	2.320038856439197	76.014
655.5	2.6844408616863955	86.226
656.0	1.6282533513804143	114.892
656.5	1.914648544688626	95.285
657.0	1.306022096717434	20.255
657.5	1.7701534011011621	20.252
658.0	1.9763263848321833	15.654
658.5	1.6005964933997783	130.929
659.0	2.1992118871277118	50.266
659.5	1.9578369575933372	50.151
660.0	2.08678784999627	25.785
660.5	2.4007500610927917	24.357
661.0	1.6503795919070852	80.572
661.5	1.623558184300693	130.935
662.0	2.0881380579002347	80.483
662.5	2.062099496908279	70.495
663.0	2.435393161064768	100.907
663.5	2.0905772773641615	50.484
664.0	2.0592000936833523	53.132
664.5	1.4802172149013055	130.708
665.0	1.9187110343337181	50.439
665.5	2.113355430761617	80.475
666.0	2.212851251132122	90.454
666.5	1.6585402124099244	91.304
667.0	2.090348866235667	50.399
667.5	2.1667442999884363	50.419
668.0	2.2013211824442416	70.638
668.5	1.8591149843751447	97.115
669.0	1.9344333039365458	66.659
669.5	1.4651024818539655	65.677
670.0	2.176434693509205	60.417
670.5	2.928753999691492	69.133
671.0	1.8676188092695827	66.024
671.5	2.199730131114591	50.215
672.0	2.1626873816994814	81.237
672.5	2.021822325302277	23.057
673.0	1.769442493910147	49.692
673.5	1.9538074335156757	20.069
674.0	2.110843974679739	100.588
674.5	1.9264568912219062	17.448
675.0	2.218192727920126	87.313
675.5	2.303003438043821	86.071
676.0	1.51402062241338	90.6
676.5	1.6611216745010464	90.581
677.0	2.0083789577261912	72.897
677.5	1.6028457526030642	30.333
678.0	2.0503632213583978	20.48
678.5	2.21718189455187	20.122
679.0	1.5228341264614498	24.623
679.5	1.5112413661909119	80.48
680.0	2.8014596184895693	18.733
680.5	2.2044962764353717	60.27
681.0	0.821155791445568	282.773
681.5	1.166689669347881	70.403
682.0	1.6131210276853112	18.774
682.5	2.6886792328131603	50.236
683.0	1.5319939100351743	30.046
683.5	1.8644311258193758	30.033
684.0	1.8318626200113397	59.934
684.5	2.01439705827607	60.092
685.0	1.6442837795629788	20.073
685.5	1.9381285484029442	20.11
686.0	1.8809622290814572	50.318
686.5	1.3918943695127113	100.503
687.0	1.7668521245717825	80.275
687.5	2.200168498396555	80.259
688.0	1.995070955606699	40.381
688.5	1.6231206975073285	110.687
689.0	1.558245013884381	151.099
689.5	1.5855072544667732	70.47
690.0	2.312355521791827	60.358
690.5	1.8670106943429852	36.09
691.0	1.7050899917791302	64.347
691.5	1.5603063792071765	150.62
692.0	2.1754072962305537	83.814
692.5	1.911314022112991	68.383
693.0	1.8064476006042705	70.767
693.5	1.6236185485778165	37.993
694.0	1.5476417386486323	70.314
694.5	1.7085346557865686	70.404
695.0	2.3617551302752187	50.205
695.5	2.0460114484049483	50.235
696.0	1.6262269642735547	110.552
696.5	1.7930109256561237	110.612
697.0	1.605517638476369	50.374
697.5	1.9976461508408192	50.371
698.0	1.7358936813577965	137.928
698.5	1.9905590317755493	130.926
699.0	2.14507379942347	100.708
699.5	1.9616243878638049	100.726
700.0	1.6766657032517711	100.641
700.5	2.081304620144249	100.724
701.0	2.5208199511202762	50.207
701.5	2.221139859395686	77.184
702.0	1.3623390662388009	80.519
702.5	1.487707823524164	122.087
703.0	2.2365794985111567	20.541
703.5	1.9989018581323414	60.347
704.0	1.86105503560352	40.17
704.5	2.1674455253449967	40.121
705.0	1.4343097458070133	70.475
705.5	1.5485085236655134	120.744
706.0	2.1684491429087096	17.608
706.5	1.8864952318260837	70.333
707.0	1.682191547769664	110.544
707.5	2.073443853567827	35.599
708.0	1.7234735129123573	17.107
708.5	1.6986545342581254	16.462
709.0	1.7965525148472516	81.0
709.5	2.1138517527101333	57.682
710.0	1.4555918093376015	80.537
710.5	2.0584722203453216	80.517
711.0	2.2638802724026936	70.343
711.5	2.2764293241334626	16.318
712.0	1.8454109620951837	140.898
712.5	1.6267920356951318	36.09
713.0	1.900609011635878	72.525
713.5	1.8445284504577575	50.423
714.0	1.5715982786432294	130.858
714.5	2.023512141112567	45.849
715.0	1.6464302311937375	50.402
715.5	1.89200414150115	50.263
716.0	1.9689959931399112	201.351
716.5	1.6900404273106628	80.475
717.0	1.8414087471439438	40.559
717.5	2.053646155267589	80.507
718.0	2.1926421420738094	80.609
718.5	2.182773638041325	100.774
719.0	2.1936779518364404	50.219
719.5	2.1926293962845915	95.751
720.0	1.8252285561455053	110.179
720.5	1.9910221904475214	108.787
721.0	1.9517918853193472	85.234
721.5	1.8171768979522664	89.547
722.0	1.6604428416943744	70.49
722.5	1.6080331487770696	70.484
723.0	1.868290787305028	39.893
723.5	1.8664740176380847	40.824
724.0	1.725185843730155	60.154
724.5	1.7079063984453362	28.673
725.0	2.4356465262959985	78.839
725.5	1.9210839710238958	85.072
726.0	1.3291493122169087	17.063
726.5	1.83146660765237	70.417
727.0	1.8588281961126663	70.266
727.5	1.8561416408299078	70.353
728.0	1.8976831813047592	70.534
728.5	1.6114814829635664	80.575
729.0	2.1799248067387795	60.492
729.5	1.5959864739432776	40.346
730.0	1.8865958644645164	70.4
730.5	2.1888889465437855	70.278
731.0	2.331180131197507	80.688
731.5	2.0514720720410793	20.235
732.0	1.5560942899149581	50.694
732.5	1.5721971843253866	35.528
733.0	2.1250115922713886	70.455
733.5	1.6647238459951703	70.378
734.0	2.240079729684671	50.271
734.5	1.6731496851558163	50.368
735.0	1.7548422113724267	90.537
735.5	1.496036659129328	90.591
736.0	2.1652410360715453	80.419
736.5	1.5515901347397512	80.487
737.0	1.5820813962641336	50.397
737.5	2.039987058732249	70.558
738.0	2.046100873811057	80.447
738.5	2.217333291687985	80.454
739.0	2.058408139320265	60.108
739.5	1.8939862231090354	60.205
740.0	1.6972515939465846	141.28
740.5	1.889219750837417	90.422
741.0	1.7606936573184668	50.313
741.5	2.3728085259556297	50.331
742.0	1.4747343788064526	114.329
742.5	1.5325732196508628	120.958
743.0	1.4003429896282202	70.603
743.5	1.5155563431549417	70.594
744.0	1.8464819774445806	177.786
744.5	2.0549813897361062	90.567
745.0	2.1153754228026407	201.81
745.5	1.7118409334993117	50.199
746.0	1.9188383046919533	110.447
746.5	1.4088888531801076	72.012
747.0	2.507986429736494	60.435
747.5	2.6040755276647505	60.428
748.0	1.7191200883327746	110.891
748.5	1.7635873530222448	60.504
749.0	1.733376711090497	21.636
749.5	2.1116566204773055	13.48
750.0	2.5620808070659415	40.478
750.5	2.121098875763429	24.619
751.0	1.786841066585367	78.008
751.5	2.1218081383377347	14.845
752.0	1.3900575368024202	27.629
752.5	1.7592267068996665	20.452
753.0	1.9747426408631552	28.545
753.5	1.9768924168124389	70.314
754.0	1.5159624238257028	70.593
754.5	1.7399168485328376	70.603
755.0	1.7996944088390587	50.333
755.5	1.7207753380139235	50.352
756.0	1.368998324430015	50.47
756.5	1.797093574514385	50.419
757.0	1.8096212503481601	40.225
757.5	2.1392546894355804	40.187
758.0	2.0895537983264463	70.362
758.5	2.178924628149388	18.84
759.0	1.495483477998037	141.537
759.5	2.0559677353694217	66.512
760.0	1.9243486349766903	15.106
760.5	1.749181951576259	70.399
761.0	1.749442973405712	50.253
761.5	1.9272135150035523	50.223
762.0	1.6380291630824937	50.318
762.5	1.486565656087001	50.306
763.0	1.7441175435478646	70.446
763.5	1.7340925104224512	70.457
764.0	2.4066216867687467	84.166
764.5	1.9160866327496449	87.721
765.0	1.5071676265514282	130.813
765.5	1.4204927794987146	130.762
766.0	1.777736365358089	36.447
766.5	1.7571308118928157	36.51
767.0	2.083824365634655	50.844
767.5	2.146805234063131	50.805
768.0	1.7092747811638338	203.424
768.5	1.9325531624346917	50.353
769.0	2.1351486834114826	134.226
769.5	1.7096376626925935	87.71
770.0	1.3759265251137414	120.709
770.5	1.8146213812562642	191.484
771.0	2.153677023684824	49.361
771.5	1.9601243493239078	60.423
772.0	2.6236449869137166	70.3
772.5	2.329503917860903	70.334
773.0	1.5668946075385648	130.98
773.5	1.8903322555399833	131.001
774.0	1.879778200624114	13.525
774.5	2.313967924262752	80.55
775.0	2.1556106278000344	15.164
775.5	2.17478165116362	92.815
776.0	1.7571934169710195	95.379
776.5	1.8424234874352199	130.75
777.0	2.1195221934035335	30.862
777.5	1.9851493504556346	24.46
778.0	1.809853255949932	70.48
778.5	2.153609205508802	80.37
779.0	1.8532108931614777	35.928
779.5	1.9410598408950808	110.674
780.0	1.4195781348298133	18.654
780.5	1.3993830716867188	15.87
781.0	1.560857389157894	130.662
781.5	1.8431453614308617	130.439
782.0	2.005783255818526	179.339
782.5	1.7236435518907325	63.721
783.0	1.6173845016258008	80.58
783.5	1.6940569849341531	100.454
784.0	1.9237663503815254	64.499
784.5	2.271307645378064	131.031
785.0	1.718557955390113	27.435
785.5	2.0539430888084698	50.677
786.0	2.3575729066728948	73.175
786.5	1.8637680229184856	22.004
787.0	1.4102058529759542	33.88
787.5	1.663159579116448	91.414
788.0	1.860168089297396	105.536
788.5	1.8413763301420152	69.462
789.0	2.6005579536943837	130.867
789.5	1.8510549982301152	69.738
790.0	2.099792185273696	21.009
790.5	1.9575822536785221	15.181
791.0	1.8245091844650072	69.238
791.5	1.87012628815691	70.53
792.0	1.8411985957490502	50.213
792.5	1.9714979741115026	46.984
793.0	2.1882817454396197	51.112
793.5	2.5086959337294337	20.178
794.0	2.3790909815054797	20.273
794.5	1.9689731572976437	50.242
795.0	1.8068342421641264	60.557
795.5	1.826697216647958	53.746
796.0	1.8540565523769967	70.501
796.5	1.8127730084950733	50.336
797.0	1.7985547111879623	50.159
797.5	2.5327168768810275	50.18
798.0	2.0132131275443865	80.646
798.5	1.7208995603575592	80.641
799.0	1.8332952771956919	50.19
799.5	1.8244499712197777	50.187
800.0	2.3475592125898457	80.096
800.5	1.966938589952703	80.012
801.0	1.7538596054491715	100.589
801.5	1.4639911625143238	17.485
802.0	2.457775688749893	60.454
802.5	2.626662897585288	34.069
803.0	1.453058068625824	130.87
803.5	1.0617768281283089	80.519
804.0	2.0483679128020738	65.95
804.5	1.6226977201559585	33.91
805.0	2.187837338897728	80.368
805.5	2.079056116002202	80.517
806.0	2.037732731468419	17.054
806.5	1.8160726598163823	100.404
807.0	1.7087556980789125	96.445
807.5	1.33538301973954	80.61
808.0	2.3874245941047323	66.11
808.5	2.4319770836649224	74.656
809.0	1.9513138467700901	30.247
809.5	1.8934022570069193	70.33
810.0	2.0193555030966266	137.672
810.5	2.563173822249299	50.338
811.0	1.621647854990919	120.593
811.5	1.3056392505168513	120.61
812.0	1.9811814748253516	70.413
812.5	1.6161227947051433	70.439
813.0	1.9556126545506423	50.175
813.5	2.2329227356023504	50.194
814.0	1.6232781607487146	120.895
814.5	1.4441551852234875	120.84
815.0	2.0708222837573134	40.29
815.5	1.5590128147173672	50.244
816.0	1.928504102760286	90.479
816.5	1.8404315454693596	24.413
817.0	2.1137568932205366	80.686
817.5	1.9437598349517275	60.485
818.0	2.169404736884556	91.847
818.5	1.7411915269545968	60.538
819.0	1.1708311262019124	130.817
819.5	1.1905245095792312	80.478
820.0	1.9221408587546598	30.225
820.5	2.3891071687408894	30.216
821.0	1.5506424177615563	70.473
821.5	1.5479093283762548	70.399
822.0	2.7544782426868735	36.822
822.5	2.576418188229167	40.334
823.0	2.098699086463131	70.391
823.5	1.5652193419203257	70.433
824.0	2.3625748531685864	18.319
824.5	1.816518528985387	55.429
825.0	1.7654827019408652	160.974
825.5	1.3286690167011412	37.079
826.0	1.567219289530567	14.689
826.5	2.228549148449273	18.057
827.0	2.160353697992017	46.468
827.5	1.9073116957531333	140.991
828.0	1.820979430322894	40.157
828.5	2.1075829207719172	40.216
829.0	1.5906938320312016	80.755
829.5	1.8383551507312736	80.731
830.0	2.0410340245358705	151.082
830.5	1.65317686734718	35.746
831.0	2.0340871675150356	92.232
831.5	1.7073935830834284	90.475
832.0	2.30221416116097	21.324
832.5	1.8976698648704908	34.088
833.0	2.15717525935899	17.018
833.5	2.0458187214947103	50.218
834.0	1.723662851326753	55.87
834.5	1.7143295667045901	60.467
835.0	1.9300380022692707	64.539
835.5	1.405964363728305	100.845
836.0	2.231026278712586	85.164
836.5	2.3282469492208677	89.829
837.0	1.7439508964603352	67.346
837.5	1.9844270424994845	50.363
838.0	1.5994412698157203	50.213
838.5	1.825345781907129	50.301
839.0	2.3328622271777273	50.322
839.5	2.6076665733300213	50.28
840.0	1.3311064150712668	201.759
840.5	1.3724341547934271	140.87
841.0	2.0381481297325728	60.373
841.5	1.888117161435326	60.31
842.0	2.331744023480336	30.146
842.5	2.414425906809329	30.006
843.0	1.4370901653454633	110.722
843.5	1.973179754210196	110.799
844.0	2.149731525079708	110.806
844.5	1.8033341978376523	90.464
845.0	2.509097112403737	18.692
845.5	1.8757246325644352	50.261
846.0	1.7431259701591741	120.726
846.5	1.7828553707871848	39.975
847.0	1.5410649872701425	141.153
847.5	2.055833700152414	18.478
848.0	2.4831107474733796	80.189
848.5	2.201914838519797	80.449
849.0	1.7880855002776093	59.046
849.5	1.5509862508998158	70.461
850.0	1.6420509445289613	40.153
850.5	1.8746930256011576	80.949
851.0	2.1758572456697696	20.454
851.5	2.137812332971715	74.625
852.0	1.754306635987169	120.707
852.5	1.7078077625420875	231.881
853.0	1.6686570465917399	50.202
853.5	1.5726939004674347	50.226
854.0	2.2848328776013878	60.448
854.5	1.735048901170515	60.452
855.0	1.8424863098947222	80.715
855.5	1.6846799969090447	80.672
856.0	1.5981709165743574	30.31
856.5	2.1678733845774323	30.263
857.0	2.0448443039611184	70.221
857.5	2.6247302330503164	70.272
858.0	1.291643314019074	130.772
858.5	1.095785751597559	14.246
859.0	1.769456068798771	120.576
859.5	1.9986289178101626	120.586
860.0	1.825691702805671	70.23
860.5	1.5453330502193958	64.686
861.0	1.9761966220197686	134.101
861.5	1.9317444475258356	120.953
862.0	1.3908870072524202	26.476
862.5	1.4372716041634925	50.325
863.0	2.275439353051034	117.294
863.5	1.7190515319439292	23.593
864.0	2.2655868971014903	40.19
864.5	2.0149424548198467	40.199
865.0	1.6021401565930278	149.196
865.5	1.3395241862705938	88.182
866.0	1.190529663299123	18.859
866.5	1.1254241552744189	158.029
867.0	1.908342531483352	130.897
867.5	1.3319575642627968	130.747
868.0	1.8942921388779488	80.504
868.5	1.3498521189602082	16.656
869.0	2.1926986972770184	50.234
869.5	1.9091512201804157	17.59
870.0	1.0355424820348889	125.099
870.5	1.3833988761209184	130.714
871.0	1.4789090841710553	15.649
871.5	1.2759019908264129	50.177
872.0	1.3274617306479175	43.993
872.5	1.5438841834517345	67.179
873.0	1.442986474239984	142.241
873.5	1.7802855566591773	118.559
874.0	2.355768569588718	70.45
874.5	2.3390044178020135	31.927
875.0	2.0558263724486676	13.324
875.5	1.8644279174787453	27.115
876.0	1.643575500534172	133.467
876.5	1.3213991474596545	70.52
877.0	1.352861705441394	174.701
877.5	1.4928920497179836	50.244
878.0	1.9434638741425927	80.407
878.5	2.475913485435706	80.399
879.0	1.919203386635567	100.755
879.5	1.6135766631051793	140.759
880.0	2.0125147045760783	26.552
880.5	2.0995889986318517	42.919
881.0	2.466788112309305	96.769
881.5	2.4142985513925757	130.675
882.0	1.9256637389977336	77.898
882.5	1.8694489907949579	20.09
883.0	1.6619678937129867	70.396
883.5	1.5872326928733973	70.437
884.0	1.441272319913611	140.739
884.5	1.55664043844621	16.95
885.0	2.223311157212217	120.486
885.5	1.945538766254726	120.484
886.0	2.101513953777495	35.97
886.5	1.7163383922095719	50.348
887.0	1.929777781427998	50.558
887.5	2.218746059083362	50.584
888.0	1.9701818741790749	38.237
888.5	1.8593231553040774	50.361
889.0	2.4731193720217863	181.981
889.5	1.8151215689567612	20.145
890.0	1.728212367714658	80.815
890.5	1.8437264715496635	60.631
891.0	2.964358700887989	50.075
891.5	2.522010886056144	50.2
892.0	1.0628222465768933	130.991
892.5	1.1370746545447605	60.43
893.0	1.9116456689902646	70.263
893.5	1.8080185941787172	14.992
894.0	2.5925596787818015	80.548
894.5	2.13517190603426	80.682
895.0	2.2380879376496803	68.333
895.5	1.8318073963800086	115.166
896.0	1.3755877937208443	13.467
896.5	1.5304098299523463	41.973
897.0	1.66521771283475	70.326
897.5	1.638903648883288	16.099
898.0	1.8006360058382356	110.724
898.5	1.5907555192549914	50.39
899.0	2.3893903113082446	50.466
899.5	2.086977497693013	50.408
900.0	1.5558496081848294	60.32
900.5	2.005558609771686	61.605
901.0	1.445928108532636	141.022
901.5	1.318231188591611	85.091
902.0	2.063126636976889	37.811
902.5	1.834501777845537	70.211
903.0	2.0025064571254654	70.511
903.5	1.9191996393307245	70.453
904.0	1.4113008478941431	70.568
904.5	1.53315690594892	130.793
905.0	2.1544086669610127	80.47
905.5	2.3077866193275463	80.515
906.0	2.177483146615553	118.317
906.5	2.150169391517804	50.172
907.0	1.9185332276723093	120.685
907.5	1.4233702655669478	14.638
908.0	2.2289907225759227	36.907
908.5	2.207244275104716	50.39
909.0	2.294762796629232	50.179
909.5	2.441935427787059	50.17
910.0	2.130310883247036	36.866
910.5	2.167012705221636	34.686
911.0	2.1308251724602703	86.412
911.5	1.7991467641117804	222.088
912.0	1.7637388098306113	70.319
912.5	1.637918112891324	70.856
913.0	2.0262419136977545	105.49
913.5	1.90527281757898	40.524
914.0	2.1914646455222537	14.702
914.5	1.569536403257443	100.489
915.0	1.6495783258547223	140.889
915.5	1.9382835662018405	87.84
916.0	1.7226255396787207	130.722
916.5	2.120738866836771	38.263
917.0	2.2701778850318832	88.164
917.5	2.1055590354008027	17.943
918.0	1.6373933423998916	17.101
918.5	1.8690581839236617	79.481
919.0	1.7760333208243122	115.694
919.5	1.5276515241353534	75.977
920.0	2.4819219976097	50.345
920.5	2.5047938509279297	50.374
921.0	1.527259641680865	80.597
921.5	1.7894196945987657	59.419
922.0	1.6626238367944999	18.209
922.5	1.9874742844536362	84.185
923.0	1.3427364881750488	70.382
923.5	1.6602051248066971	18.117
924.0	1.5930968827247023	80.694
924.5	1.6251565042449956	60.541
925.0	2.5404494523542938	50.205
925.5	2.6041798356495214	84.81
926.0	1.4714520914296343	120.643
926.5	1.6126111033614199	120.69
927.0	1.9675047991520205	74.062
927.5	1.4824832649518773	65.98
928.0	1.6537823335637556	95.254
928.5	2.069587693612294	84.371
929.0	2.002928095894274	37.546
929.5	1.6377223459337604	130.801
930.0	2.5537933934066226	92.063
930.5	2.1305185312838906	15.421
931.0	1.7539406589306423	201.679
931.5	1.6641758802571656	21.225
932.0	2.2514007940725485	102.245
932.5	1.8486948271474077	14.904
933.0	1.582875296388154	134.503
933.5	1.5844879365600162	27.742
934.0	1.572083291017738	140.998
934.5	1.3362088198621227	132.997
935.0	2.1082346622467782	110.898
935.5	2.1186983617614406	120.602
936.0	2.4260028439153314	70.212
936.5	2.317267013099834	70.185
937.0	1.5777963543649614	130.794
937.5	1.4678507748229275	130.852
938.0	2.177446858732283	60.491
938.5	1.7963978239230651	60.47
939.0	1.4619610267714036	70.453
939.5	1.3149535243223898	70.344
940.0	1.835907766329001	92.675
940.5	1.833236919015829	60.385
941.0	1.55620195667869	37.973
941.5	1.5044115650384322	38.81
942.0	1.7375827578085519	50.341
942.5	1.8402582445498439	50.283
943.0	1.0781695245022314	80.337
943.5	1.044563173562895	80.452
944.0	2.7103690299729037	20.095
944.5	2.738172762609128	39.973
945.0	1.6012575617299285	40.217
945.5	1.7257424463114204	77.876
946.0	1.506665795876679	20.448
946.5	1.9328322305391348	93.166
947.0	2.432283066368479	89.29
947.5	1.9268553541932552	86.23
948.0	2.0934972061862323	131.133
948.5	1.5702070957204988	70.644
949.0	2.057991228451273	70.372
949.5	2.1139571070588588	70.227
950.0	2.379999158986385	50.525
950.5	2.3602199799548025	40.256
951.0	1.7638183775476264	80.229
951.5	1.9705549764899217	80.436
952.0	1.8804575809050903	62.938
952.5	2.30526091561428	70.447
953.0	1.65130779268145	120.594
953.5	2.029238644302485	120.595
954.0	1.7563190200681638	70.468
954.5	1.7963231210704547	70.402
955.0	2.387153861455929	80.524
955.5	2.8254557568219676	143.197
956.0	1.4997605442086739	130.928
956.5	1.5046337402465035	130.691
957.0	1.963862324395997	70.552
957.5	1.7381165127944254	80.595
958.0	1.6537011392538652	90.401
958.5	1.7366969403550803	90.483
959.0	1.9410819524419645	78.086
959.5	1.9061604165522963	20.127
960.0	1.2946216268742237	30.047
960.5	1.6447935822560567	30.054
961.0	1.8861330961682135	100.669
961.5	1.5370949553041893	100.706
962.0	1.9255315343202979	60.517
962.5	1.6911151476942485	60.438
963.0	1.8230516055345085	86.844
963.5	2.1259253345569746	84.592
964.0	2.077098337512562	33.133
964.5	1.9909098768349056	16.692
965.0	2.3562197867672627	87.071
965.5	2.5056255695792156	85.915
966.0	1.6846513530387475	100.865
966.5	1.6876664270923534	17.16
967.0	2.6521559701859903	63.9
967.5	2.254015291886006	96.113
968.0	2.066279941093809	36.207
968.5	1.6031377695490017	37.677
969.0	1.91349526276214	97.38
969.5	2.470419844774382	81.839
970.0	1.276216798810488	211.78
970.5	1.725388939505171	80.496
971.0	2.4765023994792554	37.299
971.5	2.4861945482847205	29.986
972.0	2.1192586261268067	18.177
972.5	2.3965076618149608	105.23
973.0	2.034798771625059	100.386
973.5	1.9166062364672987	70.423
974.0	1.4815837348018612	30.227
974.5	1.5649663216703755	30.206
975.0	1.931006443378311	80.582
975.5	1.694419157638117	140.765
976.0	2.2085960341885036	70.305
976.5	2.3581199090273413	38.248
977.0	2.093950526716902	50.356
977.5	2.439627897631489	50.331
978.0	1.8534286873397992	130.721
978.5	1.8284315839941487	130.713
979.0	1.5989392334845025	90.6
979.5	2.309742532443522	90.47
980.0	1.6190537026047733	61.126
980.5	1.9754221692650742	50.274
981.0	1.8006868629011863	80.624
981.5	1.946033255368565	17.283
982.0	1.984485295775823	70.226
982.5	1.9119937598896461	89.632
983.0	2.0876641367913127	60.441
983.5	1.5284531682728881	120.702
984.0	1.8382546664166735	50.339
984.5	2.1722161856643396	50.291
985.0	1.920441044800861	47.068
985.5	1.8629501044634207	46.195
986.0	1.7513351754710833	60.068
986.5	1.765971757476207	60.229
987.0	2.2097381665001268	60.25
987.5	1.5632758267488571	60.288
988.0	1.451946351054271	101.308
988.5	2.00841904573611	120.68
989.0	2.5897222432019946	70.538
989.5	1.820309444524258	14.024
990.0	1.4908133447221439	223.263
990.5	1.9044525089451838	80.612
991.0	2.1550233074263483	60.422
991.5	1.7287725085054135	60.375
992.0	2.740744921352703	60.275
992.5	2.0685715294043345	60.355
993.0	1.7679088834886452	130.933
993.5	1.4292168993956995	75.625
994.0	1.4042119765261214	13.529
994.5	1.9664004378210211	60.547
995.0	1.9902755092521112	59.608
995.5	2.414996993284888	33.647
996.0	1.7320668147388998	70.176
996.5	1.965935982614757	70.34
997.0	2.132017076552498	80.923
997.5	1.9027336203545886	73.253
998.0	1.7594114468441426	15.945
998.5	1.8865022849029096	120.831
999.0	2.159608627073104	60.176
999.5	2.4241103666573856	60.199
1000.0	2.186755552060824	59.574
