0.5	1.8418977003545676	60.339
1.0	1.704421392686268	76.563
1.5	1.9258643108955371	55.093
2.0	2.0334720712572825	86.143
2.5	2.0379477098956906	60.408
3.0	1.610031595792438	34.519
3.5	2.2351184878331423	50.823
4.0	1.8294502332144575	90.544
4.5	2.5640122953757305	87.827
5.0	1.8915383203024168	50.445
5.5	1.65651374909572	100.614
6.0	1.7343872940401457	109.65
6.5	1.8802688983679585	93.946
7.0	2.2179295498388916	50.325
7.5	2.5998742729487416	82.235
8.0	1.6817007956597605	85.435
8.5	1.8830629209140912	40.403
9.0	2.175286192428558	70.651
9.5	2.1578683502217215	37.702
10.0	1.660633908276999	30.931
10.5	2.2548257499654345	60.436
11.0	2.2792112620325087	90.538
11.5	2.136472375333332	131.006
12.0	1.845768330190566	90.546
12.5	2.3033527020945503	150.921
13.0	1.924483708918064	90.849
13.5	2.621987059849023	121.163
14.0	1.6706389513269617	100.929
14.5	1.6943540603655058	110.536
15.0	1.770814595566198	151.281
15.5	2.108243645988912	100.437
16.0	1.469700452600302	122.326
16.5	1.806439213696209	97.821
17.0	1.785438413682283	80.512
17.5	1.9404579845827585	100.527
18.0	1.7892177995486744	110.733
18.5	2.0160332395676224	90.615
19.0	1.8098944746951784	90.843
19.5	1.9431144447720448	41.95
20.0	2.7187082852604325	50.766
20.5	1.7480765387189754	60.96
21.0	2.326618335775462	43.828
21.5	1.9534682509966008	37.805
22.0	1.6598685500608585	31.775
22.5	2.5628594271460803	60.537
23.0	2.5822037921828365	60.428
23.5	1.322129937998148	100.59
24.0	2.072754464689866	90.63
24.5	2.0714510621954823	100.704
25.0	1.611083034806245	24.541
25.5	2.4335615862691347	108.212
26.0	1.7158454064334105	130.86
26.5	1.9233515073320948	110.846
27.0	1.9731075920950456	100.716
27.5	1.9337531822264933	30.212
28.0	1.839672142491144	40.307
28.5	2.0095064294728737	80.606
29.0	1.891310656086225	78.276
29.5	1.5231899086381642	141.034
30.0	1.8064656100259076	76.654
30.5	2.3227668117029303	99.784
31.0	1.6079055776645241	55.766
31.5	1.8773506661607968	110.579
32.0	2.153539379932758	101.393
32.5	1.9486082838202272	71.091
33.0	1.7529858066491442	50.532
33.5	1.636939979677308	25.839
34.0	1.9007668331876246	50.327
34.5	1.8862973664453804	90.512
35.0	2.175368889431471	100.852
35.5	1.2905888713564009	135.33
36.0	2.4977858320260276	80.373
36.5	1.607373234365708	90.552
37.0	1.7406560844432546	93.728
37.5	1.5987660018403667	70.481
38.0	2.0041048715759637	28.132
38.5	2.4266561896301297	52.538
39.0	2.5634375928165634	35.241
39.5	1.553201789844056	151.155
40.0	1.8547949032394349	50.25
40.5	2.4069725098625723	100.955
41.0	1.5698678535134116	80.533
41.5	1.8311704218077833	40.216
42.0	2.324155312084041	111.035
42.5	1.6270449517437822	30.477
43.0	1.6099738736560116	111.022
43.5	1.8223660809905025	60.071
44.0	2.651793813618105	50.166
44.5	2.2477700286793882	40.329
45.0	1.9159162313054092	58.514
45.5	1.799079455539336	151.008
46.0	1.9122974174265261	143.514
46.5	2.3219703317618063	111.08
47.0	2.1520984889615393	80.596
47.5	1.5515558223739696	60.339
48.0	2.1937836836925926	106.182
48.5	2.122305746567091	91.089
49.0	1.8743257928314843	151.446
49.5	2.1486640644981736	40.329
50.0	2.6059306629920966	130.986
50.5	1.7582585878315253	44.207
51.0	1.9578984494104705	78.962
51.5	1.7766380485704927	135.724
52.0	1.8927160447236746	121.153
52.5	2.650367184163285	123.384
53.0	1.2933426099675163	88.045
53.5	1.8337186915077144	49.999
54.0	1.7966296788081553	43.906
54.5	2.5051137839163697	47.032
55.0	2.0708701006990506	70.361
55.5	2.0569258219240485	57.153
56.0	2.389923828289864	90.705
56.5	2.3953994877745033	43.635
57.0	1.6139817803921717	70.525
57.5	1.7534163436015877	90.433
58.0	2.223250639829124	96.898
58.5	2.74720789671892	60.455
59.0	1.220181272819315	70.549
59.5	2.4729544365385854	100.76
60.0	1.7317857798962337	110.759
60.5	2.0944023255579762	80.633
61.0	1.7395765725256467	90.522
61.5	2.442073192687219	90.342
62.0	1.6590446053948575	130.884
62.5	2.2169026132959666	70.47
63.0	2.059476797723032	60.671
63.5	1.6947738797950511	50.301
64.0	2.7958188877747965	40.475
64.5	2.059348757286018	98.714
65.0	1.5668641145207953	50.416
65.5	2.4697803443198008	65.034
66.0	2.0983851243475415	90.512
66.5	1.558907450108871	80.502
67.0	2.506651523914836	107.931
67.5	1.5884995489324047	130.945
68.0	1.9965409258420599	120.482
68.5	1.7218276332079376	58.748
69.0	1.6861218680679022	80.683
69.5	1.7982448961581283	110.925
70.0	1.739564444114429	37.498
70.5	1.8040176747526047	70.544
71.0	2.293962254571909	60.287
71.5	1.469797529097137	150.991
72.0	2.2114652409609863	51.939
72.5	1.598005418086561	73.336
73.0	2.1644213813222963	70.509
73.5	2.062445344573291	120.733
74.0	1.5345972431258037	70.367
74.5	2.0209243047219343	108.569
75.0	2.15607852512313	62.983
75.5	2.539511778643358	40.413
76.0	1.5094600307836297	97.14
76.5	2.033779682892747	90.569
77.0	2.6390520002478146	90.557
77.5	1.996640981316202	119.82
78.0	1.8012209356458935	50.379
78.5	2.514463328738245	31.055
79.0	1.846701305236982	98.761
79.5	2.2300802665866764	151.254
80.0	2.032547437155926	119.824
80.5	1.8250950613229964	23.165
81.0	1.8280260762905347	22.865
81.5	1.8709808634931926	70.57
82.0	1.9303362900435905	60.555
82.5	2.334879789641597	95.454
83.0	1.7193026078326596	21.652
83.5	2.29462248636562	30.282
84.0	1.6478479503627963	140.849
84.5	1.9605391610500011	120.603
85.0	1.6165724321377106	33.103
85.5	2.5539703750767853	79.611
86.0	1.5216032001371897	50.652
86.5	1.9644476444209955	73.573
87.0	1.8766702649546148	80.773
87.5	2.134749322685904	80.529
88.0	1.668189671490498	40.46
88.5	1.9519486077118355	60.52
89.0	2.381874001579213	50.992
89.5	1.3748540867684231	100.877
90.0	2.102721254492585	69.39
90.5	1.8888299163779279	110.669
91.0	2.5665530071707945	130.545
91.5	2.084366146131206	150.566
92.0	1.660492351176039	89.159
92.5	2.2173552642323324	90.508
93.0	2.1226343348778185	74.885
93.5	2.19059911921171	90.643
94.0	2.211263875533828	90.698
94.5	2.034664169939341	44.497
95.0	1.5791627314332821	110.754
95.5	1.4918768506712072	131.038
96.0	1.7156038031982164	90.525
96.5	2.0400262807766394	90.361
97.0	1.5515526072941854	110.861
97.5	1.8753311889873605	70.361
98.0	1.9228649839613412	52.061
98.5	1.823398220693504	90.589
99.0	2.262258768898223	60.189
99.5	1.6440976395242253	43.837
100.0	2.184734950475859	28.251
100.5	1.7443031293392222	62.319
101.0	1.8857669132703176	60.087
101.5	1.8724100301736866	111.269
102.0	1.686344339617909	103.329
102.5	1.731489261231987	140.763
103.0	1.629979998934444	110.9
103.5	2.096125123850478	70.481
104.0	1.980264660264596	40.26
104.5	2.1129770393708736	40.495
105.0	1.966852204223927	70.52
105.5	1.943616887551254	70.617
106.0	2.0423263531010054	155.993
106.5	1.472194381938407	18.829
107.0	1.6346375975375425	92.39
107.5	2.154710263727101	45.514
108.0	2.2787125710905776	110.678
108.5	2.0656930302591694	70.457
109.0	1.9163355551525094	68.701
109.5	2.3719589439220026	100.527
110.0	1.767994908551793	47.555
110.5	2.206818464159188	90.562
111.0	1.7420879119552037	54.772
111.5	1.7483991806136925	81.111
112.0	1.952262592086845	70.421
112.5	2.0618154982713	110.885
113.0	1.764814495190224	90.197
113.5	2.6917714500502044	70.322
114.0	1.9896581100019421	90.067
114.5	1.8744966316175948	17.408
115.0	2.005890767479786	30.312
115.5	2.0819917507800585	100.562
116.0	2.0071981826236236	70.456
116.5	2.0097955734406554	100.699
117.0	1.674441796577175	100.517
117.5	1.901753135200409	90.593
118.0	2.0257317930608223	53.048
118.5	2.663325825782946	111.088
119.0	1.6562839120031285	50.668
119.5	1.8398299831642881	35.989
120.0	1.799753293214954	81.299
120.5	2.0072821958514395	121.056
121.0	1.7352737742896556	110.892
121.5	1.6170343730735555	101.316
122.0	1.9414699455494957	30.354
122.5	1.8601283183225723	60.726
123.0	2.1701113969925125	44.992
123.5	1.294502922575423	79.221
124.0	1.769781361290338	73.878
124.5	2.1698800156273883	40.226
125.0	1.5931597439716474	60.577
125.5	1.8259387675653749	55.87
126.0	1.9380466130133067	150.843
126.5	1.797404573831738	94.446
127.0	2.3709339110589744	130.744
127.5	2.387576629693213	42.558
128.0	2.2188544162795583	87.057
128.5	1.462063189258891	110.713
129.0	1.5276435775200234	150.987
129.5	1.2863245762633622	28.32
130.0	1.5170568620956704	84.958
130.5	1.849041521031784	56.917
131.0	2.022192121163748	46.746
131.5	2.7269086116581445	58.776
132.0	1.8256468389091085	88.356
132.5	1.3392306693065377	71.277
133.0	1.5570172539110527	100.608
133.5	1.398368412532692	50.277
134.0	2.854420181505285	80.651
134.5	0.86222195020681	80.51
135.0	1.7754803967640636	120.605
135.5	1.559553007629715	52.705
136.0	1.718904558745524	148.237
136.5	1.0798673197680777	70.704
137.0	1.9564827441077648	150.889
137.5	1.712336814222519	110.874
138.0	2.237978093849387	161.084
138.5	1.2253541161842574	70.22
139.0	1.3228281414656469	50.471
139.5	1.9353171520209616	31.945
140.0	1.6079424359598118	134.758
140.5	1.2267117873675824	47.993
141.0	2.0235330310948303	27.976
141.5	2.3172978789282856	110.688
142.0	1.9426026160746015	130.877
142.5	2.6629108939766226	72.171
143.0	1.6655188304957989	152.035
143.5	1.8655452111479758	120.613
144.0	1.5149014615660368	31.812
144.5	2.1011928450904955	80.539
145.0	1.7437086840021907	60.621
145.5	2.315744541475183	135.524
146.0	1.4880911653386144	50.491
146.5	2.429182009131495	71.114
147.0	2.3950392937223794	120.722
147.5	2.1300625778736593	87.015
148.0	1.747893474754576	55.194
148.5	1.8726046310938755	90.491
149.0	1.8205840803677444	40.241
149.5	1.99303606195091	50.385
150.0	2.4149181087342284	90.737
150.5	1.650447486311316	110.605
151.0	2.1893055133464037	60.445
151.5	1.8501166419213104	84.937
152.0	1.3103948101255187	80.544
152.5	2.5178419670269734	30.21
153.0	1.3286530923293387	110.848
153.5	2.0831655959952298	104.217
154.0	1.0684827031435782	120.96
154.5	2.0479381953498472	100.833
155.0	1.8966041325268956	97.839
155.5	2.9278772112282994	91.518
156.0	1.4093542332341937	30.284
156.5	1.7240042399691493	42.83
157.0	2.679899046506358	50.423
157.5	1.7190856069993448	130.64
158.0	1.3712576619087635	48.588
158.5	2.225568198949643	40.28
159.0	1.7969762918801977	100.079
159.5	2.177408161276336	70.513
160.0	1.7847506756684588	78.586
160.5	1.6264250756686738	103.983
161.0	2.6506394866842684	35.304
161.5	2.0658226722346082	69.847
162.0	1.4048240920568515	146.732
162.5	2.3297597866611355	99.474
163.0	1.8254918771061888	70.475
163.5	1.998657272954253	70.508
164.0	1.5355868928961829	60.447
164.5	1.6285104755782658	110.684
165.0	2.406178513741821	70.577
165.5	1.9593688624701482	41.43
166.0	2.236589725886027	91.011
166.5	1.7338635406699248	50.515
167.0	1.6678822860132767	40.304
167.5	2.09608523010532	100.589
168.0	2.036622987066478	30.093
168.5	1.8420344910999553	32.609
169.0	2.5346293800035804	70.552
169.5	1.520094035232007	50.376
170.0	2.0896256130308153	88.471
170.5	2.2331441393222575	24.024
171.0	2.1667440011827703	40.593
171.5	2.206736116737266	100.63
172.0	2.099458513823723	92.532
172.5	1.9189171595408683	90.573
173.0	2.133471101009967	90.662
173.5	1.6510109054120756	80.626
174.0	1.6696733354330797	41.449
174.5	2.0576781966897144	90.488
175.0	1.9603908736356348	90.618
175.5	1.9239400563193834	63.311
176.0	1.6142260166496354	48.748
176.5	2.5238184306990994	51.094
177.0	1.623704288746594	70.576
177.5	1.7488680790264461	100.792
178.0	1.7221352813989501	34.262
178.5	2.1644327076987904	72.569
179.0	1.8602976334654944	60.48
179.5	2.3397174675751775	100.62
180.0	2.3158819144716447	50.524
180.5	1.5570734785888969	50.376
181.0	2.0488131171620503	100.506
181.5	1.7266401933095297	110.672
182.0	2.399710290775069	90.477
182.5	2.15080944482124	21.776
183.0	1.8062897395581294	40.585
183.5	1.9131633473996834	31.519
184.0	1.8662319104272065	106.781
184.5	2.283602813270796	110.803
185.0	1.7122049798798364	110.748
185.5	2.4983878361740026	70.467
186.0	1.6851691594985863	121.232
186.5	1.4823898264617155	92.378
187.0	1.6041703862958958	95.289
187.5	1.1848448578543067	50.324
188.0	2.2258123090274218	145.47
188.5	1.382436081335123	90.818
189.0	2.1274030644637225	23.282
189.5	1.2088250487984522	73.148
190.0	1.9104833119310916	80.551
190.5	1.5985797642419457	50.586
191.0	2.1326664801391204	73.466
191.5	2.010616029324238	120.834
192.0	2.183713688339708	50.387
192.5	1.4445154298736174	20.823
193.0	1.7336171957544007	54.601
193.5	2.047550993907886	90.482
194.0	1.8541960917519866	32.484
194.5	1.814455564731774	47.439
195.0	2.1596607607268803	20.085
195.5	2.2235667575103593	120.724
196.0	1.931683382642247	53.406
196.5	1.9962779842399134	40.477
197.0	1.5466150012356747	80.396
197.5	2.438074850028538	60.708
198.0	1.7209473228238503	98.712
198.5	1.444169342030346	141.206
199.0	2.182088874853265	108.927
199.5	1.7306921489392644	40.214
200.0	1.8630352540971715	110.596
200.5	1.8144228223409975	44.353
201.0	1.3742986620676299	90.71
201.5	1.9715528709385186	48.834
202.0	2.040178224588188	110.515
202.5	1.7826316326089822	36.014
203.0	2.1135721782028107	100.658
203.5	1.7763059181415202	131.126
204.0	1.7938560959807255	70.616
204.5	2.1121636608783887	70.654
205.0	2.2244487175367866	100.616
205.5	2.5139005647916606	60.229
206.0	1.7567880686443282	30.639
206.5	1.5570791360552094	80.519
207.0	1.9134862427373711	58.859
207.5	1.58921092427075	110.798
208.0	1.8461133736878252	80.526
208.5	1.9197977736606222	50.392
209.0	2.015034613537302	121.405
209.5	1.8438453731868376	90.517
210.0	1.4712642059308734	100.603
210.5	1.7892460752174464	55.67
211.0	2.3850062355422885	40.537
211.5	1.469526627140238	145.702
212.0	1.639971984313882	60.326
212.5	1.765098386798872	90.442
213.0	1.9467213987507415	100.653
213.5	2.0226852364720003	102.05
214.0	1.7182415520694128	141.073
214.5	1.9181298889941372	50.315
215.0	1.896644022038731	90.563
215.5	2.0633553347134646	45.113
216.0	1.1826906140954232	23.138
216.5	2.7183885519290834	107.729
217.0	2.1411230121889964	56.505
217.5	2.134841829919899	110.973
218.0	1.6149604121049712	70.51
218.5	1.5840623907218256	50.434
219.0	1.6384818968810313	25.673
219.5	2.1117434766123298	70.504
220.0	1.6954204138793043	100.706
220.5	2.2609933650406386	40.542
221.0	1.75926505491667	70.465
221.5	1.7208722956682059	50.373
222.0	1.4200152622584477	120.709
222.5	2.305859008733476	70.492
223.0	2.520602025582602	40.673
223.5	1.734585545557769	50.218
224.0	1.9132683954160477	24.501
224.5	2.1081659259602192	100.624
225.0	2.2910891072083346	133.159
225.5	2.0148486859705286	27.293
226.0	1.9918396968184868	40.547
226.5	2.1254025744605367	35.352
227.0	1.6327448722505906	121.11
227.5	2.1173740955548466	53.157
228.0	2.5980373809229373	36.923
228.5	1.90678181033629	51.627
229.0	1.6376248538262408	70.759
229.5	1.9940858444932195	101.098
230.0	2.0666813069628454	90.729
230.5	2.410650215681575	90.409
231.0	1.838428277539956	48.331
231.5	1.6829079956769248	70.494
232.0	2.335870195939658	40.388
232.5	2.2094530547121134	40.366
233.0	1.950054088945415	114.623
233.5	1.488888253746953	60.307
234.0	2.4980959211025184	40.237
234.5	2.0920638417405657	45.745
235.0	1.5815362209569743	50.363
235.5	2.3603710655862384	110.805
236.0	1.9107305143101325	50.538
236.5	2.0851470552718077	130.962
237.0	1.5001904428430093	127.529
237.5	2.1754072005347096	70.572
238.0	1.7684627616617152	34.341
238.5	2.418772166229499	110.732
239.0	1.5555970223611153	42.047
239.5	2.136661501296563	161.212
240.0	1.7262855338448748	70.395
240.5	2.216399536060422	45.564
241.0	1.4331938578927474	30.995
241.5	2.621194548149637	112.658
242.0	1.6064918615188457	75.059
242.5	2.460687805951636	50.744
243.0	1.633755726709921	161.213
243.5	2.1035824842425073	26.689
244.0	2.3487727552113453	90.402
244.5	1.9546281156291498	50.648
245.0	1.412898541490059	100.748
245.5	2.3176786013248956	154.594
246.0	1.914284875115219	121.188
246.5	2.077385578798193	130.897
247.0	1.421077772509451	40.324
247.5	2.612714830443395	58.175
248.0	1.6724442264268142	90.659
248.5	1.3913824303434708	25.889
249.0	1.397207931986143	49.656
249.5	1.5103037524171923	110.707
250.0	1.8849999390676246	118.37
250.5	1.7405242876398077	70.52
251.0	1.7697994129631456	110.667
251.5	1.6687427972159237	100.692
252.0	2.3377644992597633	100.636
252.5	1.7343291609654798	78.252
253.0	1.8057199505022388	90.581
253.5	1.9084357135393835	97.542
254.0	2.2549742462473836	141.36
254.5	1.429526429582123	100.68
255.0	1.9536075220403186	70.432
255.5	1.9572015585625144	130.77
256.0	2.1753879791632005	36.8
256.5	1.931468664537612	30.195
257.0	1.552584480744129	70.594
257.5	2.3848344260689465	139.3
258.0	2.077739209418055	80.53
258.5	1.8126973474949266	110.803
259.0	1.6268799818315138	100.643
259.5	1.6595178666093886	83.353
260.0	1.5522983921266023	120.96
260.5	1.839503249951669	80.819
261.0	1.9605006826486922	120.883
261.5	2.34938889694102	90.779
262.0	1.7965603101080576	78.879
262.5	1.6450739865379327	101.16
263.0	1.549917129793744	50.792
263.5	2.140925868347104	37.156
264.0	1.5617034210055374	100.72
264.5	2.359273698295772	50.291
265.0	1.6490095669983922	100.496
265.5	2.0784968648035007	70.576
266.0	1.4676237781861616	130.935
266.5	1.8563879966925456	70.501
267.0	1.0823149926712503	89.232
267.5	1.934042709179812	120.795
268.0	1.7732453781685027	130.665
268.5	1.8040930455608712	112.582
269.0	2.034535124397327	50.296
269.5	2.0933488475655957	90.455
270.0	1.876714862776977	34.901
270.5	1.959722619168129	131.056
271.0	2.0256579160335244	100.914
271.5	1.8519604498877755	100.846
272.0	1.6358854744289515	30.664
272.5	1.7403348708811393	105.642
273.0	1.7504056297206938	90.709
273.5	1.5403120504890073	50.642
274.0	1.464606442795418	151.099
274.5	1.761245681785348	70.907
275.0	2.771441178521516	90.949
275.5	1.5099027112163381	121.316
276.0	2.668629878152846	20.139
276.5	1.7406363569495253	141.121
277.0	2.083627611346501	47.963
277.5	2.1208940933331104	70.339
278.0	1.7047305235493535	70.588
278.5	2.5080211757431172	70.793
279.0	2.2111167939808016	100.872
279.5	1.5175393612531176	130.992
280.0	1.6400214459203246	80.614
280.5	1.8127977806727762	99.524
281.0	2.300805956816501	70.575
281.5	1.6236455960094558	90.743
282.0	2.1723625560231854	40.921
282.5	1.54019216110821	60.294
283.0	2.3829846136439436	68.314
283.5	1.9123923236123808	90.696
284.0	2.1374131830718035	60.823
284.5	1.8309032868932729	41.664
285.0	2.1203134877687813	80.572
285.5	1.537961884426006	38.731
286.0	1.8509003365925971	139.947
286.5	1.5003758985492908	46.546
287.0	2.315403813629613	71.985
287.5	1.7279981730695768	90.664
288.0	2.7648092512205773	20.236
288.5	2.0209461696289024	44.781
289.0	2.0130520865975705	37.876
289.5	1.8003822353839727	110.664
290.0	2.043402890078002	87.21
290.5	1.6454211317242247	121.055
291.0	2.102623424863658	70.368
291.5	2.094246944885587	33.41
292.0	2.025158742277138	50.215
292.5	2.3908274832417167	90.966
293.0	1.7425764873547247	75.424
293.5	2.082415962776937	30.318
294.0	1.5099425310499937	90.615
294.5	1.9217901878887582	160.662
295.0	2.62733206220237	82.586
295.5	1.6228706305385359	90.54
296.0	2.454192495202752	28.962
296.5	2.133694560814866	40.303
297.0	1.57481342549703	61.927
297.5	2.1552371581770124	110.507
298.0	1.883622165152834	130.899
298.5	1.8611556157549567	90.661
299.0	1.8067163036419345	94.258
299.5	2.3325930015852685	110.746
300.0	1.6526061799987357	18.782
300.5	2.043017764407309	80.577
301.0	2.02483039908149	90.724
301.5	1.6047345339116277	22.214
302.0	2.0577702090305645	28.601
302.5	1.4165600463442642	140.968
303.0	2.287410925548537	120.575
303.5	2.07174046611191	90.65
304.0	2.0209038092393437	111.236
304.5	1.156365162058758	24.432
305.0	2.185614973324478	30.18
305.5	1.6335635457758517	80.467
306.0	1.6271452052088566	80.572
306.5	1.8580231781620644	81.53
307.0	2.23793107433363	24.429
307.5	1.6245607220094582	99.979
308.0	1.7824596177680119	90.533
308.5	2.1920012402440663	118.431
309.0	1.5922219364434675	102.05
309.5	2.229635658639144	85.333
310.0	2.3649394641993626	87.225
310.5	1.722039849119701	130.913
311.0	1.9129799225627022	80.613
311.5	2.105473391608021	110.813
312.0	1.6273598796150244	25.512
312.5	1.7975699603942106	90.9
313.0	2.3788993395559457	106.898
313.5	1.9953278617528518	80.663
314.0	1.7182113888241413	80.492
314.5	1.8686700072397253	101.905
315.0	2.180856344858613	110.745
315.5	1.8743966473993732	55.354
316.0	2.1658913654279663	30.224
316.5	1.9307886706026847	70.446
317.0	1.2446151726716113	110.835
317.5	2.484012711951687	70.452
318.0	2.0387946604570244	50.304
318.5	2.2760903368946437	141.443
319.0	1.654148715692307	32.664
319.5	2.532044797699163	50.68
320.0	1.3768492981423586	81.777
320.5	2.34661705270814	20.213
321.0	1.5597384043350917	50.66
321.5	1.7827496746893416	110.633
322.0	1.4687972171583554	70.77
322.5	2.266586152289624	110.77
323.0	2.3324500759884246	70.606
323.5	1.993085259137915	100.115
324.0	1.443909101338594	90.632
324.5	1.8262375287222283	70.372
325.0	1.7291820230997255	120.868
325.5	2.2270126285411416	70.705
326.0	2.2578899537399613	35.854
326.5	1.990634597831789	60.411
327.0	2.273706862902857	66.063
327.5	2.078951094253854	90.778
328.0	2.2061138773562785	100.543
328.5	1.5451733282231817	100.605
329.0	2.2221851393372334	70.504
329.5	1.6663258109360284	131.372
330.0	2.2339937204352647	32.17
330.5	2.0493848536715116	31.816
331.0	1.8707357455685325	110.815
331.5	2.110231990021135	60.504
332.0	1.4842913343608874	80.443
332.5	2.8780473912864957	46.667
333.0	1.6681577533348309	120.921
333.5	2.1255056864205013	80.498
334.0	2.0172083726050207	21.108
334.5	1.5701100372539898	90.504
335.0	2.1358276413680755	141.12
335.5	2.054091563038522	43.003
336.0	1.6577367376172576	121.178
336.5	1.709223783220746	90.758
337.0	2.3997366643909257	45.649
337.5	1.9274152022439	50.387
338.0	2.292907710274857	72.038
338.5	2.371567790210161	88.298
339.0	1.5150354082337645	100.758
339.5	1.6928817663525573	39.937
340.0	2.3531071972131676	161.418
340.5	1.7889039187815745	80.518
341.0	1.9855263410305228	90.63
341.5	1.898142649492536	52.452
342.0	1.9952048997240461	81.578
342.5	2.6189449959527122	131.314
343.0	1.7058644338587654	103.479
343.5	1.7738306020389893	30.329
344.0	2.0400172484315604	90.694
344.5	2.3493480725866918	47.622
345.0	1.48699408094667	120.925
345.5	1.6714402476527874	90.516
346.0	1.8466943586457267	55.64
346.5	2.205821464986549	30.208
347.0	1.7270938535536242	96.175
347.5	2.0137673923877943	50.439
348.0	2.2737789711532264	80.73
348.5	1.9196009875069084	80.648
349.0	1.8463246583083448	47.826
349.5	1.6268817040244021	40.643
350.0	2.13650150137938	85.287
350.5	2.0926008480970566	47.526
351.0	2.1745749507557415	53.012
351.5	2.5168811999121523	90.609
352.0	1.7047644200451595	93.125
352.5	2.5760357707253547	30.205
353.0	1.9002055968684708	70.277
353.5	1.7105510862809543	23.275
354.0	1.7957011252951263	72.626
354.5	1.7791698793405153	70.512
355.0	1.6821302947221795	105.378
355.5	1.9810247262778635	131.001
356.0	2.039485999811137	110.006
356.5	2.0835456140062436	40.433
357.0	1.7674115484345554	90.627
357.5	2.331308809447706	40.638
358.0	1.5250390843074837	123.978
358.5	1.573603872833568	50.372
359.0	1.5384905336368375	100.762
359.5	1.657642620382674	140.938
360.0	2.2926610609025926	131.111
360.5	2.621366434135091	90.539
361.0	2.2682770436125392	91.132
361.5	1.9223926964360063	50.356
362.0	2.55700856656832	79.553
362.5	1.724821816309601	40.252
363.0	1.901396919471757	90.454
363.5	2.2568302877906268	102.374
364.0	1.6845686007015643	88.631
364.5	2.178656177285614	78.31
365.0	2.0875519616727485	86.964
365.5	1.8405547400505577	30.215
366.0	2.169201972757697	70.54
366.5	2.034172468142464	110.779
367.0	2.099153192549461	90.628
367.5	1.9666630894697466	60.368
368.0	2.0954740892881327	129.957
368.5	1.577410451117308	40.282
369.0	2.0113903397873183	90.59
369.5	2.1961504233975417	121.947
370.0	1.8972825164406095	38.986
370.5	1.6758298990539906	109.519
371.0	1.8950906591129035	100.643
371.5	2.3792827550168663	21.429
372.0	1.9977315272062186	50.463
372.5	1.8433330062853792	50.477
373.0	2.177792197967927	30.237
373.5	1.940398226649897	30.641
374.0	1.5695767640562381	50.558
374.5	1.9984028245378391	122.239
375.0	1.6316923199838482	55.705
375.5	2.105412256750499	92.518
376.0	1.8797308800033954	60.413
376.5	1.647993190169457	90.596
377.0	1.6759207841458608	110.697
377.5	2.611084029186176	121.441
378.0	1.6200390190513092	120.844
378.5	2.010434005581276	90.501
379.0	2.2365573833929155	60.273
379.5	2.231965182928668	49.163
380.0	1.882817941241138	70.527
380.5	1.581954981669602	24.373
381.0	1.405900179596667	86.611
381.5	2.564555470040282	50.452
382.0	2.2767079258202747	101.292
382.5	1.7174522470185303	70.546
383.0	2.5019135255671485	111.451
383.5	2.051060969446031	60.483
384.0	2.168240364419898	89.339
384.5	1.5173833953769997	50.414
385.0	2.351286438225406	80.62
385.5	2.4398633298227796	80.297
386.0	1.8866341711393202	29.311
386.5	1.7751136134460868	60.271
387.0	1.925634712946505	22.444
387.5	2.0480245993424306	18.591
388.0	2.21004923029207	70.599
388.5	1.748567518711691	69.218
389.0	1.6278191429649636	20.269
389.5	1.8906594270287813	82.806
390.0	1.7131420127315995	60.602
390.5	2.179376712534062	90.426
391.0	1.8999489276864805	90.614
391.5	1.7747426135473434	60.441
392.0	1.8974134322512228	70.521
392.5	1.6125736126257844	21.178
393.0	2.0958781176514254	20.167
393.5	1.9168106179788935	39.651
394.0	1.7723462314343157	90.466
394.5	1.7858535941729892	80.499
395.0	2.144259983558429	51.083
395.5	2.1403574778673966	140.923
396.0	1.684573471563482	110.58
396.5	2.0640295217648736	60.467
397.0	2.122759253470135	58.875
397.5	2.1728258773633757	110.918
398.0	1.9971379516835783	40.245
398.5	2.3800860788398475	40.253
399.0	1.8104019874458637	60.459
399.5	2.2367321090154486	83.198
400.0	1.9857298092451425	20.817
400.5	1.7909632545760692	30.503
401.0	2.0320883442817435	80.867
401.5	1.8268900752268311	43.049
402.0	2.1110400033504106	40.272
402.5	2.1090616875728196	50.261
403.0	1.8817805785818744	96.478
403.5	1.8501938105683715	80.525
404.0	2.387247811574975	114.918
404.5	1.9261336461685654	71.013
405.0	2.1367932510230365	100.498
405.5	1.7666376022512087	19.35
406.0	1.6369581657647865	97.256
406.5	1.561826551834184	61.036
407.0	1.6176987180692564	45.252
407.5	1.9867578235745158	40.213
408.0	1.9505790897143818	48.543
408.5	1.9121566757345487	90.744
409.0	2.5656900731343315	20.439
409.5	1.5701552827712095	30.211
410.0	2.250941129619187	60.496
410.5	2.15832914190439	22.703
411.0	1.6834004235759428	69.199
411.5	2.0040987399208086	80.586
412.0	2.0081435654069226	30.048
412.5	2.3506988854743014	80.422
413.0	2.16598359360009	111.214
413.5	1.6197242001847132	28.308
414.0	1.9877168828217888	90.469
414.5	1.9174524734313576	80.718
415.0	2.7862741457300264	50.412
415.5	1.4110299244378524	57.97
416.0	1.4231983684235736	20.532
416.5	2.108490112089691	34.512
417.0	2.2454878985858784	141.023
417.5	1.332359227215952	48.289
418.0	1.8403325572270497	80.467
418.5	2.3707859630250305	70.488
419.0	1.4220836421771446	100.714
419.5	2.0694374297275586	102.859
420.0	2.1091278212193356	100.743
420.5	1.9005904038166708	42.203
421.0	2.2263670522136327	30.236
421.5	1.6143994084351605	53.061
422.0	1.8746382028877953	110.313
422.5	2.2225109425077303	50.736
423.0	1.494448844631544	60.333
423.5	1.8144720703759323	80.071
424.0	1.671574280635131	70.604
424.5	1.7987883132875266	60.431
425.0	1.9373038270856264	50.716
425.5	1.854495566782598	120.881
426.0	1.9562512547507969	90.302
426.5	1.8926487083601604	60.356
427.0	1.9841233348183156	90.597
427.5	1.801010698679824	53.851
428.0	1.8429356900583058	30.194
428.5	2.3156738269768287	90.563
429.0	1.4567862259359345	90.667
429.5	1.7195977181226858	49.83
430.0	2.0396243810398897	130.837
430.5	2.278899276501963	30.236
431.0	1.8158707036333253	69.756
431.5	2.0046289917864786	22.628
432.0	2.167173299264137	65.215
432.5	1.5846635527071486	39.678
433.0	1.8522661291899576	70.344
433.5	1.8135914926904206	84.472
434.0	1.6713285034562486	50.434
434.5	2.2772387909757534	48.039
435.0	1.318069359079221	40.361
435.5	1.9013282761406103	90.498
436.0	1.832637350778783	110.756
436.5	2.043786064786415	78.892
437.0	1.7678665453306779	70.656
437.5	2.273383113562681	60.712
438.0	1.617490274059055	30.209
438.5	1.7843718728266853	90.903
439.0	1.7159598730166374	90.66
439.5	2.282404944066209	73.478
440.0	1.63325136986464	50.636
440.5	2.1413795355760366	50.493
441.0	2.0404886901665926	28.115
441.5	1.6513204272871895	60.48
442.0	2.0873735349557085	99.997
442.5	1.8984636076911978	75.931
443.0	1.357839959195485	140.996
443.5	2.340263187046266	21.926
444.0	2.460292463626048	20.397
444.5	1.9692921431848156	130.405
445.0	1.6368627427295994	90.597
445.5	2.2703359072810847	114.492
446.0	1.6923423848801886	80.425
446.5	2.5521547210871485	50.325
447.0	1.4662884845937998	87.787
447.5	2.063766516900283	50.144
448.0	2.1839129321437127	106.101
448.5	1.7863746768889082	70.588
449.0	1.7203282469755616	21.967
449.5	1.8367704724751064	117.282
450.0	2.0076047360973184	111.66
450.5	1.9796437439973475	110.752
451.0	2.0601921378949637	50.543
451.5	1.6808941938121589	120.89
452.0	1.5128843878604432	60.5
452.5	1.7758532216321126	120.85
453.0	1.972808667321319	25.152
453.5	1.8477542686726105	110.813
454.0	2.307925556282526	111.047
454.5	1.4792245383626617	80.578
455.0	2.2033145934264073	50.283
455.5	1.6283827397174835	96.721
456.0	1.8606341053890831	110.691
456.5	2.072412011311692	34.333
457.0	1.8948902084221804	110.648
457.5	1.9604222596034269	40.306
458.0	1.7113568970299564	55.659
458.5	1.6531266938549578	100.563
459.0	2.2712136726266037	80.598
459.5	1.7464886836071025	100.815
460.0	2.352325024824547	70.192
460.5	1.808918511397026	50.363
461.0	1.9029052253675263	78.91
461.5	2.168068761115916	90.562
462.0	2.5983395722763865	47.114
462.5	1.5814513872931073	130.855
463.0	2.044998814384548	140.666
463.5	2.085914739373052	90.852
464.0	2.0832477085321357	73.638
464.5	1.6378256773084419	90.616
465.0	2.0471007913071757	79.451
465.5	2.2253795122846505	120.821
466.0	1.9505202074372807	90.63
466.5	2.169243409561322	91.02
467.0	1.806102311080903	90.624
467.5	2.215088260396895	50.353
468.0	1.4983378346837386	100.737
468.5	1.9298443363985451	80.572
469.0	2.5619074933571895	90.857
469.5	1.7761320685131199	70.323
470.0	1.4041240908023083	70.427
470.5	1.994944438328754	72.63
471.0	1.4598504338456215	22.061
471.5	1.837934048499218	70.327
472.0	1.3174038253655707	80.493
472.5	1.740252171939316	80.509
473.0	1.7177706543119677	34.524
473.5	2.01185404913956	83.622
474.0	2.090157094252509	30.211
474.5	2.301049926138638	94.578
475.0	2.22105744864996	49.088
475.5	2.0340262473607518	70.352
476.0	2.0991056978374942	60.869
476.5	1.7425037263024394	90.56
477.0	2.5058855328759715	40.319
477.5	1.586651382475085	90.684
478.0	2.1155998142374624	20.737
478.5	2.0572426256331666	80.814
479.0	1.7036234843113476	43.188
479.5	2.4759463634098506	50.447
480.0	1.60647014444716	74.228
480.5	2.04333062536955	110.773
481.0	1.6248318427185913	100.436
481.5	2.24438914944148	79.714
482.0	1.2309915803807525	50.381
482.5	2.014689860844491	44.204
483.0	1.9255952491501054	93.172
483.5	1.6491874821490635	70.543
484.0	1.4621005941417549	90.584
484.5	1.9753596564717053	80.724
485.0	1.722924774629568	90.521
485.5	2.4742596913164348	50.624
486.0	1.90868153898597	23.132
486.5	1.7666090210446597	40.121
487.0	1.9891887174871583	30.329
487.5	1.6443982409601474	80.478
488.0	2.3179410318882043	115.307
488.5	2.1198483403495083	38.492
489.0	2.174446485266603	123.762
489.5	1.9479619384535438	80.575
490.0	1.4033243008995684	100.516
490.5	2.214000721585316	55.039
491.0	2.5286405578916384	70.561
491.5	1.7470363938860385	83.669
492.0	2.1277331568994815	80.42
492.5	2.022169485873701	87.01
493.0	1.7646127958177344	96.16
493.5	2.001344268959662	111.095
494.0	2.5982226213781674	111.044
494.5	1.7634775774657383	78.326
495.0	2.4116044827783747	101.244
495.5	1.3461644149837795	100.601
496.0	2.1039621293633837	90.689
496.5	1.7692789664917807	95.617
497.0	1.882001131750916	79.03
497.5	1.6620494795608696	80.504
498.0	1.9003845631939122	77.604
498.5	2.2043078954840896	112.726
499.0	2.0949368779477577	90.56
499.5	1.9659776346027795	48.79
500.0	2.1380664655601884	63.968
500.5	2.3300901511163126	40.436
501.0	1.5152661853535891	110.716
501.5	1.8465846311666574	90.321
502.0	2.4086492355484905	129.694
502.5	1.3816552613818653	110.784
503.0	2.309555664431625	110.304
503.5	1.7042621027133653	80.989
504.0	1.4838455395357568	110.924
504.5	2.061427938057923	102.734
505.0	2.1098512841013704	42.434
505.5	1.711323044115794	54.875
506.0	2.1051125194163958	78.579
506.5	1.8811483940782205	41.297
507.0	2.472382104496066	131.336
507.5	1.8682872989957198	90.565
508.0	2.3372273810620916	75.791
508.5	2.029904941280938	60.479
509.0	1.538371644785177	93.425
509.5	2.1951057284558995	66.666
510.0	2.4686095369138865	40.601
510.5	1.8488769789553485	73.739
511.0	1.8226402004187436	90.573
511.5	2.278548193888427	110.517
512.0	1.8023526716140135	80.414
512.5	2.76699110777938	50.629
513.0	1.3546378764951588	86.854
513.5	2.0529350887381264	91.682
514.0	1.9625150050325697	120.869
514.5	1.9205328241188848	110.689
515.0	1.4927400546109981	42.869
515.5	1.4690554721136124	37.3
516.0	2.0068172459151747	40.875
516.5	1.8127711818373107	90.502
517.0	1.6558582668962032	100.534
517.5	2.1901435623637635	40.311
518.0	1.6107174047221184	85.437
518.5	1.518875705553106	92.061
519.0	1.068783971419003	90.457
519.5	2.001401526750713	40.144
520.0	1.6634748292454897	145.207
520.5	1.3209257728953683	100.549
521.0	1.355411764880639	100.703
521.5	1.91557635909527	80.486
522.0	1.8935238161318737	110.964
522.5	1.7788800163011607	50.708
523.0	1.7582474890395803	90.428
523.5	1.9382734606965255	47.258
524.0	2.7406410785318336	40.381
524.5	1.6932705984507752	90.629
525.0	1.2979082992955282	90.238
525.5	2.1001851154747366	151.435
526.0	1.1302025021243949	161.444
526.5	2.206369463634667	80.781
527.0	1.2505064838466682	55.389
527.5	1.663856128779396	59.248
528.0	1.55683688139595	121.14
528.5	1.1826326538035468	74.697
529.0	1.6597759524635687	140.972
529.5	1.666191540670482	105.7
530.0	1.3960234593327037	131.052
530.5	1.1589232417456565	43.078
531.0	1.5811486377823107	47.787
531.5	1.7491207152583141	111.262
532.0	1.7331480912205444	110.451
532.5	1.5184194514634959	39.334
533.0	1.5343943290361044	70.2
533.5	1.69251414294947	37.124
534.0	2.081363760506734	70.573
534.5	1.8953421846757152	50.703
535.0	1.9737640774059486	90.93
535.5	2.211340190896528	121.02
536.0	2.0340704211941563	110.76
536.5	1.740261113470139	144.311
537.0	1.7007377447433842	121.062
537.5	1.53182279794883	50.335
538.0	2.3311884961713356	59.782
538.5	1.4768818344892476	110.891
539.0	2.5251634880414784	60.224
539.5	1.4855177294166537	90.523
540.0	2.035083160975226	62.798
540.5	2.3828881147484147	50.406
541.0	1.9997526007025042	110.888
541.5	2.4579029641815837	50.417
542.0	1.4691734331051585	97.661
542.5	2.2926704505779574	70.889
543.0	1.7578054233934581	110.686
543.5	1.8662229225236775	38.986
544.0	1.6737800963022893	100.723
544.5	2.0421135899606138	56.171
545.0	1.771237136736369	51.194
545.5	2.0162242072771672	100.79
546.0	1.5959263637186472	100.65
546.5	1.8391094905023275	70.305
547.0	2.2777498151608024	121.039
547.5	1.7444797699308872	110.208
548.0	1.6623688194742057	140.851
548.5	2.125342178395477	100.744
549.0	1.3276586273435056	121.782
549.5	1.4318636367497435	161.024
550.0	1.7323893927093772	90.614
550.5	2.102915948780982	141.332
551.0	1.7389118280155795	120.766
551.5	2.1125546224688194	96.303
552.0	1.7125785518312968	110.778
552.5	1.5848816080470272	90.482
553.0	2.306103612377934	161.545
553.5	2.047376463613481	90.6
554.0	1.7409381354172373	100.549
554.5	2.0333475220437496	39.987
555.0	1.9868097635793298	72.117
555.5	1.579561373839198	171.663
556.0	2.496484394355498	20.546
556.5	2.0038573563801303	154.661
557.0	1.9179790094127982	140.987
557.5	1.8892921671017389	90.677
558.0	1.6876970145121302	110.535
558.5	2.4659405948683624	23.767
559.0	2.1993956398893477	127.843
559.5	1.9623163185635373	100.779
560.0	2.2299751569648745	74.205
560.5	2.366556719339533	40.683
561.0	1.516096935650313	83.941
561.5	1.522693841885429	50.364
562.0	2.483910563621555	60.394
562.5	2.287619190444271	27.859
563.0	2.0518468027703562	49.93
563.5	1.457759107139069	120.631
564.0	2.247474798664169	84.59
564.5	2.3449225254353143	39.702
565.0	1.8702865756574638	110.509
565.5	2.184069350079332	91.651
566.0	1.5823031172753748	132.517
566.5	2.2639672022848383	60.871
567.0	1.901943399506395	100.717
567.5	2.4104423537465305	62.041
568.0	2.319873838143541	141.153
568.5	2.361306773701587	50.372
569.0	1.6446635219785966	100.567
569.5	1.877061500903508	100.283
570.0	1.5947296603901204	94.754
570.5	2.100608774932018	122.989
571.0	1.8983877048631603	120.655
571.5	2.163790462807677	90.442
572.0	2.0211867331305085	19.813
572.5	2.0193851924538793	93.039
573.0	2.0917142953917502	90.579
573.5	2.3912442824600033	100.686
574.0	1.7951439420995052	110.74
574.5	1.9026513034338477	60.29
575.0	1.680825272683018	140.83
575.5	2.4005133486978125	38.891
576.0	1.3489365725232634	90.62
576.5	2.053554834611065	90.665
577.0	2.1320016188485034	123.955
577.5	2.4824816851654505	91.078
578.0	1.7680847424380655	98.333
578.5	1.4101898580902408	90.948
579.0	1.8477320483321407	20.03
579.5	2.063864727580888	50.324
580.0	2.474647516167641	50.353
580.5	2.1779000900707346	80.54
581.0	1.8289419505769917	70.277
581.5	2.2151706694627027	73.219
582.0	1.8519878674588128	110.633
582.5	2.110736811198453	50.283
583.0	1.6157186799949301	110.683
583.5	1.6275863228564482	90.491
584.0	2.0071431749965303	60.389
584.5	1.9325287459947706	90.704
585.0	1.7313481127884702	110.705
585.5	1.9524313547186183	131.067
586.0	1.4597114427609075	68.791
586.5	2.415136934628133	89.074
587.0	1.5847615983366974	101.797
587.5	1.6984307602096125	110.792
588.0	2.2692204360448502	20.689
588.5	1.7406137223788494	30.208
589.0	1.7059992316517254	73.034
589.5	2.177909337856447	90.778
590.0	1.665141293147829	70.282
590.5	2.317779835892679	100.698
591.0	1.8296963738258778	98.076
591.5	2.328121759427231	40.467
592.0	1.8698828886393033	30.278
592.5	1.8504228340394566	49.965
593.0	1.7482801072171466	70.35
593.5	1.6912265119281424	30.221
594.0	1.7069604404324272	52.343
594.5	1.96349217880753	90.59
595.0	2.2264107037721432	40.254
595.5	1.782959534839858	40.265
596.0	1.5890321412851873	70.489
596.5	2.0639517580421773	40.242
597.0	1.5395383984235362	47.658
597.5	1.9353194113370042	80.592
598.0	1.9461365842257807	79.131
598.5	1.9973817369361209	50.274
599.0	1.6182710260927673	68.632
599.5	1.5449734656694731	110.884
600.0	2.2409539285791897	30.244
600.5	2.4388796993578623	110.754
601.0	1.7617848421862152	141.128
601.5	1.4823732893887323	90.568
602.0	2.073148094717606	50.276
602.5	1.4943440399032242	60.271
603.0	2.3460097004043963	31.744
603.5	1.8262865497030494	125.286
604.0	1.4267115214870087	27.125
604.5	2.3920943684954405	110.719
605.0	2.1438251804167865	32.695
605.5	1.4404511233649187	110.795
606.0	1.7680321401637702	70.452
606.5	1.984158655019649	90.632
607.0	1.7618561912203052	90.479
607.5	1.5940342358392512	110.826
608.0	2.2815235045532307	70.393
608.5	2.172869843611118	74.502
609.0	1.9054523019848744	40.181
609.5	2.28538966006157	74.247
610.0	1.8593489255276232	100.675
610.5	1.6729056769146233	76.141
611.0	1.9642572589991303	90.572
611.5	2.279806472185358	100.639
612.0	2.406045415115148	66.895
612.5	2.243105233292946	26.416
613.0	1.6704756443554605	90.623
613.5	1.8691629874539182	120.948
614.0	1.9115687204918088	80.675
614.5	2.6009667422558724	91.036
615.0	0.5795897834586202	141.062
615.5	1.9039499911124653	80.817
616.0	1.5940242770144533	22.527
616.5	1.7421840971264133	96.068
617.0	0.7981184123252962	40.151
617.5	1.5691559144094547	108.165
618.0	2.192811802402004	31.287
618.5	1.6524660640091484	39.838
619.0	1.771995210567212	30.362
619.5	1.111485597845136	90.319
620.0	2.0115798179742423	70.344
620.5	1.640462713480471	110.546
621.0	1.741388193680473	87.09
621.5	1.4813296251702057	161.077
622.0	2.9619542061596826	141.257
622.5	2.014710460881138	47.801
623.0	1.539202727024739	80.62
623.5	1.8317702468897774	40.226
624.0	2.708653073406597	52.107
624.5	1.8617829405208157	43.572
625.0	1.5036577641001116	21.031
625.5	1.6033613300498766	90.404
626.0	2.1404046373751218	90.731
626.5	1.4789238376440734	50.382
627.0	1.6536845903772988	100.466
627.5	2.656124011407049	112.662
628.0	2.2209459545859507	117.813
628.5	1.4607506205708491	30.43
629.0	1.2195051685189986	80.092
629.5	2.3448242308520197	37.803
630.0	2.4334921204660946	41.919
630.5	1.4600044367779605	100.681
631.0	2.2971369458131945	22.021
631.5	1.6028620075603865	159.372
632.0	2.145626557974854	100.602
632.5	1.6851023401962235	90.616
633.0	1.4031193228754326	150.864
633.5	2.5302342625040333	110.736
634.0	2.198831129691262	80.381
634.5	1.1723712929943835	38.851
635.0	2.070907803539228	92.898
635.5	2.02886896148028	50.378
636.0	2.051360337135373	22.866
636.5	2.2898409434108387	110.619
637.0	1.9976781724687167	31.184
637.5	1.9332639202119544	93.209
638.0	2.2798948245459036	67.227
638.5	1.51433318296211	70.284
639.0	2.204196163277794	80.636
639.5	2.2539496991135706	90.442
640.0	1.8918098703046715	100.67
640.5	1.307326588791966	30.151
641.0	1.866882103765432	90.655
641.5	1.9285288818248836	90.953
642.0	2.1068074506174614	70.561
642.5	2.000739158289339	40.623
643.0	2.264329903410836	100.821
643.5	1.9900849938419176	83.811
644.0	1.4445239824668255	90.68
644.5	1.8399726727493744	111.812
645.0	1.9780550209036196	24.617
645.5	1.872760436175066	90.463
646.0	1.6285632304400492	111.009
646.5	1.6657503500810082	80.562
647.0	1.7665977186978759	100.609
647.5	2.4345886464651985	70.382
648.0	1.8321191760668951	90.606
648.5	2.0276719470354694	38.909
649.0	1.8127630632444247	23.789
649.5	1.9606597787343707	141.367
650.0	1.9080471906229217	21.224
650.5	2.2112475181787787	70.818
651.0	1.606319658003419	60.441
651.5	1.259366799030225	70.603
652.0	2.0854793809186063	50.434
652.5	1.7384262151722312	98.218
653.0	1.8489735158121061	90.51
653.5	1.9871236403006116	95.299
654.0	1.9526421647523782	70.548
654.5	1.9047902993924943	40.026
655.0	1.72145612607758	110.887
655.5	2.0739114530962954	90.467
656.0	1.977035549808044	105.33
656.5	1.6580000126331662	28.78
657.0	1.9293474603589735	160.993
657.5	1.329172715971699	80.65
658.0	1.8108887524944284	70.198
658.5	2.3850354975329435	141.091
659.0	1.5765990609064215	90.606
659.5	1.6789036356794367	114.227
660.0	2.522308263607155	139.964
660.5	1.9571256651208444	80.415
661.0	1.919821265992417	60.586
661.5	2.3669041194490013	70.723
662.0	1.9666191373002204	80.853
662.5	1.8724444330774044	47.322
663.0	1.7511573941001202	70.592
663.5	1.9553517202708879	95.852
664.0	1.8433728823154012	80.838
664.5	1.7753543517607413	90.616
665.0	2.6408176809083894	70.621
665.5	1.5429350337553978	72.063
666.0	1.9356418113890759	18.539
666.5	1.6554490292993185	110.982
667.0	2.2320428832054717	60.362
667.5	1.9988804112877803	90.56
668.0	2.041426607089224	137.868
668.5	2.1742166560303406	20.727
669.0	2.3597900772825136	100.63
669.5	1.731470079241436	131.088
670.0	2.40033978863244	80.558
670.5	2.282964896226915	115.735
671.0	1.7607817747883998	73.8
671.5	1.6048014405267814	70.384
672.0	1.998383507492065	30.227
672.5	1.4519398040305254	23.393
673.0	2.183225483892011	30.22
673.5	1.7351282102830237	100.757
674.0	1.7676178698725198	110.689
674.5	2.024875227944984	30.194
675.0	1.5870439069418658	100.871
675.5	2.162604483388669	69.452
676.0	2.4610229756897337	121.173
676.5	2.147129695828067	60.424
677.0	1.9420408348650542	20.218
677.5	1.6998815724296383	48.571
678.0	1.6577109612499756	60.252
678.5	2.1292121369637584	90.952
679.0	1.8761015194501072	90.595
679.5	1.9071405206604055	100.597
680.0	2.3814839053026255	110.793
680.5	2.1280518471804846	90.575
681.0	1.9139914940983176	60.697
681.5	2.1363968287584947	90.582
682.0	2.185460122399903	81.944
682.5	2.2730128692502585	141.185
683.0	1.4221024070868684	30.171
683.5	1.791109289924113	80.644
684.0	1.6403458244022338	110.865
684.5	2.053091744490793	20.236
685.0	1.7680508277061295	120.726
685.5	2.242628841354371	90.389
686.0	1.9261766445552906	50.311
686.5	2.294704290556792	80.674
687.0	1.6225934348890896	90.574
687.5	1.5730401132985594	123.588
688.0	1.8727429615963422	20.988
688.5	2.2303082970367405	41.563
689.0	1.9363631429780472	90.613
689.5	2.264783583661267	58.139
690.0	2.040887441331417	27.001
690.5	1.6158348348836558	20.159
691.0	2.024321393031148	51.063
691.5	2.144730727101819	70.769
692.0	1.8916082752501013	76.269
692.5	1.8433470416679025	73.15
693.0	2.5649713672263013	26.114
693.5	1.7732619745829998	100.741
694.0	1.8233279758202692	85.915
694.5	1.8456924675411812	131.162
695.0	1.5340578250986843	120.715
695.5	2.1022347990160632	110.788
696.0	1.737701083997578	110.845
696.5	2.2995010630511854	20.409
697.0	1.9812919333591335	63.856
697.5	1.87137105283077	40.372
698.0	2.305435214174544	120.908
698.5	1.4470675637770767	90.685
699.0	2.245157016836241	20.127
699.5	2.219360641609986	100.603
700.0	2.3024742329639074	89.45
700.5	1.7693243619130505	90.667
701.0	1.6809933882672068	19.884
701.5	2.512085903550967	42.501
702.0	1.4455260544881856	100.588
702.5	2.4585430233517083	100.467
703.0	2.3430537742926862	61.551
703.5	2.381349829361216	91.051
704.0	1.5531864195874574	100.582
704.5	2.060815233596552	73.601
705.0	2.40409861945637	60.36
705.5	1.9773445378108454	20.37
706.0	1.6539101684774316	80.347
706.5	2.2176860862060317	44.116
707.0	2.2281657122886163	60.729
707.5	1.6735126596462593	21.033
708.0	1.3973914725809513	100.693
708.5	1.9943356028491612	120.927
709.0	2.4865275668378506	100.445
709.5	1.7146560763461283	120.82
710.0	1.7805811487158958	120.802
710.5	2.494236007025849	90.543
711.0	1.8381822816284623	90.633
711.5	2.0316867618734564	52.001
712.0	1.6678239305465958	60.531
712.5	2.743455351340861	22.184
713.0	1.3477310287759576	26.915
713.5	2.225697711532292	111.036
714.0	2.2581823588562084	125.491
714.5	1.7625120736133868	20.265
715.0	1.540665028719349	179.779
715.5	2.2099708900298105	87.334
716.0	2.0285868357930763	79.587
716.5	1.7074083428433626	25.043
717.0	2.269501377070321	110.638
717.5	1.8635813589692671	120.775
718.0	2.0245676968565967	37.291
718.5	2.308440741821026	40.506
719.0	2.161350582329862	68.821
719.5	1.5348512456999654	20.807
720.0	1.6401296262567762	100.511
720.5	1.72521695326682	20.184
721.0	1.8303630094032597	117.947
721.5	1.5447547168348694	30.354
722.0	2.1650212581686796	31.794
722.5	2.3319863755080674	100.596
723.0	2.079271698351196	100.683
723.5	1.8178683676302887	114.601
724.0	1.9031113266226667	139.935
724.5	2.2177040595959827	160.755
725.0	1.9528123440235683	34.243
725.5	1.7046044038111705	38.426
726.0	1.757447173142126	130.837
726.5	1.8001915695741038	90.584
727.0	2.2492115681660234	82.475
727.5	1.7722956317737886	90.949
728.0	2.846693139878066	50.521
728.5	1.730066452084455	90.745
729.0	1.9244000874489167	115.966
729.5	1.7002073376066429	142.097
730.0	1.8224609893540789	130.869
730.5	1.8837101830487957	66.873
731.0	2.1509736704187454	141.692
731.5	1.4164687999382857	36.038
732.0	2.318235956156781	28.427
732.5	2.5080429276981078	113.731
733.0	2.092787637995453	150.987
733.5	1.594245595988143	90.611
734.0	2.343741096271092	130.795
734.5	2.0158892578546213	171.169
735.0	1.9567863836281958	100.676
735.5	2.3204769001334054	50.353
736.0	2.076647059424429	130.895
736.5	1.8175249782003997	160.152
737.0	1.6701785839834462	77.816
737.5	1.7229776865084023	51.475
738.0	2.130865455438714	146.397
738.5	1.6059525876884506	100.763
739.0	2.043552834654776	70.334
739.5	1.5217546455701352	78.016
740.0	2.2076358355267067	92.057
740.5	1.8926590156927479	48.997
741.0	1.716761568537631	70.538
741.5	2.7591003554802733	90.959
742.0	1.625953782173598	40.344
742.5	1.6782557145016368	100.88
743.0	2.1251430577596997	74.921
743.5	1.5969227928993341	90.453
744.0	1.8891969300380835	141.257
744.5	1.8121975676356175	90.64
745.0	1.3595898150590284	131.018
745.5	2.470614333010574	90.58
746.0	2.014694808992945	29.199
746.5	2.0630063299562575	100.685
747.0	1.84249289518248	50.671
747.5	1.9057714641229555	110.538
748.0	1.7511686925022136	80.51
748.5	1.80750962538834	151.27
749.0	2.24506206315414	51.31
749.5	1.8452567734549195	40.629
750.0	1.470852518730797	20.145
750.5	1.807614354842815	120.851
751.0	1.8065086543460442	80.591
751.5	1.6658227094364697	42.247
752.0	2.4317498954581946	23.992
752.5	1.4044877247827472	108.258
753.0	1.6991022534443938	50.295
753.5	2.0952921636538715	36.126
754.0	1.7726240415542942	100.725
754.5	2.1503715342799623	75.623
755.0	2.415224728829184	90.687
755.5	2.315576750086181	99.921
756.0	1.88919286748136	90.588
756.5	1.6150466130267385	39.58
757.0	2.1422511326106024	60.531
757.5	1.8186743600449695	57.611
758.0	2.0900363904432857	80.728
758.5	1.8028204283654186	110.734
759.0	1.855606558246039	90.485
759.5	1.7893320482301485	80.891
760.0	1.7605272671992713	148.598
760.5	2.2660891106715524	60.575
761.0	2.0413428183759645	130.807
761.5	2.1616368475334675	130.907
762.0	2.278689527815491	83.518
762.5	1.6934053654701644	60.476
763.0	1.956730694272955	132.204
763.5	2.1241522683334493	151.414
764.0	1.373871150838503	59.63
764.5	2.327826649296995	53.804
765.0	1.8123388512566947	70.598
765.5	2.094864585530321	113.185
766.0	1.6977802311256573	147.481
766.5	2.0371962371998937	70.621
767.0	2.5202278038323587	110.793
767.5	2.1077402934118847	131.356
768.0	1.5182584494869922	90.595
768.5	2.0079791105930953	50.318
769.0	1.7487179503738006	80.607
769.5	1.772600204208001	70.492
770.0	1.5801705674287991	111.033
770.5	1.7704092029571294	80.655
771.0	2.2783566870873346	100.746
771.5	1.8344610302409727	50.435
772.0	1.4186796914087494	100.632
772.5	1.7851800676289347	81.286
773.0	1.6284888575567746	40.335
773.5	1.7322664321090733	90.629
774.0	1.49030461863048	120.587
774.5	2.058494983194365	50.038
775.0	1.6238237003192373	70.421
775.5	2.002763226116652	100.546
776.0	1.673577746232496	80.443
776.5	2.3772106758654092	80.289
777.0	2.0342739688717875	140.987
777.5	2.0098458716650276	81.521
778.0	1.5814723863660363	110.527
778.5	2.1966033372885776	63.895
779.0	1.9938282304487867	60.321
779.5	1.9460280060714992	31.299
780.0	1.5970927265988104	110.652
780.5	2.088631588870288	27.016
781.0	1.632814653911628	100.724
781.5	2.0103292719255523	51.379
782.0	1.4171383837026827	42.272
782.5	2.0513849435948255	70.422
783.0	1.8094413742645346	49.476
783.5	2.254945124840241	19.159
784.0	2.0640614013298544	110.668
784.5	2.1942389755344576	70.711
785.0	2.195945577659885	102.668
785.5	2.5127007024959265	120.499
786.0	1.6420387292267802	121.153
786.5	1.8729459839518343	101.772
787.0	2.0902358469585836	77.923
787.5	1.6845421459517271	100.73
788.0	1.511266206916527	90.915
788.5	2.0458813496410397	60.988
789.0	2.816525780447521	70.446
789.5	1.9032646261819444	58.244
790.0	1.8291397252342279	80.545
790.5	1.7558586381629768	103.517
791.0	1.8761630176825956	70.585
791.5	1.9171432646122137	90.709
792.0	1.9095119032793733	38.861
792.5	2.100137690221608	50.41
793.0	2.489023781351467	90.887
793.5	1.4722575298144616	110.763
794.0	1.582878079183876	111.307
794.5	2.3620639238009287	110.754
795.0	2.5691143084140724	83.029
795.5	1.7666816707067774	110.792
796.0	2.2432949767255637	92.398
796.5	2.018958837365056	86.294
797.0	1.8701783447609541	130.772
797.5	1.5231827324614333	90.7
798.0	2.033012389722702	40.517
798.5	2.1702640692463877	60.486
799.0	1.741911600239784	60.875
799.5	1.476844516898674	80.423
800.0	1.90285096847016	78.789
800.5	2.320356552936048	120.712
801.0	2.3676071129151453	151.413
801.5	1.9079973152208878	60.549
802.0	2.0511369757437237	60.255
802.5	1.9714015704961265	100.918
803.0	2.315233765264407	170.847
803.5	1.6967384837031065	80.446
804.0	1.9078139561861907	132.886
804.5	1.8926923721874902	101.13
805.0	1.732485375239433	88.187
805.5	1.8830006409079865	30.274
806.0	1.7922896352602684	20.233
806.5	2.3579731568891726	20.103
807.0	2.225308071392714	70.66
807.5	2.045799527549764	30.167
808.0	1.6419048676367278	40.402
808.5	2.2786837107013014	81.207
809.0	1.9382648441886805	90.663
809.5	2.107335317496489	60.418
810.0	2.0607704368688102	80.462
810.5	1.941511719906135	120.792
811.0	2.324081583227748	48.256
811.5	2.1580727331077605	37.784
812.0	1.7317724076605503	140.942
812.5	1.940767805551875	100.511
813.0	2.2223951392409567	22.908
813.5	1.7965616747566762	120.817
814.0	2.503482590354288	70.533
814.5	2.2477519251670253	157.563
815.0	1.4978312185274425	23.81
815.5	2.121180743893851	28.665
816.0	1.9889169990834625	110.73
816.5	1.8817627053988288	57.907
817.0	1.3074246457736785	65.51
817.5	2.648887760001485	35.64
818.0	1.7606759784515191	32.542
818.5	1.5746242531395707	71.585
819.0	1.9142753713267764	50.647
819.5	1.5392690113751324	70.845
820.0	2.017636676514829	60.352
820.5	1.994163671826032	100.763
821.0	1.8021013740419463	40.441
821.5	1.640736497668875	90.749
822.0	2.459341774042171	110.986
822.5	2.7922481810604687	50.27
823.0	1.297017180156049	80.587
823.5	2.2627653180035034	22.489
824.0	1.7427625906267667	100.502
824.5	1.8290472208869688	100.764
825.0	1.6911675944741849	123.544
825.5	1.8069571599862575	121.097
826.0	2.0623542787443334	50.341
826.5	1.9694765203477262	100.866
827.0	1.8624058696951098	30.253
827.5	2.5420289380989227	82.434
828.0	1.783651045312151	70.412
828.5	2.454964910871274	100.301
829.0	1.2720966121958814	130.871
829.5	1.6364282866193933	40.307
830.0	2.0379190800865232	110.729
830.5	1.8307336953445905	110.752
831.0	1.5009132606373945	90.341
831.5	2.5301598681914625	50.795
832.0	2.0337949419590013	100.666
832.5	1.8493020442068364	90.646
833.0	1.9462009247236536	70.842
833.5	1.5700506227964057	120.886
834.0	2.10427143944251	74.528
834.5	1.8229418570286156	70.362
835.0	1.972387051038434	83.746
835.5	1.5431740000753675	40.188
836.0	1.9818682105464542	110.716
836.5	2.1409911178730856	64.567
837.0	2.0381573638756088	51.213
837.5	1.8565058404971375	60.5
838.0	1.8879997793578347	60.454
838.5	1.9174254898016592	70.487
839.0	1.9343909975727513	56.99
839.5	2.284362729189646	141.12
840.0	2.320469690487705	32.157
840.5	1.4502087949332225	100.62
841.0	2.302928169323903	93.175
841.5	1.3950671704764224	90.722
842.0	1.943684696885487	30.197
842.5	2.0626082049167196	19.937
843.0	2.056915273292695	90.714
843.5	1.6415136440486149	90.565
844.0	1.9974837754602892	120.878
844.5	1.8547879172167008	48.83
845.0	2.27358410359818	23.933
845.5	2.2629988868495254	44.461
846.0	1.657032046698686	60.382
846.5	1.715551025547423	140.957
847.0	1.9891501154006228	30.229
847.5	2.617251715009633	90.579
848.0	2.4520075850221494	46.726
848.5	1.3978913563557567	20.866
849.0	2.196854979551464	120.966
849.5	2.363306763370675	22.634
850.0	1.6654035843927057	44.008
850.5	2.030491416549261	43.755
851.0	2.3945547843833297	76.572
851.5	1.3634790481627954	60.349
852.0	2.297565821564492	60.779
852.5	1.2834618440099135	60.491
853.0	2.2745197553515406	88.043
853.5	1.7432075535429639	50.455
854.0	2.0737801455514324	21.377
854.5	1.5983152873933737	90.531
855.0	2.2469255588259656	40.204
855.5	2.042565961454087	33.939
856.0	2.418151286781247	100.706
856.5	1.9393534792560299	19.965
857.0	2.2384743496930724	70.306
857.5	1.7762762773018101	38.229
858.0	1.9929845630504819	148.885
858.5	1.7567241668624363	119.714
859.0	1.932652806600339	31.407
859.5	1.7799517343535936	80.359
860.0	1.7047318123902162	120.914
860.5	1.6188053037410992	50.48
861.0	1.7286623050136716	110.805
861.5	1.9021211666476021	105.533
862.0	1.8490724118368687	131.034
862.5	2.079309580335963	120.432
863.0	1.8281238808519797	80.61
863.5	2.4275809011698857	61.66
864.0	2.024365009299824	35.988
864.5	1.9667085874349852	38.468
865.0	2.1425631840628476	40.238
865.5	2.2517359300566397	80.672
866.0	2.5672300607167116	101.447
866.5	1.7639880814894628	131.115
867.0	2.222174217046929	90.596
867.5	2.3176926417704737	30.329
868.0	1.3101508577356613	110.894
868.5	1.649263121604616	110.584
869.0	2.111635906016334	110.742
869.5	2.299644047301804	110.477
870.0	1.5467338365992638	90.559
870.5	1.9648148302826287	48.585
871.0	1.753778155986535	70.491
871.5	2.1803076039316984	100.618
872.0	2.1442891417234207	95.771
872.5	1.606926017122582	39.051
873.0	2.6338513180011214	40.585
873.5	1.757966265056653	103.446
874.0	2.2502226202874516	73.014
874.5	1.6857646240977684	58.213
875.0	2.088363065081758	131.092
875.5	1.3397124345763027	50.382
876.0	2.1928095955737827	26.933
876.5	1.7371689106263566	64.887
877.0	1.5831837834709774	90.533
877.5	2.3293101413391146	30.259
878.0	1.5148273913196295	90.505
878.5	2.041676658358809	110.755
879.0	1.9836407470224249	58.495
879.5	1.224470103734478	19.561
880.0	2.332468895262572	21.377
880.5	1.9417477458495997	90.563
881.0	1.9182790121918403	110.704
881.5	1.884070172390602	76.6
882.0	2.110539928329044	110.676
882.5	1.8305354844050865	89.501
883.0	1.9148940141099362	72.395
883.5	1.9102570090972115	130.895
884.0	1.7968655301541874	110.467
884.5	2.523521276437535	103.435
885.0	1.733017737548152	70.634
885.5	1.7573083991655987	59.863
886.0	2.0084111019248847	110.563
886.5	1.991295909824109	50.434
887.0	2.4961889633413628	90.55
887.5	1.8281745894966537	67.686
888.0	2.4974660452031077	121.238
888.5	1.7866369833080094	50.219
889.0	1.9914135209431514	70.497
889.5	1.5155907675012112	44.683
890.0	2.3285549101529917	50.364
890.5	1.804388208473627	90.538
891.0	1.6038061950461573	64.108
891.5	1.8396720355330485	29.163
892.0	1.8622160337410898	107.398
892.5	1.5808747676212176	90.887
893.0	1.6410813532649586	100.7
893.5	1.2257710739686063	120.806
894.0	1.3763962847095494	39.376
894.5	1.837726394194646	81.868
895.0	1.769240576988534	110.72
895.5	2.1499281532926284	100.536
896.0	1.5967365620817309	46.317
896.5	2.030071184677769	39.693
897.0	1.6136873737074722	132.649
897.5	1.2205495781381495	61.565
898.0	1.8493205743735777	21.273
898.5	1.7092521210105311	80.651
899.0	1.465943984261952	122.737
899.5	1.9932316655488607	77.006
900.0	2.0657294879230417	40.353
900.5	1.483934359226803	44.163
901.0	1.766635000395395	90.458
901.5	1.6961706963271317	80.517
902.0	2.3986078065500926	100.579
902.5	2.1806663740753987	171.056
903.0	1.8739870830762757	155.106
903.5	1.7417067733480784	68.565
904.0	2.196863485976034	60.005
904.5	1.68439646940432	50.343
905.0	1.903458468566922	110.706
905.5	1.5279079385564496	50.551
906.0	1.8636496905853135	110.561
906.5	1.782333131119137	61.775
907.0	1.7961813511225726	90.67
907.5	1.2020706395843737	120.83
908.0	2.5092721854156843	161.106
908.5	2.037386515026376	50.359
909.0	2.3369183140095022	32.174
909.5	2.6916252778056164	57.083
910.0	1.4689907726944846	70.592
910.5	1.3707420129647936	40.221
911.0	1.9656998775699892	80.891
911.5	1.9012190265832474	50.329
912.0	1.8071060285182976	159.847
912.5	1.8908564506115517	52.936
913.0	1.6085315605504549	118.714
913.5	1.9558220523106618	120.866
914.0	1.8919311243154637	111.132
914.5	1.3413857244309455	101.279
915.0	2.3258768950277218	150.962
915.5	2.3154603070101847	30.429
916.0	2.146054213273157	80.135
916.5	1.3229592404342074	67.311
917.0	2.0662257530843395	81.08
917.5	2.170028833282899	20.271
918.0	2.6008942544927884	111.482
918.5	1.456132393379424	63.099
919.0	2.2908826269026736	60.532
919.5	1.9314178653783858	72.134
920.0	1.9453740654422123	90.427
920.5	1.448059773556302	111.217
921.0	1.390577275065485	80.369
921.5	2.1222474234808453	61.926
922.0	1.5642540066246022	100.722
922.5	1.623172797945025	121.117
923.0	1.596103893928777	70.894
923.5	1.4569574737818005	158.341
924.0	1.3557146763908134	100.688
924.5	1.6841210638592545	147.657
925.0	1.5777381501025787	40.376
925.5	1.8733893999830393	23.986
926.0	2.296275591443776	119.041
926.5	1.8855271638784712	92.764
927.0	1.6386991460077702	34.418
927.5	1.5525558247034883	42.27
928.0	1.790865392890275	65.548
928.5	1.4029720087087023	50.386
929.0	1.9635106848897406	82.891
929.5	1.9569659357840095	30.205
930.0	2.1891103285750044	40.393
930.5	1.9841265958539356	45.674
931.0	1.563562301291524	60.676
931.5	2.214459150988065	76.996
932.0	2.108166430757761	40.323
932.5	1.8576207939939278	100.501
933.0	2.341497358274107	100.791
933.5	1.5622287532817722	120.726
934.0	1.4818927093914145	66.937
934.5	2.2700002338720306	111.83
935.0	1.7933003388903563	22.256
935.5	2.0525538630782982	109.566
936.0	1.8934120063735556	40.274
936.5	1.8235025451699505	60.35
937.0	1.7315110039419725	50.454
937.5	1.4924287035207922	47.101
938.0	1.7319015120748995	70.5
938.5	1.7259338230380774	126.453
939.0	2.074186160439028	110.635
939.5	1.7888107271366753	50.481
940.0	1.9196468423416173	50.454
940.5	2.137933155483896	60.425
941.0	2.1865624287564325	92.562
941.5	2.019661652473035	48.023
942.0	1.6412921130428135	52.186
942.5	2.2507535037256083	110.605
943.0	1.6686229997271103	100.191
943.5	2.139922553041774	54.423
944.0	1.3944405908490984	70.428
944.5	2.05086553921639	110.839
945.0	1.7795985028855454	80.582
945.5	1.7408484030376798	70.602
946.0	1.6285921758722086	71.721
946.5	1.711667126852843	83.631
947.0	2.102918556860726	70.237
947.5	1.704457066095654	30.222
948.0	2.0363987921416906	105.93
948.5	1.5822442765247495	90.609
949.0	1.8236385753855044	50.388
949.5	1.6473383991711399	30.227
950.0	1.807798139707868	24.543
950.5	1.9322314643914422	121.03
951.0	1.4682686223337984	32.704
951.5	2.1548306814700964	100.672
952.0	1.1398806748135866	120.869
952.5	1.9546922529693322	37.834
953.0	1.8271538719955203	50.396
953.5	1.5343813853528347	112.579
954.0	2.0058195458168973	100.83
954.5	1.606577275106732	110.691
955.0	2.239174136447148	82.345
955.5	1.72645344602981	151.042
956.0	2.431952485498484	34.695
956.5	1.7982783865132277	110.955
957.0	1.5516449669242627	105.939
957.5	2.0494457647304873	88.515
958.0	1.8520635481246681	41.739
958.5	1.60755592966133	80.462
959.0	1.782294666714563	120.931
959.5	1.789434931141015	80.618
960.0	2.0633105002972436	122.953
960.5	2.3131807829831974	128.714
961.0	1.4540024884034537	89.115
961.5	2.052287829635766	90.586
962.0	1.843646753222199	91.615
962.5	2.254105325416077	59.89
963.0	2.0938832318208505	60.487
963.5	1.542415429359042	18.699
964.0	1.8248689301993426	110.505
964.5	2.2627988059350153	100.796
965.0	1.7984186005949372	18.917
965.5	1.269403064497514	130.702
966.0	1.4338397627789545	90.429
966.5	1.9742759195638728	120.779
967.0	1.2696937905156083	120.889
967.5	1.569720499818144	31.726
968.0	1.8631481553973714	90.605
968.5	1.558668514780512	43.436
969.0	1.7570944149509549	103.844
969.5	1.7916123599695206	23.159
970.0	2.0151735675967677	114.923
970.5	2.2844305260879354	71.424
971.0	1.659345780789147	90.426
971.5	1.8561027603815872	25.771
972.0	2.099748819707479	79.007
972.5	1.4301711216748634	74.788
973.0	2.653603628649034	40.029
973.5	2.0836957632424413	79.328
974.0	2.21662198998148	30.175
974.5	1.6486715038659792	31.01
975.0	1.6038358311606744	70.6
975.5	2.088567879328441	18.608
976.0	2.366861163452425	70.406
976.5	2.017184636085941	85.466
977.0	2.1470171488228793	74.241
977.5	1.6650020727391288	80.403
978.0	2.137694218897086	83.871
978.5	1.5392102420090696	35.259
979.0	2.14448200987898	70.361
979.5	2.0880426141618758	42.457
980.0	1.9506888188054214	30.178
980.5	1.6361967433792546	100.239
981.0	2.4602909017436043	28.999
981.5	1.6750588908362392	84.551
982.0	1.952903483097433	24.556
982.5	1.711909246114434	51.967
983.0	1.8788094180321933	100.677
983.5	2.145449608717123	19.469
984.0	1.6168995732567584	140.879
984.5	2.3607397188641137	60.555
985.0	2.090859657089864	90.384
985.5	2.359712464848774	43.076
986.0	1.8079443190555984	110.729
986.5	2.1864543016192277	98.03
987.0	1.9187149484665236	91.211
987.5	2.1127326039006706	80.644
988.0	1.5446761512040275	110.936
988.5	1.9942818603314363	100.637
989.0	2.387713017819367	18.613
989.5	2.4264031111011555	30.28
990.0	1.6443830663916166	119.412
990.5	2.1954328440751882	90.559
991.0	2.320729273709971	23.261
991.5	1.8139776866149928	90.516
992.0	1.6067937910677093	40.074
992.5	2.1878604496073386	101.016
993.0	1.6511128441055274	80.567
993.5	2.377652263554884	61.7
994.0	1.6977521214085056	110.614
994.5	2.0578196279628345	70.377
995.0	1.9997733254238168	41.031
995.5	1.6568525994928263	120.705
996.0	1.414488375876154	19.894
996.5	2.154766523408319	110.628
997.0	1.8537667971224883	90.748
997.5	2.3206344078387766	63.373
998.0	1.5917793415703636	61.445
998.5	2.330952185702416	100.487
999.0	1.8701586371158485	72.667
999.5	1.5185853932119622	70.449
1000.0	2.7063609736291263	80.526
