0.5	0.14359538681559955	1366.989
1.0	3.77757006092784	110.818
1.5	0.48534137790079857	108.936
2.0	0.2882309010037643	142.788
2.5	0.48825724865656084	16.195
3.0	0.6757998483460271	100.694
3.5	0.281346464829349	78.768
4.0	0.3770676159121137	66.724
4.5	0.8397000395165727	1363.246
5.0	4.095827053319943	32.973
5.5	0.9486212533124218	129.699
6.0	0.6472448419531533	90.668
6.5	0.44154083069205025	120.857
7.0	0.5281814195976551	134.664
7.5	0.10537512033429307	112.32
8.0	1.5914653452260419	37.577
8.5	6.25114240238947	108.661
9.0	0.6123457031167995	46.346
9.5	0.5275965926708418	46.411
10.0	1.0117778622740725	49.756
10.5	0.46706494793495196	35.921
11.0	0.40509711866839365	100.223
11.5	0.7031738360931823	90.624
12.0	0.8887396179392145	80.679
12.5	0.2816817465881803	30.302
13.0	0.9962606199632691	17.331
13.5	0.5966963621545105	171.289
14.0	0.34497790342652773	111.556
14.5	0.6157279993281786	144.172
15.0	0.5463850812251428	47.509
15.5	0.7337877094304035	27.246
16.0	1.0371118324338813	148.182
16.5	0.47873039051763017	100.993
17.0	3.6838090304598903	189.34
17.5	0.5582411628733189	16.736
18.0	0.5289139889695721	232.229
18.5	1.0614367468674581	24.186
19.0	0.5914779368258437	18.82
19.5	0.5413215258819685	17.276
20.0	0.4593742483806173	45.949
20.5	0.3586062513151338	373.492
21.0	0.5541794034005109	100.671
21.5	2.739925109297204	144.127
22.0	0.5215543912786803	30.268
22.5	0.028113490282402984	50.425
23.0	2.218840984079876	90.699
23.5	1.7623819847281132	90.633
24.0	1.822365718169508	60.469
24.5	2.326597955613197	100.756
25.0	1.420471517519432	21.167
25.5	2.6213737847133416	175.83
26.0	1.80321881348694	201.728
26.5	1.9967818930731027	171.5
27.0	1.117820440342308	90.691
27.5	1.9650963655404046	80.642
28.0	1.885075308693887	70.487
28.5	2.617819248435206	50.449
29.0	1.9916598041892832	90.575
29.5	1.6533736677426039	110.649
30.0	1.8783483169910142	161.353
30.5	1.4438593371079942	175.198
31.0	1.9778200429057433	50.388
31.5	2.1948890772286545	90.567
32.0	2.1272997902103867	60.368
32.5	1.7262301735538828	38.85
33.0	1.5043835657086888	60.598
33.5	1.6861123207242743	38.83
34.0	1.8588151193792268	70.766
34.5	1.8595699283749003	99.888
35.0	1.6227213142894807	39.537
35.5	2.093581642682033	18.451
36.0	2.3325055760189364	29.84
36.5	1.1986446729755593	100.617
37.0	1.758423418659126	60.455
37.5	2.004016203148207	120.91
38.0	2.118153428805006	39.676
38.5	1.6514372154642925	80.391
39.0	2.615014039223424	49.836
39.5	1.72702678490854	202.288
40.0	2.331752583752935	161.56
40.5	1.6073370543514507	80.554
41.0	1.7117412231698403	70.529
41.5	1.820097993010017	60.25
42.0	1.8645292263806905	39.396
42.5	2.0216214314925187	90.705
43.0	1.731932531846658	70.35
43.5	1.4677888208420442	77.803
44.0	1.4785862613519798	20.217
44.5	2.1530567845211928	15.704
45.0	1.6250937698828167	262.675
45.5	1.9072914457863677	165.153
46.0	1.5181516931176162	80.557
46.5	2.251501063614019	60.225
47.0	1.5427844309892422	80.425
47.5	1.766287117854079	40.208
48.0	1.4696826435492125	120.754
48.5	1.5912966845110375	141.118
49.0	1.9409069782838082	30.181
49.5	2.0699733709653305	211.121
50.0	1.9332522757852495	222.373
50.5	2.618802886151577	48.781
51.0	1.6113744338412723	33.136
51.5	2.3546344193768975	20.295
52.0	1.296294433247743	40.318
52.5	1.825612154171951	80.33
53.0	1.5694030710779228	84.852
53.5	2.1559947311482572	100.69
54.0	1.9648750140520685	80.522
54.5	1.9078859020014505	21.164
55.0	1.4374939661571016	182.358
55.5	1.8460464869228856	23.16
56.0	1.6562689642537947	79.822
56.5	2.073981399394345	60.299
57.0	2.420962504382734	70.421
57.5	1.9969344781579554	100.654
58.0	1.6171769300626417	20.186
58.5	1.9449366165388642	80.109
59.0	2.169722096125539	219.313
59.5	1.489580776755926	198.818
60.0	1.8046231555099064	83.255
60.5	1.6793271882951848	90.497
61.0	1.9209143016298251	80.377
61.5	2.051994726814317	40.415
62.0	1.7145540462221798	90.625
62.5	1.84455198990005	171.793
63.0	1.6853004174607378	80.542
63.5	1.5388316642122841	70.653
64.0	1.9475335135194434	60.329
64.5	1.4170976954819947	141.006
65.0	1.7817122258113356	17.832
65.5	1.9123463431228376	80.627
66.0	1.6197743656200878	80.393
66.5	1.7357061373391778	60.555
67.0	1.6119771853907825	19.781
67.5	1.880703392357085	57.188
68.0	1.6606341206984407	20.143
68.5	1.7067839135864356	171.826
69.0	2.034456490402816	181.717
69.5	1.929376790248152	17.647
70.0	2.5751226933909264	86.829
70.5	1.8352437387208203	37.697
71.0	1.8427202599022907	70.554
71.5	2.6721677129346197	21.094
72.0	1.9657977515376475	151.239
72.5	1.9696049171174672	141.539
73.0	1.3862763556910338	60.499
73.5	2.149429710332436	181.471
74.0	2.0891889127900436	129.377
74.5	1.649490518401767	72.615
75.0	1.9591632698291839	28.088
75.5	2.1666493417998782	90.686
76.0	2.0456669647224697	17.915
76.5	2.1527518323919765	19.377
77.0	2.123297724541823	30.153
77.5	1.9284703252421682	163.951
78.0	1.8673244179725605	181.626
78.5	1.6627511381722573	171.283
79.0	2.3923127194723834	18.899
79.5	1.6228872315054144	30.874
80.0	2.195590393773805	70.337
80.5	1.761794184867271	95.513
81.0	2.1996843265273545	100.81
81.5	1.8190921693671525	18.035
82.0	2.0293763962034643	171.721
82.5	1.381045284641371	244.766
83.0	1.5844547047902557	427.628
83.5	2.1703867449848095	303.073
84.0	2.4242333672716136	130.893
84.5	2.317162841151572	80.41
85.0	2.190156047543333	81.217
85.5	1.5854614454180762	92.264
86.0	2.2235801337294143	60.438
86.5	2.2665856520386525	70.518
87.0	1.7895124921080205	39.752
87.5	1.3715350076436805	162.89
88.0	2.328088803481779	17.757
88.5	1.798294437787533	20.395
89.0	1.2293896751141258	120.851
89.5	1.8500251450388079	47.294
90.0	1.2767204791169011	90.721
90.5	2.966067417357543	30.643
91.0	1.6538959093436596	177.867
91.5	1.4467362477755012	113.24
92.0	1.9356647303544148	222.014
92.5	2.05087568478067	161.17
93.0	2.0872261784120414	103.561
93.5	1.4494520191529507	72.469
94.0	2.0542689113163632	18.774
94.5	1.6011096134135154	19.978
95.0	1.9041804233526065	68.165
95.5	2.0283418543222154	153.904
96.0	2.2504574108260265	153.904
96.5	2.9893350076228966	121.48
97.0	1.1168273498005101	39.54
97.5	1.409157549005229	23.782
98.0	1.9532109340441663	69.634
98.5	1.4469434836468078	30.304
99.0	1.687322143675293	80.553
99.5	1.201982247844113	100.706
100.0	2.408363405912482	100.678
100.5	1.8168841907195192	40.529
101.0	1.655631066044871	189.455
101.5	1.1972807655679911	211.713
102.0	1.3171816162791312	111.713
102.5	1.7381151761854625	60.712
103.0	1.4207761746055043	18.784
103.5	1.5436389493762528	17.836
104.0	2.2561307103321755	60.078
104.5	1.4111398108876008	70.378
105.0	1.459869663905249	177.125
105.5	1.2078199814784583	241.014
106.0	1.7813841227069636	36.59
106.5	1.9453426105767608	265.38
107.0	2.1921545381771983	60.358
107.5	1.6169458806852601	125.944
108.0	2.3462846068886276	72.137
108.5	1.2012165195258746	120.763
109.0	2.3873429025403565	80.591
109.5	1.4448771051987195	163.282
110.0	0.17956549366792596	14.69
110.5	0.1538972336758557	33.643
111.0	0.14666164693369796	34.527
111.5	6.969172302785948	80.606
112.0	9.765668726654821	263.249
112.5	1.77332453625919	30.156
113.0	1.9770437841363568	90.605
113.5	2.1637153253261205	83.606
114.0	1.838736751204903	131.595
114.5	1.6802152925881007	110.826
115.0	1.7698114351813126	60.75
115.5	2.1721387373020056	50.746
116.0	1.6366471757273657	150.953
116.5	1.7613134613028973	100.51
117.0	2.4214608213667415	131.115
117.5	2.3532003824015035	77.717
118.0	1.868224125300309	109.081
118.5	1.4280488584269153	110.57
119.0	2.430373120466048	172.687
119.5	1.9386070454003255	40.34
120.0	2.023348374528892	131.262
120.5	2.290250905720432	80.566
121.0	0.16655428343567158	21.374
121.5	2.7013682422005316	110.776
122.0	2.107251099452397	130.995
122.5	8.339559418375412	100.339
123.0	1.685026429545723	96.444
123.5	1.9064372373736256	110.676
124.0	1.8329027469316455	90.445
124.5	1.5396496586234725	55.292
125.0	1.9572959446558722	23.64
125.5	2.652029457335463	126.708
126.0	2.5121978783584162	73.161
126.5	1.4592027005411026	64.319
127.0	1.647662156157584	140.842
127.5	2.2815705213379767	70.318
128.0	2.735812794073734	81.728
128.5	1.756645784140257	49.218
129.0	2.140404699728603	80.792
129.5	1.909744249621725	54.438
130.0	2.274481201402859	40.075
130.5	2.0548719959866495	60.543
131.0	2.075461327828646	102.877
131.5	1.3861329774788882	120.97
132.0	2.140766462371581	50.512
132.5	1.7977151889347212	110.975
133.0	1.6402327767427183	120.701
133.5	1.8483668745309714	75.628
134.0	1.5736613188410271	121.837
134.5	1.7338201376197244	100.592
135.0	1.6409847338521981	100.594
135.5	1.7676886686889155	50.919
136.0	1.8082304647491931	120.508
136.5	1.9434969852574857	359.965
137.0	1.5212182952471824	80.352
137.5	2.6319102148395057	121.258
138.0	2.0193247776711933	20.171
138.5	1.9306919822255255	20.137
139.0	1.7590795146220355	90.76
139.5	2.083159965400386	156.029
140.0	1.9294736775728105	80.699
140.5	2.1155084594808597	112.611
141.0	1.9793280248657503	40.065
141.5	1.6600716314574038	50.939
142.0	2.600458417951479	80.866
142.5	1.7959254351483491	222.089
143.0	0.16404753402933633	33.465
143.5	4.948404467584656	153.338
144.0	1.2632390114315843	207.335
144.5	0.1563859075446387	26.238
145.0	0.1517951978085253	18.409
145.5	0.1780789505889216	11.254
146.0	0.14686718309195032	18.774
146.5	0.13754359265698568	28.344
147.0	0.12917771870315453	37.71
147.5	2.85433215162092	100.474
148.0	1.0431386373127283	38.881
148.5	0.13180666977006572	8.807
149.0	1.9623356410557373	133.946
149.5	0.5849524523864409	90.687
150.0	0.3636963411475961	120.812
150.5	0.5679197171547363	14.903
151.0	0.7693847081011048	14.724
151.5	0.4661086109651921	70.478
152.0	0.5720414090842423	110.82
152.5	0.5332596613204036	52.932
153.0	0.45590432879348464	116.054
153.5	0.12371822654386598	8.594
154.0	10.053661140463475	50.218
154.5	1.7161599498908757	100.718
155.0	2.086145979400747	111.594
155.5	1.6182426995532504	15.036
156.0	2.2906179553123605	40.277
156.5	1.710355302511202	110.858
157.0	2.0764472416855178	70.39
157.5	0.13922374449750718	14.465
158.0	0.12922337836162728	12.114
158.5	0.17954757803967972	26.15
159.0	0.17870150934397822	16.344
159.5	0.16601835258425487	56.999
160.0	3.510633267339886	131.251
160.5	4.067924263892567	80.587
161.0	3.883659858285031	50.295
161.5	3.256908201548	54.473
162.0	4.43095650963481	86.296
162.5	2.233932514713236	80.341
163.0	1.7845036579449447	52.779
163.5	2.0701072059609027	60.448
164.0	2.01811214718324	46.76
164.5	1.9263522820167296	80.673
165.0	2.3780942476757514	40.386
165.5	1.7154757332693034	50.266
166.0	1.7233118418169395	66.852
166.5	2.176382073008028	40.368
167.0	2.0121470301961244	110.353
167.5	1.3279800819861707	110.652
168.0	1.441799916191918	110.592
168.5	1.5687070371556693	110.685
169.0	1.5320778469562575	110.676
169.5	1.2286620564415527	161.003
170.0	0.8613864199517842	127.019
170.5	0.7503981350531038	147.208
171.0	0.96189311241759	146.228
171.5	0.9482820333523372	143.691
172.0	1.0305698272245103	170.786
172.5	1.227202365235622	110.423
173.0	0.9682838747821644	110.408
173.5	1.403424515705381	110.572
174.0	1.4179886165050852	110.516
174.5	1.6356021845961075	98.054
175.0	1.2130143163146985	141.047
175.5	1.269652121829904	151.08
176.0	1.0876413760405326	131.961
176.5	1.2928329840202069	136.747
177.0	1.271677817071772	92.9
177.5	1.5161199859265246	46.052
178.0	1.2733656732184024	45.695
178.5	1.606855658088416	23.205
179.0	1.299923223392384	47.246
179.5	2.953956141224502	45.267
180.0	1.857997044574968	90.354
180.5	2.338680761582007	54.065
181.0	1.8444576620416144	20.227
181.5	1.889064570821409	20.216
182.0	2.1182258647553085	53.923
182.5	1.4730105549600754	30.489
183.0	2.090575739762442	30.597
183.5	1.9985878604910086	30.615
184.0	2.1268835493283382	30.539
184.5	2.8403714566858094	54.526
185.0	2.571234369688936	50.385
185.5	3.348611597216891	74.981
186.0	3.1292213046815247	80.912
186.5	3.0685584906960557	111.029
187.0	2.165513923081608	60.499
187.5	2.6214109193430346	45.012
188.0	1.750521280412686	120.946
188.5	2.0842000422782148	71.829
189.0	1.811926250166541	70.465
189.5	2.5059881035600466	72.915
190.0	2.230887531163426	30.198
190.5	2.1165763439189575	73.382
191.0	2.0915488070342305	23.163
191.5	2.085231784952494	72.045
192.0	2.6135130308089973	80.409
192.5	2.630168252433916	80.363
193.0	1.8848848394715143	105.025
193.5	1.71110642332484	111.03
194.0	1.922404102825891	138.405
194.5	1.3483328643413983	134.864
195.0	1.3502558773025592	30.211
195.5	1.8577445700763464	80.605
196.0	1.8713656695004233	80.568
196.5	1.8486230035706228	80.587
197.0	1.235396808455401	90.468
197.5	1.429541602450262	90.343
198.0	1.814582025488188	100.326
198.5	1.7218416481446333	100.169
199.0	2.031706566118967	23.32
199.5	1.7405179798957797	131.118
200.0	1.728956695555362	100.857
200.5	1.2217860523940383	110.458
201.0	1.0834354443785525	110.538
201.5	1.2882070249745836	110.444
202.0	1.208679363255586	131.225
202.5	1.0556818656648703	138.314
203.0	2.1532528854695374	117.09
203.5	1.952214613377113	115.086
204.0	2.0390572573660384	124.319
204.5	1.8540853479428956	87.494
205.0	1.5229413132308391	130.095
205.5	1.6071829800190718	80.697
206.0	1.8449244848628912	80.755
206.5	1.7734997318976675	50.474
207.0	2.027893920892088	162.087
207.5	1.9958874165686549	115.166
208.0	2.2651618578299986	65.987
208.5	1.9692227990581577	27.308
209.0	2.3115337642309437	114.187
209.5	2.693859252129043	70.606
210.0	1.9349899775672064	42.514
210.5	2.67305313796742	90.5
211.0	2.450453405757393	30.222
211.5	2.364218068384788	54.354
212.0	2.2605095964188036	90.329
212.5	2.0931982545240917	63.787
213.0	2.0215382089873746	85.056
213.5	2.723258620912133	111.86
214.0	0.14742127732054963	12814.698
214.5	3.41312100207638	50.359
215.0	3.5201927124523773	100.552
215.5	2.719556258006758	80.558
216.0	1.8400328217147188	21.019
216.5	1.4635199027814385	56.527
217.0	2.0893769089005323	85.813
217.5	2.448936627451918	45.291
218.0	1.8558948422630843	32.941
218.5	1.6132349214145698	90.57
219.0	1.6192024566974015	32.667
219.5	1.5557585532349691	95.359
220.0	2.6672535848429435	110.743
220.5	2.281090718050949	130.512
221.0	2.272769254873684	128.786
221.5	1.681010942519479	12.685
222.0	2.2031073591065677	55.106
222.5	2.489336380100517	15.523
223.0	2.0871449402430655	20.025
223.5	1.8223625107766177	48.008
224.0	1.716629012666831	73.399
224.5	1.9726512214760836	30.188
225.0	2.249468517481826	20.346
225.5	2.830425834538031	30.215
226.0	2.0413379504904365	30.211
226.5	1.8952942845953782	75.38
227.0	2.533885103276585	20.088
227.5	1.919314197507339	14.351
228.0	1.8140323108895342	70.494
228.5	1.383863146257873	100.723
229.0	1.3978746988489648	60.303
229.5	1.6783906977445617	60.44
230.0	1.7127385682178462	70.371
230.5	1.6647070867738631	60.15
231.0	1.914823553987527	43.085
231.5	1.4081996724907775	28.221
232.0	1.5729095794152292	30.171
232.5	1.5230501314393836	30.225
233.0	1.70041333499933	60.413
233.5	1.2477347798132223	18.332
234.0	1.8011674987291297	70.901
234.5	2.348351040871483	112.539
235.0	1.5025737148679	110.63
235.5	1.7225291254471617	110.615
236.0	2.204414940024055	141.011
236.5	1.6585453376733372	90.745
237.0	1.7625982663507451	60.541
237.5	2.000914739283854	12.453
238.0	2.0124749962278714	50.202
238.5	1.5919459877430253	42.577
239.0	1.758477891859741	130.623
239.5	2.1865896939209044	34.052
240.0	1.997630887473882	15.86
240.5	1.8617941014385346	65.879
241.0	2.631546015150565	141.508
241.5	1.2695890248514439	40.243
242.0	1.7761037804503863	40.298
242.5	1.2598432583099617	63.333
243.0	1.1394063380373933	60.332
243.5	1.6290221133389677	110.822
244.0	1.987060992774858	100.216
244.5	1.5314890867279778	110.738
245.0	2.024624020505131	15.062
245.5	0.8247662938881571	50.801
246.0	0.8116137040073216	50.567
246.5	0.9050973065044122	50.556
247.0	1.9416470820594884	43.791
247.5	2.16617772910387	80.589
248.0	2.3003223256584047	20.468
248.5	2.2703378731706874	100.534
249.0	2.4642088124895745	38.781
249.5	2.0104861306256088	139.203
250.0	1.9663519819931758	18.224
250.5	2.3243933486814976	80.872
251.0	2.423479702836962	110.723
251.5	1.8032839075907434	75.245
252.0	2.445407747975629	60.035
252.5	1.8567456079027718	30.199
253.0	2.856833967444011	11.965
253.5	3.2815298819524075	100.959
254.0	2.268049279679738	59.895
254.5	2.552776928975382	50.25
255.0	3.0126935501345877	50.152
255.5	2.286683367235034	68.604
256.0	2.666012567345945	52.792
256.5	2.6933056299685942	42.613
257.0	2.573743385257818	12.996
257.5	2.3641939647218115	70.497
258.0	1.7572577220414713	131.018
258.5	2.1547151936432645	70.576
259.0	1.8815945698587158	78.428
259.5	2.0569719425498216	80.131
260.0	2.111836348947058	90.971
260.5	2.4897605028375493	37.86
261.0	2.3180085053728208	30.651
261.5	2.2271691422222983	125.992
262.0	2.0241495917134635	44.052
262.5	1.6521973823692555	46.463
263.0	1.3349068951717462	108.972
263.5	1.630908717472894	66.49
264.0	1.3997798282883167	50.329
264.5	1.7279228968057514	60.445
265.0	1.6664301459206343	90.513
265.5	1.5421727555409848	90.633
266.0	1.8753356075569347	30.123
266.5	1.4093056547343872	100.639
267.0	1.988694345634683	90.583
267.5	2.7350930396465176	275.483
268.0	1.7949816048634812	60.268
268.5	1.6980292852091756	60.415
269.0	1.7360675719511065	60.428
269.5	1.9763778347848728	43.046
270.0	2.1198395485421764	60.431
270.5	1.6659682439623857	60.365
271.0	2.2835804567213067	111.353
271.5	2.1429202116459543	85.479
272.0	2.011287467048583	100.369
272.5	1.9608650179090295	100.478
273.0	1.4714350051370881	83.635
273.5	2.0289018017457203	70.481
274.0	1.509053223564943	70.568
274.5	1.853118764129013	54.59
275.0	1.8557264037550838	52.171
275.5	1.9660837881645095	20.131
276.0	1.7886933987316518	61.644
276.5	2.2099381614043665	23.081
277.0	1.7224025041963986	234.933
277.5	1.9947490613962404	140.794
278.0	1.4626235046980525	60.418
278.5	2.0778954324147594	20.176
279.0	1.514148548791845	25.394
279.5	1.7935745635539366	80.349
280.0	1.546320192995686	80.396
280.5	1.833484969039481	53.011
281.0	1.5247498164540665	93.775
281.5	1.3714428515260018	100.759
282.0	2.7116475329618956	45.717
282.5	2.284998662176609	45.175
283.0	1.801025102380384	11.053
283.5	2.406270139389771	60.3
284.0	2.0907414239977036	118.458
284.5	1.480966395539736	30.243
285.0	1.9105056437065076	110.772
285.5	2.2393723535669396	60.311
286.0	2.301137486594428	60.068
286.5	2.2750829896011173	101.049
287.0	1.5935479824755756	50.309
287.5	2.116829510155432	148.984
288.0	1.1494002651619217	106.31
288.5	1.0840937705078375	89.59
289.0	1.2047406209650398	177.545
289.5	1.7224182232722303	98.68
290.0	1.5733817004965065	100.732
290.5	2.5723247928790967	120.673
291.0	2.1204332786975155	120.613
291.5	1.9189060745894282	120.68
292.0	1.820435797669489	30.231
292.5	1.823285191891413	30.202
293.0	1.4117748772113097	30.231
293.5	1.3586001010879492	105.179
294.0	1.702915061641976	30.205
294.5	1.3497226976825332	90.388
295.0	1.7598140267503746	90.421
295.5	2.0688871132928606	60.867
296.0	2.1205885953233086	23.799
296.5	1.7651533319440411	99.032
297.0	2.306327127154332	104.921
297.5	1.8005234848933587	77.34
298.0	1.9740230047884018	41.73
298.5	2.1709461400906704	100.827
299.0	2.489116093870561	59.024
299.5	2.586519780872489	42.738
300.0	2.1976115925061546	45.124
300.5	1.6077113042539033	140.868
301.0	1.3725763727721012	53.979
301.5	1.8078089500453716	140.854
302.0	1.2852010299515304	80.545
302.5	1.3476035811907345	44.988
303.0	1.5613812303253929	90.436
303.5	1.8586100273004653	34.021
304.0	1.7355018655047971	43.448
304.5	1.4322858229572364	160.853
305.0	1.683477756942768	30.154
305.5	1.4403754168602863	70.337
306.0	1.6584782805812748	123.517
306.5	1.5573235664942677	94.898
307.0	1.9540042257817276	25.111
307.5	2.1047546453838093	20.253
308.0	1.4140627185515207	30.276
308.5	1.659595325775704	48.389
309.0	1.6551590359858228	32.819
309.5	1.3007344473823823	120.854
310.0	1.1997425814482685	120.832
310.5	1.7647061136957134	110.24
311.0	1.5887326577279544	11.428
311.5	1.7149570450882672	21.743
312.0	1.3867344807299529	49.309
312.5	1.6684332570667901	46.456
313.0	1.2529815945742253	22.414
313.5	1.2756976955326444	70.42
314.0	1.364419924655189	30.172
314.5	1.2659870041372216	54.687
315.0	1.4660601011010082	43.396
315.5	1.5400097268468822	131.012
316.0	1.5820279760069287	66.485
316.5	1.3248629437567028	100.735
317.0	1.7810260611249675	64.565
317.5	1.6773900145839866	52.031
318.0	2.2183654757618294	11.179
318.5	2.0079741261935657	81.652
319.0	2.140002096970314	80.252
319.5	2.1375255267897644	74.896
320.0	1.7943382484942014	140.987
320.5	1.9746349356331576	78.354
321.0	2.184083674806456	80.632
321.5	1.817618291536207	73.456
322.0	2.142162670984818	11.04
322.5	1.7281460978176322	80.479
323.0	1.7114387553404216	111.252
323.5	1.8232124027176408	40.261
324.0	1.5669201371598953	15.708
324.5	2.848396579438256	90.549
325.0	2.328970256704787	20.305
325.5	2.8207584228576117	20.269
326.0	2.862990334989808	85.605
326.5	2.5815925607665333	63.208
327.0	1.9532423222802746	110.414
327.5	1.676440705743873	110.359
328.0	1.5461677448685005	110.471
328.5	1.8725229723415948	110.465
329.0	1.9480524428212993	110.391
329.5	2.209301336993553	80.548
330.0	1.8888602668407704	79.462
330.5	1.922441969155495	100.339
331.0	1.8429152232848796	77.347
331.5	1.6184720407796875	82.336
332.0	2.3016658941360526	23.45
332.5	1.8073580990983458	23.383
333.0	1.8987597002629708	113.776
333.5	2.088984374467136	144.207
334.0	2.1789219782045186	25.417
334.5	1.4407739818220124	100.664
335.0	1.8161996454690732	100.602
335.5	1.6380230421643154	106.771
336.0	1.5569129145986953	100.636
336.5	1.5821864069148246	100.668
337.0	1.842319552205092	34.754
337.5	2.3178772453354166	32.066
338.0	2.2081086581824207	16.864
338.5	2.4151700208770808	141.336
339.0	1.9225431273027431	74.594
339.5	1.9849268132323021	70.496
340.0	1.5430686098630617	99.669
340.5	1.5945359076247636	70.448
341.0	1.9185495170854716	70.438
341.5	1.8860568988958104	70.42
342.0	1.8426399559085478	68.984
342.5	1.9573151743275599	140.871
343.0	1.8762636012335314	130.995
343.5	1.6288552736241997	75.853
344.0	1.3456158080486924	131.014
344.5	1.966134970291358	13.564
345.0	1.9696005584671763	79.172
345.5	1.7451094440345165	14.276
346.0	1.4481358120965029	52.264
346.5	2.08710914114596	69.55
347.0	2.647468991696626	110.55
347.5	2.4556720263638314	110.634
348.0	2.098505368699533	110.553
348.5	2.3862383568506744	54.891
349.0	2.5120885864030384	110.569
349.5	1.4058601729288376	30.21
350.0	1.6493035536956577	46.553
350.5	1.4577992791113068	30.232
351.0	1.6582800483587754	23.152
351.5	2.048451273826975	63.945
352.0	1.5567526686529132	120.615
352.5	1.5527911010173374	120.661
353.0	1.8075264330173342	12.934
353.5	1.722884884731646	78.072
354.0	1.9459993615028066	120.794
354.5	1.6923923609717224	60.433
355.0	1.4930040972686667	64.121
355.5	1.498325329078075	60.488
356.0	2.2045865993329614	43.343
356.5	1.5060753214882727	60.487
357.0	2.1666392579791225	30.141
357.5	1.8155521256176579	16.22
358.0	2.4860431845104585	30.153
358.5	2.047301080457969	50.916
359.0	2.3285299939399087	30.089
359.5	2.2159725724169603	50.044
360.0	1.835849005054482	50.254
360.5	2.066379186254093	50.074
361.0	1.9376115161943501	108.371
361.5	2.15911182126971	39.797
362.0	2.109309732932878	70.593
362.5	1.6011895344986935	70.587
363.0	1.9253590238518454	70.913
363.5	1.7330090804124014	70.474
364.0	1.8614916406273556	75.667
364.5	1.710097036564062	89.934
365.0	2.4054589456936957	64.131
365.5	2.0842260596844486	79.838
366.0	2.23675942005381	90.044
366.5	2.358049009579768	12.439
367.0	1.7484110772575465	20.238
367.5	2.329477585301306	20.204
368.0	2.0354803093188543	55.458
368.5	1.7851928378498925	100.414
369.0	2.037900875968745	100.323
369.5	1.610530037614625	81.97
370.0	1.465423920214273	60.49
370.5	1.612881088442093	60.437
371.0	1.2354256466059306	60.427
371.5	1.6049187507178915	100.645
372.0	1.6556381115172683	130.495
372.5	1.7044847339625078	110.894
373.0	1.847539029124719	70.569
373.5	2.300502951785765	110.865
374.0	1.8886364500272153	70.567
374.5	2.402831586407994	16.673
375.0	2.3316538668005977	17.663
375.5	1.978902422826703	90.933
376.0	1.7272067581384927	30.182
376.5	2.4914465325816857	81.076
377.0	1.8919090134882839	120.969
377.5	1.526022746782714	120.907
378.0	1.6333548498031356	120.868
378.5	1.7590751789894405	120.927
379.0	1.7578524135469322	90.304
379.5	1.5306020844015547	14.486
380.0	1.4621287276138382	11.952
380.5	1.7149538525772479	81.411
381.0	2.1758094946077144	30.293
381.5	1.500303713969098	17.432
382.0	1.8033988191667594	90.513
382.5	1.6827126725116173	90.616
383.0	1.587161624349408	90.52
383.5	1.4949613223266986	12.102
384.0	1.9002335405875403	90.64
384.5	2.4084997936417376	84.839
385.0	2.231478154536458	30.203
385.5	2.502420795388692	30.252
386.0	2.1046257129690797	100.062
386.5	2.5847285117664867	211.793
387.0	1.7406448238880763	92.954
387.5	1.9202563506595165	93.608
388.0	1.9887443719160534	97.55
388.5	1.6636743153418592	70.626
389.0	1.5142880309783877	102.552
389.5	2.01164055241134	30.101
390.0	1.3877694336476851	45.58
390.5	1.9621584575518098	90.467
391.0	1.8530426952550982	86.148
391.5	1.4076506222381164	72.162
392.0	2.158860936728938	95.146
392.5	1.9746463945583235	96.064
393.0	2.0476264498725487	39.97
393.5	2.1252987891004342	64.435
394.0	2.2039285695459467	40.001
394.5	1.720763982801252	152.671
395.0	1.455958548263556	100.611
395.5	1.7331006415064651	30.21
396.0	1.4263105426744924	100.643
396.5	1.8016753205914295	30.188
397.0	1.9056843184953673	51.054
397.5	1.797224215407508	11.703
398.0	2.008352404054884	124.95
398.5	2.3792096720705502	115.992
399.0	1.9315226326300514	14.928
399.5	1.9678487534546993	60.726
400.0	1.467455027765865	42.386
400.5	1.4853868168101692	42.499
401.0	1.5184973749319555	44.91
401.5	1.868312716183617	30.461
402.0	2.213129381433684	60.401
402.5	2.0416508874764685	60.474
403.0	2.162473741169035	66.265
403.5	2.244291412053335	60.347
404.0	1.688575594748572	35.099
404.5	1.8845157055116384	77.523
405.0	1.6625482732280907	44.761
405.5	1.8654243081346882	19.91
406.0	1.9576459672097786	151.609
406.5	2.374961623026605	121.742
407.0	2.0038626415358247	14.547
407.5	1.9881946159671147	73.788
408.0	1.769235174633675	13.634
408.5	1.762413890402984	80.941
409.0	2.2243743088096553	76.165
409.5	1.6364770877951984	62.966
410.0	1.342883145163147	60.248
410.5	1.4274383532377606	60.243
411.0	1.855290716250731	60.199
411.5	1.570542206488488	33.578
412.0	1.7506525474398058	42.37
412.5	1.6054367727440968	54.023
413.0	1.8462164764951834	100.876
413.5	2.098827421961754	100.846
414.0	1.6835372518215808	100.886
414.5	1.7691113800198421	80.19
415.0	2.5972897599467157	80.356
415.5	2.339544209340636	80.164
416.0	2.518923461083135	98.204
416.5	2.042933053349726	73.557
417.0	1.9629274164834516	60.429
417.5	2.0921176132946706	18.932
418.0	1.9711781734937026	60.451
418.5	2.023395070161291	60.388
419.0	2.1887554441061448	60.475
419.5	1.613340196648751	30.187
420.0	1.473337462573343	107.407
420.5	1.901565148601025	60.111
421.0	1.6826660179491646	60.156
421.5	1.5239335621652417	60.205
422.0	1.2026323381616946	50.391
422.5	1.498802831919303	101.322
423.0	1.4117298586632603	50.329
423.5	1.2441695768356074	50.308
424.0	1.2913228061384456	50.281
424.5	1.7435901511711278	30.233
425.0	1.862348589826873	30.154
425.5	1.8952137452036346	77.718
426.0	1.8494117150514975	44.257
426.5	1.912532862042795	47.959
427.0	1.614618490712902	60.234
427.5	1.5740162945414975	60.286
428.0	1.9648856684315381	60.28
428.5	1.4006498652513772	72.878
429.0	1.6329377363043058	60.224
429.5	1.3018848912680356	60.5
430.0	1.5533529042649015	126.904
430.5	1.45773535779668	75.539
431.0	1.405241777117361	44.619
431.5	1.4455336286789013	30.229
432.0	2.202542235037062	40.335
432.5	1.7836605638346317	80.573
433.0	1.8334706606914875	25.263
433.5	2.2915336158463706	40.398
434.0	2.4994247320758185	14.437
434.5	2.1172851685384875	90.608
435.0	1.8702022207581535	90.576
435.5	2.0040668815929883	90.722
436.0	1.713894470391549	90.646
436.5	1.855699950549026	59.138
437.0	2.2561218506700893	30.158
437.5	2.0538450348225896	90.582
438.0	2.019072117800172	30.106
438.5	2.1318959220140754	90.629
439.0	2.119003805484741	90.611
439.5	2.0015811819309532	75.349
440.0	1.9762128935895862	30.242
440.5	1.9803052790037674	50.069
441.0	2.2904908875715955	30.223
441.5	2.0672734194465474	86.579
442.0	1.7399001422328706	60.747
442.5	1.7033971610170853	165.234
443.0	1.4986284369764484	188.167
443.5	2.0280853100466936	74.593
444.0	1.5250558869778468	67.649
444.5	2.197672707936608	30.135
445.0	2.6348659242904446	13.407
445.5	2.4860382012068722	80.244
446.0	2.2255158985144563	80.273
446.5	1.8590541478949296	100.249
447.0	2.4103354755839175	44.117
447.5	1.7858659405142987	64.959
448.0	2.460222167802513	43.268
448.5	1.8780878847099194	50.626
449.0	1.8873201280325589	45.871
449.5	1.57996703314263	84.845
450.0	1.3864417786838688	80.526
450.5	1.5182853657764743	50.537
451.0	1.4359596147622873	50.463
451.5	1.9976862802917796	50.53
452.0	2.0786788417367803	119.662
452.5	1.504473068441082	80.639
453.0	1.9120536560159938	80.681
453.5	1.582929322252208	50.372
454.0	1.8721453125569023	50.485
454.5	1.8978925115752427	12.523
455.0	2.207785127423583	30.24
455.5	1.8841195878717854	111.267
456.0	2.0413101880190356	24.713
456.5	1.8325308502476905	45.861
457.0	2.538616587012661	21.037
457.5	2.135315037804368	43.084
458.0	1.9128589417863355	80.567
458.5	2.4905785678887096	24.93
459.0	2.48838498762451	24.331
459.5	1.4952456917145234	90.857
460.0	1.1787492865992708	100.575
460.5	1.6214468039082515	100.656
461.0	1.3640940947638795	123.925
461.5	1.176378266048237	75.818
462.0	1.8674779654083313	50.346
462.5	1.5010302713610997	80.359
463.0	1.9901792113092356	80.267
463.5	1.884838932673761	50.424
464.0	1.8194530347010562	117.545
464.5	1.4482952311961435	70.227
465.0	1.719538571154349	40.325
465.5	1.8621066785473508	70.462
466.0	1.407343299100598	96.675
466.5	1.6401839766458925	70.29
467.0	1.6716989859107068	30.241
467.5	1.914873442185503	14.229
468.0	1.8742412158166628	30.186
468.5	1.4806730886125314	150.94
469.0	1.7995018249773371	191.35
469.5	1.8685583537200303	141.917
470.0	2.6650252775598364	35.831
470.5	1.9977625765326097	132.733
471.0	2.6570866395214012	93.556
471.5	2.1992358327924055	83.446
472.0	2.158358974168564	20.179
472.5	2.1370049296696996	141.426
473.0	2.2141697841423236	84.526
473.5	2.109361942391973	27.69
474.0	2.1523761510447157	20.22
474.5	2.0455500731094602	80.556
475.0	1.5089802831851558	80.512
475.5	2.087558629087745	45.711
476.0	1.6186923864584952	80.437
476.5	2.172673554489714	80.541
477.0	1.368482514442472	12.642
477.5	1.6311981860207936	70.421
478.0	1.6557991877030442	30.226
478.5	1.92762604204705	94.667
479.0	1.9040955597340041	118.983
479.5	1.3663889450411402	100.433
480.0	1.7800718943800165	80.606
480.5	1.6253635493709917	100.542
481.0	1.525745374384091	100.371
481.5	1.675340234132689	80.661
482.0	1.7582037016122394	43.316
482.5	2.0034801380541833	110.53
483.0	2.0078250151481956	110.432
483.5	1.6674511650868906	54.546
484.0	2.1522652081936524	41.561
484.5	2.3890299174308045	30.236
485.0	2.140924743956496	66.747
485.5	2.043432757187985	30.223
486.0	1.6752661671706859	11.717
486.5	2.238287711967611	60.245
487.0	1.9379201945009958	61.44
487.5	1.9009670784711872	100.749
488.0	1.9968203797181245	100.624
488.5	1.6019233754998004	62.768
489.0	1.732253240219596	100.742
489.5	1.8882143311271107	19.996
490.0	2.0061192197859343	135.093
490.5	1.9154488275049486	20.047
491.0	2.0449640451102407	19.988
491.5	1.9021593403641852	131.54
492.0	1.8101064733453025	20.225
492.5	1.350522096954006	20.208
493.0	1.6403365003577768	100.598
493.5	1.4509626328298744	22.225
494.0	1.2911877223083148	100.679
494.5	2.007266378148653	20.277
495.0	2.362318674597646	94.639
495.5	1.8732597623356704	86.676
496.0	2.3822823626399936	94.347
496.5	2.226789384175346	131.249
497.0	1.5903456829840228	87.723
497.5	2.0531213123709326	22.255
498.0	1.8502395902129698	42.068
498.5	1.6269301129393476	42.27
499.0	1.5180655395150644	79.135
499.5	1.2379225318228793	90.669
500.0	1.2091254931420223	142.307
500.5	1.2943011357320149	105.14
501.0	1.0666844539529043	90.647
501.5	1.1681865617925644	120.962
502.0	1.3341295478817636	39.266
502.5	1.395196264157335	130.882
503.0	1.1789249466651865	130.842
503.5	1.6828390382634593	140.746
504.0	1.217813110533017	182.055
504.5	1.3131447707397446	63.769
505.0	1.825335234175149	30.243
505.5	1.946546713206179	78.167
506.0	1.2754088174270002	80.743
506.5	1.4856958313138762	121.239
507.0	2.0281206100613063	50.619
507.5	1.8072178212587102	70.371
508.0	1.5333686404552669	70.484
508.5	1.838632351549446	70.342
509.0	1.8384934560838295	70.337
509.5	1.457342969340234	161.894
510.0	1.2818919058429963	29.983
510.5	1.7280021381864337	11.658
511.0	1.3930191231383076	30.123
511.5	1.2481214595722803	30.067
512.0	4.405059782000342	130.699
512.5	3.8723202560604006	100.709
513.0	4.182676575605535	130.782
513.5	3.6626586199929405	53.544
514.0	3.089901190520526	130.514
514.5	1.5456108904964312	35.534
515.0	2.0662455613696746	40.474
515.5	1.5756712000938347	41.63
516.0	1.9941769254761756	80.375
516.5	1.8783045734732795	145.408
517.0	2.0046612142977893	70.701
517.5	1.8384535801501427	81.517
518.0	1.845584259009992	73.865
518.5	1.8880606560240334	40.592
519.0	1.811933571143689	70.74
519.5	1.780309641211386	30.289
520.0	1.94157472468067	30.33
520.5	2.229860033933423	151.617
521.0	2.2671413460887226	15.046
521.5	1.7989271428779694	30.083
522.0	1.7949796099198332	60.942
522.5	1.8947209254148296	40.302
523.0	1.5980028791747645	90.838
523.5	1.6688471707708301	30.694
524.0	1.778354706942039	70.568
524.5	1.9309041132886882	85.306
525.0	2.101644434170635	100.506
525.5	2.3192755134786878	40.213
526.0	1.6082740135640288	70.498
526.5	1.9557386952318248	100.531
527.0	1.4249856755134396	30.108
527.5	2.039632434866691	32.114
528.0	1.5588124662092837	60.702
528.5	1.852662759627544	30.026
529.0	1.8548836547185266	32.348
529.5	1.4534691987128228	100.611
530.0	1.662458070930874	100.485
530.5	1.9687780670270594	53.587
531.0	1.930226713190966	64.954
531.5	1.7914298186616853	16.097
532.0	2.2738935887760263	70.276
532.5	1.9763053931280512	70.264
533.0	1.598172140255014	51.604
533.5	2.3242187439782906	70.157
534.0	1.6043277644145735	44.245
534.5	1.8568819141559043	13.012
535.0	1.8836547550611624	30.578
535.5	1.7034116872231535	51.062
536.0	2.072020525010427	31.978
536.5	1.7344176023272158	37.152
537.0	1.045987443521285	10.529
537.5	1.3145191391733837	117.216
538.0	1.0718922909338109	56.44
538.5	1.032315357789091	23.083
539.0	1.1310438913596557	140.997
539.5	2.5072638328381833	32.581
540.0	2.1102900465756314	80.822
540.5	1.6809534641942458	60.456
541.0	1.8828923601414682	181.683
541.5	2.172468465450721	33.463
542.0	1.9260539865563282	100.355
542.5	1.7746988090572657	100.414
543.0	1.8467769550439121	100.341
543.5	2.8036798990121095	100.476
544.0	1.9180141669312303	100.485
544.5	2.698938611793539	44.662
545.0	2.1022071081201865	41.166
545.5	1.934894041736382	110.772
546.0	2.1456326801419197	47.402
546.5	2.6319446105011965	63.308
547.0	1.0578064550410087	60.636
547.5	1.2230921874309275	59.991
548.0	1.294432685706916	36.021
548.5	1.3496829613501085	34.582
549.0	1.2850093802782054	28.595
549.5	2.2330065837071627	49.919
550.0	2.122690089737964	78.462
550.5	2.3058210159306323	83.88
551.0	1.9891653099509325	76.733
551.5	2.1841873162987953	90.578
552.0	1.5907681270960725	130.95
552.5	1.6176708971975808	131.012
553.0	2.1240637459710756	105.876
553.5	2.260484034405487	75.255
554.0	2.6300969918151655	50.325
554.5	2.295914129054279	79.97
555.0	2.127364473293641	20.121
555.5	1.8346192400278702	73.329
556.0	1.9000695333654618	15.438
556.5	1.4333129513781355	50.292
557.0	2.0570843464479953	92.295
557.5	1.7479890994612957	30.238
558.0	2.017402449648564	90.428
558.5	1.994770842735695	90.588
559.0	1.9747731923067908	44.144
559.5	1.7222667015256317	60.452
560.0	1.8426703696845728	60.435
560.5	1.7776148251505064	111.153
561.0	2.306176841124798	111.04
561.5	1.7201686817378783	120.503
562.0	1.5358084307811966	14.854
562.5	1.8151749653454352	60.216
563.0	1.9327050714680372	60.121
563.5	2.179926300568858	59.979
564.0	2.005401522998888	90.716
564.5	2.1350487447552124	12.569
565.0	1.881033028952171	114.632
565.5	2.27988131899005	80.5
566.0	2.138516433720457	40.127
566.5	1.527850607995338	94.732
567.0	2.211053049000278	70.931
567.5	1.5995088136952191	85.519
568.0	1.6498231940688215	40.696
568.5	2.109646398403851	70.853
569.0	1.5641080260616453	21.671
569.5	1.9908767170525326	100.544
570.0	1.541972355878302	158.249
570.5	1.4894242517963585	30.145
571.0	1.5623724936895185	30.116
571.5	1.8043175135908374	86.362
572.0	2.189323854680915	70.216
572.5	2.389343872163487	71.473
573.0	1.6297341685824578	70.13
573.5	1.7212337570425418	70.085
574.0	1.9993307282385415	21.392
574.5	1.7322467012087985	110.705
575.0	1.7779418557237239	34.038
575.5	1.6385598098745124	110.751
576.0	1.5078157730629158	110.793
576.5	1.31654228210928	120.845
577.0	1.8372915117586788	110.341
577.5	1.748878240404927	80.623
578.0	2.108726646439133	80.598
578.5	2.170165503340276	110.481
579.0	1.722745248531734	108.34
579.5	1.6140099018171925	100.229
580.0	1.83616262025291	100.205
580.5	2.05049747194601	140.334
581.0	1.4888489793695328	55.978
581.5	1.5450856196300484	59.966
582.0	1.803970625132899	20.173
582.5	2.289774695714029	104.459
583.0	1.868767578870121	100.552
583.5	1.5996117302172428	13.969
584.0	2.0275330963821676	94.68
584.5	1.6328589721544764	80.986
585.0	2.167392301576074	41.593
585.5	2.0406781419729074	51.588
586.0	2.1804766352431306	46.056
586.5	1.6155757368610082	93.812
587.0	1.7784850625217141	59.698
587.5	1.8880576888299465	20.239
588.0	1.5539611601749816	72.747
588.5	1.725667636083867	59.726
589.0	1.558762881599678	130.927
589.5	1.4579901841433995	100.333
590.0	2.1649963911103014	110.455
590.5	1.824362946191653	13.371
591.0	1.6024153637117597	21.939
591.5	2.2116384046557145	69.406
592.0	2.254865420132843	30.202
592.5	1.5933421410047928	80.532
593.0	1.8927676434183134	35.351
593.5	1.7855212574933927	30.181
594.0	2.137874747355023	90.578
594.5	1.8245793297468669	30.21
595.0	1.6621977413648166	60.152
595.5	1.7619331160967466	30.156
596.0	1.663272633631201	60.451
596.5	2.142507466857835	32.061
597.0	2.229212183299158	121.207
597.5	1.8600591204284576	40.605
598.0	2.232024844643401	121.183
598.5	2.138614642921022	130.98
599.0	1.525701582034585	70.291
599.5	2.0207010241915713	100.525
600.0	2.0960371232722528	31.524
600.5	1.5336566505099254	100.489
601.0	1.8752864066564403	100.414
601.5	2.02312715788064	100.314
602.0	2.1597176804350755	30.239
602.5	2.5746206062347174	50.174
603.0	2.4854067812720713	16.374
603.5	1.8470256278930441	127.749
604.0	1.9783857856625937	54.123
604.5	1.4104081389867227	91.518
605.0	1.1168406660118262	42.804
605.5	1.5214515182526738	150.789
606.0	1.5203695475121015	42.137
606.5	1.9790484232196848	50.256
607.0	1.5478772777340493	77.79
607.5	1.7417222300939792	91.131
608.0	1.8108180399364833	132.384
608.5	1.404528391975933	90.623
609.0	1.4853893340139337	111.914
609.5	2.263265103787603	70.291
610.0	2.479373069983731	90.664
610.5	1.8535748608047462	40.328
611.0	1.8789672243416105	13.854
611.5	1.7640082112753301	70.615
612.0	2.1571550777099135	84.117
612.5	2.1033982343043705	70.181
613.0	2.130344473989339	20.155
613.5	2.0991011967357474	87.373
614.0	2.413098758310514	54.893
614.5	1.7601247484541314	100.575
615.0	1.6238191712668348	100.454
615.5	1.2567666261855044	16.767
616.0	1.687885048924365	81.987
616.5	1.7658528144915195	24.527
617.0	2.00967480118359	13.716
617.5	2.2150171289071983	19.672
618.0	2.037351221480294	19.639
618.5	1.885863846750382	119.804
619.0	1.4353522602210582	60.425
619.5	1.4725777640933113	40.238
620.0	1.5019460602432793	80.614
620.5	2.0611159886333734	40.321
621.0	1.903857214598707	120.821
621.5	2.2374174031729397	30.231
622.0	2.1690822763838122	60.627
622.5	1.493413392493974	60.596
623.0	1.6488472123431919	90.616
623.5	1.9258960500558264	90.703
624.0	2.199854556849599	56.476
624.5	1.8769722292462616	80.528
625.0	1.884981899848426	80.533
625.5	1.9719648845553093	80.475
626.0	1.5467128290095788	36.404
626.5	1.3454797350286194	103.315
627.0	1.7081610111070098	112.878
627.5	1.5786483218384155	12.472
628.0	1.3207768965140654	18.652
628.5	1.8441472172226514	141.005
629.0	1.690070418017295	50.428
629.5	2.0320240748395513	80.463
630.0	2.1142630162479286	41.811
630.5	1.749756471611774	50.482
631.0	2.26827947039086	25.294
631.5	1.9334325346684054	110.505
632.0	1.8357467123986988	70.286
632.5	1.9665023346092418	70.194
633.0	1.9771117776196978	16.658
633.5	1.673243799761478	70.162
634.0	1.6136201261282905	23.088
634.5	1.9569660502460422	84.09
635.0	1.9177139033606754	46.753
635.5	1.7197279925292317	74.574
636.0	1.7409649983877464	151.256
636.5	1.6112155926630352	53.564
637.0	1.5529816763510007	12.353
637.5	1.6819642738532627	60.239
638.0	2.0493956110024696	12.86
638.5	1.7808004455677762	49.375
639.0	1.6389285444838722	70.168
639.5	2.1989541274902025	40.322
640.0	1.9254513277571654	120.477
640.5	1.8302601049450615	12.399
641.0	1.8051989182155224	69.889
641.5	2.292873848798188	111.157
642.0	1.6420899336633534	60.049
642.5	1.6858391557445178	59.844
643.0	1.7501172106309477	59.952
643.5	2.247184301448325	121.201
644.0	1.455947524102686	70.564
644.5	1.2782214982776414	60.524
645.0	1.3933609778356804	60.588
645.5	1.2830104907434452	60.373
646.0	1.7753847249514694	60.502
646.5	1.7719285037198989	30.182
647.0	1.9469954516485848	53.361
647.5	1.7487058960046156	86.325
648.0	1.6940716662518054	161.017
648.5	1.3542938156099464	70.535
649.0	1.4744516271219614	80.378
649.5	2.44081171833135	40.697
650.0	1.9662997744058328	90.624
650.5	2.2037903396006855	30.237
651.0	2.0338426563019425	90.819
651.5	2.2017515181443703	21.701
652.0	2.385056930468884	12.768
652.5	2.222920469327015	35.14
653.0	2.260630819005495	141.058
653.5	1.6748461451472048	13.465
654.0	1.836119487101198	54.264
654.5	1.1183249541573725	70.519
655.0	1.4205244870579683	11.484
655.5	1.6241106948732176	70.6
656.0	1.5985038360515669	70.452
656.5	1.630359974372494	30.226
657.0	1.9735913093109152	124.033
657.5	1.845897632865808	52.912
658.0	1.8816713797710634	100.725
658.5	1.7994565274877354	100.749
659.0	1.520315922519532	23.202
659.5	1.6349083486434879	20.031
660.0	1.7290013616895126	183.973
660.5	2.399395370737598	19.951
661.0	1.7020757744817656	56.879
661.5	2.24543612811191	70.395
662.0	2.2724721095367957	70.417
662.5	1.9943792864331702	51.69
663.0	2.033885127856932	70.617
663.5	1.7607174305841227	70.613
664.0	1.4487353928875648	80.709
664.5	1.5719553531180026	80.336
665.0	1.478427478316693	144.101
665.5	1.4228798224982877	80.204
666.0	1.527386086442061	80.415
666.5	1.605671589988279	65.573
667.0	2.5023473462568764	105.741
667.5	2.2720230142245406	104.449
668.0	2.2567125849756415	103.635
668.5	2.0750917344908166	141.078
669.0	1.6336320223399678	54.743
669.5	1.685334821650739	33.257
670.0	1.740941457514297	100.282
670.5	2.0248509408838653	81.066
671.0	1.8470523510355692	35.152
671.5	2.105925475388798	55.541
672.0	1.9578372203498218	100.67
672.5	1.8128255203035044	103.098
673.0	1.8720673341706688	100.727
673.5	1.8830805997272129	100.63
674.0	1.8367619933358421	50.158
674.5	2.4155786558637558	20.226
675.0	2.0813202338965024	75.015
675.5	2.328365559044533	16.826
676.0	2.5079215379242603	70.368
676.5	1.391519072246046	120.921
677.0	1.4700083542171436	80.711
677.5	1.844128585349438	80.646
678.0	1.763071273328793	80.599
678.5	1.4862334482749286	110.607
679.0	2.3120954683122372	60.506
679.5	2.3679837836088624	80.331
680.0	2.528512135899468	47.323
680.5	1.744332862369595	46.921
681.0	1.8364343439975077	63.827
681.5	2.475465233968582	107.842
682.0	1.6667291314787418	30.239
682.5	1.7812319818225941	12.672
683.0	1.8972329271247481	141.814
683.5	1.9846798075037455	30.308
684.0	2.0750370522009542	88.198
684.5	1.3158081304086309	94.178
685.0	1.7984910414036706	93.183
685.5	1.3350004628829668	14.943
686.0	1.7163219917435293	83.405
686.5	1.7896775536086071	59.886
687.0	1.9320148777724409	90.595
687.5	1.934408064992524	30.185
688.0	1.9029072389423216	127.52
688.5	1.8100059441494687	30.217
689.0	2.4548202326363695	56.205
689.5	2.1301691448286775	65.347
690.0	1.8520087565236216	60.982
690.5	2.4819104340672866	68.063
691.0	2.474650994401536	44.966
691.5	1.695922107044379	76.057
692.0	1.503723597401977	90.489
692.5	1.513820592207451	30.23
693.0	1.5869689862297114	90.433
693.5	1.7983559771958473	90.423
694.0	1.5704954237300721	75.999
694.5	2.246409108465052	40.015
695.0	1.8609538549121594	88.957
695.5	2.119699541969643	40.123
696.0	2.430992980084655	40.079
696.5	1.9993642154162623	29.906
697.0	1.9517247550945804	50.526
697.5	1.7881544358580619	50.458
698.0	2.0726685018320055	80.566
698.5	2.0285863221938003	80.793
699.0	1.7065014163436618	80.273
699.5	2.146931436670517	133.127
700.0	1.7452993190168282	85.965
700.5	2.3185662682920634	116.633
701.0	1.9113066308824842	121.215
701.5	2.2721347298259844	24.476
702.0	1.5504984213077477	86.698
702.5	1.798314413472528	100.609
703.0	1.4583242196695017	98.362
703.5	1.463712098660234	110.75
704.0	1.6346431073234136	100.782
704.5	1.9483841437455185	91.565
705.0	2.1853764582991673	86.295
705.5	1.6977300486249438	50.33
706.0	1.7780999758879648	95.092
706.5	1.8904638647419625	30.154
707.0	2.2071091933588294	43.113
707.5	2.4398605604752	40.508
708.0	2.5079532361514967	45.018
708.5	1.7244784723752455	100.489
709.0	2.2810624506718247	26.943
709.5	2.0317093947196727	98.205
710.0	2.4365794823787015	10.537
710.5	2.065734228766601	47.8
711.0	2.344360015439257	45.112
711.5	1.5772086089376636	90.821
712.0	1.2740237212192167	100.699
712.5	1.3493381038817596	109.274
713.0	1.5751427994822842	20.276
713.5	1.3974919453931873	100.63
714.0	1.8480218449502936	110.619
714.5	2.0498222801533443	46.374
715.0	1.8407761127633968	121.147
715.5	2.0752791713256498	44.071
716.0	2.1944373994458637	41.836
716.5	1.7193100287149052	26.463
717.0	1.4403491869656546	100.547
717.5	1.7931273392746494	100.714
718.0	1.6055617937102362	131.265
718.5	1.8082475997774539	12.707
719.0	1.8022771927310515	70.801
719.5	2.216280302203302	110.741
720.0	2.1149855211173945	30.18
720.5	2.1402408146627994	30.197
721.0	2.216802800446838	172.353
721.5	1.4958380779377034	57.999
722.0	1.4400393849541204	60.361
722.5	1.4661082430896304	60.409
723.0	2.0305453746162314	90.886
723.5	1.581861363865997	60.274
724.0	2.1159149158262065	95.136
724.5	2.0052468823028806	72.237
725.0	1.6782869691258169	76.411
725.5	2.069744933209978	80.795
726.0	2.1502721592232357	46.698
726.5	2.0453108567620975	31.774
727.0	2.0953088436831173	12.238
727.5	1.5301622113540234	60.425
728.0	1.7803499292467335	60.234
728.5	1.6320018670699084	60.318
729.0	1.734197248313687	30.885
729.5	1.8641272106543503	101.084
730.0	1.997088855915169	54.692
730.5	1.6796396646521723	30.148
731.0	1.6405014301664724	30.241
731.5	2.0822209853673077	60.122
732.0	1.1746100875810337	73.581
732.5	1.5038762054785677	110.854
733.0	1.241471707067347	110.878
733.5	1.430944695993628	110.867
734.0	1.6065254760392929	80.703
734.5	1.7260723378505376	40.058
735.0	2.3659868320372235	43.575
735.5	2.236141412367649	46.034
736.0	2.3039738053421606	101.014
736.5	2.1092168364566066	40.276
737.0	2.0184022575741203	67.664
737.5	2.127960079831535	67.389
738.0	2.1519906312660644	57.353
738.5	2.2250688443323106	30.269
739.0	2.1685262011739885	70.73
739.5	1.85045573756436	131.146
740.0	2.276226197486979	70.626
740.5	2.2628581016006435	109.309
741.0	2.0147353561473347	52.411
741.5	2.0849010364681337	40.61
742.0	1.8055006975624721	11.705
742.5	1.8863199785968803	132.727
743.0	1.782001895594851	50.164
743.5	1.5237592292816482	50.257
744.0	1.4715880583426553	100.632
744.5	1.749059625378429	74.636
745.0	1.5965658730268608	79.097
745.5	1.45026194229058	77.935
746.0	1.6127037731452551	74.038
746.5	1.7446168735484495	22.914
747.0	1.7945705498522906	60.524
747.5	1.7788813362681641	60.562
748.0	1.5695355962549449	60.581
748.5	1.8063146586030656	110.409
749.0	1.4554178748360664	110.719
749.5	1.6718701013938106	30.987
750.0	1.8063047810105166	34.596
750.5	1.92969780968517	30.083
751.0	1.7893659441956844	60.983
751.5	2.333938419845022	111.038
752.0	1.2977150560514803	100.602
752.5	1.7839547016996478	100.604
753.0	1.739873619651526	60.558
753.5	1.5485741355743405	100.593
754.0	1.7114257884318886	83.337
754.5	1.7483104568573846	100.312
755.0	1.8425459840124072	100.414
755.5	1.9054390141798085	44.911
756.0	2.075349182537188	100.319
756.5	2.0210315792167415	60.327
757.0	1.9263345382290775	171.657
757.5	2.8055354442244664	19.965
758.0	2.0861312393998497	19.978
758.5	2.5286931008387827	20.111
759.0	1.8287259439219563	90.562
759.5	1.9837261736529435	43.711
760.0	1.664883538565044	30.163
760.5	1.9892765458481252	100.43
761.0	1.6488803636040918	82.927
761.5	2.281670838740026	30.588
762.0	0.16303190731347242	16.354
762.5	1.18736481468369	105.337
763.0	2.203288638076384	35.513
763.5	1.9640883115069154	49.476
764.0	0.15026142623260888	44.165
764.5	0.14391647741328847	13.931
765.0	4.390449229577191	14.393
765.5	2.383908371738755	50.432
766.0	1.844564659558826	14.545
766.5	1.9117084397822637	13.774
767.0	1.7773327447802785	90.668
767.5	1.973525897309991	14.677
768.0	0.17360131544212778	13.104
768.5	0.1581357045040924	21.363
769.0	3.286382185139443	50.584
769.5	2.2089257108458	100.555
770.0	0.12192796808555671	39.999
770.5	3.2703433113444556	46.727
771.0	2.228981029686182	61.379
771.5	1.8113684317504395	94.538
772.0	1.693634955915231	80.678
772.5	2.0287231284891694	90.6
773.0	1.4573288330296326	111.023
773.5	1.9852704952732474	60.514
774.0	2.0675987629771235	80.475
774.5	2.6472211777965606	71.569
775.0	1.7377305911199825	100.755
775.5	2.5966016302287835	92.656
776.0	0.14335208494310084	16.035
776.5	2.3617291690639015	98.87
777.0	9.721666283735736	90.741
777.5	2.1881252590465174	56.919
778.0	2.259384136739874	60.406
778.5	1.8831907172809363	110.937
779.0	2.8001916689338744	60.287
779.5	2.605242739159924	88.224
780.0	2.469032220677762	114.281
780.5	2.0145834742893283	102.02
781.0	2.695779138859754	70.718
781.5	2.6213865544507278	55.776
782.0	1.9587065845608036	100.812
782.5	1.6108216037343994	80.665
783.0	2.4464087109781145	65.58
783.5	2.05276600688136	93.416
784.0	2.835705784559429	15.741
784.5	2.0522453745315685	80.607
785.0	1.7147826937085997	110.891
785.5	2.2437072604019077	90.375
786.0	1.7954929374655222	50.428
786.5	1.1630500372482095	64.543
787.0	1.6687336856492647	50.422
787.5	2.0145536166281546	133.617
788.0	1.4797730695431701	131.119
788.5	2.232380307225013	71.513
789.0	1.9373070685974003	20.226
789.5	1.3744558562043416	39.974
790.0	0.8573911226507603	57.143
790.5	1.037189098456923	88.8
791.0	1.5291152901735345	70.476
791.5	1.6700513966748483	52.084
792.0	1.5878135775611377	40.238
792.5	1.4139864615951756	90.72
793.0	1.671079881216844	15.963
793.5	2.290575081869382	50.054
794.0	0.6449536956692212	35.651
794.5	0.986210930140759	42.861
795.0	1.6134805431551493	15.574
795.5	1.5705650245931246	60.13
796.0	1.9748140520813315	70.676
796.5	2.5072182011394046	43.79
797.0	2.3026126943697394	36.506
797.5	2.10144874867286	78.149
798.0	1.801254100896374	16.502
798.5	1.4375124885904798	63.167
799.0	1.6860200419062303	52.132
799.5	2.2131718565882923	50.449
800.0	1.5970005646164498	120.898
800.5	1.6056790339124003	120.922
801.0	2.1163453604219757	70.523
801.5	2.3276023498031986	56.425
802.0	1.404480736318584	90.568
802.5	1.4695469346020633	108.725
803.0	2.223505144682809	92.759
803.5	2.5429954781260324	57.322
804.0	2.3387658905439377	40.535
804.5	1.947216395509805	80.693
805.0	2.344863577845893	115.686
805.5	1.683607844950274	42.045
806.0	0.9892578841399854	153.331
806.5	1.477512631979308	60.483
807.0	2.3888427009644566	80.51
807.5	1.7532889955478146	16.25
808.0	1.7338119100089826	40.834
808.5	2.208462430668971	40.363
809.0	1.9691139330663552	34.953
809.5	1.563004188793393	30.27
810.0	1.5297897497145627	45.428
810.5	2.0335469162202364	20.018
811.0	1.3345482896789989	110.826
811.5	1.6528369607466817	68.255
812.0	2.133442593023016	80.586
812.5	1.802270720754722	40.153
813.0	1.7531036060740859	90.863
813.5	1.6469226257999918	37.731
814.0	1.6351858984264054	70.8
814.5	1.379308202480989	40.283
815.0	2.465169997133268	111.227
815.5	2.0488606600979447	19.759
816.0	1.8314814844902694	141.279
816.5	1.48612718001459	40.303
817.0	2.329269660202442	60.481
817.5	1.691833072828703	30.208
818.0	2.0611681225112055	60.253
818.5	1.8369121510234798	60.191
819.0	1.9006991436004599	113.433
819.5	1.9661861516623254	70.505
820.0	1.6191625220011796	111.238
820.5	1.4556235679689475	80.972
821.0	1.5824703284607564	70.492
821.5	1.5935508696954848	50.423
822.0	1.9595505460780844	50.363
822.5	1.9505196947821224	60.535
823.0	1.5506434458402558	60.509
823.5	2.142195593963087	60.411
824.0	1.8615929740330885	92.533
824.5	1.6235616317769133	50.307
825.0	1.6338311908243563	80.637
825.5	1.8798075502368212	62.731
826.0	1.642277701795647	95.262
826.5	1.5367108756936083	113.018
827.0	1.9273746268850276	50.257
827.5	1.9510691493188401	50.32
828.0	1.8215167002437989	90.731
828.5	2.043510105714131	110.75
829.0	1.3185467238842303	52.125
829.5	1.8697282076347266	40.337
830.0	2.0914245103034603	70.162
830.5	2.403147161034842	121.143
831.0	1.5623467094112333	90.527
831.5	1.5201123157075966	15.651
832.0	2.3079609045878384	41.73
832.5	2.1718715732942755	40.264
833.0	1.290165004905686	60.396
833.5	1.6468959926766948	90.826
834.0	1.8612127030824908	85.648
834.5	1.8010671930608295	45.202
835.0	1.7090309075509802	30.285
835.5	1.8423014016079406	50.764
836.0	1.662105521018197	134.392
836.5	1.5860539849183395	40.422
837.0	1.4892080213650174	60.393
837.5	1.6330566034340142	15.71
838.0	2.3994426924550747	90.796
838.5	1.7693391148358133	60.385
839.0	1.5968146674349362	130.974
839.5	1.7280237131655574	87.15
840.0	1.6463843165234922	100.847
840.5	1.8025584430542303	100.959
841.0	1.486729436856062	121.008
841.5	1.3534679921832045	121.046
842.0	1.4901072880723094	70.424
842.5	1.4441926737014439	70.49
843.0	2.473885148379671	90.064
843.5	2.5505347060948163	60.523
844.0	1.5577679424219781	131.012
844.5	1.8943477833541944	72.195
845.0	1.430444697314027	90.541
845.5	1.804651365826633	90.664
846.0	2.4101291995036784	90.669
846.5	1.9942349674230617	20.307
847.0	1.6773342990244535	66.764
847.5	1.482990887744557	140.912
848.0	2.826935039069776	32.587
848.5	2.5845664014395275	132.393
849.0	1.0782701103184138	30.234
849.5	0.960428824858506	100.982
850.0	2.478807219796836	83.118
850.5	1.9026803259330836	50.373
851.0	2.0368822303969765	50.358
851.5	1.9413569856596142	46.372
852.0	1.6406493022100537	105.991
852.5	2.0413033850460964	159.208
853.0	1.647760430460173	15.505
853.5	1.5262265354502225	64.74
854.0	1.9046016000614276	80.862
854.5	1.8439081257554102	87.203
855.0	2.0456949910309237	15.164
855.5	1.8259827698802513	120.873
856.0	2.031607249375546	127.014
856.5	1.9259957902382632	15.692
857.0	1.9422940126328967	101.006
857.5	1.7268835986513966	20.065
858.0	2.207972674827262	90.544
858.5	2.170503384852576	90.591
859.0	2.180956781873191	50.216
859.5	1.9174666690191322	100.457
860.0	1.8896498528493548	102.76
860.5	2.1058701910569146	56.602
861.0	1.686696039873509	70.453
861.5	1.8977803020093007	40.351
862.0	2.3967474055858453	35.672
862.5	1.7921029173026244	90.57
863.0	1.9919725917549471	57.69
863.5	1.5302422060023078	90.759
864.0	1.3744499808222075	80.881
864.5	1.5840521465935515	46.257
865.0	2.0326345126906533	131.341
865.5	1.585047976632538	106.695
866.0	1.9849451456467657	110.665
866.5	1.6018759567888152	110.647
867.0	2.214490328505875	17.031
867.5	2.4566750803251547	101.035
868.0	1.9767177866238912	100.762
868.5	2.010112906080812	70.534
869.0	1.6465685926054332	90.719
869.5	1.7026723927671892	90.544
870.0	2.6943959328633404	131.591
870.5	2.523975431630069	98.282
871.0	1.5975887308345897	130.988
871.5	1.6503843581119884	151.016
872.0	1.5545013729122426	151.407
872.5	1.7071973842241797	40.284
873.0	2.5963815186199612	132.775
873.5	2.108630299410775	139.605
874.0	1.2700200193107496	90.762
874.5	1.6033181564199723	110.906
875.0	1.5442633859700574	60.606
875.5	2.0773723905506616	121.021
876.0	1.5251888126533626	56.254
876.5	1.5977235629699233	60.535
877.0	2.028450827019739	90.747
877.5	2.1481738762573777	99.486
878.0	2.1895667254767703	121.314
878.5	1.8299254009061225	121.424
879.0	2.1667614512506206	59.619
879.5	2.1286075059812624	60.474
880.0	2.012835593468473	30.086
880.5	1.986497645373236	130.536
881.0	1.8553748022940657	131.059
881.5	1.9024423449608305	130.985
882.0	2.255857631875927	100.896
882.5	1.5201730864537477	90.775
883.0	2.5881461805832267	18.525
883.5	2.019945142609929	140.971
884.0	1.247495071221482	40.413
884.5	1.1194456759965998	71.015
885.0	1.6784937332213765	50.249
885.5	2.1805096942651723	50.311
886.0	1.6650380602121158	17.489
886.5	1.7596598186124182	90.603
887.0	1.8692035289742892	60.707
887.5	1.6241739285718575	60.544
888.0	1.3645929522432727	72.01
888.5	1.4919702576166392	40.273
889.0	1.618348781859239	77.955
889.5	2.089666853376848	60.602
890.0	2.148089760387518	60.483
890.5	2.1105555959126185	120.595
891.0	1.6202385006725515	110.886
891.5	2.0784449139528105	67.492
892.0	1.443814669829287	45.846
892.5	1.4967768835353854	80.565
893.0	1.6803080703549653	92.5
893.5	1.683443444308201	107.034
894.0	1.6135553692165323	91.097
894.5	2.042871715421321	16.041
895.0	2.1665488791070877	90.647
895.5	2.4394774630324467	105.594
896.0	1.219250473005288	58.22
896.5	1.4356888001865544	100.608
897.0	1.9223619167142652	80.592
897.5	1.94091659333823	30.23
898.0	2.317856222821813	50.689
898.5	1.85695863269669	40.256
899.0	1.9416442329585226	111.788
899.5	1.8630960358836037	90.616
900.0	1.5474961980108428	110.859
900.5	1.5613582270163597	90.728
901.0	1.5378502437250112	90.582
901.5	2.0492046679438305	90.587
902.0	2.1419457259707295	142.163
902.5	1.8898088490246785	70.501
903.0	1.6445732235679476	60.457
903.5	1.9417565489336346	60.528
904.0	2.254508008546247	50.346
904.5	2.1298102363147833	51.016
905.0	1.4925062982281228	42.741
905.5	1.5420235341281108	110.684
906.0	2.2146219483847873	86.937
906.5	1.839006206005292	17.586
907.0	1.5867494572720287	153.097
907.5	1.859998750009029	50.514
908.0	1.6311258458465856	100.75
908.5	1.478156092195185	40.691
909.0	2.026538047854577	47.964
909.5	1.9483969900493134	37.984
910.0	1.980161255051955	60.747
910.5	1.9252190830976388	60.726
911.0	1.5329713177253699	56.737
911.5	1.42380636570315	110.91
912.0	2.4009564023472145	150.478
912.5	1.9019836326432564	40.343
913.0	2.11247612799941	90.813
913.5	1.6699174139206112	70.605
914.0	1.5669877574999547	70.414
914.5	2.186381298128164	108.251
915.0	1.717226217234041	30.193
915.5	1.925554084339272	50.572
916.0	1.4101030183957204	66.423
916.5	1.5266410290602204	45.691
917.0	2.312139153039412	94.131
917.5	2.1427318165356364	70.472
918.0	1.940000157539101	131.073
918.5	1.8627645028237303	100.944
919.0	2.0455961118459087	99.238
919.5	1.8968629978473222	99.468
920.0	1.7434142564547688	90.796
920.5	1.3649741259896144	110.855
921.0	1.8967414150941448	80.641
921.5	1.7502812959928293	80.638
922.0	2.5176872335823157	121.04
922.5	2.138791376222752	20.365
923.0	1.9889596213479062	20.19
923.5	1.9550654255255255	102.392
924.0	1.6453320212329137	60.593
924.5	1.3829228353794079	66.476
925.0	2.191262161366469	97.035
925.5	2.0573943860357806	161.451
926.0	1.9435814725242706	90.516
926.5	1.6412775127030763	90.587
927.0	2.180159596302861	36.118
927.5	1.7161783609415953	62.186
928.0	1.7299850048612604	80.278
928.5	1.6514095305917298	130.269
929.0	1.356596098838356	72.259
929.5	1.9203914292872917	131.267
930.0	1.6422064550854203	23.799
930.5	1.8665246732896439	81.484
931.0	1.8474348843208754	56.585
931.5	2.3360542211417137	20.327
932.0	1.0467173109654127	35.959
932.5	1.7000923247474065	106.96
933.0	1.4835800465141684	30.278
933.5	2.8335772367896284	70.212
934.0	1.046440053869306	110.833
934.5	2.0298625070802316	50.372
935.0	2.0882028110995714	96.419
935.5	2.2996632456692323	45.736
936.0	1.2825399539998115	40.783
936.5	2.1688888823429258	46.346
937.0	1.6728237498110585	70.396
937.5	2.5940124235520305	106.174
938.0	1.2837290633434137	80.492
938.5	2.3293899918079006	40.278
939.0	1.4646787040831115	110.966
939.5	2.1202641820584818	50.39
940.0	1.2802058399404697	118.344
940.5	1.5190445937173693	50.442
941.0	2.178432141955906	23.326
941.5	2.224899475225249	70.563
942.0	1.2728685803785484	120.99
942.5	2.212268746378822	80.499
943.0	1.7770689124989425	60.493
943.5	2.475138941054814	104.794
944.0	1.494658960474525	66.17
944.5	1.7890762696841331	15.719
945.0	1.979770151465486	15.838
945.5	2.0618122138098745	96.998
946.0	1.811474983330669	30.234
946.5	1.9238572198032673	80.535
947.0	1.950603891863302	38.865
947.5	1.5321544225780988	66.094
948.0	1.7948370935184088	20.183
948.5	0.14223969262982292	139688325804.656
949.0	0.12299915511567883	13.971
949.5	0.12881217794036154	17.955
950.0	0.16705229597045804	58.204
950.5	6.235935467767925	120.751
951.0	2.3372521216540494	68.845
951.5	2.023172073890509	74.412
952.0	1.8453297650485747	20.192
952.5	1.4788529481780148	24.124
953.0	1.695193065325713	70.729
953.5	2.552677970196206	212.012
954.0	1.5078509795687436	171.981
954.5	1.8877965386559525	131.178
955.0	1.8581555570705444	95.898
955.5	1.8997070943115963	90.597
956.0	2.2756466092428926	142.94
956.5	1.3350585792068133	40.859
957.0	2.4183496367240207	90.461
957.5	2.227407840223031	50.3
958.0	1.5307103561651545	87.387
958.5	2.3056098165078245	60.541
959.0	1.5782811823524552	22.176
959.5	1.6948651250260054	179.995
960.0	1.8491385129375792	181.514
960.5	1.59416335521936	80.653
961.0	1.6378148554988847	212.817
961.5	1.6438854955821016	94.505
962.0	2.545933322124014	16.174
962.5	1.6377749312267984	17.848
963.0	2.033301754611644	60.505
963.5	1.657682891507324	20.435
964.0	2.3007154396638545	121.258
964.5	1.7529269522853073	29.051
965.0	1.8681318070987605	120.801
965.5	1.7876460680330064	14.148
966.0	2.4108223133872886	40.4
966.5	1.7377470284208685	121.033
967.0	1.7425690209602231	186.903
967.5	2.3100528429541147	52.461
968.0	1.9147770991693263	121.081
968.5	1.4561419890983407	110.451
969.0	2.0095338342236833	70.405
969.5	2.1814299715600156	89.555
970.0	1.582320665400983	120.742
970.5	2.1048687552462884	24.019
971.0	2.3374809656280164	99.85
971.5	1.921052157552804	101.118
972.0	2.0572538811676604	130.691
972.5	1.8938314284445295	141.643
973.0	2.319081161644812	107.927
973.5	1.529986507974478	184.936
974.0	1.679416252209602	176.05
974.5	1.6873467541837999	91.624
975.0	1.6411775227072545	100.577
975.5	2.1631460802580906	110.751
976.0	1.714684248002453	110.828
976.5	1.5045293635274117	142.577
977.0	2.11126077914494	120.205
977.5	2.2549403409562188	39.339
978.0	1.9308813807916692	100.713
978.5	2.4546711256578133	109.617
979.0	2.1130966975755743	227.624
979.5	1.8185586700738328	140.774
980.0	2.0065493422576997	287.554
980.5	2.036378027071064	211.902
981.0	2.1378818996789786	40.527
981.5	1.5243309784358197	136.699
982.0	1.8811333403797483	130.84
982.5	1.5834445637727717	90.53
983.0	1.7211990127891414	91.358
983.5	2.0381842297361663	65.949
984.0	1.975935659038211	109.839
984.5	2.132124198762103	231.971
985.0	1.8968408088651114	50.434
985.5	1.7569842694739366	100.669
986.0	1.9059698413276949	80.38
986.5	1.5442847760883114	158.134
987.0	1.855443118771624	87.598
987.5	1.8856907951922421	90.51
988.0	1.631031352681101	110.623
988.5	2.3556731767183954	81.304
989.0	1.6918946463469993	60.463
989.5	1.8204255307694721	50.361
990.0	1.7007061886297468	50.37
990.5	1.7921370867171604	110.706
991.0	2.1834771916013	43.451
991.5	1.610016109477032	161.555
992.0	1.5724959818765578	172.023
992.5	1.2513795965600254	516.666
993.0	2.226046718934241	52.229
993.5	2.1465838682436016	100.682
994.0	1.8891890508980484	100.591
994.5	2.3181980869850616	131.181
995.0	1.428149981305934	120.354
995.5	2.112215166474297	20.093
996.0	1.7058104167455534	120.86
996.5	1.4533389003038724	90.568
997.0	2.289345084182881	124.984
997.5	1.652036710904029	196.094
998.0	2.171250414607121	100.754
998.5	1.6061856236217276	158.772
999.0	1.8898227857465828	60.484
999.5	1.7916825448795122	123.893
1000.0	1.3690214894655894	119.657
