0.5	0.1634453945218517	16.542
1.0	1.514349821909531	14.08
1.5	2.5628763172511757	50.365
2.0	2.1720784403216022	50.664
2.5	1.6059461009798892	120.591
3.0	1.7757381299832427	70.529
3.5	2.4860428341847243	389.656
4.0	6.490844882751746	33.44
4.5	0.8423706423488402	127.343
5.0	1.8207362630579185	15.716
5.5	2.541300352167658	70.381
6.0	2.0390237886457787	110.836
6.5	2.339925663045684	30.207
7.0	1.9882128192768718	84.541
7.5	1.811084316740393	47.142
8.0	2.066197944280123	95.755
8.5	1.9090337042465726	14.641
9.0	1.6423364552943474	39.297
9.5	2.3746875145906596	92.966
10.0	1.664643798171892	110.714
10.5	2.433882995769812	70.64
11.0	2.1754512717959757	103.277
11.5	2.012984622241919	21.443
12.0	1.7511957570850822	19.987
12.5	2.718731126628804	50.355
13.0	1.6651214483599166	94.18
13.5	1.6637272881925975	80.376
14.0	1.6865220722129406	98.84
14.5	1.4281095053716109	141.005
15.0	1.4529917674050072	40.26
15.5	2.0112037356887846	90.647
16.0	2.7283193712840097	25.677
16.5	1.866697466725331	80.647
17.0	1.7202218979080366	49.889
17.5	1.8714585595701398	34.813
18.0	2.187978876875402	212.677
18.5	3.285220210801695	60.424
19.0	1.833252466182925	80.626
19.5	1.6881897012943952	56.526
20.0	1.812729265317313	88.177
20.5	2.069651913352033	120.679
21.0	1.6228722880575486	54.774
21.5	2.5787826709201074	70.477
22.0	1.6622013602879315	119.872
22.5	2.1987419429812634	80.459
23.0	1.4826492004840306	110.247
23.5	1.826212798351827	40.186
24.0	1.8571590233802269	30.204
24.5	2.247139084552836	130.756
25.0	1.6933226041104774	50.364
25.5	1.4657080758927374	90.722
26.0	2.0953211350869965	35.631
26.5	1.7153042606912798	109.82
27.0	1.6537775828309285	131.039
27.5	1.694149990758945	90.599
28.0	2.24990061101869	35.826
28.5	1.5621969419615485	90.548
29.0	1.8577511289415944	60.508
29.5	2.0566480122860757	60.475
30.0	2.101590200350399	80.593
30.5	1.4090933893169482	90.59
31.0	1.5054356458303118	54.541
31.5	2.1793596046091754	68.308
32.0	1.9989790103994913	96.766
32.5	1.9452276285268288	30.174
33.0	1.9173950865101053	59.909
33.5	1.9598597779674958	76.323
34.0	2.423754021685475	85.958
34.5	2.0945214278531057	20.102
35.0	1.5122347681812172	22.565
35.5	1.815470456952155	85.472
36.0	1.7542848663506996	14.669
36.5	1.9600758833915055	20.144
37.0	1.506158323459742	31.728
37.5	1.90918226222381	15.76
38.0	2.195820488158504	90.239
38.5	1.790941528250193	45.27
39.0	0.15816960413318498	15.695
39.5	1.828446143926044	50.389
40.0	9.366952616843449	85.216
40.5	1.9333380181200228	100.788
41.0	1.788829725341202	50.232
41.5	2.4345645540095053	17.388
42.0	1.8325194307452088	100.558
42.5	1.976558738249297	74.635
43.0	1.8144955422388032	80.497
43.5	1.6944889851071006	70.556
44.0	2.206474830886845	16.732
44.5	1.963373645336103	495.512
45.0	1.6395422808702813	120.454
45.5	2.104857227746469	84.687
46.0	1.4872681688553056	80.69
46.5	1.8094965810562271	67.391
47.0	1.6489786408890545	38.785
47.5	2.055666608950662	25.705
48.0	1.943878001182137	120.631
48.5	1.922103142017513	51.007
49.0	2.375199964403734	90.381
49.5	2.020496195358857	14.5
50.0	2.138001892231387	110.882
50.5	2.032713215605021	34.644
51.0	1.35411290419291	92.159
51.5	2.20474928625201	80.307
52.0	2.0282309998040535	40.25
52.5	2.2053079137663345	14.873
53.0	1.870355460617647	101.928
53.5	1.8905645901845831	70.334
54.0	2.029211729100655	69.631
54.5	1.6200297062596576	60.463
55.0	0.14637599354711414	139691497357.936
55.5	1.5830025225460067	100.627
56.0	1.8040866378098173	100.31
56.5	2.4674732405865285	16.96
57.0	1.6346404786236997	90.568
57.5	1.7823404547689325	36.949
58.0	1.9799707738042034	45.246
58.5	1.9071777765643454	77.758
59.0	1.973813991135734	103.105
59.5	1.981591137942901	90.741
60.0	2.2426360549178423	13.625
60.5	1.5237053424276534	60.546
61.0	1.7571303299566683	92.361
61.5	2.104934455087197	57.787
62.0	2.1716350565384555	86.977
62.5	1.8363867569047327	67.434
63.0	1.9952345661341324	70.51
63.5	2.014715468078533	50.413
64.0	2.040236649795715	46.156
64.5	2.1234445300727	70.429
65.0	1.909752646090363	60.535
65.5	2.6925008671552653	50.558
66.0	1.9771106873853124	70.68
66.5	1.6450266209175444	90.573
67.0	2.247760241930778	20.165
67.5	1.9438936406831413	70.521
68.0	1.6161036161257223	50.483
68.5	2.013833520127155	90.701
69.0	1.5957488011562226	80.548
69.5	1.97264793440331	70.436
70.0	1.9748837767461018	45.371
70.5	1.57258579682723	60.35
71.0	1.8274539504630543	70.342
71.5	1.4704806737999556	84.738
72.0	1.4769186811342245	70.79
72.5	2.462765241784442	44.911
73.0	1.569535419168216	14.683
73.5	1.9908972621505423	70.445
74.0	1.937399492456305	90.785
74.5	2.159287115989334	120.921
75.0	1.6099261635936788	70.462
75.5	2.099199718831192	70.73
76.0	1.9048608451194915	80.538
76.5	1.8245595438891273	20.203
77.0	1.7349429242636356	65.456
77.5	2.6043107423114464	93.958
78.0	2.1835146790232627	110.758
78.5	1.3797178829835242	151.903
79.0	3.4821394606761387	60.157
79.5	1.931184354416575	45.071
80.0	1.5724270885204839	137.95
80.5	1.9302812409065089	66.971
81.0	1.5525167062375818	14.365
81.5	1.9974317281666127	60.418
82.0	1.4691956434512448	45.076
82.5	1.6163183826819596	110.705
83.0	1.9191325284539316	70.331
83.5	1.5940927290840592	13.68
84.0	1.8108426581305426	34.957
84.5	1.969323730386707	34.866
85.0	1.9058802832318213	40.243
85.5	1.706189389058355	80.62
86.0	2.137209172686591	70.582
86.5	1.7624382176909041	30.189
87.0	1.983268839707245	71.326
87.5	2.0697260142682943	44.726
88.0	2.3809121643843256	65.656
88.5	2.092093173464512	60.446
89.0	1.8962557847350938	39.068
89.5	1.8326125432601568	76.517
90.0	1.6140978809923612	60.468
90.5	1.7640661388222896	80.422
91.0	1.9049288188423639	110.825
91.5	1.6376133913321254	80.4
92.0	1.8152512543104098	35.601
92.5	1.643348380548878	212.389
93.0	3.1569506651525585	76.818
93.5	1.7345764361494722	64.362
94.0	1.5854716623392104	112.796
94.5	1.5889805490910485	110.72
95.0	2.1525091856385092	70.355
95.5	2.107870518264721	48.742
96.0	1.7187081764627608	56.649
96.5	1.5267408440336734	16.414
97.0	1.1726831860664415	66.069
97.5	2.1288157089035966	97.222
98.0	2.0440294280926072	97.399
98.5	1.302339588323381	16.13
99.0	2.0193410467211548	30.169
99.5	2.596073281685291	50.545
100.0	1.399448118677235	50.227
100.5	1.9113796697995795	60.359
101.0	1.9120111445444745	44.376
101.5	1.920363156928115	16.053
102.0	1.7703666030779226	96.489
102.5	1.4476061534590146	110.859
103.0	1.3550196132860435	93.119
103.5	2.031180226288731	46.124
104.0	1.4413885045753045	35.159
104.5	1.7545150445750763	46.852
105.0	1.7279333992036496	77.087
105.5	1.8085037727016637	14.855
106.0	1.7358948493309987	80.465
106.5	2.0800041068638704	79.786
107.0	1.7102391519746913	24.765
107.5	1.9070573331120244	93.746
108.0	1.5174291552047257	47.162
108.5	2.279161993376131	70.44
109.0	2.12652985879269	36.326
109.5	1.9397156785935994	73.538
110.0	2.198418625544295	30.196
110.5	1.8132926196043824	100.452
111.0	2.335033794932622	110.845
111.5	1.8296494463948334	23.174
112.0	1.9909572067161534	63.951
112.5	2.0656815041256102	20.171
113.0	1.4416779817397856	70.413
113.5	1.782725286376279	80.478
114.0	1.6417048800047538	70.534
114.5	1.887852977452108	30.234
115.0	1.6289307086614353	60.425
115.5	2.1467896275610903	70.523
116.0	1.987169439337174	46.684
116.5	2.3443311081447655	30.252
117.0	1.6614590215107938	67.369
117.5	1.4481681698296167	60.468
118.0	2.4738136259098398	80.631
118.5	1.9785290488289413	97.824
119.0	1.647764909624063	70.514
119.5	1.0913285438922373	126.566
120.0	2.217644187791756	20.155
120.5	1.4889804879442865	50.139
121.0	2.2641276676917776	50.47
121.5	1.2694070520751375	14.313
122.0	1.66349227639857	120.985
122.5	1.8852365396537583	15.758
123.0	1.8249314812016064	50.535
123.5	2.3327535975199747	80.597
124.0	2.0968806401478113	50.304
124.5	2.219358448360271	87.186
125.0	1.9407436595940284	86.964
125.5	1.819973862939637	55.935
126.0	2.0950406012279448	98.84
126.5	1.7121001176130048	80.628
127.0	2.1075114531413446	50.425
127.5	2.10920701573368	141.82
128.0	1.487413175530766	70.588
128.5	1.6849065816919824	14.344
129.0	2.1261222006020652	20.239
129.5	1.2282981498455183	19.775
130.0	1.5897561706782093	60.23
130.5	1.676106974472767	35.052
131.0	1.3826273300988334	30.236
131.5	2.136709422106228	50.381
132.0	1.857887991216881	50.439
132.5	1.9955701242153385	30.211
133.0	1.355032206739303	60.353
133.5	1.4645509767098162	111.27
134.0	1.3426177683606293	120.691
134.5	1.8123570181477777	20.12
135.0	1.1443296766041238	83.424
135.5	1.5382912877343529	40.041
136.0	1.4213075306515648	98.881
136.5	1.6129585218611369	20.291
137.0	1.644173104093069	44.074
137.5	1.7625035260559596	90.706
138.0	2.0546496833823387	65.963
138.5	2.7947578954964833	86.161
139.0	1.2921020513500805	70.316
139.5	1.2930978684970729	80.535
140.0	2.252800901848385	20.188
140.5	1.2089658637267067	56.069
141.0	1.0155124703325549	30.287
141.5	1.5226671365506301	14.724
142.0	1.5543448158336406	46.49
142.5	1.802429283877488	20.028
143.0	2.0348226678140175	130.864
143.5	1.8438358981956209	110.65
144.0	1.553357246441996	170.214
144.5	2.242720954435155	64.634
145.0	1.5211358868028562	80.653
145.5	2.1825171597646844	90.578
146.0	2.191628226010487	80.714
146.5	1.5314593623888135	119.993
147.0	1.5353983720437225	130.78
147.5	1.3985501153731519	21.09
148.0	1.9982366013113402	14.119
148.5	1.647607982146755	25.373
149.0	1.583933701826474	60.584
149.5	1.4600638559762245	20.18
150.0	1.7010346784508306	24.675
150.5	1.5160648744070915	18.641
151.0	2.0070143971431493	20.147
151.5	1.3846849687592495	97.742
152.0	2.0866198319973486	50.487
152.5	2.1980527776618537	30.189
153.0	1.6215486656325486	30.195
153.5	1.3185753833248148	115.322
154.0	1.7524699119251785	30.175
154.5	1.8843460148086135	40.275
155.0	1.588421627975241	14.561
155.5	2.138844341135219	14.313
156.0	1.7634903988136437	20.336
156.5	1.6411892982166407	137.493
157.0	1.819524924816583	70.486
157.5	1.845118429735587	110.737
158.0	1.4695660387179683	130.76
158.5	2.092954791472285	67.299
159.0	2.1706384267502745	50.322
159.5	1.429390609422282	69.39
160.0	1.7429351198292784	14.785
160.5	2.4376153993095055	26.307
161.0	2.3596227629670556	135.153
161.5	1.6661071544657082	14.633
162.0	1.9476296243359916	80.466
162.5	2.6232513691131234	80.4
163.0	1.980884670356112	110.877
163.5	1.6882427827089435	20.264
164.0	1.5057854433835456	64.599
164.5	1.9017371331579715	50.356
165.0	2.840064300914959	60.119
165.5	1.509694097421116	70.613
166.0	1.564080545703083	130.044
166.5	1.4969519860084362	110.635
167.0	2.0507642869087674	141.515
167.5	2.6011812643650267	15.661
168.0	1.667897546444166	80.693
168.5	1.949162016190182	67.826
169.0	1.9692596759069356	57.22
169.5	1.9733277705610817	130.895
170.0	1.5393131971072171	120.962
170.5	2.337770151438367	13.886
171.0	1.9306888208196786	100.729
171.5	2.0938631676321973	70.636
172.0	1.3218822135944122	97.495
172.5	1.756355591604074	110.661
173.0	1.7507499665473372	80.323
173.5	1.5890679885280088	70.566
174.0	1.6545400421098082	90.342
174.5	1.9953460048580263	30.206
175.0	1.979897696988608	60.453
175.5	1.7407081926850285	49.183
176.0	2.360923077735713	60.448
176.5	1.8846236656311914	100.638
177.0	2.5589222445952946	67.507
177.5	2.1002688274836006	14.579
178.0	1.8882487081103696	97.167
178.5	1.5467845553462625	67.671
179.0	1.5966841129114195	35.682
179.5	1.849880343442202	100.664
180.0	1.9278199866208177	55.482
180.5	1.9757372018837636	70.395
181.0	1.9056563793246548	86.461
181.5	1.7814146655132164	70.329
182.0	1.56474033364261	60.449
182.5	2.1286707655654773	70.515
183.0	1.5016858419973187	130.744
183.5	2.0568741819201093	46.046
184.0	1.9519094274095627	70.365
184.5	2.199933190175019	34.965
185.0	2.0333119705410416	15.714
185.5	1.5920035658652287	80.419
186.0	2.283517576405665	76.354
186.5	2.132398687154293	60.337
187.0	2.2778239194747467	19.869
187.5	1.802573148919323	60.355
188.0	1.670214225925685	54.675
188.5	1.739311112643104	100.639
189.0	2.345774644871771	14.945
189.5	1.6408317869310975	100.672
190.0	1.786369512887978	31.423
190.5	2.1452826539896463	50.626
191.0	1.3196343037778282	40.268
191.5	2.379235908679769	35.09
192.0	1.62049698295418	90.074
192.5	2.0737608365144737	46.822
193.0	1.9163723560765538	100.926
193.5	1.5051669347589884	70.448
194.0	2.2963499477389653	30.167
194.5	1.5257086851377994	130.866
195.0	2.121097174931256	30.286
195.5	1.6918343591429315	121.094
196.0	1.5185110174886929	60.224
196.5	2.0562714782042866	30.168
197.0	1.9532791386784683	75.521
197.5	1.3536383561528835	15.19
198.0	2.1498478425576573	90.507
198.5	1.5749485794033702	20.228
199.0	2.159275088959931	20.252
199.5	1.7717835043177277	96.242
200.0	1.7271640997157902	94.349
200.5	1.9713935772836284	80.448
201.0	2.0099577926701806	34.306
201.5	1.5399274873782403	50.297
202.0	1.9529125249854309	50.441
202.5	1.8876905201851446	20.167
203.0	1.5349985027601294	60.403
203.5	2.0120408718469687	60.378
204.0	1.8406839717113528	50.391
204.5	2.142067292232333	60.346
205.0	2.442708360269509	80.684
205.5	1.668662116448247	100.592
206.0	1.8723892699741622	30.106
206.5	1.4082440037484527	14.989
207.0	1.6095068076601227	80.455
207.5	1.9669094853534344	100.911
208.0	1.790330364669077	74.384
208.5	2.3739353181374123	40.164
209.0	1.5620312074029834	80.559
209.5	1.7040462985816993	14.54
210.0	1.4777685433811445	34.814
210.5	2.19704924632715	57.868
211.0	1.766641085530139	90.535
211.5	1.3488029349027517	90.575
212.0	1.7852017455683094	45.221
212.5	1.4462749247113211	100.763
213.0	1.6656023296912017	100.755
213.5	1.5879028769607006	60.37
214.0	2.0383552741719204	110.843
214.5	2.1732213356729617	40.439
215.0	1.49614495108966	120.987
215.5	1.4880864073757722	45.446
216.0	1.764208941027771	14.667
216.5	0.15348434608855666	12.528
217.0	2.048822568766466	90.493
217.5	7.607959611247505	103.699
218.0	2.3527951450870828	100.743
218.5	2.2230035220523914	90.69
219.0	2.1673984575558793	40.27
219.5	2.425619477196542	46.825
220.0	2.510398278226695	110.787
220.5	1.7804576444983022	70.318
221.0	2.039429265228933	70.387
221.5	2.154331471142704	82.565
222.0	2.002454948387753	70.419
222.5	1.4523949418468793	87.197
223.0	1.5768319707821579	70.511
223.5	2.107199951515295	70.401
224.0	2.242701354915208	15.27
224.5	1.839907341855743	60.437
225.0	2.1891912929685624	60.278
225.5	1.3338142559202284	120.837
226.0	1.214892486005501	119.265
226.5	2.2969739265054314	100.681
227.0	2.4112615186783692	100.696
227.5	2.0796226536450715	55.621
228.0	1.7779278337926074	70.293
228.5	2.33339888588801	50.533
229.0	2.0628195428977882	94.047
229.5	1.2084491484100648	36.262
230.0	1.2931536120980236	39.266
230.5	1.738848126653916	20.43
231.0	2.321153836999538	100.508
231.5	1.9751620340858744	70.649
232.0	1.921689109287716	90.494
232.5	2.142730620440585	80.621
233.0	1.7044092933099642	44.304
233.5	1.9341379079147312	50.378
234.0	1.6691336089798239	37.812
234.5	1.8023605255838857	75.386
235.0	1.6526433228143051	84.922
235.5	1.8252248766177857	68.528
236.0	1.7633938688667812	65.984
236.5	2.067341125664256	40.072
237.0	1.973738028671686	20.079
237.5	1.616275688141215	100.129
238.0	1.3356082997098284	16.327
238.5	2.628347727774568	23.986
239.0	1.9381484382819836	116.543
239.5	2.2089676234127027	130.751
240.0	2.019302192784113	66.663
240.5	1.7104052756071162	20.077
241.0	2.2534567100813354	60.473
241.5	1.5612366145478895	140.943
242.0	1.4838023244133065	109.946
242.5	2.2831934632158988	70.339
243.0	1.8381524424313116	40.222
243.5	2.1373388076467497	20.114
244.0	2.5166908012658746	80.514
244.5	2.155156683544104	80.602
245.0	1.8338252609217822	60.438
245.5	1.8248228512787195	13.114
246.0	1.411970852500795	41.017
246.5	2.2947617462137666	40.231
247.0	1.7898268182987318	40.204
247.5	2.3524452493663337	19.835
248.0	2.2326699721680328	60.366
248.5	1.9187555716697302	80.636
249.0	1.3935786888152453	27.882
249.5	1.9154733337465166	20.144
250.0	2.4646414552785583	20.23
250.5	1.3432466802259708	80.552
251.0	1.6767437161944518	45.951
251.5	1.8840497971481136	14.094
252.0	2.178904969776395	30.176
252.5	2.1928975458695734	20.142
253.0	2.0171291493103634	76.509
253.5	1.9377850912779235	63.398
254.0	1.4955888970355706	64.183
254.5	2.1541967523533234	110.613
255.0	1.560437510279527	110.625
255.5	2.2052298005900974	30.198
256.0	2.5137543461413383	20.738
256.5	1.9301705918728818	60.457
257.0	1.9790530889320677	110.785
257.5	1.853619638048602	50.235
258.0	2.0125543736098748	50.182
258.5	1.67341050480809	80.615
259.0	1.4835471254395536	44.611
259.5	1.5553811102110524	40.2
260.0	2.1243282969584687	41.125
260.5	1.5997219684886894	97.184
261.0	2.0873565251318413	64.876
261.5	1.3658076783260311	54.566
262.0	1.683985105983213	50.866
262.5	1.8257660773211668	80.368
263.0	2.460053520654545	80.299
263.5	1.9192600658182066	70.379
264.0	2.3334319508520593	70.436
264.5	1.684913106386623	46.98
265.0	1.660902545334708	80.626
265.5	2.1317496402491827	19.027
266.0	2.012662837819574	13.767
266.5	2.6571837042500177	80.475
267.0	2.0924457981677675	80.541
267.5	2.0905477711098466	90.803
268.0	2.100711161379908	110.749
268.5	1.7729203259691992	70.494
269.0	2.061607891207567	70.375
269.5	1.7783317898329014	131.018
270.0	1.8316473842657632	70.632
270.5	1.6338288251020612	60.438
271.0	1.78524907224841	41.809
271.5	2.408874402454828	30.225
272.0	2.621284262413257	30.242
272.5	1.5633916611119687	129.903
273.0	1.8287684073308381	47.699
273.5	1.6507221497009126	22.461
274.0	1.4539599815426327	60.402
274.5	2.2191268835788187	100.268
275.0	1.6955350737973147	80.016
275.5	1.6318027347208786	100.712
276.0	2.2225287716263464	70.608
276.5	1.627628246800695	41.087
277.0	1.710346401734151	114.27
277.5	2.0397648222248908	42.92
278.0	1.893586556219418	60.481
278.5	2.2370160166066575	70.334
279.0	2.338630722378381	14.926
279.5	1.6859786977061764	56.1
280.0	2.0967706268229005	80.614
280.5	1.751116070761331	88.881
281.0	1.822730515709321	44.144
281.5	1.5659581891386334	81.694
282.0	1.91879439147941	151.235
282.5	1.6207866887044944	34.539
283.0	1.7157943440232832	171.613
283.5	1.688034671226731	136.601
284.0	1.9655289563630085	20.218
284.5	1.6805194792176483	110.837
285.0	1.8174695160000571	49.469
285.5	1.7657199557922534	70.492
286.0	2.07554331889988	112.432
286.5	1.7627935527311174	120.63
287.0	1.9918020173400357	50.419
287.5	2.1356430359303813	70.954
288.0	1.858333975792046	60.339
288.5	2.403343922928301	40.235
289.0	1.722821985615891	35.95
289.5	1.7804119727282721	141.123
290.0	1.3573706062549267	131.208
290.5	0.1773832002952284	11.7
291.0	2.2554194586419962	102.258
291.5	1.8652820888470953	102.284
292.0	7.588951879855778	101.172
292.5	1.6407481906980292	110.751
293.0	1.5562457674991286	110.702
293.5	1.5882476561882366	100.996
294.0	1.881094012152692	76.02
294.5	2.1239485292421225	60.493
295.0	1.7280759778680006	54.169
295.5	2.4076217055589155	89.906
296.0	1.7489509316204654	100.998
296.5	1.9312135978457914	100.548
297.0	2.367937177439214	80.589
297.5	2.333746898975153	80.646
298.0	2.101215173628786	72.149
298.5	1.5224222799337843	90.569
299.0	2.029260811687798	24.247
299.5	1.7533000050076033	121.164
300.0	1.8535805656463988	70.38
300.5	1.7356832159374929	70.413
301.0	1.5762621283652918	75.313
301.5	1.8650143453098327	60.364
302.0	1.7592447093320616	14.134
302.5	2.053033756144744	160.185
303.0	1.837820429592915	14.496
303.5	1.7697935294848597	80.379
304.0	2.1493694457166406	161.763
304.5	1.7848835828356666	37.51
305.0	1.3748530105605148	60.297
305.5	1.4564375942391303	80.361
306.0	2.139596746769319	110.627
306.5	1.8322298244710933	70.511
307.0	2.014775176086699	16.79
307.5	2.3891482042990337	60.395
308.0	1.9960946127116057	60.37
308.5	1.8008698642119174	80.558
309.0	2.356158556335719	90.602
309.5	2.637966881263779	16.783
310.0	1.794733852664042	60.352
310.5	1.786211609980038	68.206
311.0	1.503943580724275	78.451
311.5	1.7604982115018708	90.454
312.0	1.5857183049962638	82.478
312.5	1.7966907374618062	19.301
313.0	1.8211541020864055	69.384
313.5	2.064275380541476	71.431
314.0	1.9840684321972735	50.497
314.5	1.5457373846293982	42.056
315.0	1.4856982827120568	111.556
315.5	1.8760008032617181	80.602
316.0	2.0717506810228232	110.785
316.5	1.4094957641860604	90.975
317.0	1.5917864498873513	66.841
317.5	1.7006235849545799	100.687
318.0	1.7907426829392605	46.799
318.5	2.373425430586712	39.273
319.0	2.3275644368465622	20.132
319.5	1.7597535494264205	70.574
320.0	1.7389218904017494	50.597
320.5	2.4108738594482335	70.373
321.0	2.2574891421706607	20.104
321.5	2.350836226239585	20.015
322.0	1.99575992469576	120.807
322.5	1.2440688561219329	87.28
323.0	1.3764642250992	71.629
323.5	2.1261537383350064	50.299
324.0	1.6113003488337174	50.243
324.5	1.8807011259772026	94.716
325.0	2.223796124356739	80.944
325.5	2.2517237603627343	14.279
326.0	2.406913781190166	80.353
326.5	1.7735715977142659	100.65
327.0	2.0480776222026726	111.13
327.5	2.269506350140468	68.637
328.0	1.5805748945901996	70.4
328.5	1.9268887958524705	80.958
329.0	1.5368594503157296	75.389
329.5	1.8535704607920933	35.88
330.0	2.077428418148942	80.552
330.5	2.0161517270859117	121.709
331.0	2.1930821576212787	24.416
331.5	1.93015856322977	85.149
332.0	1.5227207292358793	56.853
332.5	2.222253915359529	30.027
333.0	1.7077842566820947	80.458
333.5	1.9727783277871385	15.06
334.0	1.4894538003659923	80.578
334.5	1.9473596536161824	40.267
335.0	1.6805404131484767	40.102
335.5	1.7479670117827764	60.201
336.0	1.6121576138458755	30.15
336.5	1.746373123206958	30.46
337.0	2.166681332422406	69.575
337.5	1.802804178357796	49.087
338.0	1.5306984829299324	45.991
338.5	1.7420864868890313	231.306
339.0	1.6570000364177557	37.451
339.5	2.1446187180644727	90.569
340.0	1.941822090649421	93.457
340.5	1.4528172961335544	50.36
341.0	1.4062315566557262	120.88
341.5	1.8612475346886104	110.653
342.0	2.14722730858978	57.438
342.5	1.6761557279610932	85.144
343.0	2.2350765818912235	110.754
343.5	2.3531668788409896	17.344
344.0	2.735769963690575	19.934
344.5	1.9384732723077651	100.564
345.0	1.8376408269812055	20.108
345.5	1.832352820257794	100.698
346.0	1.4618317884394023	70.473
346.5	1.8696832656490254	30.312
347.0	1.6466312049127723	30.322
347.5	2.0486732831852543	50.416
348.0	1.8857495442470744	120.385
348.5	2.060138036332609	42.271
349.0	1.84663315011342	100.6
349.5	1.910170944987586	100.67
350.0	1.9434153987594016	56.308
350.5	2.3101273789889443	114.572
351.0	1.9308706285089294	40.278
351.5	1.7794600314804623	60.216
352.0	1.9718547858633322	110.934
352.5	1.5714449670250688	13.256
353.0	1.69854770629499	60.367
353.5	1.7153778555333463	13.091
354.0	1.930419721947254	59.229
354.5	2.0751070557765954	50.363
355.0	1.9788318003181862	60.498
355.5	2.226099714149494	90.553
356.0	2.0630019306178484	30.164
356.5	1.4410059532518693	93.766
357.0	1.51849409787508	100.447
357.5	1.5470459708612283	100.568
358.0	1.9699532096494803	13.63
358.5	2.115042133241544	14.466
359.0	2.573257579471651	14.767
359.5	1.9622412600184267	20.118
360.0	2.1617653703869157	50.231
360.5	2.125002715013423	428.907
361.0	1.799062449942806	89.841
361.5	1.6198992079861203	60.21
362.0	2.5291077979748438	107.181
362.5	1.4286207158992827	58.101
363.0	1.956322108642597	66.504
363.5	1.5004111029486715	68.292
364.0	1.839890368407279	41.861
364.5	1.6861273809476756	80.557
365.0	1.8893239709611214	90.479
365.5	1.938159740278367	70.515
366.0	2.5790961023264627	111.184
366.5	2.369391313341608	20.293
367.0	1.6132266727835072	120.705
367.5	2.0182969890075495	68.63
368.0	1.4609892280027303	23.897
368.5	1.8078279835692492	80.528
369.0	1.7513857576442262	25.633
369.5	1.7327802824717393	26.347
370.0	2.5310293089870903	20.03
370.5	1.7272329927971943	83.084
371.0	1.7835944996296365	121.239
371.5	1.873049817807063	65.534
372.0	2.292148355294678	33.769
372.5	2.4333487050678126	70.414
373.0	1.9954632795819183	16.13
373.5	2.4377437874624595	90.437
374.0	1.871847843352563	90.5
374.5	1.5715191633094834	80.531
375.0	2.0467633215907295	70.73
375.5	1.7819134158648253	100.948
376.0	2.153937220730155	90.872
376.5	2.193970095875069	60.31
377.0	1.620407673396719	60.357
377.5	1.6185908438854688	120.733
378.0	1.875083326946136	20.224
378.5	1.8931877107469546	117.506
379.0	2.0792551883927626	100.812
379.5	2.183828230952705	100.83
380.0	2.0858842583189734	75.252
380.5	1.6431292499818795	38.174
381.0	1.893421849831293	66.441
381.5	1.9506364757972823	62.917
382.0	1.9302258128617884	30.212
382.5	1.8995263838599474	50.454
383.0	1.79554606712985	30.245
383.5	1.819440170862307	67.881
384.0	2.3365264274040265	62.89
384.5	2.2520365820261232	60.464
385.0	2.304331689758428	80.49
385.5	2.4504977992320836	20.152
386.0	1.688436774499665	80.566
386.5	1.8359423069663456	80.675
387.0	1.8454433484957709	121.054
387.5	1.8313231228841007	81.543
388.0	1.792494020001305	60.591
388.5	1.8437936931297614	70.376
389.0	1.9467395197895823	70.326
389.5	2.071459676940746	80.263
390.0	2.5090510419192893	70.482
390.5	1.9840752891562619	70.491
391.0	2.020955854001545	50.46
391.5	1.5307415110690268	99.811
392.0	2.0933419895746055	50.501
392.5	1.2342822272724185	70.326
393.0	1.448975174330414	86.164
393.5	1.2355986499963125	78.005
394.0	2.8792957598123556	19.933
394.5	2.5204793763544027	19.917
395.0	2.402498351108733	20.026
395.5	1.7179613476408206	141.02
396.0	1.9118576818576076	44.639
396.5	1.5507203008540433	80.643
397.0	1.9427582370463703	90.527
397.5	2.2544337173828355	57.402
398.0	2.178555974598181	70.514
398.5	1.7657140815791266	83.994
399.0	1.791950215787781	70.283
399.5	1.8552823034330377	82.17
400.0	1.9251589869070798	20.185
400.5	1.587660132595992	20.211
401.0	1.5772899619587888	63.597
401.5	2.018593253615275	70.477
402.0	1.8154469452148023	14.604
402.5	1.5089749413765758	100.698
403.0	1.9955490353227479	100.708
403.5	1.6215649854818162	80.566
404.0	2.0019754965323457	80.381
404.5	2.3439692461195336	60.429
405.0	2.3804820773794817	60.242
405.5	1.5830301858151106	40.363
406.0	1.7823097007397275	20.199
406.5	1.7904970043809412	14.99
407.0	1.9837345812591751	30.213
407.5	1.244014213764863	140.905
408.0	1.17987965881983	121.036
408.5	2.172521728130173	14.483
409.0	1.750017604410126	66.174
409.5	2.312532273282638	141.661
410.0	2.126282261527948	40.359
410.5	1.5857031506029962	73.604
411.0	2.155035769282079	87.209
411.5	1.476147804652215	40.287
412.0	1.8618424927341863	81.061
412.5	2.202276634563867	90.584
413.0	2.012585060576422	38.983
413.5	2.0221322196276104	70.55
414.0	1.7965848088773857	130.917
414.5	2.3814163336114267	60.42
415.0	1.6178637667792146	60.5
415.5	2.077293687527151	58.405
416.0	2.001359992483262	20.544
416.5	1.5668289478225204	100.686
417.0	1.6333108722055178	100.577
417.5	2.0264703386941285	40.363
418.0	2.630049625254814	60.305
418.5	1.5934702696444847	50.401
419.0	1.6716600406805289	140.093
419.5	2.010602775421577	43.692
420.0	1.600182642026443	90.725
420.5	2.462910580725406	97.788
421.0	2.0687201008129303	20.074
421.5	1.8009817488342528	70.392
422.0	2.005315212664869	70.392
422.5	1.8377375392074715	25.364
423.0	1.9987719405309285	16.366
423.5	1.6559915159421958	15.869
424.0	1.788356093470642	36.367
424.5	2.2501862781306774	40.403
425.0	2.1457881985398193	67.806
425.5	2.005646082089416	13.383
426.0	1.7972961238824372	88.557
426.5	1.7977448325146215	50.421
427.0	1.5469683940561547	35.246
427.5	2.15967234063482	60.397
428.0	1.5194723258699674	60.389
428.5	2.3992044408439286	19.959
429.0	2.011294461709711	19.932
429.5	1.964814583949303	23.423
430.0	1.5736472063528268	66.934
430.5	1.745598397303614	60.666
431.0	2.318912683935469	60.161
431.5	1.9236095268155229	86.929
432.0	1.570977411243103	50.411
432.5	1.8308917914775267	16.379
433.0	1.5860730143894264	80.35
433.5	1.9075479612007056	70.523
434.0	1.8882480247565705	81.508
434.5	1.3673854435421748	68.175
435.0	1.4538710202388123	60.388
435.5	2.384392902617049	13.939
436.0	2.3780114941717896	50.314
436.5	2.301692553330913	50.016
437.0	1.8235547284078601	50.103
437.5	1.4488859245522137	33.619
438.0	1.4111110313843271	38.086
438.5	2.0474574523471443	90.407
439.0	1.456102774443853	90.448
439.5	1.9673050131200938	115.674
440.0	1.9159586996935352	51.748
440.5	1.529179660457798	70.272
441.0	1.9902550946572717	70.26
441.5	2.1068619461989075	19.794
442.0	2.434924742659889	43.59
442.5	1.7837922916011097	45.792
443.0	1.5440485307806333	45.403
443.5	1.8851726257156352	40.564
444.0	2.0398740548765764	34.564
444.5	2.243137815654551	110.719
445.0	1.6555790342562402	71.104
445.5	1.9040896952938828	60.295
446.0	2.1254509872066287	46.005
446.5	2.1291831221013133	60.331
447.0	1.5764570030880103	60.279
447.5	1.7062928005601532	70.517
448.0	1.8771636325048993	100.755
448.5	2.316513084624464	76.158
449.0	1.8245170418035952	20.244
449.5	2.5765580144014715	67.974
450.0	2.4881950384753355	33.919
450.5	1.5752373571122154	90.727
451.0	1.3646978451340377	14.252
451.5	1.7733169198063452	30.215
452.0	1.5331217323013595	60.5
452.5	1.6169321923955362	110.626
453.0	1.8429426062186975	80.543
453.5	2.0101510605114314	29.869
454.0	2.194578411052788	60.232
454.5	1.525516719785025	70.518
455.0	1.2260678572339454	120.793
455.5	2.1995820381856563	68.822
456.0	2.1437386421518614	65.074
456.5	1.7292880006158426	70.277
457.0	2.2886015048946535	102.091
457.5	2.4079003927951925	14.272
458.0	1.782599607368368	66.446
458.5	1.3315441435334225	75.72
459.0	1.6798081028345837	20.161
459.5	2.0120721654822704	75.543
460.0	1.8458197258431366	82.043
460.5	1.5278545728390083	60.597
461.0	1.415896461679481	16.209
461.5	1.6444190071173939	37.555
462.0	1.9727808306109298	30.831
462.5	2.5573513114965065	20.233
463.0	2.0516135122384784	50.316
463.5	1.9850164975109714	130.884
464.0	1.8873046099307949	110.842
464.5	1.8914186342984578	20.192
465.0	1.8327735822179427	20.184
465.5	2.206520541510999	80.585
466.0	1.8876112521936528	88.473
466.5	1.470117962641969	80.634
467.0	1.5023993891805616	20.116
467.5	2.382047700090622	13.923
468.0	2.183423651269494	60.298
468.5	1.9756229709460935	60.483
469.0	1.4305913544994988	171.648
469.5	2.399361998785308	80.578
470.0	2.3554432710820996	80.603
470.5	2.062379070702747	90.596
471.0	1.4992969882187543	90.654
471.5	1.8427843189200996	110.746
472.0	2.1549389346938033	97.059
472.5	2.106216124085206	100.782
473.0	2.1564841934675125	15.288
473.5	1.7313014671986677	80.709
474.0	2.0117343370412004	80.595
474.5	1.8700701663322814	58.22
475.0	2.16853233183249	55.83
475.5	1.7525470432899624	90.474
476.0	1.379082174121787	66.278
476.5	1.7050402334201404	50.386
477.0	2.0289495741449675	37.711
477.5	1.8669525258023012	115.106
478.0	1.4525900618957543	53.01
478.5	1.7236673349890717	64.17
479.0	2.333866349257633	41.3
479.5	2.3457235135273327	80.44
480.0	2.0934630332471684	80.606
480.5	1.9524514739389334	110.899
481.0	1.5012777672396143	110.895
481.5	1.556499480151664	50.246
482.0	1.7767352908084608	14.888
482.5	1.6856564254545017	91.236
483.0	1.949460846137929	50.332
483.5	1.6967076113738366	70.361
484.0	1.5844912201579529	84.985
484.5	2.4945392696243074	70.298
485.0	2.6274987249147403	70.386
485.5	1.4984892252247926	46.177
486.0	1.2662119257961895	160.812
486.5	3.1742876712166725	110.927
487.0	2.539837756646994	111.0
487.5	1.378112258660454	332.939
488.0	2.2779646446172146	118.167
488.5	3.470936061597771	110.709
489.0	1.6488194390490616	30.283
489.5	1.8221544372479948	70.273
490.0	1.7415444112767122	45.109
490.5	1.88530854198814	78.408
491.0	2.065826529141127	15.052
491.5	1.3355362211056707	70.354
492.0	1.4100691546627095	70.431
492.5	1.8047779927949748	99.898
493.0	2.128848692182514	40.114
493.5	1.5621540737628365	60.517
494.0	1.5763894277935702	37.424
494.5	1.8520221708771787	100.846
495.0	2.3540965609194804	82.162
495.5	2.107281621836778	30.149
496.0	1.96804380291642	83.759
496.5	2.039108341758821	50.766
497.0	2.046334503769675	81.013
497.5	1.2748485654535713	50.348
498.0	1.4162136448220328	50.306
498.5	2.2071424872460623	20.127
499.0	2.2616373003738777	20.144
499.5	2.0589877496382742	60.452
500.0	2.1442324096084486	41.385
500.5	2.0604536501418953	80.649
501.0	2.4709877678620944	110.817
501.5	1.5849696549373598	33.407
502.0	1.502053479924031	95.89
502.5	1.990546302162999	30.288
503.0	1.8139921354478725	15.987
503.5	2.0468017165922694	60.582
504.0	1.9533970481937475	35.942
504.5	1.7651383144470387	14.263
505.0	2.0190447283957558	18.26
505.5	1.9564939026925252	130.677
506.0	1.6178624082501203	39.359
506.5	1.7197079007243548	20.102
507.0	1.7997026969338055	63.068
507.5	2.3461838283351044	91.339
508.0	2.1057122783593996	117.899
508.5	1.6897355686542606	60.615
509.0	1.9713052084999712	80.797
509.5	2.011586737312693	30.195
510.0	1.6995082239912245	60.395
510.5	1.8514681092779235	130.856
511.0	2.1389576111328297	25.401
511.5	1.684064192327704	83.918
512.0	2.0782066108644006	86.383
512.5	2.396929998911174	33.826
513.0	2.2318224007715424	21.472
513.5	1.6951636435971515	111.047
514.0	1.5404964515308253	70.727
514.5	1.5724663670346182	87.165
515.0	1.9631666898086146	70.461
515.5	2.1675022912321933	70.567
516.0	1.9807719532460597	100.764
516.5	2.6379629010289096	20.419
517.0	1.815995783442263	90.011
517.5	2.529301786116445	15.888
518.0	2.415859380315992	35.405
518.5	1.8073667480144142	120.697
519.0	1.8174814595103461	120.693
519.5	1.714039431194652	20.154
520.0	2.064794602714681	70.195
520.5	1.666113839881795	40.991
521.0	1.892689440769178	80.737
521.5	1.601955935193324	75.584
522.0	1.6272898454535032	80.812
522.5	2.62926572836387	123.577
523.0	1.8584414181217919	108.358
523.5	2.4470575213003034	50.042
524.0	2.4866930775609206	50.045
524.5	1.8488104802024257	21.704
525.0	1.706192017269927	50.347
525.5	1.544537488794492	105.256
526.0	2.0269095716447914	32.913
526.5	1.5132011793091869	69.526
527.0	1.5636197628526602	90.654
527.5	2.44412015097375	34.425
528.0	2.3653937122184483	60.503
528.5	1.6158627612710559	70.402
529.0	1.7734579911497554	50.406
529.5	1.6242499801673511	60.523
530.0	1.6442880872099834	60.546
530.5	2.18188966480529	70.519
531.0	1.5922486356672259	70.545
531.5	2.1819523268554013	50.486
532.0	2.3466067414841074	14.323
532.5	1.3858277636633587	22.795
533.0	1.5589043645579916	14.289
533.5	2.5460187075455987	13.28
534.0	2.200991802930138	80.538
534.5	1.9110310780137678	44.943
535.0	2.1988416226994665	43.703
535.5	2.100693322093485	60.338
536.0	1.995077715779295	117.77
536.5	1.4722152206682104	80.398
537.0	2.1186514636662603	13.608
537.5	1.7285834503769186	30.165
538.0	1.7868190487283044	40.251
538.5	2.219668622609433	87.778
539.0	2.2031784968963044	66.677
539.5	1.824952580636481	50.23
540.0	2.0403769126472233	250.729
540.5	1.8521713579946941	150.422
541.0	1.8632385578953696	80.631
541.5	1.891128497423597	117.793
542.0	1.9498723603613777	35.314
542.5	1.575352247869468	252.587
543.0	2.061379810620056	16.404
543.5	2.142070043556149	30.536
544.0	1.120192920372836	37.31
544.5	2.0390472953859575	127.755
545.0	1.8675405650996928	64.481
545.5	1.7028680842251946	35.903
546.0	1.2926024504640694	39.381
546.5	2.135688352051695	80.488
547.0	1.878120257611221	71.096
547.5	2.2833952460416533	120.927
548.0	1.4508569255459693	50.283
548.5	2.8521605189714028	20.241
549.0	2.098118950431866	96.945
549.5	1.8214321878838449	14.37
550.0	1.5335275586866206	34.182
550.5	1.8586059606536822	202.487
551.0	2.6973498123722215	70.476
551.5	1.8983710086091528	20.23
552.0	1.5989068187878264	18.02
552.5	1.6870176644091712	100.606
553.0	1.7784159197320393	43.935
553.5	1.6423969017464057	80.504
554.0	1.6195560033490224	80.534
554.5	2.188265100679243	73.429
555.0	2.3416486673608654	44.898
555.5	1.5113332459304927	67.895
556.0	1.9582015338981174	20.172
556.5	1.7747640803581608	68.114
557.0	2.0276269396581252	80.559
557.5	1.6270260128227831	70.435
558.0	1.4718431608128733	100.67
558.5	1.8101637031207627	80.367
559.0	1.7441878801900113	50.016
559.5	1.5427188392828732	45.882
560.0	1.9308374192813067	21.945
560.5	2.3882472826353345	30.182
561.0	1.940987069803245	110.844
561.5	1.5092969826307485	90.437
562.0	2.319999089569719	50.334
562.5	2.157355128805231	90.644
563.0	2.2649300239270764	14.795
563.5	1.4222560904381398	70.369
564.0	2.0943851001565585	140.935
564.5	2.0490300935731702	73.714
565.0	2.0804949276532136	13.954
565.5	1.6132500074791478	73.413
566.0	2.0912710260449963	65.939
566.5	2.0847680340771797	51.491
567.0	1.3371582770235475	48.506
567.5	1.5881086778115214	22.922
568.0	1.9894405155884534	20.037
568.5	1.8010768854228603	91.885
569.0	1.7797522576797806	104.922
569.5	1.6214900809912154	45.333
570.0	1.444684831583656	110.499
570.5	2.1804939990803707	38.597
571.0	1.6388593985931406	85.074
571.5	2.1813055989211705	80.698
572.0	2.183301318977561	50.417
572.5	2.4433797557137757	100.999
573.0	1.551319750489042	30.163
573.5	2.3086389770657454	30.113
574.0	1.4691860025640404	80.679
574.5	2.3653803182214186	30.173
575.0	1.6375293078738316	17.944
575.5	1.9691834710377925	90.444
576.0	1.9755748430306663	86.049
576.5	2.534696090815526	80.577
577.0	1.4704952520362373	140.806
577.5	2.1321421136827885	50.237
578.0	2.424433475866332	90.822
578.5	1.6408462159237305	30.235
579.0	1.528720343927032	60.214
579.5	1.7518497190246263	110.842
580.0	2.3993938983982166	70.372
580.5	1.9243734336552296	116.984
581.0	1.6082928387608129	60.248
581.5	1.912963898003344	35.646
582.0	1.7828603025327765	110.888
582.5	1.7807792717065334	202.307
583.0	2.6307857278374005	60.67
583.5	0.14759976191840296	13.091
584.0	1.8832885443216865	46.363
584.5	10.431700954968372	16.502
585.0	2.1621289254094913	20.316
585.5	2.097188639859606	50.34
586.0	1.4950618334650407	90.668
586.5	1.8355666902355456	16.397
587.0	2.1116322879082525	53.096
587.5	1.6641315738048037	100.641
588.0	1.824843297550941	54.637
588.5	2.4076574654865124	34.124
589.0	1.6085579513878605	50.35
589.5	2.0274828627764823	105.934
590.0	2.3645405106163864	50.334
590.5	2.061428553951369	30.206
591.0	1.7563097997211565	130.888
591.5	1.4970914887194446	70.384
592.0	1.9505243524178948	67.32
592.5	2.0204612712660306	100.847
593.0	2.530327890292488	98.627
593.5	1.7128282369523857	80.295
594.0	1.3800576098596542	50.589
594.5	2.296423717432387	50.315
595.0	1.8886039551384994	17.7
595.5	1.833178203432997	151.13
596.0	1.950898110969027	60.299
596.5	1.7523343881259033	60.275
597.0	2.0656340523095684	110.72
597.5	1.9455440302820566	110.711
598.0	1.7800795280222526	35.769
598.5	2.176911075165858	41.205
599.0	2.0611867633568335	60.384
599.5	2.1861657633616214	34.927
600.0	1.400001316804792	120.695
600.5	2.007941271180973	14.186
601.0	2.330977516035567	80.393
601.5	1.8007908136685007	14.257
602.0	1.877680863122348	14.396
602.5	1.6207260288976166	60.205
603.0	1.9628603578728685	80.578
603.5	1.5385056723073014	14.262
604.0	2.1641461604813386	49.433
604.5	1.744771471778201	86.709
605.0	2.3757716935375224	24.749
605.5	2.415009711980355	60.459
606.0	1.7576975833912953	70.471
606.5	1.7782896555968082	47.116
607.0	1.9576991046263805	50.382
607.5	2.280895128398598	50.427
608.0	2.138994778485283	50.47
608.5	1.880457837138483	69.164
609.0	1.9223995159866702	20.196
609.5	1.7114909632086264	50.162
610.0	1.3985567168420465	25.532
610.5	1.570645702052965	141.25
611.0	2.107555162699956	90.617
611.5	3.504187743274363	90.534
612.0	2.0013354362875613	56.846
612.5	1.9024288018344364	45.701
613.0	1.6409578970543093	70.494
613.5	1.5623199080676928	87.451
614.0	1.5465437376703917	90.615
614.5	1.777173331205855	70.657
615.0	1.5455264659483634	181.621
615.5	1.6102228191687047	58.673
616.0	2.2937783320712497	24.321
616.5	1.8518088004686437	60.462
617.0	2.096572853750082	70.484
617.5	1.5360015205144968	70.574
618.0	1.5330015976451206	36.894
618.5	2.1950442870695737	20.198
619.0	1.2976068118024926	90.5
619.5	1.3237296856366187	90.531
620.0	1.819724297282854	18.04
620.5	1.985088761817179	15.963
621.0	1.4763234894121935	71.492
621.5	1.388422968991094	50.302
622.0	1.990477548390575	50.365
622.5	1.8477007997785238	50.404
623.0	2.1197105147470774	80.675
623.5	1.472316344452327	50.452
624.0	1.6302629970865703	34.055
624.5	1.6324439175148644	80.602
625.0	1.9308276981041201	30.221
625.5	1.8014064179998754	30.245
626.0	1.4244514953816123	110.703
626.5	1.7614224453117462	110.691
627.0	2.19718865888876	65.833
627.5	2.1598904483026544	128.451
628.0	2.0775144563718944	17.364
628.5	1.8519945714458157	20.005
629.0	1.8903434837645157	69.408
629.5	1.8317650805756027	68.577
630.0	1.879808672836783	50.235
630.5	1.8602386690767	50.293
631.0	1.8816338964224042	66.646
631.5	1.780409988904344	65.44
632.0	1.7793924539770518	80.491
632.5	1.4948859601998943	101.282
633.0	1.9300804192223653	104.832
633.5	1.9892603906616453	70.415
634.0	1.699845129341737	19.999
634.5	1.8316557231673631	20.033
635.0	1.5862136671933822	73.193
635.5	1.8327687450448	77.524
636.0	1.9513272885643815	76.79
636.5	1.6072270546520044	81.12
637.0	1.4387827727257472	60.987
637.5	1.4018571202532106	66.256
638.0	2.1605782100820354	70.319
638.5	1.6705566432755428	70.371
639.0	2.025064356661004	80.693
639.5	1.7923184512610604	80.462
640.0	1.717781134869777	38.471
640.5	1.9311546872543235	33.036
641.0	1.9153695135375723	75.503
641.5	2.1722779304152495	30.229
642.0	2.133329404933412	60.49
642.5	2.0436514402469483	34.687
643.0	1.755105770327639	14.778
643.5	2.39657227242249	33.568
644.0	2.068898185171232	70.462
644.5	2.5159967416138285	16.04
645.0	1.442694519343617	54.01
645.5	1.785618654963825	85.218
646.0	1.8868064994720894	70.581
646.5	1.8142053941730232	70.574
647.0	1.9514153371457788	80.542
647.5	1.9871808482157427	80.581
648.0	1.9844305001826557	14.043
648.5	2.192007512434456	68.446
649.0	1.7499259656422816	14.233
649.5	1.5760321910900246	60.366
650.0	1.9391053879443467	80.356
650.5	1.5129819742270345	71.244
651.0	2.6206182347496467	90.763
651.5	2.589671754605003	20.02
652.0	1.6129064979531775	100.608
652.5	1.558918317856784	100.507
653.0	1.8928185701132458	110.733
653.5	1.8368081524300877	110.756
654.0	2.143274842216464	60.395
654.5	1.720258041164594	60.409
655.0	1.5100431059000508	90.592
655.5	2.0456229187813557	110.53
656.0	1.7981254627851748	30.247
656.5	2.0638753543037303	74.168
657.0	1.2658918191448085	140.979
657.5	1.4980766180379272	30.233
658.0	2.1427445693256533	100.69
658.5	2.1207121977840755	100.653
659.0	1.8815379231580667	90.51
659.5	2.5798407989048635	30.226
660.0	1.8255093261330577	70.491
660.5	2.0734350878498407	74.443
661.0	2.03836285981127	90.527
661.5	2.182716525160959	90.546
662.0	2.005598971176103	117.544
662.5	2.103938389079114	114.344
663.0	1.6107419112240038	95.598
663.5	1.683179836251918	70.501
664.0	2.161529159479688	30.222
664.5	2.2460304959124855	16.431
665.0	1.5684782711717946	69.729
665.5	1.692168683125751	100.748
666.0	1.6646437774664267	60.422
666.5	1.6907829527963416	60.463
667.0	2.5458545857907975	97.106
667.5	2.781771926124421	101.03
668.0	2.062524908719701	80.548
668.5	2.605603752781675	65.697
669.0	1.556122107975359	110.699
669.5	1.9744536473276075	110.753
670.0	1.9125631177141391	30.364
670.5	2.306895457971397	98.59
671.0	1.9024907136291018	124.889
671.5	1.6793960346518708	40.76
672.0	2.1766536038066953	48.462
672.5	2.3337182341695355	140.995
673.0	2.229141350959572	50.264
673.5	1.8109902549599433	50.17
674.0	1.748800351822264	100.936
674.5	1.4382457689364763	45.075
675.0	2.0957523475639297	70.908
675.5	2.416691350094105	22.983
676.0	2.676006027014078	20.123
676.5	2.652606674197213	128.345
677.0	1.7986561496807867	45.055
677.5	1.653201207740267	38.809
678.0	1.9883133612666766	112.303
678.5	1.5553585854180698	14.743
679.0	1.8351499037524597	60.774
679.5	2.1240897322540873	111.189
680.0	1.8575192340816065	60.435
680.5	1.5089289446843992	60.411
681.0	2.205247766948492	92.608
681.5	2.364307778599184	50.151
682.0	1.639594876090338	112.352
682.5	2.0130919271658834	74.872
683.0	1.7211307310946566	80.651
683.5	2.1231336404161505	14.867
684.0	2.0104156725778575	32.683
684.5	2.1944009182482382	60.383
685.0	1.874189649787327	70.498
685.5	1.625469331917336	16.471
686.0	2.229344566052116	70.475
686.5	1.9308488175562069	40.315
687.0	2.51184971175058	30.082
687.5	2.145499477190504	30.196
688.0	1.7040176471370316	60.518
688.5	1.86587166637672	60.353
689.0	2.2264901115291145	25.344
689.5	1.715230777745056	50.432
690.0	2.0527704390307555	76.103
690.5	1.8418393142777363	140.755
691.0	2.108841268441919	60.358
691.5	2.099816081794111	80.477
692.0	1.7576356180260975	100.768
692.5	1.8146538283572053	30.235
693.0	1.6994762923538091	70.562
693.5	2.0729992009022666	119.801
694.0	1.4362404744705082	45.373
694.5	1.5848682317634522	80.451
695.0	2.5614537645507625	70.447
695.5	1.5458885760124799	70.968
696.0	2.1827587847252317	30.197
696.5	1.7367097979875699	102.076
697.0	1.830929584836742	60.347
697.5	1.6720404774757118	60.2
698.0	2.059720496663136	55.098
698.5	2.0497772537181804	161.984
699.0	2.363777285540424	30.206
699.5	1.9625769354255618	80.476
700.0	1.9515488348418808	70.475
700.5	1.8905419878707967	118.892
701.0	1.6316594239601485	110.663
701.5	2.2874847893165295	47.206
702.0	1.8222000787432981	70.509
702.5	2.343509018764201	13.988
703.0	2.071281407629849	49.318
703.5	2.3208934389183424	81.031
704.0	1.5563949763854388	24.41
704.5	1.9648842921494694	30.218
705.0	1.8410720113077441	20.137
705.5	1.5024032345902245	14.291
706.0	1.4715594679369037	42.714
706.5	2.2759032902983454	25.307
707.0	2.6074177669122234	40.264
707.5	1.9508694633889838	38.349
708.0	1.8196369145848017	171.756
708.5	1.5816849290014499	80.608
709.0	1.769082776405705	120.802
709.5	2.0214812169868837	76.507
710.0	1.9185898575486435	20.264
710.5	2.361474948914406	50.308
711.0	1.78907449015532	80.488
711.5	1.7926305403271774	20.88
712.0	1.7422485608290978	28.269
712.5	2.1227151694195268	60.378
713.0	1.5611884011438044	114.501
713.5	2.111942577613992	84.867
714.0	1.795966853978886	80.699
714.5	2.2303954226482237	60.349
715.0	2.231474344596245	102.902
715.5	1.7662888842735467	80.597
716.0	1.659886288810872	22.508
716.5	2.12960452875939	141.038
717.0	1.7784528611774724	70.636
717.5	2.0536252898587595	118.746
718.0	1.547569872323709	75.409
718.5	2.09962494546585	90.924
719.0	2.223926216073631	76.941
719.5	1.861936155586767	100.678
720.0	2.43775639805631	70.364
720.5	1.584376005811304	90.368
721.0	1.566108946556282	70.278
721.5	1.9161383713197777	111.971
722.0	1.494265753783646	60.523
722.5	1.8406216539622295	40.481
723.0	2.612535430734612	60.518
723.5	1.7110627493524813	120.364
724.0	1.4596097502363257	80.284
724.5	2.648904260950479	98.096
725.0	1.6327203122216574	59.059
725.5	1.9167270165178056	43.041
726.0	1.8797516334529845	70.413
726.5	1.9685032161350786	37.516
727.0	2.149345253868202	40.448
727.5	1.2886141171776953	50.409
728.0	1.7841081194900337	141.071
728.5	2.1135634860949044	70.346
729.0	1.1011503885576759	135.832
729.5	1.3099858926780419	74.173
730.0	2.141528389654825	77.85
730.5	2.1951874547970425	90.573
731.0	1.33573130564507	120.809
731.5	1.6506790980850174	106.067
732.0	2.2852021042002137	130.831
732.5	1.6295218122415127	15.575
733.0	1.9594559420755373	68.253
733.5	1.5060461879284284	90.776
734.0	1.937280211665432	110.726
734.5	1.8432757934310648	292.953
735.0	1.9279909517773213	100.618
735.5	1.7982152337077655	50.352
736.0	1.783837540855884	115.715
736.5	2.139058585268859	80.698
737.0	1.4111097901023708	90.447
737.5	1.2907159786504927	90.634
738.0	2.4665788621187716	60.575
738.5	1.5375828507590663	100.847
739.0	1.647479139622406	36.273
739.5	1.4495976875764867	60.456
740.0	1.4555380851490027	66.558
740.5	1.2551791790386029	104.288
741.0	1.6681487332923692	44.936
741.5	1.976132065947753	70.57
742.0	2.1686206270841586	16.262
742.5	1.8143741989175353	98.129
743.0	1.9347112934309554	75.726
743.5	1.564323719403335	37.422
744.0	1.9070789028256934	46.296
744.5	2.367838258953182	112.515
745.0	1.8055153583512855	50.361
745.5	1.7540965963913555	84.095
746.0	2.122628411513295	90.524
746.5	1.132242269204756	20.215
747.0	1.6561699473853007	18.775
747.5	2.441131726227637	118.722
748.0	1.267423477488711	80.581
748.5	1.9370186772944835	72.418
749.0	1.5355243576706399	49.897
749.5	1.6453812313148313	70.469
750.0	2.4137858383629234	65.381
750.5	1.579080472849018	38.875
751.0	1.535163130723198	76.638
751.5	2.2372605378056374	150.95
752.0	1.8778729112087587	36.192
752.5	1.585278012644237	71.009
753.0	1.445748435222339	27.517
753.5	1.4767891088070237	30.186
754.0	2.3762449541110584	36.048
754.5	2.3669561797731076	90.451
755.0	1.57152516795421	80.625
755.5	1.8982963088967852	57.019
756.0	2.2922918930447405	90.459
756.5	1.8460054386746043	90.395
757.0	2.060687699916092	80.657
757.5	2.002231337073407	90.621
758.0	1.785990063747457	80.448
758.5	1.8647880465845725	65.777
759.0	1.503960823076287	18.345
759.5	1.7822767856445656	60.329
760.0	1.533886313733199	60.455
760.5	1.687246360332531	80.696
761.0	1.7727543954459384	105.876
761.5	2.171273186734348	70.271
762.0	1.7513857214943367	60.468
762.5	1.565154814534686	60.446
763.0	1.5997177607786286	80.623
763.5	1.521850089999589	92.305
764.0	2.0356101836730445	60.58
764.5	1.7883525605494415	90.512
765.0	2.0329270539087183	70.435
765.5	1.8540981557513645	73.918
766.0	2.057572811566526	73.532
766.5	1.8450686795871147	94.583
767.0	2.1217689628037695	30.314
767.5	2.2690130979458405	129.063
768.0	1.8033404559429975	47.359
768.5	1.759819231939259	66.192
769.0	2.293633965802296	30.228
769.5	1.865617446690236	50.376
770.0	1.7011161019125154	130.74
770.5	1.6512668751738437	68.302
771.0	2.4613088403354	70.299
771.5	2.110289400787142	120.746
772.0	2.1205329346888577	46.727
772.5	1.756288024938348	64.787
773.0	1.2594070230107846	34.781
773.5	1.6113600091982376	20.139
774.0	2.0689191064528787	30.204
774.5	2.343305326335836	50.398
775.0	1.8947750104832122	120.801
775.5	2.198725933078045	70.413
776.0	1.3080336445878675	120.886
776.5	1.4178240205286727	60.346
777.0	1.9821657295753545	88.912
777.5	1.8808821602845263	50.114
778.0	1.9181960756950147	16.647
778.5	1.600813240285731	40.275
779.0	2.18547185190678	79.875
779.5	2.093162634227884	14.56
780.0	1.576359545315703	21.377
780.5	1.5533832633840519	40.331
781.0	1.5310897606704428	70.668
781.5	1.979313858843	45.761
782.0	1.8738952810028404	14.362
782.5	1.9285422269010806	130.923
783.0	2.0977912336266793	100.634
783.5	2.305210968940173	90.601
784.0	1.196199107493327	37.654
784.5	2.1048882334827326	30.202
785.0	1.4818353964957618	47.604
785.5	1.6986585345350496	48.659
786.0	1.9892386517292806	30.327
786.5	2.365627811123146	20.225
787.0	1.8085185892737605	67.642
787.5	1.7437029569080245	30.225
788.0	1.364464749012248	74.811
788.5	1.8409314167717146	85.412
789.0	2.553355211564728	50.171
789.5	1.9654754688904037	88.043
790.0	2.038962400889284	80.344
790.5	2.0125496749716647	80.862
791.0	1.6970706593051115	60.453
791.5	2.111673035458495	100.384
792.0	1.2822751753316122	46.348
792.5	2.5483835977604334	80.498
793.0	1.6521332032938019	120.79
793.5	2.0369415264041333	15.013
794.0	1.8642603808122433	40.258
794.5	1.9138317012177697	30.239
795.0	1.5723400179267106	78.81
795.5	2.0221956592614485	60.296
796.0	2.341870350908283	136.807
796.5	1.2975163416814786	90.537
797.0	1.7789762511526337	70.508
797.5	1.6663160033865145	101.9
798.0	1.5570403171817249	60.469
798.5	1.9354822574322819	15.309
799.0	2.056526762541247	14.697
799.5	2.4966400801668103	45.401
800.0	1.2537424571815616	71.65
800.5	2.0887392407857974	101.033
801.0	2.050753807078408	120.875
801.5	2.546172477228494	24.375
802.0	1.276215648717193	80.416
802.5	2.0614278332713583	130.793
803.0	2.494780487747474	76.83
803.5	2.0772295872379534	37.884
804.0	2.015576921033453	110.663
804.5	1.6002099394631863	109.124
805.0	1.7213678788756375	14.981
805.5	1.5531501738577358	90.562
806.0	1.423794410692451	120.737
806.5	1.7950793744303926	70.634
807.0	1.8636362015207164	20.276
807.5	1.8174327151200536	52.842
808.0	1.6195362086535388	36.412
808.5	1.6334409037056135	17.667
809.0	2.0700189195342737	70.288
809.5	2.030246943399952	45.217
810.0	1.3698444651389223	120.771
810.5	1.9140307650096975	80.522
811.0	1.9730423986226342	110.716
811.5	1.337849122233936	30.205
812.0	2.086016437590288	120.439
812.5	1.518804697928401	60.342
813.0	2.420147992105698	70.631
813.5	1.5158502612571114	120.893
814.0	2.081592683419079	90.51
814.5	1.8514498531941825	46.219
815.0	2.150959099968061	90.714
815.5	1.4853895187140966	100.641
816.0	2.065061298210681	80.394
816.5	1.8140565654955467	80.687
817.0	2.142684871983375	15.973
817.5	1.3812507253718216	30.206
818.0	2.1945532220175177	21.473
818.5	2.1861678120648427	60.497
819.0	2.1414192663365763	72.595
819.5	2.5457000339823437	60.395
820.0	1.6375727177707122	60.311
820.5	2.185694940816469	20.074
821.0	1.7382131864492356	40.446
821.5	2.516231134689131	111.071
822.0	1.9746573858303011	70.496
822.5	2.3696893034154183	59.234
823.0	1.7635723445446703	15.323
823.5	2.095877638800201	50.237
824.0	1.7398049992720817	47.441
824.5	2.2491650119662596	90.684
825.0	2.1882759052619765	117.922
825.5	1.5927648413861486	100.717
826.0	1.8140262087568653	50.284
826.5	1.8331440473623468	50.314
827.0	1.6409399834398826	131.012
827.5	1.794724171469803	80.447
828.0	1.8929347195204906	101.966
828.5	2.0751121518566533	51.155
829.0	1.6902624341022388	102.539
829.5	2.0014083965525407	76.438
830.0	1.928176613808969	90.413
830.5	1.9587094365537578	14.515
831.0	1.892547652605289	60.305
831.5	1.9828111258792092	38.146
832.0	1.518784002329776	20.407
832.5	2.373398329166524	50.367
833.0	1.145138304812414	65.79
833.5	2.036256916505256	50.42
834.0	1.8175779927030524	86.071
834.5	1.8673927272911102	80.454
835.0	1.397008327015116	28.561
835.5	1.995613295888889	50.392
836.0	2.033086819547524	130.957
836.5	2.350272420247043	60.267
837.0	2.0170224724852615	49.772
837.5	1.623336597312194	110.889
838.0	1.975185792217472	59.388
838.5	2.0465461824487012	20.117
839.0	1.2957712045083807	70.587
839.5	1.7575896637498962	50.445
840.0	1.847511377234953	60.357
840.5	1.8990918496539384	50.37
841.0	1.4365154758329732	119.853
841.5	1.8514335213358843	80.32
842.0	2.208969095043181	70.586
842.5	1.9731106047478248	91.34
843.0	1.5326006079763093	69.584
843.5	1.5034385593483013	77.914
844.0	1.6950751110837834	40.186
844.5	1.6087232636200461	110.986
845.0	1.4815498642030818	103.073
845.5	1.397806605315917	43.791
846.0	2.191341597627061	20.258
846.5	1.5471139188464602	96.572
847.0	1.542293356590823	130.996
847.5	2.5919862301964383	28.495
848.0	1.690458181167661	222.267
848.5	2.2213321763074516	79.091
849.0	1.7776191640782657	117.932
849.5	2.1697224063095795	72.644
850.0	2.074125058869648	96.765
850.5	1.6055200965500498	23.917
851.0	1.9744311947616935	115.103
851.5	1.6550868292379814	67.094
852.0	2.5557239181748006	17.265
852.5	1.7868846212539602	36.541
853.0	1.8242305902358533	20.088
853.5	1.7528205387494633	70.665
854.0	2.0849585147363063	15.224
854.5	1.4589777177711463	80.606
855.0	2.044125957041367	68.473
855.5	1.5431612463210276	18.032
856.0	1.506636726287634	34.605
856.5	1.8281145015344857	30.219
857.0	2.311552749780857	109.891
857.5	1.9930444137259768	16.639
858.0	1.6674473950412056	107.727
858.5	1.7943446636745803	45.063
859.0	2.0317103115415924	30.18
859.5	1.876472846395901	121.073
860.0	2.1534834365329205	68.31
860.5	1.7537244533604053	60.314
861.0	2.047016682579454	120.88
861.5	2.0913324503205635	60.411
862.0	1.9181027804696433	84.408
862.5	1.4097837174661552	45.314
863.0	1.671860028083819	80.497
863.5	2.3855511317287346	60.331
864.0	1.5028707965582335	80.467
864.5	1.9720675571317723	30.214
865.0	1.7050151496488228	50.456
865.5	1.7637493878431176	109.091
866.0	1.9909248047783084	83.509
866.5	1.5893374899796404	55.169
867.0	2.5053769937380665	40.184
867.5	1.4923163984746104	80.445
868.0	1.9789388137376376	90.69
868.5	2.1280348701269616	56.346
869.0	2.112791887804523	96.028
869.5	1.6861473613818647	108.919
870.0	1.7822694142958333	80.418
870.5	1.8188322071689342	87.688
871.0	1.5645357156288393	80.787
871.5	2.096610506303557	90.682
872.0	1.8936738991499673	80.543
872.5	2.215843357156155	30.234
873.0	2.0559927401597875	99.834
873.5	2.210988474805314	58.699
874.0	1.3481293551366091	20.206
874.5	2.101011015970961	20.15
875.0	1.8913096955262072	70.539
875.5	1.479260917192304	37.926
876.0	1.8964863337785003	15.046
876.5	2.622735209832699	30.198
877.0	1.6404661786847947	90.728
877.5	1.6246474542227816	30.21
878.0	2.2058449180447037	27.937
878.5	2.0241073303432344	30.173
879.0	2.2225005104055207	24.837
879.5	1.9687919480879508	60.349
880.0	2.041459624766231	120.764
880.5	2.2525756864802378	20.304
881.0	2.522771848179026	132.257
881.5	1.2600711418285346	80.525
882.0	1.9533384708755879	50.214
882.5	1.7504009175620778	80.648
883.0	2.264809772824153	90.469
883.5	1.3601710501853794	332.892
884.0	0.40472820380238717	444.436
884.5	0.9317039995570531	33.662
885.0	1.055738089375335	585.279
885.5	2.379029850999944	80.508
886.0	2.2500488262544533	141.527
886.5	1.5049039290241164	455.111
887.0	1.5783507346258867	102.601
887.5	2.6010795552079244	214.33
888.0	0.15457090785298333	314.789
888.5	1.7453083515514378	425.01
889.0	4.315939703415358	311.995
889.5	2.1804727959106764	1089.435
890.0	0.4349648706402724	454.22
890.5	1.4719557252319155	460.18
891.0	2.4541380537875055	597.03
891.5	2.241099144896963	350.738
892.0	1.8117489948241319	348.638
892.5	2.2401889079065724	473.702
893.0	2.067652682922057	176.155
893.5	1.6335696623807552	341.171
894.0	1.6298989396212322	139.708
894.5	2.1610902454515033	309.271
895.0	1.9077585812619957	364.43
895.5	1.937973330840901	423.359
896.0	1.717628537356434	299.972
896.5	1.8276491070216396	542.802
897.0	1.994063218080243	859.624
897.5	2.11382928283907	99.463
898.0	2.1821581002926402	191.633
898.5	2.0050977861731982	120.667
899.0	1.8919241467271783	131.52
899.5	2.5767267523664157	87.504
900.0	1.3779344970748741	171.669
900.5	2.090842279213528	134.215
901.0	1.7191026612672224	178.996
901.5	1.7913801565442269	30.407
902.0	1.791050482489823	141.3
902.5	1.7933027943859092	151.709
903.0	2.2758525356639008	146.976
903.5	1.6782500446058972	138.865
904.0	1.7419511030603296	141.887
904.5	1.6754463257629009	15.293
905.0	2.5528865391058964	79.171
905.5	2.4306040938121165	353.746
906.0	1.8946955990474939	180.006
906.5	1.730635145022327	182.262
907.0	1.8859247566781674	192.137
907.5	3.5358322483345175	14.141
908.0	2.0162260671242915	170.379
908.5	1.8648166651119003	384.944
909.0	2.4456966063640198	90.666
909.5	2.0084501809022437	137.73
910.0	2.0659283553203127	68.9
910.5	2.9844486712961067	36.759
911.0	2.066902484882874	82.812
911.5	1.8204271491537796	82.146
912.0	1.3317265445209192	80.538
912.5	1.4571029062377852	44.885
913.0	1.8511453760704426	129.139
913.5	2.165623154668926	34.851
914.0	1.6909478649344343	113.029
914.5	2.020554210442364	45.302
915.0	1.5814289685363665	144.769
915.5	2.1321492472959793	46.701
916.0	2.1754895907978966	202.447
916.5	2.2226816389856223	222.459
917.0	1.7703282106113742	201.556
917.5	1.6795861748566214	151.051
918.0	1.903869603672137	178.658
918.5	2.224121065956769	111.186
919.0	2.007382307522537	212.419
919.5	1.9262969277350084	342.05
920.0	2.8222612046362494	107.572
920.5	1.7534403130632197	194.613
921.0	1.5691470226416946	353.497
921.5	2.2904024416571427	182.195
922.0	2.5308842007643806	204.743
922.5	2.6610106113260694	536.044
923.0	0.021705355309389635	672.346
923.5	1.410909523509339	316.722
924.0	0.2079800009586266	919.664
924.5	1.8660179601853868	155.773
925.0	1.1843068459429598	193.009
925.5	1.8774273658131915	211.728
926.0	3.0499126224516497	33.527
926.5	1.3524454601774207	152.384
927.0	1.8456662657413476	99.537
927.5	1.7071099461257893	131.317
928.0	2.357226192000354	91.196
928.5	1.0665815019071798	132.381
929.0	2.0424711166441947	129.99
929.5	1.7621160894930865	187.209
930.0	2.2749556457419065	165.569
930.5	1.8183265631179555	262.556
931.0	2.492771257896713	179.788
931.5	1.97646150976553	301.901
932.0	2.481783895799456	217.981
932.5	2.141781223808981	80.898
933.0	1.411627915917927	125.333
933.5	2.132516128766912	69.346
934.0	2.2741049744034694	80.744
934.5	2.0062034858446722	30.178
935.0	0.16574980894523653	3057.583
935.5	0.19645843633819163	3494.451
936.0	2.255994942372753	60.269
936.5	0.13229500037757644	4168.607
937.0	2.1901431810172856	41.21
937.5	1.9341045346450512	90.557
938.0	0.048335259831195146	5037.315
938.5	1.7757775129481963	14.488
939.0	0.21798411560765668	5169.494
939.5	1.4526138755058626	36.309
940.0	1.9739424612717305	15.124
940.5	0.08056623188831474	6334.117
941.0	2.3648946915284426	30.209
941.5	1.2872443194492464	30.098
942.0	1.737041686001176	73.316
942.5	2.377229736429344	40.316
943.0	1.98290705326769	84.391
943.5	1.9992498725885546	93.148
944.0	2.4253032955099	36.071
944.5	2.2382171080313302	90.734
945.0	1.8245057817307855	48.925
945.5	0.18405962721420935	10487.612
946.0	0.1320556452135864	10316.067
946.5	0.1623452660844158	13.832
947.0	5.040936135824171	65.497
947.5	0.8054769009211588	65.32
948.0	0.17814670482773162	10.889
948.5	3.265415325191858	50.371
949.0	0.7581600041854659	100.525
949.5	0.16126423428210945	26.038
950.0	3.781296068406867	110.913
950.5	1.629482307150194	100.554
951.0	1.30916060037995	19.971
951.5	1.8853701609796614	21.953
952.0	0.990534211637035	70.849
952.5	2.2888549947924677	150.325
953.0	1.1635693411365156	63.275
953.5	2.0491834497243815	70.612
954.0	1.1905983027652283	252.074
954.5	2.775017065477736	70.586
955.0	1.8247388830325066	141.016
955.5	1.8360708374055648	20.343
956.0	1.1555251673189912	120.921
956.5	2.0174964332398155	50.363
957.0	1.6218843216941452	120.799
957.5	1.821683713212017	60.417
958.0	1.8697814003880304	110.81
958.5	1.47295927260871	70.51
959.0	1.4507669627004631	124.223
959.5	1.831928286773164	52.594
960.0	4.490862676757643	506.395
960.5	2.79287711446962	749.733
961.0	3.7663443411550936	102.44
961.5	1.655049820089543	80.62
962.0	1.1307307809455576	141.078
962.5	2.05740067359835	71.005
963.0	1.9830298265460056	22.814
963.5	1.3481516618159424	101.495
964.0	1.2848815433896301	40.485
964.5	1.5450596409806325	80.563
965.0	1.6583677394982506	40.53
965.5	1.3753318272644843	90.743
966.0	2.023305300933199	70.134
966.5	1.361231512349022	112.913
967.0	2.0075068485258556	68.956
967.5	1.1634071504097587	19.316
968.0	2.453513265711015	39.597
968.5	1.1891747129810815	61.205
969.0	1.8862424733853336	80.632
969.5	3.786418981062671	15.507
970.0	1.0874273473630047	20.334
970.5	1.343095252606828	130.972
971.0	1.5791846523207818	20.208
971.5	1.2105269939731333	130.879
972.0	1.121697275102831	15.338
972.5	1.2521989097867796	20.33
973.0	0.9237294356121503	110.751
973.5	1.5663955224977868	15.366
974.0	1.562835776975884	19.287
974.5	1.622574063041213	83.371
975.0	0.8433466697222979	37.594
975.5	1.768599652526685	119.587
976.0	1.340741554259473	31.08
976.5	1.151381896391493	25.815
977.0	1.677514912209684	116.005
977.5	1.199625510622764	20.183
978.0	1.5182449334031267	60.441
978.5	1.627383117764541	15.835
979.0	1.597546116977369	90.555
979.5	2.6131584393341707	50.637
980.0	1.7368870691003497	37.403
980.5	1.894117967778264	80.479
981.0	1.569321610268031	20.395
981.5	2.0767848362014028	110.831
982.0	1.4706550073950535	20.298
982.5	1.5198524256815233	80.601
983.0	1.7572682085151712	80.341
983.5	1.681248107672295	130.771
984.0	1.3133006444005024	20.35
984.5	1.2732270666010497	60.367
985.0	1.1267904740782826	36.108
985.5	2.069051546091444	113.487
986.0	1.013976071255605	15.662
986.5	2.182091176551019	50.374
987.0	1.7062356987435232	115.994
987.5	1.5397847299139158	35.179
988.0	1.5170913111465956	73.883
988.5	1.4779323831408653	80.357
989.0	2.8116651004384954	66.529
989.5	1.2863399955637025	94.698
990.0	1.7777834607926086	100.788
990.5	1.8169665615525075	20.297
991.0	2.103734110455096	45.07
991.5	1.0958805485280505	35.609
992.0	1.1314265771267547	110.816
992.5	1.620422539779673	50.385
993.0	2.0344971247927086	70.485
993.5	1.8252602072193687	40.276
994.0	1.292641939958855	120.753
994.5	1.590122341256762	70.439
995.0	1.9602428287116258	68.848
995.5	1.284576340983984	100.605
996.0	1.5033446313180658	50.447
996.5	1.424287296561686	140.8
997.0	2.1420370939602074	100.529
997.5	1.752988580691983	58.933
998.0	1.4397259845878108	20.251
998.5	2.2866631456525637	97.198
999.0	0.5997220213513288	70.551
999.5	1.7949967686765558	80.444
1000.0	1.5223195498876425	96.215
