0.5	0.16189775539464415	121.5
1.0	4.666176328003875	100.593
1.5	1.985614577701984	50.473
2.0	0.14184022071176586	9.339
2.5	6.494637886160076	100.732
3.0	0.1354532762979686	9.394
3.5	8.207952558273524	50.542
4.0	1.7588891449732467	100.709
4.5	1.895542672794162	100.541
5.0	2.3106960784337347	50.542
5.5	1.7175804563503974	41.829
6.0	2.3487071445339467	30.195
6.5	1.7263285708712144	70.457
7.0	1.819786186101804	110.801
7.5	1.7471092393451868	9.197
8.0	2.208679895940077	20.14
8.5	1.5548186684737413	30.387
9.0	2.6744439597864806	20.208
9.5	1.6677385831950098	20.187
10.0	1.6417803413106067	60.158
10.5	2.0746054633929116	30.108
11.0	1.7537576064757923	80.602
11.5	1.156819427925077	90.505
12.0	1.815896961688851	71.113
12.5	1.7102955078604494	30.158
13.0	2.473252631911553	49.5
13.5	1.5668763492206048	80.352
14.0	2.1354038513436513	10.109
14.5	1.8859812208970839	30.166
15.0	1.6270655723863776	73.81
15.5	1.9039877646219805	13.861
16.0	1.771548735741568	125.783
16.5	1.935057444843921	20.214
17.0	2.256667933712213	110.832
17.5	1.9534724732237623	100.873
18.0	2.3437092505764463	90.731
18.5	1.8890154681688216	90.409
19.0	1.9560393723118317	12.946
19.5	1.852498616809983	24.226
20.0	2.3400066559602086	11.511
20.5	1.5997105067613702	34.928
21.0	1.4659876639851634	30.184
21.5	1.6369843004810254	40.254
22.0	2.543367937399663	20.086
22.5	2.060432002819314	60.465
23.0	1.63066203445013	54.398
23.5	2.1409934905226797	31.33
24.0	2.548020960741961	20.397
24.5	1.560312982517081	100.617
25.0	2.0363796967993095	10.018
25.5	1.8150509507365868	20.206
26.0	1.969036767443919	100.696
26.5	1.7340834378147836	90.728
27.0	1.5310295444495978	41.169
27.5	1.6619345829630754	30.071
28.0	1.7782484732857466	60.385
28.5	1.688752004858568	90.771
29.0	1.5699585247049428	60.348
29.5	2.3346647849569817	100.723
30.0	1.6838540125677919	80.55
30.5	2.4581802827401487	141.049
31.0	1.6215164599230165	20.088
31.5	1.720268594940072	30.279
32.0	2.344040951960932	11.204
32.5	1.8182066928194156	40.125
33.0	1.3585786576689898	81.767
33.5	2.3090369807404527	80.492
34.0	2.085165177204613	30.044
34.5	1.7973243646711916	148.776
35.0	1.8812651165362775	10.227
35.5	1.833651738826598	90.643
36.0	2.158810186890227	60.33
36.5	2.1409351537147665	39.304
37.0	1.6809214558037608	131.289
37.5	2.2105568422013087	9.672
38.0	2.7803640212137934	20.868
38.5	1.4686448664194496	84.497
39.0	1.974246762421288	30.25
39.5	2.2479843485646085	11.108
40.0	2.361143767808955	61.271
40.5	1.5621594463031654	90.655
41.0	1.7766058573382852	110.762
41.5	2.0770307778869803	100.627
42.0	1.8471789207002036	91.748
42.5	1.4305538634794643	30.441
43.0	2.2898633861586455	141.643
43.5	1.8768602906246985	10.623
44.0	1.578914913753071	80.574
44.5	2.0891469964506455	60.454
45.0	1.828714324207724	100.452
45.5	2.271214016418376	80.651
46.0	2.377011643535633	60.767
46.5	1.5671003290403838	30.207
47.0	2.380282828391614	51.66
47.5	1.9207370297618935	80.568
48.0	2.0935992531115937	80.533
48.5	1.7187510336082077	122.656
49.0	1.5954869848239428	40.354
49.5	2.2852777018515615	110.814
50.0	2.08239750541876	60.648
50.5	2.0140955002711727	39.903
51.0	2.2226238572836587	30.287
51.5	1.6385279263689592	70.573
52.0	1.7595407741126052	60.535
52.5	1.5720384083225771	30.263
53.0	1.621699064699583	40.122
53.5	1.5743591453655021	70.474
54.0	2.259682803745317	40.461
54.5	1.7350181971711311	75.104
55.0	1.7045946478635918	71.45
55.5	2.360393637079347	60.29
56.0	2.0368654330013047	110.688
56.5	2.2298374525319655	30.47
57.0	1.8294765207873487	120.828
57.5	2.1116341223564996	70.449
58.0	2.44611026729071	50.45
58.5	1.4865397065401922	41.006
59.0	1.6523093551215493	29.504
59.5	2.000665002689639	131.946
60.0	1.6902179462168032	112.132
60.5	1.7918281966403986	129.835
61.0	1.9747185838103447	30.258
61.5	1.8827660875836285	30.198
62.0	1.8076168911607617	41.242
62.5	2.2032957353249074	60.439
63.0	2.0093427034587	11.9
63.5	1.7075023720405775	40.24
64.0	1.889726141407406	30.228
64.5	2.07275216509569	70.516
65.0	2.147220420458656	70.845
65.5	1.969079216190651	70.088
66.0	1.5392221975339984	80.63
66.5	1.7998808293128161	114.401
67.0	2.1492852722620883	70.5
67.5	1.7930915324178611	109.101
68.0	2.1536402994562702	72.902
68.5	1.8605626376488118	41.764
69.0	1.93494246208125	100.594
69.5	2.010687916528865	104.865
70.0	1.7505755045896028	30.029
70.5	1.7625618863347778	60.533
71.0	1.812073045054336	60.56
71.5	0.17911510517936183	17.691
72.0	3.2775188880058095	100.922
72.5	0.9669564112025505	83.489
73.0	1.0599247424190825	80.6
73.5	0.6600636381078202	100.731
74.0	0.9811065898225502	343.205
74.5	0.6756433533587972	292.362
75.0	0.6263387076114568	342.869
75.5	1.1419004246142794	252.139
76.0	0.7867528867822482	70.458
76.5	1.2062522675230387	40.636
77.0	0.8260631764800969	100.507
77.5	0.9655498246146454	80.594
78.0	1.344101841724554	80.461
78.5	0.8520791131592553	134.984
79.0	1.1072753742233667	90.669
79.5	1.0844442395683778	29.733
80.0	0.8107433118260732	70.542
80.5	1.0964025724123485	20.172
81.0	0.9033432713257381	106.224
81.5	0.13126746342991555	19.354
82.0	1.6295149258917299	58.333
82.5	3.2663902535430442	100.767
83.0	2.1500464372471777	151.759
83.5	0.8996981096682845	456.604
84.0	0.138523566381752	456.604
84.5	7.535448526916876	130.546
85.0	1.1628624764576336	90.893
85.5	0.1302411274461662	15.465
86.0	7.9572562544215195	23.178
86.5	1.8966772974253667	16.848
87.0	2.2461774837202593	50.367
87.5	2.363978169888301	100.77
88.0	2.1367011510638982	100.613
88.5	2.1100466308363477	35.239
89.0	1.9559833351303377	90.559
89.5	1.1045752015187744	130.914
90.0	2.3792062130177456	40.296
90.5	1.5689372077727632	90.753
91.0	1.7030845388063078	19.443
91.5	2.157884156811728	171.579
92.0	0.7431028705713079	434.715
92.5	1.137771218283163	15.898
93.0	1.6472785728223296	40.621
93.5	1.5923744708412193	36.396
94.0	1.8895069700180203	16.22
94.5	1.7985746608504616	90.399
95.0	2.0886949853080234	17.701
95.5	2.3563100068285583	70.239
96.0	2.4534238018249086	36.673
96.5	1.7165067271144638	78.618
97.0	1.7943624555801263	80.635
97.5	1.7053515003527384	100.366
98.0	2.226248443846581	120.821
98.5	1.900305723204119	38.074
99.0	1.995274984454326	120.771
99.5	2.4540541074136906	60.425
100.0	1.872270338126389	80.632
100.5	1.6633878950513483	80.553
101.0	1.782262039071383	40.599
101.5	1.6815478488688236	38.789
102.0	2.116439287227944	77.043
102.5	1.3724952286641539	36.972
103.0	1.525689439114786	138.459
103.5	1.9016441816766945	80.614
104.0	1.8405640343184735	57.559
104.5	1.7231044727591127	38.217
105.0	1.7327028448424382	130.791
105.5	1.898486793434439	80.615
106.0	2.3381910874558605	119.242
106.5	1.336935127911781	16.23
107.0	2.3317905521281412	101.805
107.5	1.3488093903887772	104.36
108.0	1.9170173804256374	131.109
108.5	2.088504780215669	90.598
109.0	1.8595850966027208	24.352
109.5	2.0492206097858965	80.44
110.0	1.709647016754477	94.233
110.5	2.015561068947624	48.927
111.0	2.0011334402747867	16.604
111.5	1.9495408528787146	30.197
112.0	2.0274480562860533	30.209
112.5	1.2386813692574106	80.369
113.0	2.1259920052692314	16.894
113.5	2.044391372711039	64.398
114.0	1.9171707034189525	100.9
114.5	1.3048675659148492	16.139
115.0	2.424784531789969	20.168
115.5	1.7127164485667925	40.359
116.0	1.8043390626904094	19.493
116.5	1.536592616894973	47.033
117.0	2.1064985524592315	30.211
117.5	2.5739532236668787	98.89
118.0	1.8205351435549275	100.691
118.5	1.5387189521171267	15.337
119.0	1.5799447757921705	97.812
119.5	2.6295156393158363	16.74
120.0	1.9894040558087687	116.6
120.5	2.113851854143819	30.184
121.0	1.647477995140441	110.605
121.5	1.8621226527026156	87.341
122.0	1.8883057964169112	36.507
122.5	1.7793700754141213	40.041
123.0	2.455759644969733	55.224
123.5	2.434336287306106	99.074
124.0	2.149368817190358	129.149
124.5	1.965976504559455	131.018
125.0	1.8284383645953983	14.879
125.5	1.9590402706464989	40.012
126.0	1.5187411375990347	90.676
126.5	1.9477849562432952	75.538
127.0	2.413747300476653	60.415
127.5	1.775286637516293	55.139
128.0	1.59306569579247	50.364
128.5	1.9194199649426733	70.361
129.0	1.9027012232163343	70.54
129.5	2.3321587903641383	68.891
130.0	1.8387422148622612	16.904
130.5	2.2711620007005493	110.716
131.0	2.2733417980308053	90.646
131.5	2.467977882895814	26.022
132.0	1.6006776755950036	86.247
132.5	1.986913533678272	120.565
133.0	1.8388783873371999	100.731
133.5	2.725994050047943	22.602
134.0	1.3688550514357	65.879
134.5	1.7835361141518116	15.456
135.0	1.76276501585775	114.225
135.5	1.661380437462538	110.902
136.0	1.883731019183146	19.393
136.5	1.9159540247006992	127.838
137.0	1.777653362927556	50.269
137.5	2.7682964998501163	45.67
138.0	1.4929362521554268	20.03
138.5	2.481842395882482	80.46
139.0	2.145608820739641	20.121
139.5	1.9437057589216182	50.341
140.0	1.7077980687853656	101.523
140.5	1.9635607334050604	90.666
141.0	1.8374387562583614	130.865
141.5	1.7183765465412104	35.631
142.0	2.037041029429408	18.871
142.5	2.2380594457902117	80.41
143.0	1.5804693375760874	16.454
143.5	1.8207361174810157	80.381
144.0	1.9174960804411405	98.246
144.5	2.111439783689262	60.495
145.0	1.6262439055344444	16.518
145.5	2.316247514528152	70.569
146.0	1.6414503714711797	80.719
146.5	0.13309778374436446	27.992
147.0	0.15594860397453514	54.337
147.5	7.721296002817797	40.177
148.0	1.5232193692386935	65.591
148.5	1.778636960196031	100.618
149.0	1.7880224682341421	60.736
149.5	1.7151139886923026	49.95
150.0	1.8729329997404696	103.779
150.5	1.7393908317878852	76.726
151.0	1.6687907101281323	60.082
151.5	1.8795946317559218	110.665
152.0	1.8592073245217584	110.755
152.5	2.102193771084666	50.197
153.0	2.1308680007854393	100.72
153.5	2.2651690791600982	131.491
154.0	1.9772795483687393	80.252
154.5	2.5088637132665284	53.185
155.0	2.1873673577984083	51.339
155.5	1.6011750837103647	90.695
156.0	1.6912925387591875	80.493
156.5	1.8771778763855265	34.331
157.0	2.0612516507933636	43.298
157.5	1.9377528425428419	102.031
158.0	1.3815379282756555	80.675
158.5	2.56744238709259	40.484
159.0	2.0551432761679194	80.741
159.5	1.9979385462672996	34.064
160.0	2.054655544738347	38.401
160.5	2.363299063602163	46.187
161.0	2.2504783869602116	110.816
161.5	1.949615253367125	64.291
162.0	1.9721465644360348	100.734
162.5	2.475606106370197	68.418
163.0	1.9619069546900614	90.551
163.5	1.8734917841601426	60.49
164.0	2.1120304156727805	41.043
164.5	1.6236745754859392	80.481
165.0	2.2649525965422126	50.524
165.5	1.809219073176494	56.035
166.0	1.625072478192167	80.551
166.5	2.135361063976464	38.768
167.0	2.4935217700312844	71.004
167.5	1.5407891048151474	70.603
168.0	1.7172832501464967	132.668
168.5	1.5388899358989256	110.729
169.0	1.6821168881449666	44.64
169.5	1.990864221840394	80.441
170.0	2.053450867208359	100.886
170.5	1.8695340495276016	112.731
171.0	2.0843296684370056	111.247
171.5	1.5897045768211728	74.844
172.0	2.3441720077534214	34.733
172.5	2.056343528042881	130.892
173.0	2.118361834311219	56.019
173.5	1.9458215433849773	65.262
174.0	2.0162588447687906	84.493
174.5	2.116724157274229	140.681
175.0	1.9441699288735537	60.154
175.5	1.6453134891731163	48.643
176.0	2.5831483281983454	68.609
176.5	1.6304485690617405	31.616
177.0	2.16691504766887	65.505
177.5	1.5889951394253046	110.797
178.0	1.784468417977112	70.48
178.5	1.7032772686437365	79.205
179.0	2.087249376297123	151.019
179.5	1.6661250539360064	70.515
180.0	2.756386379240719	60.294
180.5	2.060021262922259	83.233
181.0	1.3390885468412423	90.712
181.5	2.118854657709854	140.906
182.0	2.1030505296752393	100.61
182.5	1.4928000934693884	130.897
183.0	1.934623930879622	60.582
183.5	1.7504714921587512	30.197
184.0	1.93274235188185	70.576
184.5	1.8829418643466114	60.251
185.0	1.9207557417383145	60.423
185.5	1.7739563129650264	120.75
186.0	1.8918363543232732	56.054
186.5	2.8100670551976923	81.458
187.0	1.3260684750138236	130.903
187.5	1.9189369191007364	53.635
188.0	2.478643385892378	128.332
188.5	1.666766260068228	110.677
189.0	1.7138033104058552	110.72
189.5	1.8915049803348707	72.151
190.0	2.3798407808343036	80.528
190.5	1.6011370964148073	90.726
191.0	1.5193313162509563	90.54
191.5	2.2982392185747424	80.503
192.0	2.10122163148358	40.229
192.5	1.9805908291343297	60.483
193.0	2.04341907717231	80.611
193.5	2.352458348644195	37.934
194.0	2.0350096971728435	88.519
194.5	1.7615713605437668	80.712
195.0	1.8961348477239148	40.253
195.5	2.0806933097189444	55.255
196.0	2.0292267206361143	70.419
196.5	2.5570244262839825	50.304
197.0	2.151539328667225	90.636
197.5	1.767981473590258	100.649
198.0	2.015858406224438	34.427
198.5	1.606963854190432	110.742
199.0	2.15502036425541	88.468
199.5	1.6460381266672748	91.939
200.0	1.8104326170112124	80.689
200.5	1.700965184686847	60.346
201.0	1.9284007280449686	121.107
201.5	2.0628255882633	101.15
202.0	2.180075777797442	131.563
202.5	1.5003847178852552	70.563
203.0	2.09926619558656	88.213
203.5	1.9058263596439784	110.622
204.0	2.1748888047109896	65.38
204.5	1.5863648007347346	110.275
205.0	2.028197452552272	32.713
205.5	2.038496444713624	60.4
206.0	1.9918680995024969	64.842
206.5	1.8308461252005739	121.005
207.0	1.8335392407787625	43.016
207.5	2.574531530417498	80.372
208.0	2.027256414668716	101.043
208.5	1.8219516937439615	110.715
209.0	2.1934654997123775	100.622
209.5	2.4413191330522155	121.164
210.0	2.0464431927037996	101.476
210.5	1.5931492846353665	43.165
211.0	2.0380556282958415	102.319
211.5	2.0220482369062966	66.267
212.0	1.8529051541342945	70.76
212.5	1.6551169957303296	44.681
213.0	1.4509213335822781	127.566
213.5	2.731083484474205	51.145
214.0	1.5743856773956015	121.696
214.5	2.104692297086349	100.755
215.0	2.5916494730096034	52.58
215.5	1.990962212089365	96.352
216.0	1.7851019487971898	45.009
216.5	1.9045663467317417	80.549
217.0	1.7019338239850381	146.983
217.5	1.5335201516308297	110.813
218.0	1.6603410352736219	70.24
218.5	2.1733239813003284	70.484
219.0	1.7771473861446607	93.134
219.5	2.103673628087589	92.925
220.0	1.7271104398828092	76.967
220.5	1.9821627971275333	141.183
221.0	2.386308839594432	70.676
221.5	1.5689538706620625	70.614
222.0	1.836638004608751	60.318
222.5	1.8666224063839292	63.242
223.0	1.8722024738907692	82.339
223.5	1.4313439221960427	120.897
224.0	2.0795443881865063	76.704
224.5	2.053877175801002	130.904
225.0	2.3286373603357973	40.384
225.5	2.446266778108832	55.132
226.0	1.9664781790259553	110.556
226.5	2.0273427757846187	100.666
227.0	1.8728659181487388	78.601
227.5	1.7219186294409454	80.578
228.0	2.333211528459775	60.307
228.5	1.713152229070195	110.719
229.0	2.27368282949989	80.535
229.5	2.206487527021966	109.377
230.0	1.8138011150002122	110.866
230.5	2.129373159265522	60.649
231.0	2.4441391578995044	50.662
231.5	1.5223637135658163	51.667
232.0	1.5413824410075174	50.5
232.5	1.6570785008997662	50.4
233.0	2.0837039623365072	97.833
233.5	2.608559666811466	50.369
234.0	1.8177160770510132	90.699
234.5	1.7207641202588495	64.331
235.0	2.0036176465305986	70.355
235.5	1.6334599322924088	120.818
236.0	1.925801736078911	66.09
236.5	2.331323598308249	70.178
237.0	2.0427095920296696	80.559
237.5	1.6780244910410018	93.325
238.0	2.0181804829970984	80.567
238.5	2.1136022103660967	101.089
239.0	2.4009309333121105	80.476
239.5	1.1323978367395686	59.858
240.0	1.7348962633416318	94.256
240.5	1.4144318301955519	104.887
241.0	1.860453318502264	50.407
241.5	1.5680906172411504	82.161
242.0	2.1573497995706092	70.481
242.5	0.14108766020887087	96.17
243.0	4.783962477644219	42.056
243.5	2.0689429103422787	92.808
244.0	2.0635404686202663	100.513
244.5	1.7330812240975924	70.596
245.0	2.4668190160473156	80.417
245.5	2.053356139390185	50.474
246.0	1.6413730282513093	50.384
246.5	1.9971521464192898	60.423
247.0	2.0623706024215456	80.408
247.5	1.96024222734592	79.536
248.0	2.25750281006271	50.561
248.5	1.8163704685539075	97.922
249.0	2.0688535901628167	70.499
249.5	1.8842443818000216	36.284
250.0	1.903469457385546	90.543
250.5	2.2666102054182966	63.62
251.0	2.4856917683246564	50.498
251.5	1.7330639632533371	100.624
252.0	2.0343226979111706	40.186
252.5	1.550009832545695	51.461
253.0	1.6032051261606568	121.98
253.5	1.790544240183452	111.051
254.0	2.751532458040768	41.655
254.5	1.5834110245186594	110.741
255.0	2.120577576074094	39.18
255.5	1.4473583122245324	120.695
256.0	2.3553345952537184	61.698
256.5	2.0295605638824545	60.461
257.0	1.7687804402145804	80.961
257.5	2.1280931349045358	49.821
258.0	1.8118284442186996	70.63
258.5	1.6076077059231537	30.664
259.0	1.5537693354846736	70.563
259.5	2.1615989781864307	50.299
260.0	1.8157178677915142	50.276
260.5	2.3999043352604437	20.116
261.0	1.3422324869270434	20.185
261.5	1.8003716675110855	130.958
262.0	1.8454288434555228	70.457
262.5	2.389648472688525	100.652
263.0	1.6703417636949383	70.411
263.5	2.359839473833274	107.498
264.0	2.169893556492373	50.322
264.5	2.326443991440983	120.693
265.0	2.6210162528439396	57.845
265.5	2.0605706630520566	75.067
266.0	0.14392440114419003	50.168
266.5	1.332682863062969	213.238
267.0	3.4222445730680677	29.57
267.5	3.9056084930239257	59.229
268.0	3.3674853239758766	192.159
268.5	0.24863357181532916	424.774
269.0	0.17490854885669427	424.774
269.5	4.723548502359334	110.69
270.0	1.6438847441294278	90.586
270.5	1.7980956867784617	70.446
271.0	2.114440111061032	70.419
271.5	1.2585635693569794	118.746
272.0	2.386689551565755	121.173
272.5	2.12655397568031	151.096
273.0	1.549661024040404	513.182
273.5	4.178268780538647	40.298
274.0	1.7700012518256278	245.574
274.5	2.382756031847396	412.678
275.0	2.6772721072152463	16.979
275.5	2.1988840020216647	212.293
276.0	1.8310850387777144	381.709
276.5	2.8032996933079817	78.485
277.0	1.7941571503575249	50.372
277.5	1.2466210310285395	445.306
278.0	0.16627257691305586	445.306
278.5	2.5555794002025265	92.101
279.0	1.8231655141833485	60.431
279.5	1.9576964560920445	60.386
280.0	0.9353933114279401	129.17
280.5	2.632562934993674	140.845
281.0	1.7852659089174878	20.361
281.5	1.7389468581077334	60.733
282.0	1.6615368090422133	38.948
282.5	2.786546978459772	72.605
283.0	1.9423343076808215	314.084
283.5	1.3787723948595794	39.705
284.0	2.349893713132251	70.405
284.5	1.5036746140839263	20.629
285.0	1.9095603023415324	20.28
285.5	2.4538475645906144	39.562
286.0	1.6135054293468538	80.55
286.5	0.15822955094015317	13.492
287.0	6.169996198872316	50.436
287.5	2.3745882176688915	63.725
288.0	1.9753745015316817	36.639
288.5	1.9008669911082312	70.314
289.0	1.9550657990997744	100.65
289.5	1.6316857798803341	50.372
290.0	2.0834007749447716	40.372
290.5	1.8263585219243783	45.155
291.0	1.6832553331262246	231.749
291.5	1.8091483234685135	225.022
292.0	2.5878686485299887	201.86
292.5	2.191427204279388	728.29
293.0	0.10799099933055019	961.699
293.5	4.899922032177608	20.93
294.0	2.1069088823481112	110.663
294.5	2.3102974972692283	30.215
295.0	1.1763265583294797	110.696
295.5	2.173180278611963	13.524
296.0	1.8632210616392408	130.74
296.5	2.1203091509662673	142.01
297.0	3.460219659623274	124.117
297.5	2.032518997496815	107.691
298.0	2.480394101124767	96.915
298.5	2.310334234706286	75.98
299.0	2.355650658175114	181.646
299.5	2.969840263888015	233.18
300.0	2.9938472014024566	262.736
300.5	2.1189166172188725	262.174
301.0	2.011986222494811	141.269
301.5	1.4318710768891278	44.692
302.0	2.199625094868883	70.443
302.5	1.8715873901726716	13.853
303.0	1.7323137424414778	95.255
303.5	2.000701996612488	31.191
304.0	1.7633743119619563	100.867
304.5	2.069198589318964	100.618
305.0	1.4069766606384704	130.822
305.5	2.0092812325978966	44.148
306.0	1.5242117498715901	77.991
306.5	1.7256758557623646	121.31
307.0	2.9039328216705287	128.529
307.5	2.3813918177803473	181.537
308.0	3.3216308613908603	161.618
308.5	0.9757793671613062	52.758
309.0	2.2804073446273874	131.023
309.5	1.7477300181900717	300.23
310.0	1.1574662014869728	378.151
310.5	0.5217242887602581	1211.608
311.0	0.13275865979666443	21.183
311.5	6.931023830353062	85.632
312.0	1.8930613969861867	60.464
312.5	2.9412329568983293	131.496
313.0	2.3687008761152484	323.428
313.5	2.3085784580105027	272.872
314.0	1.718841203032523	162.01
314.5	4.974138842372556	130.822
315.0	2.0170361295695534	70.428
315.5	2.175749736840215	80.484
316.0	1.7530507907749282	64.066
316.5	1.8598425139930383	100.775
317.0	2.7658325955750933	40.374
317.5	1.6778096602222816	120.803
318.0	2.528483036205622	162.175
318.5	2.17451060446693	60.536
319.0	2.203634844465957	90.584
319.5	2.0319399050161713	19.689
320.0	1.7064042983320284	110.994
320.5	2.3584719347449763	80.333
321.0	2.1407843411281537	192.156
321.5	2.263008121066979	172.281
322.0	2.3894898762309076	621.627
322.5	4.311221775891536	222.695
323.0	2.8936454123868685	115.723
323.5	1.788271080445886	80.475
324.0	1.4068199884381034	20.174
324.5	2.3263286665135885	50.493
325.0	1.8226724792225188	53.661
325.5	1.8632918550369852	40.905
326.0	1.6034118477805546	20.083
326.5	1.7732405938195557	80.426
327.0	2.2313523799834076	60.394
327.5	1.8628489787305695	80.704
328.0	2.406101760279549	70.291
328.5	2.5105209104521022	60.352
329.0	2.1301756906955833	30.283
329.5	1.5678161522440055	100.705
330.0	1.7405866584551004	80.541
330.5	2.156135098167903	50.383
331.0	2.0308530935763325	80.407
331.5	2.2521599938797614	80.612
332.0	1.683782222114591	60.357
332.5	2.139626000888249	131.194
333.0	1.7851413896235104	60.381
333.5	2.169211290122878	80.469
334.0	2.283638578280818	16.081
334.5	1.9635674234443015	13.806
335.0	1.8284570810405116	75.183
335.5	1.6535880198776414	37.524
336.0	1.9249845784480668	30.171
336.5	1.8904938081319451	39.294
337.0	1.6035599504575357	54.276
337.5	1.655725471118591	109.552
338.0	2.3772214445565463	37.768
338.5	1.5862812573694667	82.49
339.0	0.12177640930257745	8.879
339.5	7.089793796822302	50.323
340.0	0.16516300972588627	36.367
340.5	2.1404688083355747	23.864
341.0	2.001793007194567	76.54
341.5	2.0264389227552178	46.359
342.0	2.2336344449139633	26.403
342.5	1.7126061868399756	70.39
343.0	1.9861896349239037	40.394
343.5	1.2736619717419877	100.612
344.0	2.2071325835575113	120.919
344.5	2.566395087455701	80.505
345.0	2.3226269194947924	60.155
345.5	1.8775459058893582	60.432
346.0	2.071004869328589	89.845
346.5	2.1644392026651555	130.942
347.0	1.7656736133867643	140.67
347.5	2.563800547727709	60.326
348.0	2.8478253180272164	61.186
348.5	1.8550767615066277	100.537
349.0	1.997581486352274	60.474
349.5	2.0816810809419084	48.38
350.0	1.648432727849617	90.578
350.5	2.54970425355086	110.83
351.0	1.3118622642122246	21.51
351.5	1.8704225117123041	80.478
352.0	1.4399873825768905	80.975
352.5	1.3852565638309584	50.293
353.0	1.7202368857350527	70.399
353.5	1.225173161271631	130.85
354.0	1.5612965841310291	70.409
354.5	1.6635633353418227	70.356
355.0	1.1755647380222314	70.467
355.5	1.0637487619410277	150.69
356.0	1.7555251450133131	41.101
356.5	1.7120372562387072	91.586
357.0	1.5025310002517578	80.569
357.5	2.2792019881588694	80.59
358.0	1.982671002863076	20.158
358.5	1.8080254622629022	42.152
359.0	2.483772949429276	114.333
359.5	1.6795906426146099	60.478
360.0	1.860487679986431	70.434
360.5	2.539422792742844	60.435
361.0	2.0420093682175295	60.492
361.5	1.6469910988024392	90.571
362.0	1.8261771644409552	109.56
362.5	1.7529865736639505	60.459
363.0	1.6836881108997321	80.501
363.5	1.7944237726838328	50.398
364.0	1.583360677200939	90.65
364.5	1.6587395092148416	70.636
365.0	1.823142189776827	110.692
365.5	1.6937535167651718	100.707
366.0	1.7187638116637736	90.476
366.5	2.3030260956082915	40.375
367.0	1.6839705716962732	80.238
367.5	1.88047889431065	75.742
368.0	1.767340543481076	70.38
368.5	2.577524041040936	40.362
369.0	2.2599510680827106	22.915
369.5	2.2153908108542124	60.43
370.0	1.7720428345816677	80.613
370.5	1.5904277482291747	110.844
371.0	1.9522306295203633	70.394
371.5	2.123994137970201	60.492
372.0	1.313577453770307	100.911
372.5	2.1721575310100874	107.606
373.0	1.5854111556741193	52.582
373.5	1.856161917436727	80.532
374.0	1.6556708399274098	50.9
374.5	1.3847313917731132	80.62
375.0	2.402672496430367	60.501
375.5	1.7223524606910263	140.773
376.0	1.5562779151277373	90.722
376.5	1.7526650526419751	110.579
377.0	1.8287780839429628	70.518
377.5	1.641123389660767	17.204
378.0	2.045487117503173	80.221
378.5	2.211474052500675	130.968
379.0	1.8475371748243279	80.368
379.5	1.9218077179993094	93.884
380.0	1.3486771333115912	80.441
380.5	1.9262987834690006	80.671
381.0	1.8826252507384138	98.962
381.5	1.7975231728182366	80.538
382.0	1.7597108915151218	141.683
382.5	1.4245249086572618	20.486
383.0	2.0001314993658004	60.468
383.5	1.544949248532885	131.084
384.0	2.033762755885633	70.399
384.5	2.275104453491261	50.512
385.0	1.4813890203814812	90.714
385.5	1.5743421972085876	38.25
386.0	1.7865458086157902	70.442
386.5	1.8185192079989982	131.017
387.0	1.957449320117846	42.379
387.5	1.6764840529448177	66.161
388.0	1.4380048352293355	70.594
388.5	2.0190723074669963	90.666
389.0	2.0700478456278524	80.702
389.5	1.514402999299473	161.124
390.0	1.8879177018040396	80.456
390.5	2.2449453194864875	80.548
391.0	1.853234751557113	106.771
391.5	1.6456733384838615	100.692
392.0	2.35096596532055	100.544
392.5	1.8283045162751834	90.563
393.0	1.9053072044585806	80.525
393.5	1.6003739149887204	70.769
394.0	1.678600654693415	90.531
394.5	2.627133676518276	70.475
395.0	1.904267029451278	70.55
395.5	1.9246833802812278	70.428
396.0	2.205816856255094	62.926
396.5	1.8926315865528136	130.92
397.0	2.1492537499816904	31.615
397.5	1.7519761545996708	60.421
398.0	1.9743678300559808	110.572
398.5	1.7346745456304624	20.203
399.0	1.787008192875866	80.597
399.5	1.6699437601278864	90.663
400.0	2.3213601427523085	111.978
400.5	1.6746336618342526	42.957
401.0	1.9078455554033333	99.843
401.5	1.5679243091920476	141.017
402.0	1.9528513903441806	19.434
402.5	1.5728136084256592	60.385
403.0	1.7401852331065268	90.679
403.5	1.4665015401567427	90.374
404.0	1.777194812529752	131.454
404.5	1.5358890636222529	22.82
405.0	1.703437589760023	60.562
405.5	1.8884256986415016	40.336
406.0	1.9742816186741536	38.629
406.5	1.6074669443019816	52.306
407.0	1.2782046741555664	90.686
407.5	1.9357350797201467	50.27
408.0	1.5305059252651505	48.429
408.5	1.8006393560030884	29.106
409.0	1.2953859883477608	70.564
409.5	1.2710459409812556	30.713
410.0	2.043908527879007	70.328
410.5	1.3040326836419578	80.514
411.0	1.5766749227327856	20.167
411.5	1.7212573565207105	70.728
412.0	2.2028013256349945	90.417
412.5	1.9555723153837579	77.739
413.0	1.3234052892295969	90.584
413.5	2.4073483134960605	25.445
414.0	1.4666438425656874	39.343
414.5	2.3613012663516835	90.715
415.0	1.6275748297934152	80.57
415.5	1.7538137886616239	70.408
416.0	2.3593623136064257	86.517
416.5	2.1716816029123853	60.462
417.0	1.3544652712967618	90.646
417.5	2.4303268029651983	70.571
418.0	1.8016049213230914	84.034
418.5	2.3828098503951507	50.517
419.0	1.4407373444158504	39.264
419.5	1.651633954700075	50.634
420.0	2.0314722973373915	70.55
420.5	1.346003610349893	80.626
421.0	1.8685963100199479	84.441
421.5	0.15243388434958055	37.807
422.0	1.7468302030694276	116.599
422.5	0.9451163577359034	60.487
423.0	0.8947718215923529	60.41
423.5	1.1508032245367898	114.546
424.0	1.031206667851224	39.18
424.5	0.513350431337063	92.465
425.0	0.16129193112697496	139691469353.584
425.5	0.12249856596481921	59.966
426.0	2.246880707714915	140.977
426.5	0.7530463225338222	120.79
427.0	0.482207616983383	140.805
427.5	0.38034053475299645	129.809
428.0	0.7492450191564555	70.089
428.5	0.5023673146561319	51.31
429.0	0.5046102426052316	74.934
429.5	0.596195286909113	56.97
430.0	0.4309012824093394	60.476
430.5	0.7692520699291978	80.427
431.0	0.14152839801442452	139691517436.528
431.5	2.8864881534022633	50.372
432.0	0.9452537201553067	50.241
432.5	0.12047791913433176	113.681
433.0	7.887755585558786	71.164
433.5	1.7503879108712397	243.156
434.0	1.4798358289102966	647.549
434.5	4.548198566708071	70.405
435.0	2.212967707304187	40.11
435.5	2.133439875710645	70.608
436.0	2.508853358959077	70.527
436.5	2.996785733708699	64.109
437.0	2.449940344452867	86.675
437.5	1.8267300693548632	50.285
438.0	2.1799578795793013	50.386
438.5	2.2700152976224635	12.606
439.0	2.7458550599557165	84.212
439.5	2.1181581600004775	70.277
440.0	1.7310963255898624	20.145
440.5	2.7995104176538073	70.568
441.0	2.126548065670158	130.907
441.5	2.440759570800284	20.159
442.0	1.9730281829229037	60.39
442.5	1.3619129757697623	12.108
443.0	1.7655571440322924	100.697
443.5	1.491680745724975	20.187
444.0	1.280751074309589	80.414
444.5	1.8864050308297597	50.335
445.0	1.273467677582539	32.468
445.5	1.7282698750209957	90.773
446.0	1.5231955373576673	32.049
446.5	1.7770417347569023	90.45
447.0	2.5732908217230706	74.834
447.5	2.218960546594952	36.622
448.0	1.6474242319251131	68.414
448.5	1.8346299109532656	20.142
449.0	1.7370189009644774	70.005
449.5	1.4712530350458124	70.561
450.0	2.203689828689224	74.826
450.5	1.9548500697014823	62.394
451.0	1.6404747736028795	20.104
451.5	2.628908112081188	16.775
452.0	1.6783492913665994	50.397
452.5	1.751999800126336	80.52
453.0	2.0649193745752443	101.747
453.5	2.166948672063243	130.717
454.0	1.6200772666516072	60.323
454.5	2.193887262126974	50.182
455.0	1.7582335264774875	55.18
455.5	2.0350692189754556	40.531
456.0	2.1387085684615026	50.177
456.5	1.6400398768963205	36.167
457.0	1.8986774837727396	70.39
457.5	1.6627989087083321	154.456
458.0	1.8189430257189854	160.996
458.5	2.021674946087802	104.54
459.0	2.1620557519801165	60.735
459.5	1.4217065116848806	80.617
460.0	2.2279574563386406	106.499
460.5	1.9132233800896037	49.798
461.0	2.2723519208323273	90.44
461.5	2.178266280985439	82.992
462.0	1.894926980528165	80.586
462.5	0.13423381812084906	47.815
463.0	7.329037954268669	107.966
463.5	2.072846018573034	61.631
464.0	2.090458153657996	55.342
464.5	1.9497515156765544	65.851
465.0	1.7396367120858183	111.404
465.5	1.4776845277550412	79.873
466.0	2.1683906650274873	70.566
466.5	1.74513322434472	70.569
467.0	1.4592841420932736	80.529
467.5	2.676086794559732	70.742
468.0	1.7498662292086078	134.327
468.5	2.570774970883042	110.995
469.0	1.9342003679140845	51.463
469.5	1.4687438217524047	50.626
470.0	2.6944584125263282	70.926
470.5	1.9583032433854972	100.771
471.0	1.6566885572093923	70.516
471.5	2.110040927728478	130.84
472.0	1.9569545714842973	60.415
472.5	2.085149035533139	80.791
473.0	1.5971614859171317	120.82
473.5	1.9329767340729445	130.543
474.0	2.381236093330782	80.967
474.5	1.4657497732388218	120.973
475.0	2.158594600413548	130.877
475.5	2.132986407597576	140.997
476.0	2.191186267694102	91.703
476.5	2.195839731927817	111.106
477.0	1.4615765824537288	110.781
477.5	1.9675347105211756	50.725
478.0	2.7601219344608854	130.595
478.5	2.015719837308652	141.118
479.0	1.5693674117821776	74.045
479.5	2.1740061627309686	60.893
480.0	1.5479113280957	40.389
480.5	1.6618335196771412	111.08
481.0	1.8515670436721143	70.24
481.5	2.0160719785189167	76.019
482.0	2.0315732770671393	116.969
482.5	1.4946153051220978	70.714
483.0	2.2080566341922734	80.456
483.5	2.174998011715321	60.643
484.0	2.0009183185481842	130.725
484.5	1.7242804861838041	70.554
485.0	1.9543193861191215	130.852
485.5	2.0665983851948178	70.853
486.0	2.466457990288894	70.576
486.5	1.6206674437541184	140.933
487.0	1.8353094327700772	60.435
487.5	2.164281311889775	100.691
488.0	1.8120361319902265	140.991
488.5	1.6492834092055337	70.526
489.0	2.22741099886316	119.59
489.5	1.9263760289925904	90.665
490.0	1.9007149428466579	110.5
490.5	1.803430162302214	60.534
491.0	2.1696580696265424	86.481
491.5	2.27934792079591	131.913
492.0	1.8938547250861708	90.764
492.5	2.3626359154289602	80.653
493.0	2.0724609393290274	60.347
493.5	1.8973085537848313	60.531
494.0	1.614220327724656	100.895
494.5	1.3661923108032803	150.984
495.0	1.654676210683363	50.495
495.5	1.7298459627687477	120.794
496.0	1.5897674452124961	141.255
496.5	1.3853252365238726	40.078
497.0	1.081721962126621	90.092
497.5	1.4420231163233173	130.927
498.0	1.2071171977406439	161.048
498.5	0.581121763159076	47.961
499.0	1.9509009065466265	90.909
499.5	1.7559214338755313	130.944
500.0	1.8859023816763554	120.953
500.5	1.8432070481313452	161.386
501.0	1.7464231513681887	50.46
501.5	2.1230085085467807	60.697
502.0	2.3212903909266442	85.009
502.5	1.956199193490075	100.62
503.0	2.259355767518209	91.165
503.5	1.567476661601703	100.667
504.0	1.9299942640989614	111.705
504.5	1.7036587471235847	74.778
505.0	1.9768342938898118	70.409
505.5	1.8394294437702516	60.881
506.0	1.4748112425877622	58.08
506.5	1.9223399556172187	40.86
507.0	1.2312185472498511	60.848
507.5	1.5925233447889582	60.369
508.0	1.4457410149874212	80.713
508.5	1.5035155950119654	120.77
509.0	2.4153175925960446	50.288
509.5	1.4416447448496994	130.899
510.0	2.058943243853106	96.0
510.5	1.0040875593122824	160.925
511.0	2.251176279534332	50.908
511.5	1.6273855313054049	80.552
512.0	1.5777203258102475	61.265
512.5	2.416042532394009	60.875
513.0	1.504256972923734	121.335
513.5	1.419492508125693	130.804
514.0	1.5843022651099	181.091
514.5	1.5962862122429706	100.78
515.0	2.4997813065298304	120.265
515.5	1.8149143995087005	50.522
516.0	2.3713380630817023	79.246
516.5	2.0293916188115784	120.716
517.0	1.8255113634154374	80.376
517.5	1.9985726324685822	150.95
518.0	1.6093548384950243	80.546
518.5	2.339782450142438	110.644
519.0	1.5599598208848475	110.757
519.5	1.8572599162211358	76.014
520.0	1.5308458829563392	130.926
520.5	1.7398638081198792	80.554
521.0	1.5329968129961946	131.057
521.5	2.1935789242998625	120.929
522.0	2.5350211474920905	70.303
522.5	2.42542578710939	164.908
523.0	2.230426836870771	172.135
523.5	2.2993887322564053	100.982
524.0	1.207318757191863	73.983
524.5	1.6895085092313298	80.442
525.0	2.6227934429443662	141.813
525.5	1.4685282137725009	80.795
526.0	1.4472528220424672	90.667
526.5	1.5411374272340486	150.742
527.0	1.7272175122129605	68.075
527.5	2.2548646266387222	90.467
528.0	1.3231012532529596	130.898
528.5	2.0257448762473595	111.313
529.0	1.2918558928359347	107.018
529.5	1.9219995804073857	80.352
530.0	1.675060788445615	80.471
530.5	1.411105828053384	140.941
531.0	2.2745568720679636	50.389
531.5	2.2890462661905033	88.416
532.0	1.8666318058067877	50.329
532.5	1.8402367566281022	70.431
533.0	2.3462177742096264	50.59
533.5	2.081362095394149	49.009
534.0	1.609830866342435	70.9
534.5	2.595819695627622	111.569
535.0	1.6491216719461397	81.287
535.5	1.9573776789653836	70.434
536.0	2.0208783614683976	50.574
536.5	1.8705520472576058	50.407
537.0	2.123794644951153	80.373
537.5	2.0891588197005673	110.716
538.0	2.241634555032832	60.384
538.5	1.9029074386232034	111.455
539.0	1.8066515763960382	71.83
539.5	1.9934172768695195	60.812
540.0	2.0779825832319987	80.5
540.5	2.208578086896711	60.936
541.0	2.1658445189131883	111.285
541.5	1.5729455829322925	110.755
542.0	2.0851765773438524	100.559
542.5	2.236656578754121	60.727
543.0	1.6043819496440985	131.189
543.5	1.7525315271264792	80.454
544.0	2.112020193941258	100.551
544.5	1.62161915187966	140.826
545.0	2.3662270409802915	50.454
545.5	1.6887724896345933	100.462
546.0	1.8829568984742495	120.829
546.5	1.9805014512482364	48.562
547.0	1.9227131870855056	71.032
547.5	1.8242406758353562	57.585
548.0	1.9026757550933917	70.508
548.5	1.680394618177242	110.776
549.0	2.216624043746677	59.347
549.5	1.4319192812515038	63.801
550.0	2.131986168754116	120.945
550.5	1.9657228688109716	100.661
551.0	2.360783099942409	60.728
551.5	1.3571174098673753	140.703
552.0	1.6995815760885389	70.48
552.5	2.2077056691172356	91.18
553.0	1.4555852872501747	120.857
553.5	1.6353506763755925	90.487
554.0	1.9893986948620876	113.173
554.5	1.5167562651941981	140.911
555.0	2.137237765832379	80.945
555.5	1.6066081639378997	130.919
556.0	1.786650783976378	171.069
556.5	2.418416689265103	70.914
557.0	2.400588367549482	50.671
557.5	1.2531290588703399	70.379
558.0	2.0659933223008684	90.25
558.5	2.5730339443600343	75.795
559.0	1.954996519081345	101.085
559.5	1.5962637756497602	111.929
560.0	2.1776104120967625	68.564
560.5	1.729887634377873	80.482
561.0	2.015090427004575	60.643
561.5	1.9446501359405595	60.374
562.0	1.5110650176961886	49.988
562.5	2.8357372626159587	70.453
563.0	1.6957175692629685	130.746
563.5	2.028407885734263	101.328
564.0	1.644071862118885	140.937
564.5	2.0548356348216186	60.387
565.0	2.231906315556492	92.186
565.5	1.9393064538813398	141.469
566.0	2.2618712977041517	110.907
566.5	1.9410884966332984	150.784
567.0	1.7532800178896664	45.526
567.5	1.583259533612168	70.277
568.0	1.6918588673224535	102.311
568.5	1.7867860338094683	61.392
569.0	1.6136564001533795	70.56
569.5	2.4704751959266273	70.615
570.0	2.1707993940525743	70.13
570.5	1.5684535023403152	70.608
571.0	1.517488684646119	131.1
571.5	1.9663898506164919	59.715
572.0	1.584126480948711	100.399
572.5	1.9865760413171571	63.842
573.0	1.0358247270471355	110.822
573.5	1.6003892399992843	70.428
574.0	2.2960505122708783	80.318
574.5	2.2529075415558593	131.471
575.0	1.587547690388585	110.913
575.5	2.2466141115697154	121.112
576.0	1.800437796573329	130.647
576.5	2.2289474953955044	81.0
577.0	0.8640366342301716	120.885
577.5	2.370747346362481	70.483
578.0	2.041283253554701	60.431
578.5	2.2347086122314086	60.732
579.0	1.5806894648886405	100.875
579.5	1.447941188613578	100.708
580.0	2.115504656548737	90.621
580.5	2.200951728726135	80.619
581.0	1.5149488039228238	60.439
581.5	2.303892047455525	60.354
582.0	1.8909944062380157	44.309
582.5	2.382291599368686	117.898
583.0	2.164965748300514	70.407
583.5	1.7083232841092393	80.589
584.0	1.9951798469092408	48.93
584.5	1.8667098730775316	151.013
585.0	1.5701986567324877	50.693
585.5	1.9223515757652616	112.447
586.0	1.7261018086793263	110.805
586.5	1.6895882533839413	70.569
587.0	2.0154340112738587	100.722
587.5	2.3414943961852313	81.0
588.0	1.4076029297880202	151.085
588.5	1.5137101267694872	45.306
589.0	1.776339895142411	110.934
589.5	1.6761197778804564	130.825
590.0	2.126398873988218	138.306
590.5	1.4159115414270154	90.827
591.0	1.4114759534145533	110.615
591.5	1.5214865742727877	110.777
592.0	2.4721459012975133	40.813
592.5	1.4743339364358645	100.591
593.0	1.800155869359967	59.394
593.5	1.99861795408928	80.555
594.0	2.5886955623629886	78.539
594.5	1.510793514991664	60.415
595.0	1.8744310736756487	70.438
595.5	2.7624171559820394	80.276
596.0	1.7695305550650333	90.561
596.5	1.4931506887385375	40.877
597.0	2.2275339960062226	60.963
597.5	1.2715055813559335	67.835
598.0	2.06851401146702	100.625
598.5	1.2921621963444871	110.915
599.0	2.012405266456575	60.291
599.5	2.6211347783915593	70.377
600.0	1.792110275929664	80.771
600.5	1.9426855809373915	120.952
601.0	1.7985547435646863	130.978
601.5	1.7850035453042499	70.439
602.0	1.6572701258864688	100.737
602.5	1.274506480371825	70.442
603.0	2.81654964351445	111.746
603.5	2.236689196310426	61.931
604.0	2.045389025631108	70.481
604.5	1.7724276401131875	50.302
605.0	1.6021201262567464	99.272
605.5	2.446274476238014	80.598
606.0	2.034014192758373	90.634
606.5	1.4357251955843022	80.625
607.0	1.7245587643554758	130.943
607.5	2.01984012351386	100.401
608.0	1.6957684874091965	131.318
608.5	1.5200949794282954	70.418
609.0	2.4746341311109457	161.751
609.5	1.974831416134019	90.023
610.0	1.4660633466409436	51.218
610.5	2.3516404131344473	60.189
611.0	1.7454970936922827	66.777
611.5	2.211079986144578	60.352
612.0	1.9798168873541817	74.581
612.5	1.9868103921472566	100.513
613.0	2.0245634649115622	80.925
613.5	1.86096540096301	84.148
614.0	1.6948359455931552	121.183
614.5	1.985050958534531	70.442
615.0	2.538360193750776	110.496
615.5	1.8408133320799431	80.6
616.0	2.1399250011449844	146.883
616.5	2.150147634960091	141.062
617.0	1.4273574260802566	80.644
617.5	2.0639176380250035	40.467
618.0	1.5725176308818507	61.378
618.5	1.5616172505076191	60.435
619.0	1.7579819040897182	100.602
619.5	2.208968098430328	60.643
620.0	1.6750734254608164	80.534
620.5	2.2257943521561354	110.953
621.0	1.431936413426537	90.689
621.5	2.5267404731683807	60.414
622.0	1.1370819523358375	50.374
622.5	2.1796336488450723	140.818
623.0	2.220707794852178	70.761
623.5	1.8827005511583323	71.219
624.0	1.3788183774350973	40.953
624.5	1.8571077142806376	105.763
625.0	2.000804922085853	129.333
625.5	1.9550981755969947	80.53
626.0	1.3204571105684304	101.562
626.5	2.0413722394720337	80.503
627.0	1.866097697272438	70.448
627.5	2.049545180122024	60.558
628.0	1.1982310159333263	65.076
628.5	2.4030349199112457	50.376
629.0	2.102187444889563	70.365
629.5	2.1036236122679273	111.195
630.0	1.711652775682825	51.218
630.5	1.685732796323902	40.533
631.0	2.5821977506101854	50.567
631.5	2.0193991058405594	80.646
632.0	2.1381506180342895	97.908
632.5	1.8037484351812276	70.59
633.0	2.135138492486267	50.105
633.5	2.528328157649841	110.593
634.0	1.7822738217755225	90.709
634.5	1.8887847249613863	60.203
635.0	1.512366111486285	161.233
635.5	2.3913948014253354	70.496
636.0	1.9783385095907777	50.153
636.5	2.2816273154294757	100.646
637.0	2.799936913343417	80.343
637.5	1.798011924222352	120.836
638.0	2.3502541764473546	70.379
638.5	2.2466910575981958	181.437
639.0	1.461391025887315	80.599
639.5	2.11793136134292	70.449
640.0	2.3203676701811324	81.034
640.5	1.4978973069534287	124.149
641.0	1.7906760280073917	60.349
641.5	1.6096857944524818	110.73
642.0	2.0864483365968676	55.75
642.5	2.40396868350609	70.299
643.0	1.9907246906532625	100.774
643.5	1.5393152343087255	110.757
644.0	2.688917226439893	110.702
644.5	1.5296168636278926	110.742
645.0	2.148882376522349	119.842
645.5	1.5759150293209097	80.655
646.0	1.469554675317407	77.214
646.5	2.5591837864635365	122.319
647.0	1.7702342577964858	66.179
647.5	2.083687041991966	79.501
648.0	1.6486032348021353	70.717
648.5	1.8414655049211481	151.653
649.0	1.6365928932467089	140.998
649.5	2.064665431882514	90.67
650.0	1.2112858811600142	100.761
650.5	1.6154490727192903	84.342
651.0	1.5201331537939837	60.4
651.5	2.0062359123142404	70.451
652.0	1.7953332348602342	181.595
652.5	1.593001649985676	120.91
653.0	2.2814659365997905	130.826
653.5	2.139877025352613	141.086
654.0	2.404851676402412	80.484
654.5	1.1234500024961296	65.598
655.0	1.7795904986387243	79.976
655.5	1.9004262595707042	80.618
656.0	1.8779770235101056	80.709
656.5	1.4921802406295208	131.008
657.0	1.5639400491553888	127.206
657.5	1.3101226861165212	60.544
658.0	2.050861328921233	94.351
658.5	1.899815976430964	71.244
659.0	1.6049549427055796	60.753
659.5	1.5521826494891	60.448
660.0	1.031828695597366	80.285
660.5	1.7903907698760753	60.902
661.0	1.6806268054478841	90.481
661.5	1.969624523220464	80.839
662.0	2.008670122533093	70.445
662.5	2.075080813128066	100.428
663.0	1.742712754845953	120.409
663.5	1.5985834117025886	120.749
664.0	1.9205449277559752	80.51
664.5	1.483023898868244	49.658
665.0	1.1063514990045271	83.712
665.5	2.3200847076540367	80.647
666.0	1.5791797848120832	90.328
666.5	2.2052189367050827	131.119
667.0	1.4796422032477436	141.049
667.5	1.4636161638284437	130.941
668.0	1.587881660209608	90.479
668.5	2.0750640115700527	171.827
669.0	1.458723816952085	80.689
669.5	2.1746392195400213	47.952
670.0	2.3381510387897	100.626
670.5	1.5531742142186096	151.444
671.0	2.055045324694481	80.787
671.5	2.608088826175008	80.637
672.0	2.031241705599275	131.026
672.5	1.5336473924609189	90.505
673.0	1.6851826178063347	115.635
673.5	1.7545283417909978	50.836
674.0	1.864570713570146	110.708
674.5	1.702494849897876	80.414
675.0	1.9518123647711476	70.504
675.5	2.523934530567699	70.508
676.0	1.438760517521764	100.583
676.5	1.290431729567481	67.872
677.0	1.7796358079592893	110.75
677.5	1.6787922822733994	150.823
678.0	1.828424768627383	60.355
678.5	1.9655770460501165	71.095
679.0	1.452017226950452	66.844
679.5	2.3906206607673988	110.353
680.0	2.1129974485975	140.944
680.5	1.7583062454142895	131.258
681.0	2.0253889536793066	50.522
681.5	1.8227672139174702	76.098
682.0	1.8258490112786612	90.533
682.5	1.5170469901793944	150.954
683.0	1.7868784223724747	47.641
683.5	1.71550896921537	40.896
684.0	3.0589163464853155	100.791
684.5	1.3907824069814945	38.175
685.0	2.0264196974641866	71.047
685.5	2.015942735345588	55.759
686.0	1.773691589799349	69.978
686.5	1.45080786257904	118.89
687.0	1.3367795384552477	170.48
687.5	2.0131633312618784	60.991
688.0	2.6560833554776613	101.296
688.5	1.3111037696805885	91.016
689.0	1.902473303561905	51.075
689.5	2.3040806271034464	164.311
690.0	1.6804587464129306	90.737
690.5	1.5373532558004388	64.27
691.0	2.5249662073583954	171.376
691.5	2.0169444017483857	72.363
692.0	2.230015108371838	55.939
692.5	1.5790884376153231	60.502
693.0	1.8880210334537995	80.691
693.5	2.173328623017567	120.97
694.0	2.157706216176599	151.035
694.5	1.5404749199161314	132.531
695.0	2.0603746511129497	129.881
695.5	2.488579177646297	120.937
696.0	2.2911262990745023	80.746
696.5	1.1778208883753685	39.962
697.0	2.5477382029611624	75.207
697.5	1.9499571418092585	61.129
698.0	2.283214719946036	80.352
698.5	1.3503629634853154	90.823
699.0	1.5015656574921228	80.633
699.5	2.4308562081655376	100.601
700.0	2.1422076189057604	89.884
700.5	1.3268772516693916	68.373
701.0	2.2961544138856707	111.105
701.5	1.2153345209834479	93.711
702.0	2.125871031125964	80.615
702.5	1.8817980980576192	90.004
703.0	1.293347038888115	100.832
703.5	1.8474171663406387	100.509
704.0	1.4787302263613207	50.641
704.5	1.7005179543170952	114.947
705.0	2.0760780168010156	100.793
705.5	1.5651725563240817	72.543
706.0	1.9854356919934684	100.675
706.5	2.541318399644765	80.632
707.0	1.3884341387013999	110.898
707.5	1.5110301615603567	140.985
708.0	1.3412970897433252	50.682
708.5	1.8461671319978048	80.597
709.0	2.0770796469536696	130.966
709.5	2.3200959595014083	54.927
710.0	1.3533142058906127	69.4
710.5	1.4284572814612078	80.52
711.0	1.9508452908075506	130.675
711.5	2.346376114414355	61.02
712.0	1.5953792292034914	101.037
712.5	1.912744703715392	90.221
713.0	1.8612707470684977	44.802
713.5	1.8323328740617881	65.079
714.0	1.646148827542042	62.506
714.5	2.4680000892513037	71.094
715.0	1.3806051510500836	70.812
715.5	2.3216031089345015	55.7
716.0	1.288662391797542	60.332
716.5	1.729958879664918	80.366
717.0	2.305902062629997	60.198
717.5	1.432249633491766	60.322
718.0	1.8930102288809074	86.932
718.5	1.9465381133187787	100.746
719.0	2.0256169021569135	70.477
719.5	2.42291122251633	60.271
720.0	1.6830900068716137	120.798
720.5	2.2798400566158654	68.599
721.0	2.1170181629345155	111.229
721.5	1.6018145301397406	66.948
722.0	1.9865743191536787	70.565
722.5	2.664101047317953	80.372
723.0	2.0989171283778956	40.924
723.5	2.287174397154938	91.224
724.0	1.6749750311699443	110.88
724.5	1.9722852371491237	50.173
725.0	2.6592447438624727	90.938
725.5	1.1328433600584091	60.454
726.0	1.4447071560840734	52.849
726.5	2.633366464117491	100.863
727.0	1.8305403421282356	130.872
727.5	1.9095535252200504	70.417
728.0	2.143697089431122	83.286
728.5	1.3063441851470055	70.477
729.0	1.679291477764819	138.401
729.5	1.7119147351994337	100.605
730.0	2.073477663973749	80.423
730.5	1.9704797582402573	121.217
731.0	2.898075449920403	40.772
731.5	1.2858001262872276	60.034
732.0	1.797933860148893	80.614
732.5	2.2193114771379556	100.884
733.0	1.7135149480426828	81.829
733.5	1.219512235551375	150.375
734.0	2.7120264385389765	60.634
734.5	1.5004548577852574	130.739
735.0	2.4739320592789227	101.219
735.5	1.2904985820643475	121.364
736.0	1.8631359884595076	80.57
736.5	2.221549993392756	80.674
737.0	1.8040731370101009	70.452
737.5	1.772559316716741	137.457
738.0	1.5494877339438895	60.921
738.5	1.7924730416242034	54.192
739.0	1.9712629885038606	40.639
739.5	1.9665257578915656	80.657
740.0	2.230695457923311	91.024
740.5	1.9761270770890893	60.48
741.0	1.4469445606583935	161.291
741.5	2.2207135938392324	100.575
742.0	2.2757881116144136	90.252
742.5	1.32954241052555	120.877
743.0	2.1532646826678055	100.624
743.5	1.629648801497515	126.59
744.0	1.626515801374529	60.516
744.5	2.3905426283214357	74.951
745.0	2.22862681740499	82.032
745.5	1.5789354518382857	120.905
746.0	2.2038485520249966	80.522
746.5	2.338776085195019	50.526
747.0	1.3982954711556552	110.778
747.5	1.9866296376695765	100.896
748.0	2.460560008689374	81.101
748.5	2.4858863778673075	101.546
749.0	1.4058286665293198	60.288
749.5	1.8301981246667012	101.174
750.0	1.7468895576966958	70.438
750.5	1.8881877104759084	100.284
751.0	1.615306539266722	103.783
751.5	2.7288943396372014	110.901
752.0	1.5875926490355872	70.559
752.5	2.013820499153841	70.414
753.0	2.685595412382328	83.954
753.5	1.6463280190607485	80.618
754.0	2.1709698129038357	100.644
754.5	1.7435132323133093	95.666
755.0	2.1525777346169988	141.361
755.5	1.3859873919199395	60.567
756.0	2.3784081662842507	147.22
756.5	1.5762751894531577	80.493
757.0	2.273652386915426	53.919
757.5	2.022677672510149	50.699
758.0	1.820289042428677	100.897
758.5	2.380091262098623	70.79
759.0	1.6201963654948648	112.491
759.5	2.4241556086251914	80.675
760.0	2.009050051359524	129.68
760.5	1.330493957375648	130.859
761.0	1.3833496352702697	60.718
761.5	1.7984443406596462	109.321
762.0	1.8602662280327924	70.658
762.5	1.7426826293838116	60.69
763.0	2.202715285725001	60.727
763.5	2.0684161404664563	90.989
764.0	2.2469698781041463	141.054
764.5	1.759649700124563	76.941
765.0	2.3135322929940134	122.801
765.5	1.8030556106640987	46.723
766.0	1.728239250074538	50.225
766.5	1.9449781143183642	100.937
767.0	1.9020334196994886	70.262
767.5	2.1172881343202055	102.727
768.0	2.0665200454219934	60.496
768.5	1.9945647168940168	50.397
769.0	1.67405984003067	60.419
769.5	1.9531948543895352	110.974
770.0	1.8250190463999276	64.949
770.5	1.6219793144318815	109.631
771.0	2.2174234935931834	120.843
771.5	1.6994246499833878	70.69
772.0	1.5158415765923603	171.256
772.5	2.3207727734510444	101.01
773.0	2.0939259767084106	69.174
773.5	2.385752250758513	80.359
774.0	2.5000420788612034	93.664
774.5	1.511424568285067	111.009
775.0	1.6028988271879059	157.656
775.5	2.332109721244947	131.694
776.0	2.0377368982999466	160.587
776.5	1.3429148134900384	57.107
777.0	1.6993391038872439	80.593
777.5	2.3452540174002423	70.692
778.0	1.5962347937120782	100.767
778.5	2.2526259476487818	103.817
779.0	1.9569275829238508	90.49
779.5	2.0612105791395874	100.603
780.0	2.2258558697071424	55.07
780.5	1.7905424309693603	100.592
781.0	2.310087292524631	105.069
781.5	1.7076456689053297	140.96
782.0	1.5182015071959898	90.596
782.5	1.6699513256910485	90.505
783.0	1.7265663640164846	80.587
783.5	1.9494680584505177	115.773
784.0	2.4868708803473325	129.883
784.5	1.9478458292362917	50.013
785.0	2.231787271090302	80.611
785.5	1.908971985788058	80.458
786.0	2.075876619448228	80.831
786.5	1.9755470089148661	70.532
787.0	2.422765645156428	90.668
787.5	1.5030094043174036	140.9
788.0	1.4899380137772724	100.621
788.5	1.8001278177932032	44.459
789.0	1.6481627942820158	86.642
789.5	1.743974293646991	61.716
790.0	1.611599248818764	50.34
790.5	1.8676070601268595	70.4
791.0	1.8343124018167836	60.242
791.5	2.232060244160674	40.706
792.0	1.2321942405437698	100.571
792.5	2.7062265885512886	70.672
793.0	1.9706196770002262	121.03
793.5	1.7949900279417292	70.519
794.0	1.7103183036163454	70.514
794.5	1.8078885170858667	90.557
795.0	1.8089019272995241	80.51
795.5	1.8316177777108176	49.507
796.0	2.2833566820213433	72.512
796.5	1.9803130141330094	114.74
797.0	1.6953094982162538	50.394
797.5	2.0229035297094335	80.48
798.0	2.484458107047711	130.834
798.5	1.6522947755675264	71.969
799.0	2.520027295137169	90.387
799.5	1.6499289166629385	50.378
800.0	1.6353041523044882	140.898
800.5	1.8557452689706562	60.68
801.0	2.4055172448209037	100.43
801.5	1.169680158295137	151.325
802.0	1.8244346190525758	70.371
802.5	2.3641556043164442	64.596
803.0	2.231443023995797	70.525
803.5	1.5363469677393227	111.607
804.0	2.2629513159690333	130.927
804.5	1.809482197873927	120.97
805.0	1.8260054220037585	63.462
805.5	2.4279644230055784	50.615
806.0	1.6774405309919844	60.395
806.5	1.6244289693454934	126.486
807.0	1.5084457785465866	80.641
807.5	1.6042625947923943	85.599
808.0	1.8776610142271921	69.607
808.5	2.0133518467804716	111.073
809.0	2.2248084087601327	111.047
809.5	1.323321171886017	60.352
810.0	2.024867891053691	60.343
810.5	2.149839484789497	50.94
811.0	1.7496884563063873	72.384
811.5	2.03810725045749	131.829
812.0	1.4300790634206197	130.91
812.5	2.3074831104787075	60.746
813.0	1.1824871748474648	120.666
813.5	1.8003340027063333	70.445
814.0	2.0410859119912006	138.842
814.5	1.5351659699797113	101.022
815.0	1.3030952538154608	47.603
815.5	1.60479039972731	70.539
816.0	1.5244440383481903	100.515
816.5	1.7768133057238722	90.733
817.0	2.1398985681446376	121.115
817.5	1.362319709455474	69.606
818.0	1.7973607593520897	80.508
818.5	1.7652010070397908	68.103
819.0	1.6020354090532505	132.992
819.5	1.5799858007038698	70.254
820.0	2.0486353400838406	40.477
820.5	1.4530362663504228	80.647
821.0	1.879424480331297	130.947
821.5	1.4882089126407223	90.5
822.0	2.269666658812905	100.826
822.5	1.66252983081064	100.741
823.0	1.2869384508348742	60.5
823.5	2.379926690461756	60.378
824.0	3.064451035488627	171.728
824.5	1.4413397019109635	150.979
825.0	1.0409785407594465	104.722
825.5	2.1521567729576594	60.596
826.0	1.4737658937166345	69.541
826.5	2.509332478628574	50.472
827.0	1.3000830678853315	70.526
827.5	1.7667906518885617	50.957
828.0	2.1142801565330522	80.838
828.5	1.7711394783356236	131.726
829.0	1.5430899299962852	96.629
829.5	2.016970050113916	61.115
830.0	1.4132894213444793	70.499
830.5	2.042859154614314	101.115
831.0	1.6510476541251045	100.771
831.5	2.162623549811847	90.704
832.0	2.3082502656267128	80.547
832.5	2.3818201629537814	140.974
833.0	1.4288956923109803	139.288
833.5	1.57739642580328	81.143
834.0	1.910360819063138	70.442
834.5	1.7883724336215117	130.81
835.0	1.4833205788296688	104.166
835.5	1.7610052908986906	47.935
836.0	2.0033980310186825	83.545
836.5	1.4112064549687084	110.821
837.0	1.7939034328507104	70.964
837.5	2.0308856990995277	121.425
838.0	1.4849366548244722	140.803
838.5	1.9338485752935737	100.796
839.0	1.4496084699937852	70.03
839.5	2.229860702587377	80.942
840.0	1.793028263344352	60.46
840.5	1.8087648710417517	119.865
841.0	1.5702159357261825	103.166
841.5	2.125854096219993	70.923
842.0	1.7061549169630337	171.424
842.5	1.6559719445696701	135.595
843.0	2.670967719152396	60.898
843.5	1.74497134778884	43.266
844.0	2.5612973698390475	123.865
844.5	1.6833871409606578	60.608
845.0	2.6383223196003125	60.805
845.5	1.5587399640187172	110.863
846.0	2.8803072030865486	145.097
846.5	1.5331097929235984	69.317
847.0	1.7620071272878555	60.812
847.5	2.7312536157146075	151.945
848.0	1.6112235415197271	70.518
848.5	1.5408154423730316	80.605
849.0	2.0695769972153153	74.729
849.5	2.09521592903654	110.852
850.0	1.910483086628983	84.076
850.5	1.9599562312990177	55.608
851.0	2.203595672700433	80.866
851.5	2.022331879355414	60.668
852.0	2.3838302989286793	70.839
852.5	1.804653086607642	70.684
853.0	2.4266553966283193	131.773
853.5	2.112798981178979	90.889
854.0	1.6028719887021936	80.59
854.5	2.008236380711783	60.304
855.0	1.8317573060078087	64.726
855.5	1.9830478930844242	110.089
856.0	1.71990046028163	130.997
856.5	1.6504160044363219	70.298
857.0	2.8824616252022577	60.967
857.5	2.1818293500132184	110.84
858.0	1.4335840370451756	90.707
858.5	1.6072149350159695	51.536
859.0	1.9296860893675611	67.019
859.5	2.2494114699754464	91.16
860.0	1.683951403776046	120.957
860.5	1.8199812127686041	130.799
861.0	1.7526058190214615	130.92
861.5	2.3921125120316407	70.415
862.0	1.995158174945817	90.988
862.5	1.4758793881756314	53.968
863.0	1.8691213278139687	130.681
863.5	1.9901854093846074	64.601
864.0	1.426972357383069	70.627
864.5	2.525713209655451	101.359
865.0	2.4361925766221812	110.965
865.5	1.7228048931998903	55.382
866.0	1.6453450213589802	70.393
866.5	1.8813511229333229	131.073
867.0	1.7362570644093787	90.549
867.5	1.6212039407998746	140.862
868.0	1.7174075513591396	56.079
868.5	2.267376172156486	69.151
869.0	1.912867968992344	90.425
869.5	2.4174218967163252	111.1
870.0	1.7811061936332861	70.848
870.5	2.263050214709463	120.761
871.0	2.5761837366247704	60.114
871.5	1.714695559178034	151.027
872.0	1.8165245473557499	140.815
872.5	2.1199464249542563	140.988
873.0	2.0910127190436842	70.453
873.5	2.8068300549945513	56.669
874.0	1.5014789443420395	50.609
874.5	2.453899998887322	60.787
875.0	1.9214985035770422	60.437
875.5	2.3565981532090454	80.672
876.0	1.6029851723921624	70.536
876.5	1.5881815254107334	80.601
877.0	2.1422237139057025	171.45
877.5	2.523189912929263	152.354
878.0	2.018443918343866	131.569
878.5	2.060030731047224	60.418
879.0	1.7444269950778268	50.93
879.5	2.201075564421496	43.646
880.0	2.2947014715351055	138.57
880.5	2.2508039317135986	72.472
881.0	1.9141282957585721	80.415
881.5	1.7738804200203928	60.443
882.0	1.374103188928589	70.46
882.5	2.2965661697954123	80.422
883.0	2.179392994230706	101.082
883.5	2.324617105931838	60.395
884.0	2.2145437714221905	100.729
884.5	2.5359836098870097	80.982
885.0	1.5973991982525275	100.543
885.5	1.496786419288789	100.691
886.0	1.882224899671975	80.746
886.5	1.7118512814305828	120.001
887.0	1.6697635178431856	80.449
887.5	1.9989939455302936	90.774
888.0	1.708167864010896	100.691
888.5	2.3504955164007777	101.133
889.0	2.478458753056195	162.034
889.5	2.080887716670683	51.104
890.0	2.2479399974648198	101.831
890.5	1.5542684658339552	49.77
891.0	1.4056611389771225	63.578
891.5	2.3227248716441316	99.343
892.0	2.1021488449922776	80.714
892.5	2.307481743818801	101.052
893.0	1.403491569527474	110.824
893.5	1.4933481449636339	90.653
894.0	2.0145700124211223	108.539
894.5	2.2632877820315644	130.067
895.0	2.1201478549402797	60.654
895.5	1.762516405534627	70.78
896.0	1.9991934383006582	100.824
896.5	1.6723489509100429	70.364
897.0	2.5083472941774465	131.465
897.5	1.031963138064284	60.628
898.0	2.154495593611373	60.606
898.5	1.468418347636366	60.531
899.0	2.166247719739224	41.509
899.5	1.631224375098142	60.546
900.0	2.316193280759467	47.557
900.5	1.986663553616208	60.341
901.0	1.6662100265393804	80.779
901.5	1.9641259953181596	80.471
902.0	2.109279082434451	140.76
902.5	1.3979838714355153	161.517
903.0	2.98459376239065	100.467
903.5	1.2135226246304418	130.719
904.0	1.6060589065728714	70.724
904.5	2.2695769498471394	65.811
905.0	2.6199799750671935	48.808
905.5	1.3662171978132103	80.747
906.0	1.248486213446041	80.926
906.5	1.9966388217638986	140.745
907.0	1.9622076745178874	51.152
907.5	2.8266100906536398	102.054
908.0	1.6407218952572804	100.666
908.5	1.9385760481551777	50.381
909.0	1.8178333720280009	120.005
909.5	1.6647500726101474	80.577
910.0	1.7795016930310554	70.399
910.5	2.0840212212787366	70.696
911.0	2.0095563578410185	57.042
911.5	1.9234128203614536	80.575
912.0	1.772586513083326	60.748
912.5	1.8150957930832097	69.427
913.0	1.7889370993766278	80.54
913.5	1.4314023500804511	90.773
914.0	2.045169538839784	70.423
914.5	2.2145381834958533	110.852
915.0	1.5283570168125005	130.845
915.5	1.7057844887320548	131.047
916.0	1.7249432110286913	91.255
916.5	1.9372951040984134	63.644
917.0	2.4139515955995896	141.927
917.5	1.729948837708658	110.877
918.0	1.6531006778380763	94.087
918.5	2.527609628499503	130.794
919.0	1.5172108092675594	50.32
919.5	1.766168501802198	66.361
920.0	1.8230285674249997	49.829
920.5	2.4493367544261457	80.718
921.0	1.9593731237493817	81.057
921.5	1.5255668717249051	60.581
922.0	1.8848053416200603	90.592
922.5	1.7493956768804704	110.981
923.0	1.751817104283442	60.615
923.5	2.372789187162588	70.342
924.0	1.6242363701975413	120.947
924.5	2.832791089988859	91.486
925.0	1.0958556889832107	101.046
925.5	1.9228937788562799	131.238
926.0	2.0294999705245154	111.978
926.5	2.4196624153195754	131.08
927.0	1.3010547152535428	60.5
927.5	2.1742826375386484	100.568
928.0	2.1372222438302764	110.989
928.5	1.862587609519776	54.946
929.0	1.2956606539296456	110.597
929.5	1.9582056061978532	61.336
930.0	2.490229134559107	50.261
930.5	2.318995193226737	171.269
931.0	1.1877682149089477	70.79
931.5	2.05026772394544	110.875
932.0	2.0064874453982138	70.552
932.5	2.5023498753621327	70.602
933.0	1.3336603196566772	122.681
933.5	1.6039200995934757	70.339
934.0	2.5726686773505	90.499
934.5	1.9890926808097704	80.664
935.0	1.9999532046251562	60.624
935.5	2.0230083230929488	60.344
936.0	1.9809447797138033	120.563
936.5	2.447710761452331	49.701
937.0	1.6958676986144812	80.403
937.5	1.825794174336293	89.55
938.0	1.8627231376119138	112.47
938.5	1.7966877010880082	65.782
939.0	2.1731331044610824	68.902
939.5	2.5911711255504493	98.927
940.0	1.809155929453075	70.601
940.5	1.3440807030385968	112.439
941.0	2.0945987589176993	80.92
941.5	1.5506595518852768	70.814
942.0	2.4878912174663537	121.682
942.5	1.24847821195546	100.746
943.0	2.3231543165562014	124.732
943.5	2.048108346271002	80.898
944.0	1.9139820828218514	150.82
944.5	1.6719968827338751	100.652
945.0	2.0404497388985856	90.586
945.5	2.2560684255687273	91.648
946.0	1.5891682126136655	58.94
946.5	1.7043341175440931	100.682
947.0	1.834994378371333	150.968
947.5	2.2771991321402836	40.109
948.0	2.2690666613072072	121.606
948.5	1.4204090405258833	80.61
949.0	2.13453828795033	90.604
949.5	2.5260480608889213	101.042
950.0	1.5388381303274936	111.002
950.5	1.4411829121931754	50.702
951.0	1.6916276489745552	70.382
951.5	1.7755863305489572	84.824
952.0	1.999233245478843	59.495
952.5	1.206722117214486	80.218
953.0	2.5386047155495284	107.556
953.5	1.9164115095585543	110.594
954.0	1.641875664776761	80.611
954.5	1.3045139940370352	80.567
955.0	2.297781439890903	50.456
955.5	2.674745176526311	79.077
956.0	1.6893335298461436	80.625
956.5	2.060887259121542	56.403
957.0	2.2201686269697736	60.408
957.5	2.0689037861599737	70.694
958.0	1.4707808577726198	60.509
958.5	1.3474389264374484	80.481
959.0	1.80813814707284	131.051
959.5	1.6987645137400955	131.063
960.0	1.750155256668431	70.618
960.5	1.6395908198511033	141.458
961.0	1.5584428239616905	60.877
961.5	1.701563263454954	141.495
962.0	1.563922966440597	130.835
962.5	0.7580741523664623	110.761
963.0	2.305134321406814	130.929
963.5	1.5256696740552884	57.223
964.0	1.513497502949329	152.263
964.5	1.3536686583582154	121.384
965.0	1.5877127190873133	72.198
965.5	1.8953479149963368	90.299
966.0	1.0167801593337538	151.067
966.5	1.8514156217227935	61.586
967.0	1.523246148104254	100.506
967.5	2.5677939762463002	64.079
968.0	0.7370744455541175	83.442
968.5	2.2790904457704624	111.206
969.0	1.418881415673736	70.565
969.5	1.5440717982422534	100.664
970.0	1.4897011531347863	109.701
970.5	1.4582188965239498	120.718
971.0	2.2276912982720147	141.123
971.5	1.554167108107099	111.301
972.0	2.148941787171115	100.777
972.5	2.0498823229358916	70.773
973.0	1.8062053692071953	110.873
973.5	1.2235446416871683	110.783
974.0	1.9126508272521878	90.424
974.5	2.028113787395149	70.688
975.0	1.3693384010814746	141.047
975.5	1.8613791370019197	60.27
976.0	3.0445435231121323	50.839
976.5	1.515356955755903	130.927
977.0	2.3391173823071765	90.748
977.5	1.4609174522904078	82.141
978.0	1.9810360687782764	90.635
978.5	1.5925488114182884	141.111
979.0	2.252178925739631	112.363
979.5	2.0248483801773243	130.136
980.0	1.2776521142783597	110.682
980.5	1.4465406619753591	141.018
981.0	1.9979337734818163	131.028
981.5	1.3767060712812098	60.582
982.0	2.303962479577081	79.698
982.5	2.4222783804929477	90.573
983.0	1.873093570793283	67.675
983.5	2.200830298268562	80.518
984.0	1.9951093941429896	70.548
984.5	2.196671877205871	70.439
985.0	2.102632177993631	60.555
985.5	1.6297630980931255	110.62
986.0	1.780617907919676	90.587
986.5	2.819522015677564	100.965
987.0	1.6618550723026317	100.662
987.5	1.7591018415180775	60.692
988.0	2.0158617466742084	70.521
988.5	1.7120368201720675	153.203
989.0	1.9088244826132788	100.751
989.5	2.2962682584933876	80.537
990.0	2.0016143734241894	130.863
990.5	2.2610402041300732	80.428
991.0	0.9832779815943256	48.625
991.5	2.0941882368736375	72.023
992.0	1.8888453134428727	100.618
992.5	2.681379130271718	140.659
993.0	1.6295186348371928	161.337
993.5	1.4879212275878761	90.605
994.0	2.290174024897804	110.948
994.5	1.970343973537354	110.997
995.0	1.8643667502986643	110.561
995.5	2.2690325456584906	131.087
996.0	1.982761669479786	90.524
996.5	2.026485508135112	70.452
997.0	1.5816085781811307	109.76
997.5	2.184601660304278	70.239
998.0	2.0608876512260315	60.479
998.5	1.6362532067514164	80.682
999.0	1.837978855548922	54.556
999.5	2.6446199591464015	60.684
1000.0	2.058173847159468	60.456
