0.5	2.110411363108189	60.106
1.0	2.4765320141926703	40.596
1.5	2.4491274340248594	53.831
2.0	1.9314658993615363	41.207
2.5	1.8690831963738108	40.253
3.0	2.446079868999052	40.242
3.5	1.4240305721963864	110.631
4.0	2.04012123123081	60.395
4.5	1.9521337488769905	80.572
5.0	1.5295013971230953	19.986
5.5	2.0751222895265187	35.965
6.0	2.142643704701715	30.902
6.5	1.4751730135402816	40.255
7.0	1.44236923440258	61.05
7.5	1.6311848129047666	73.341
8.0	1.9321472013531618	91.865
8.5	1.57325604188347	85.503
9.0	1.526145920538109	43.044
9.5	2.0857478418633484	30.198
10.0	2.054989856449509	30.139
10.5	2.4276532545730576	80.284
11.0	1.5711967085545901	20.105
11.5	1.7542502268768194	90.742
12.0	1.7117247655612817	60.706
12.5	1.8128133543188873	242.44
13.0	1.779759479285757	80.743
13.5	1.9776364687317243	80.817
14.0	2.046286551198642	63.638
14.5	1.521160212438029	30.191
15.0	1.5749163870397036	90.509
15.5	2.156398607515971	80.726
16.0	1.6652314238449506	80.733
16.5	1.6894194039658652	71.561
17.0	1.6410254026653672	138.843
17.5	1.8589966466276175	60.202
18.0	1.6266426483835676	30.22
18.5	1.9476861611747114	70.316
19.0	2.399955460304405	70.343
19.5	2.066000627980235	19.157
20.0	1.643821578144433	90.639
20.5	1.9846833762983205	90.666
21.0	1.4256816808805801	41.041
21.5	2.146136588753769	12.867
22.0	1.9866159988893761	64.73
22.5	2.1336031597878438	71.747
23.0	2.1268141339714655	82.709
23.5	1.4507444428478604	31.259
24.0	2.0714085278998695	100.54
24.5	1.8682314003530036	60.254
25.0	2.424123315613387	60.363
25.5	1.924561824557254	60.321
26.0	2.198831538518164	80.615
26.5	1.7191973829795009	50.37
27.0	2.1739359747028777	75.849
27.5	1.6219192429581006	70.439
28.0	1.925187867751798	70.488
28.5	1.5578229628775737	70.43
29.0	1.418070988318738	131.246
29.5	1.9317973241635937	25.581
30.0	1.7583553780035537	20.054
30.5	1.979840536873116	160.688
31.0	2.189838126510188	100.762
31.5	1.5418572902363994	64.198
32.0	2.091443351626884	11.684
32.5	2.4161944127185615	70.6
33.0	2.1875594642600897	30.208
33.5	1.7735364060660903	55.246
34.0	1.7899990234204657	100.619
34.5	1.5836200331329038	66.836
35.0	1.6128144526398613	80.957
35.5	1.7904083549346466	70.497
36.0	1.7011704390352682	40.17
36.5	1.811274025388736	121.134
37.0	2.2244727970846103	117.909
37.5	2.15474678818394	33.974
38.0	1.8515148959857974	20.348
38.5	2.309314988766145	60.632
39.0	2.568506364389477	20.438
39.5	1.1770777130857066	110.729
40.0	1.2372985520244137	110.759
40.5	1.4622336201262986	110.721
41.0	2.290303958099372	56.714
41.5	1.712312163437973	50.363
42.0	2.3235852539035093	52.89
42.5	2.090841912604931	10.148
43.0	2.08193941761024	70.531
43.5	2.5945921894427615	30.308
44.0	2.2566512133971117	20.2
44.5	2.171597891370214	41.613
45.0	2.303834286388191	62.715
45.5	1.3731059810849853	31.55
46.0	1.249176960549513	64.273
46.5	1.3212568041769854	30.498
47.0	2.067523700462803	191.913
47.5	2.2617334801716513	66.443
48.0	1.7627608576002936	77.317
48.5	1.9348884344746502	70.385
49.0	2.776683741824977	36.433
49.5	1.7838588706423038	70.471
50.0	2.082494626475852	80.426
50.5	1.9683800252562582	10.875
51.0	1.9721760274226552	80.3
51.5	1.2326836988639915	70.517
52.0	1.1917717643039722	68.583
52.5	1.3916585684218006	70.482
53.0	1.5960933264275043	128.858
53.5	1.9555354967381176	120.738
54.0	2.30464517738285	50.392
54.5	1.5394144252401636	90.455
55.0	1.6020669122579445	90.548
55.5	1.7663262341709196	90.404
56.0	2.422834788079444	87.844
56.5	2.2143369117223832	93.951
57.0	1.7746926774871847	115.387
57.5	1.5825611888743274	57.32
58.0	1.3476438748884627	82.339
58.5	1.6011873699482007	51.531
59.0	2.1117662266440727	18.39
59.5	1.8521964322933713	30.197
60.0	2.3284464721665628	70.359
60.5	2.4120297892243547	12.08
61.0	2.2663120317934276	77.619
61.5	1.7911928035835851	76.773
62.0	1.6427615255405197	50.262
62.5	2.095029478723458	49.832
63.0	1.7611570629451974	56.345
63.5	1.5776904237997504	30.196
64.0	1.7990832660615985	33.981
64.5	1.641601057488808	131.23
65.0	1.5703850505064345	110.897
65.5	1.9974283871174503	110.808
66.0	1.5713566632835074	54.728
66.5	2.2392753946329553	60.468
67.0	2.01082422125032	60.475
67.5	2.1484716932148773	60.492
68.0	1.8803152144188446	60.208
68.5	2.3881346834656956	60.433
69.0	1.9803006703198827	20.088
69.5	1.8237976054595848	121.34
70.0	2.4517471706793814	121.397
70.5	2.546788347698298	11.511
71.0	1.847702981914039	85.45
71.5	1.6350998305603839	31.87
72.0	1.6440469720888538	111.776
72.5	1.9228612213858502	76.145
73.0	1.799470838246844	30.177
73.5	2.494658589503607	98.962
74.0	1.7021443730283072	70.415
74.5	1.861452903128231	70.427
75.0	1.4562947560001251	70.365
75.5	2.142689737543114	44.041
76.0	1.759805756901823	120.856
76.5	2.109773011382396	140.345
77.0	2.2374570537870007	70.341
77.5	1.7306228027909374	70.418
78.0	1.6659631148503906	75.542
78.5	2.548945322219496	20.105
79.0	2.3804921449063805	30.22
79.5	1.890606500382482	80.714
80.0	2.011252810323517	181.749
80.5	1.5928533288841682	60.426
81.0	1.649671356473189	137.134
81.5	1.7092999053984328	143.997
82.0	2.4655530320635215	74.233
82.5	2.032341339397896	66.828
83.0	2.4644196418999784	101.154
83.5	2.5596519823815767	20.3
84.0	2.6753771209475867	54.623
84.5	1.6948729484107041	70.412
85.0	1.6741390878702795	50.447
85.5	1.7504008567728124	70.356
86.0	2.104214167713109	40.114
86.5	2.4017354493458587	40.203
87.0	2.4151500450147174	11.006
87.5	1.4441781777100728	30.715
88.0	1.828922239846925	44.392
88.5	1.780409026633285	110.989
89.0	2.284824908256024	90.666
89.5	1.9273655661529727	70.565
90.0	2.259046520706909	60.36
90.5	1.6976101777559787	80.441
91.0	1.629479217290829	60.493
91.5	2.244700785736092	80.48
92.0	1.8592104022379705	63.492
92.5	1.6144158834557067	38.859
93.0	1.8374211197924852	31.568
93.5	1.768686083983315	60.526
94.0	1.9619816129569247	82.437
94.5	1.9378292995072275	34.643
95.0	1.7670997461439506	81.808
95.5	2.0832281218092263	50.365
96.0	2.2600458338746354	50.387
96.5	1.5962062306363611	50.422
97.0	2.1292475057449916	46.905
97.5	1.7659327289659161	110.88
98.0	1.565983218942268	232.272
98.5	1.5266796036811547	60.278
99.0	1.7334112316039931	141.808
99.5	1.9794854326465106	87.58
100.0	1.5279756179824546	90.9
100.5	2.286251046984473	161.21
101.0	1.6992573230354462	90.616
101.5	2.063765113377589	216.705
102.0	1.615464547276263	130.942
102.5	2.1052852268650195	40.339
103.0	2.1632708110526027	121.394
103.5	1.9641824649618418	86.217
104.0	1.5242553127441167	80.682
104.5	1.1494002416022677	60.527
105.0	1.6079372091216668	100.391
105.5	1.9068224653392098	60.338
106.0	1.9287508180325867	60.319
106.5	1.750184960576373	60.305
107.0	1.5635225930434908	116.755
107.5	2.087795927310644	110.591
108.0	1.851168806082669	110.839
108.5	1.8521344692517399	90.715
109.0	1.9037164541549139	70.598
109.5	2.108814918338277	65.051
110.0	1.7816456579615536	74.509
110.5	1.9373258230370771	80.525
111.0	2.108473819317902	20.147
111.5	2.274751790623824	110.617
112.0	1.8833284853778194	110.596
112.5	2.224225574063884	110.544
113.0	2.4556694234640304	50.329
113.5	2.1766865345966337	50.377
114.0	2.2395808635809114	62.539
114.5	2.121034565007318	161.216
115.0	1.998770628244355	80.464
115.5	1.5093171670025065	80.506
116.0	1.7661125673231794	80.574
116.5	1.3567525912772833	80.63
117.0	1.3293959020035142	80.629
117.5	1.8412395329802402	13.583
118.0	2.335306750945398	30.18
118.5	2.2888427516667273	50.037
119.0	1.844245448446598	71.586
119.5	1.9083368315405704	110.876
120.0	1.5978527585737974	110.897
120.5	1.800241730587972	80.54
121.0	1.7712335224266194	50.431
121.5	2.522795552886492	115.519
122.0	1.5439268968470539	20.091
122.5	2.404842856504657	80.843
123.0	1.4687649301296102	20.229
123.5	1.5808750939694678	20.422
124.0	2.344180043502552	80.6
124.5	2.031177062600179	20.458
125.0	1.8743821175306787	60.473
125.5	1.4501640352121221	40.409
126.0	1.7740733560971829	60.285
126.5	2.2744520620762234	60.325
127.0	1.8815719067585777	90.578
127.5	1.7286653749159204	90.647
128.0	1.8915041333293574	80.517
128.5	2.3380070861125066	80.527
129.0	1.9944009007549122	80.626
129.5	1.976522173321408	110.775
130.0	1.5495261251006665	72.419
130.5	1.534120583307286	70.272
131.0	2.313411906005167	30.48
131.5	2.055289723574814	41.342
132.0	2.0790746092228938	26.051
132.5	1.5507865922496722	70.55
133.0	1.9540895630030581	60.215
133.5	1.9190980730907254	62.435
134.0	1.8499807188926294	151.896
134.5	2.492255719732326	161.866
135.0	1.6870989632797986	19.469
135.5	2.270488557331165	80.78
136.0	2.638478689162883	73.872
136.5	1.4991016104936488	120.783
137.0	1.6371397258317657	88.044
137.5	1.5511090401002208	100.683
138.0	1.8776527350336312	50.228
138.5	1.9615898954753819	110.442
139.0	1.5530086493322386	70.535
139.5	1.7683143689188907	50.751
140.0	2.2104242571079427	120.903
140.5	1.944647585789748	72.827
141.0	2.3527168092743707	40.295
141.5	1.7041749445267975	49.707
142.0	2.095514496069923	30.169
142.5	1.7602240922296304	25.266
143.0	1.4989704160900705	70.286
143.5	1.5833788544491505	30.2
144.0	2.2423989265807527	80.65
144.5	1.8697642369629461	30.112
145.0	1.459449728871574	75.646
145.5	2.265489762033007	70.556
146.0	2.1280464931959497	70.36
146.5	1.5309673849815593	80.381
147.0	2.1116772636513095	50.373
147.5	1.5006917505436568	80.685
148.0	2.3342382827604373	90.527
148.5	1.5270382677663934	24.749
149.0	1.7760723114444728	42.161
149.5	1.9577736722610704	100.796
150.0	1.7854893609157836	110.726
150.5	1.8133593813887487	59.697
151.0	2.0576286170478997	70.354
151.5	2.0276230254485608	140.952
152.0	2.1655542953047284	70.561
152.5	1.266093597171824	100.663
153.0	1.8296811713595909	78.105
153.5	2.1005578641352214	35.095
154.0	1.5415426418768734	106.757
154.5	1.4775437375261635	41.771
155.0	1.7237806295422178	110.791
155.5	2.124452493214505	40.308
156.0	2.014671114793099	65.209
156.5	1.6559993316259058	87.424
157.0	1.8521240258610527	80.43
157.5	2.154998788415408	54.446
158.0	2.459055123169961	70.603
158.5	1.6767981283876465	80.257
159.0	1.7950066416565134	141.107
159.5	1.6507315326419973	90.473
160.0	2.0498078264452047	60.41
160.5	1.2826093122294926	120.736
161.0	2.1504940991593897	37.788
161.5	2.266741622756654	40.308
162.0	1.7424681444369465	100.697
162.5	1.962390009849272	50.36
163.0	2.512128697847109	72.956
163.5	1.5443061871826451	71.473
164.0	1.635247136578544	50.72
164.5	1.5143032968803327	62.582
165.0	2.1431289738618107	71.416
165.5	2.358513405684596	60.32
166.0	1.532544992842132	111.82
166.5	1.5195686785566849	91.741
167.0	2.3043198178809057	74.481
167.5	2.033479111358666	51.189
168.0	1.8755036842479347	42.098
168.5	1.673679389588039	90.667
169.0	2.0809519887061785	80.493
169.5	2.328212258885325	20.951
170.0	2.0503363853005374	70.527
170.5	1.6701893384657431	71.849
171.0	1.4424354723536363	80.596
171.5	2.1069099356773116	60.483
172.0	1.8696881397412348	98.151
172.5	1.6398164126728134	110.658
173.0	1.6181329511132043	54.312
173.5	2.3039624753736905	135.088
174.0	1.5073634622196186	110.337
174.5	2.262806042246833	60.298
175.0	2.4928844608584084	101.457
175.5	1.923978706089506	80.579
176.0	1.5609116614731293	21.779
176.5	2.253098736486015	95.71
177.0	1.7731038721786905	40.367
177.5	2.005982698410049	21.618
178.0	1.9780268159209304	121.196
178.5	1.3300068687174573	60.473
179.0	2.0662307774264144	80.596
179.5	2.2465818384325797	61.711
180.0	1.9086198154160319	31.802
180.5	2.379834326947438	54.439
181.0	1.5715850485531573	32.625
181.5	1.702244307676219	64.443
182.0	0.15483140961148217	15.654
182.5	1.2887455495443079	23.356
183.0	10.24621524057095	100.632
183.5	2.037670357813496	44.016
184.0	1.880951869729119	50.357
184.5	2.2919864622092048	50.255
185.0	1.7323136514720279	100.543
185.5	1.7825122004772036	50.012
186.0	1.8234357378031685	70.476
186.5	1.0442000711899564	100.531
187.0	2.072142967101918	131.199
187.5	2.3830591262801226	20.862
188.0	1.7577006968185696	50.269
188.5	1.4642968493081325	110.83
189.0	2.749688913349628	50.429
189.5	1.8138873408049687	43.04
190.0	1.3221952661916043	110.721
190.5	2.355752903866831	50.309
191.0	2.429855123289797	40.567
191.5	0.17822697264777526	20.594
192.0	1.6599262318874408	110.495
192.5	7.652587702640776	138.37
193.0	2.0038240070313025	50.294
193.5	1.6905504623110383	100.835
194.0	1.9939293517314245	80.615
194.5	2.5523921676148	70.069
195.0	1.8283210116298565	90.568
195.5	1.9319388200611456	151.707
196.0	2.0705500059575823	100.515
196.5	2.00947926219953	40.412
197.0	2.177209714935126	69.95
197.5	1.4395467041216246	30.263
198.0	2.0889160879374176	75.008
198.5	1.9944075569937243	130.839
199.0	2.1475222160857617	22.849
199.5	2.2217840668495343	209.653
200.0	1.977208254040724	80.587
200.5	2.1963545801107816	187.367
201.0	2.0587226983529368	112.367
201.5	1.5268335720857122	141.107
202.0	1.8228235667452553	110.615
202.5	1.9590083514856045	80.43
203.0	1.518765976205339	70.468
203.5	2.55532835857755	264.991
204.0	2.5950816326611186	151.221
204.5	1.6843775567697445	158.529
205.0	0.8554221270871198	90.559
205.5	1.378288799886038	109.713
206.0	1.549710451523416	61.043
206.5	2.191997497489841	50.22
207.0	2.335802619392893	46.151
207.5	1.5379859235047848	248.748
208.0	1.3782826196124196	60.362
208.5	1.7093903134099557	102.197
209.0	1.8314579563153184	90.751
209.5	1.8320769310192655	141.079
210.0	1.6672791789178438	105.322
210.5	1.359393373347164	29.426
211.0	1.507787414200421	31.751
211.5	2.050101821621471	20.168
212.0	1.2431858186319127	23.213
212.5	1.3779863240295764	40.322
213.0	1.456368221269464	121.041
213.5	1.8078075082835465	131.559
214.0	2.075424573169427	30.135
214.5	1.918088870906724	153.831
215.0	1.7523935836992952	70.586
215.5	1.7929958114212945	60.543
216.0	1.5215933213351056	100.573
216.5	1.4446510782473336	40.251
217.0	2.364511655245861	62.535
217.5	2.1961560428931923	60.539
218.0	2.2121110846386167	30.298
218.5	1.728749519650546	30.276
219.0	1.6541010257018451	110.505
219.5	1.4042551350603136	110.552
220.0	1.1983594545383098	110.763
220.5	1.1309105652097646	90.609
221.0	2.322725902009099	103.76
221.5	1.7524329649336756	167.621
222.0	1.6995118165764218	120.799
222.5	1.637769833040818	338.239
223.0	1.55943301260252	538.044
223.5	1.8300109675785792	60.49
224.0	1.188440953923708	141.045
224.5	1.5455922775466804	169.666
225.0	2.0810387915009514	29.592
225.5	2.1848690564739415	60.313
226.0	1.7003085609386508	90.681
226.5	1.6835455005905864	40.884
227.0	1.7829443064858306	15.972
227.5	1.8522602841476326	52.874
228.0	1.54284679756172	80.626
228.5	2.1783849067121577	80.378
229.0	2.3472168773573934	93.507
229.5	2.241169247629535	60.478
230.0	2.1294947526282235	50.25
230.5	2.0175747295098247	59.023
231.0	2.402307764529229	34.395
231.5	2.281964831960244	90.817
232.0	1.6231140999716338	72.646
232.5	1.745492501345517	60.412
233.0	2.4838003001820703	70.31
233.5	2.2601005475661538	70.409
234.0	2.676008279015913	90.947
234.5	2.6636465586367395	111.119
235.0	1.7575203382393825	80.181
235.5	1.8022439284140688	80.07
236.0	1.8156613860306994	30.226
236.5	1.82137578503572	161.909
237.0	0.1475757239468521	29.669
237.5	1.6233930938938133	110.753
238.0	1.6301412238692703	114.45
238.5	5.03007751254928	70.813
239.0	2.363096827582253	69.31
239.5	2.1039429687627034	141.328
240.0	2.217559265652022	95.284
240.5	2.001113967256443	60.789
241.0	2.4593790024654307	40.21
241.5	1.602357212016383	403.618
242.0	1.030481704018843	43.794
242.5	1.3479280949949255	110.844
243.0	1.7914301899162544	264.962
243.5	1.593064074605371	30.544
244.0	1.427997444632608	42.653
244.5	1.839147614530616	132.472
245.0	1.3097514913543364	138.248
245.5	1.2171792732491855	21.633
246.0	1.6625730389861533	322.731
246.5	1.487200249751129	20.467
247.0	1.615436307767346	141.039
247.5	2.024576703733976	90.961
248.0	1.4147817065338049	110.797
248.5	1.4915968043204337	110.901
249.0	1.2068108693022745	428.045
249.5	2.2768018161112993	211.867
250.0	2.5765966029477276	95.232
250.5	2.225665586742456	531.091
251.0	1.8214333004572376	80.591
251.5	2.101252435736399	81.478
252.0	2.4559141418040906	251.609
252.5	1.856960324801502	19.389
253.0	1.4785733566354358	106.72
253.5	1.7454722144969703	286.617
254.0	1.268418412505466	131.02
254.5	1.6075405478533322	58.868
255.0	1.2253284840077818	525.628
255.5	1.7064535351452907	70.574
256.0	1.4678074763074394	70.641
256.5	2.234163641095426	393.482
257.0	1.9429966420602338	80.412
257.5	1.8485004453698912	43.925
258.0	0.16130085991819454	25.694
258.5	1.9669054668679737	98.706
259.0	2.0817338838314257	50.309
259.5	1.9240095899327339	50.245
260.0	9.562810049421863	50.487
260.5	1.4162142099692117	60.412
261.0	1.4025653074706583	22.954
261.5	1.7999547828483478	60.223
262.0	2.133977290651759	70.439
262.5	1.8262486840023997	70.704
263.0	2.1855048079596613	40.335
263.5	2.6034009358433012	40.268
264.0	1.806689095271857	16.18
264.5	2.1312507996657506	100.91
265.0	2.1662533384784375	90.685
265.5	1.8787302882756618	70.548
266.0	0.1331478844472006	30.345
266.5	1.9898998786177495	100.852
267.0	2.128669006312746	70.502
267.5	1.4779393539524985	70.588
268.0	8.54805508359514	87.532
268.5	1.2759248003911587	60.27
269.0	1.962660176979146	37.848
269.5	1.8941087525671843	26.693
270.0	1.751180244754096	100.821
270.5	2.677765567862868	20.328
271.0	2.107822583958456	26.92
271.5	1.8782730910740892	30.202
272.0	2.285720484625978	50.033
272.5	1.7717179745389193	45.876
273.0	1.6699430093770606	70.62
273.5	2.184209967093903	40.346
274.0	1.757409731245297	40.412
274.5	1.9797231159494757	141.013
275.0	1.9203116400930005	59.875
275.5	1.9951759872706294	130.858
276.0	1.8575733946385025	67.147
276.5	2.028756687180063	57.204
277.0	1.7458501115083664	68.735
277.5	1.9607130063968023	65.937
278.0	2.1207589422753514	30.007
278.5	2.8310534442862516	67.957
279.0	2.4948034327817394	161.388
279.5	2.321346426477762	37.949
280.0	2.5570277698232973	14.643
280.5	1.4388731277385503	50.028
281.0	1.5225317267256302	26.986
281.5	1.9124981039217839	101.743
282.0	2.2369773993641386	25.915
282.5	1.6944448996181998	67.702
283.0	2.075719831965255	60.465
283.5	2.055717328531039	379.493
284.0	1.162954681642031	82.931
284.5	1.6374458519683526	14.286
285.0	1.6806074026000648	71.237
285.5	1.4623951268339692	50.405
286.0	1.3301325596750204	87.337
286.5	1.3788672396501649	71.351
287.0	1.1625895988759372	81.472
287.5	1.5683110374425149	120.181
288.0	2.2563757486340195	70.633
288.5	2.3187670029276064	25.094
289.0	2.552891135799199	70.979
289.5	1.7858283160498536	123.426
290.0	1.8720190417395957	70.457
290.5	1.0052630136253766	140.763
291.0	1.011286558254335	50.392
291.5	1.0434595760990368	322.712
292.0	1.4767989149230216	33.807
292.5	1.7674296090182529	30.188
293.0	1.4440735227962653	32.742
293.5	1.9493461927321776	50.324
294.0	1.761703749405888	72.994
294.5	2.128651793336198	30.158
295.0	2.533682038223127	100.241
295.5	2.0194796436812994	16.408
296.0	1.573671285096526	77.691
296.5	1.2698219238425914	110.796
297.0	1.4648373054051782	110.84
297.5	1.5944950395677995	110.819
298.0	1.4138400389029553	60.517
298.5	1.4417705995354118	84.519
299.0	1.1994372744621535	101.669
299.5	1.653770776398947	74.682
300.0	2.191095405933862	102.27
300.5	1.6333109032503788	70.316
301.0	1.640093745344119	70.265
301.5	1.634987209119673	70.312
302.0	1.7495388274650834	80.577
302.5	1.6893584583603503	30.215
303.0	2.1162997601523634	60.269
303.5	2.3064487935436717	60.008
304.0	2.091255065886576	124.799
304.5	1.7320918751889018	60.498
305.0	1.7663705971040229	69.965
305.5	1.8756924601759908	60.548
306.0	1.5909616293888733	17.714
306.5	1.1986582116466336	151.916
307.0	1.0725786036494542	100.72
307.5	1.0774785273189322	19.182
308.0	1.8397983877068431	90.47
308.5	1.8693583039955841	20.115
309.0	1.380075695523678	130.659
309.5	1.5786595056028665	130.88
310.0	1.7326031910997926	20.233
310.5	1.6867898100366543	90.491
311.0	1.9542959213259958	90.501
311.5	2.28263839315405	50.4
312.0	1.7583436891695194	80.602
312.5	1.9072916303637353	40.057
313.0	2.1671205267041356	33.403
313.5	1.882492118309468	143.904
314.0	1.3642827009013845	70.195
314.5	1.5358119403674664	111.034
315.0	1.547658353693647	111.084
315.5	1.6398619989960073	78.739
316.0	2.3322937846431464	80.412
316.5	1.8660358586831365	42.877
317.0	2.0150920221459914	90.47
317.5	1.8156647729158049	28.156
318.0	2.184249539271139	110.851
318.5	1.8477461046594157	80.328
319.0	1.8077918126132553	40.244
319.5	2.293278595305227	23.912
320.0	1.886967360661485	20.251
320.5	1.7238644051391365	80.617
321.0	1.7491401696277662	50.265
321.5	1.833359028825572	60.876
322.0	1.3543345448866313	41.803
322.5	1.3578912211870349	120.569
323.0	1.2606170757869533	120.609
323.5	1.2678259699623868	120.786
324.0	1.9320624870171341	20.068
324.5	2.277320817088835	17.502
325.0	2.0080328472472786	90.284
325.5	2.701753037423567	40.717
326.0	2.3996475465460354	81.367
326.5	2.372433294775781	80.589
327.0	1.913928412838126	80.428
327.5	1.758475430522495	103.341
328.0	1.5172988614042693	90.663
328.5	1.8526889194912943	38.208
329.0	1.8383336055721577	55.766
329.5	1.7532283413136804	20.117
330.0	1.2491226446053008	21.899
330.5	1.7796388661317122	70.43
331.0	1.4418306782809331	30.176
331.5	1.387416068549365	62.783
332.0	2.4167924839516335	90.404
332.5	2.499873216378161	20.1
333.0	2.5434515146004197	91.284
333.5	1.8727666257363926	91.196
334.0	0.15185399795815357	10.32
334.5	2.314885091685592	110.721
335.0	2.028700015730205	40.207
335.5	2.0572661775495016	40.222
336.0	1.9992101942443528	40.262
336.5	5.665694333879748	100.794
337.0	2.433489594135274	90.645
337.5	1.9891854425390951	100.695
338.0	1.8667731883205991	175.972
338.5	2.0523242344052175	100.641
339.0	2.0917798275873563	103.164
339.5	1.0638547126405702	30.254
340.0	1.8040566235072095	70.468
340.5	1.702094657517239	91.003
341.0	1.9265127113331009	69.474
341.5	1.6060383559447333	40.213
342.0	1.5087190930618426	80.187
342.5	1.4368704798716614	80.119
343.0	1.5185051982751572	80.271
343.5	1.6342694432924938	80.131
344.0	2.156147270863276	12.231
344.5	2.612679493001415	77.165
345.0	2.555984287175268	50.229
345.5	1.9142179372355872	21.998
346.0	1.9227619612883307	50.765
346.5	2.1245870153073154	50.465
347.0	1.500590680920875	70.324
347.5	1.48092273810219	155.124
348.0	1.166220801039549	70.372
348.5	1.1890218689937844	117.885
349.0	1.2430886393061142	52.886
349.5	1.5077839655829384	39.502
350.0	2.186532128070829	131.059
350.5	2.148435214018567	67.84
351.0	1.8688144483000486	71.191
351.5	2.1469048159015194	90.782
352.0	1.680111360731391	23.469
352.5	1.9484458650028909	170.901
353.0	1.7199305893678904	170.961
353.5	1.7792524711538913	28.089
354.0	1.2173584066550647	126.448
354.5	1.8209926602435647	106.143
355.0	2.150801151015342	60.447
355.5	2.0665111822512725	80.623
356.0	1.9359571121390493	30.959
356.5	3.143040935416315	40.398
357.0	1.3772119775978586	50.428
357.5	1.7875137265485401	50.473
358.0	1.6073076260201902	27.768
358.5	1.6310504544024416	84.407
359.0	1.2249713507486262	11.828
359.5	1.8730733934556814	55.729
360.0	2.392785414026622	90.942
360.5	2.221655598440766	59.194
361.0	2.0545284654717286	201.66
361.5	2.2398380605261536	80.199
362.0	2.1810537650228814	90.319
362.5	1.873461512061652	25.049
363.0	1.6628706793769865	130.961
363.5	1.6202288856015932	90.394
364.0	2.4446028958451347	52.171
364.5	2.2196129711035293	91.122
365.0	2.333577320654308	50.154
365.5	1.8704401286900871	50.333
366.0	1.9208485912328537	50.232
366.5	2.0616949686676476	31.127
367.0	1.9519092190504947	46.549
367.5	2.1842206936795865	90.808
368.0	1.93847037245388	80.44
368.5	1.9155475615493671	47.993
369.0	1.7917522807616992	70.191
369.5	1.718451283357404	50.382
370.0	1.573853803701873	50.387
370.5	2.1306089230469274	50.41
371.0	2.129738713338398	60.357
371.5	1.8853964586246454	80.714
372.0	1.6603879461479754	110.588
372.5	1.3691204074306762	70.56
373.0	1.7889451956460127	70.495
373.5	1.6452967607413043	45.286
374.0	2.01171636272539	70.602
374.5	2.272582945603126	168.633
375.0	1.653115314098536	120.695
375.5	1.9810879979298783	120.858
376.0	1.97541244383817	120.892
376.5	2.2333170712968733	9.205
377.0	2.0422023604643766	102.436
377.5	1.435583699377703	90.334
378.0	1.8557246918760033	73.14
378.5	1.218728476260926	39.5
379.0	1.8282129788741872	70.269
379.5	1.8381020847238951	79.791
380.0	1.7469887894048497	70.126
380.5	2.158645826637225	9.454
381.0	2.289359048934347	103.762
381.5	2.3969586563775733	101.763
382.0	1.7273702448128399	103.458
382.5	1.912653048578657	91.463
383.0	2.5598628405190373	50.729
383.5	1.7796472050805248	80.949
384.0	1.8684256306446203	79.168
384.5	2.109467304034597	100.846
385.0	1.7734228060528892	90.652
385.5	1.7740474374113404	27.495
386.0	1.3851791147734993	84.133
386.5	1.812306107921384	80.4
387.0	2.231891070780606	66.71
387.5	2.0159453124576663	30.167
388.0	1.941631260027989	30.206
388.5	2.2569664926979507	20.319
389.0	1.711627419720611	70.478
389.5	1.9546234646224177	59.684
390.0	1.4475813791970689	70.615
390.5	0.13558303452933892	10.44
391.0	4.858179241597569	50.315
391.5	0.9663871493042285	50.33
392.0	0.15321865424786574	24.047
392.5	3.2937264266415323	151.005
393.0	1.0595502781203945	100.512
393.5	0.14904931830289928	100.856
394.0	4.17280667478465	319.404
394.5	0.1720485908283781	8.819
395.0	5.67898744941333	50.45
395.5	1.104655287991413	50.53
396.0	0.1397762607825065	38.31
396.5	11.687021040232155	82.335
397.0	2.5351665589313996	80.373
397.5	2.3483711850683475	35.438
398.0	2.0928444146239245	90.722
398.5	2.448927911844249	31.78
399.0	2.4567544836093074	60.345
399.5	1.9575149690548566	110.949
400.0	1.8821209309899227	80.545
400.5	1.3371096174905335	130.779
401.0	1.5719075472209476	90.237
401.5	2.513495650918013	50.304
402.0	1.4399642288104304	122.214
402.5	1.3784770899768295	70.539
403.0	1.5009179968407729	80.412
403.5	2.437748211959094	72.331
404.0	1.393401895506122	64.76
404.5	1.9022462525672101	90.584
405.0	2.374391488110214	103.957
405.5	2.206274845632862	70.534
406.0	1.9019465443024832	32.166
406.5	2.454555050326271	96.914
407.0	1.790359109226223	79.266
407.5	2.2179775659805365	36.519
408.0	2.4493927314824067	100.841
408.5	2.338654570373654	84.666
409.0	1.9795997641372645	48.364
409.5	2.2088994524228958	62.344
410.0	1.826576361521141	83.982
410.5	1.5871204268477066	120.891
411.0	2.2557182735819388	60.213
411.5	1.8461455863988636	90.584
412.0	1.9023589711029716	138.807
412.5	1.4413483888842051	70.506
413.0	2.250427227672365	50.291
413.5	1.3645638129396669	29.77
414.0	1.645636178872928	70.263
414.5	1.944751639385209	80.91
415.0	1.5662440351977713	63.842
415.5	1.3171065555155135	98.342
416.0	1.42478985880703	80.484
416.5	1.6199911398255202	104.445
417.0	1.8292515079394114	40.359
417.5	1.834898188458805	90.743
418.0	1.5809524783318163	86.811
418.5	2.546472515194086	60.609
419.0	1.9932030056937693	120.826
419.5	1.7794536037328328	109.412
420.0	2.310856856910341	70.569
420.5	1.694605842144408	70.577
421.0	2.3675303876625207	80.707
421.5	1.9924643522054892	105.285
422.0	1.4860749888580087	80.487
422.5	2.429987674130765	60.472
423.0	2.311044868964012	130.83
423.5	1.9961230735973958	86.325
424.0	1.9896562098982664	90.504
424.5	2.2578046594295342	100.454
425.0	2.4411089778751225	43.855
425.5	1.6541817830312733	140.712
426.0	2.1662576391780495	50.313
426.5	1.6532547752491524	150.899
427.0	1.7466711122621468	41.348
427.5	1.805476572754114	70.582
428.0	1.4176287065213498	62.142
428.5	1.328466238877947	77.356
429.0	1.9509082222946346	110.828
429.5	1.5609420215451473	115.44
430.0	1.7882211860558155	100.747
430.5	1.9066775571413046	68.157
431.0	1.8743617357665125	91.189
431.5	1.4737367028732524	60.494
432.0	1.998846071086408	100.557
432.5	2.398925714702378	90.722
433.0	2.5060423924003867	116.757
433.5	1.9389426721377003	95.314
434.0	2.174393537202676	80.51
434.5	2.3034782705895167	102.777
435.0	1.257850343234559	45.851
435.5	1.9065782748833835	66.454
436.0	1.9962232965006121	90.455
436.5	1.7860545145498807	80.436
437.0	1.490044938834687	121.179
437.5	1.6130609927118493	70.986
438.0	1.948524469922912	50.32
438.5	2.3692142692121014	60.759
439.0	1.3639127323954918	70.367
439.5	1.496280335731833	120.832
440.0	2.165615360349425	90.599
440.5	2.1116751219231733	70.286
441.0	2.1373825496128793	22.658
441.5	1.7719597290553835	90.332
442.0	2.023388785535264	50.468
442.5	1.821435457627975	60.788
443.0	1.4978664283506549	120.771
443.5	1.7019677076771813	80.768
444.0	2.0064967791287796	50.399
444.5	2.3594272656493978	81.024
445.0	1.1463659161396593	100.427
445.5	1.6906806167387058	91.098
446.0	1.7267149491886724	30.212
446.5	2.3701950031054615	70.995
447.0	1.8494789810333083	107.064
447.5	1.7831287571585408	97.944
448.0	1.9842237363036204	61.298
448.5	1.7977787117502735	110.625
449.0	2.3679222809073326	120.613
449.5	1.4815622423014743	40.232
450.0	2.2769824593350436	106.649
450.5	1.4386995063762438	100.91
451.0	2.1094157013227015	90.663
451.5	2.203364726037765	90.895
452.0	1.771894078879109	80.53
452.5	2.2836024998435853	90.521
453.0	1.8860674789666485	80.609
453.5	2.2627555582898022	45.034
454.0	1.5278497954219428	59.021
454.5	2.1434940571221026	60.27
455.0	2.2396548340535944	26.273
455.5	2.3602327163205628	105.643
456.0	2.0073339309031835	89.837
456.5	1.7483377689880384	120.924
457.0	1.889262858585013	86.88
457.5	2.3845040981542533	50.518
458.0	1.3677113522198248	90.627
458.5	1.9477205629373187	60.747
459.0	1.8429264839042276	110.866
459.5	2.1816282012025505	48.863
460.0	2.347800939501658	104.147
460.5	1.679589134617465	120.958
461.0	1.812788493701689	68.349
461.5	2.3981054574527882	50.585
462.0	1.5588154910049838	80.553
462.5	1.9383390635631705	70.851
463.0	2.0018495998072297	50.177
463.5	1.7417325259355851	120.926
464.0	1.8061892166334805	140.856
464.5	1.599071332236387	141.082
465.0	2.168033638619733	32.176
465.5	2.685951303297273	80.603
466.0	2.3941171863879807	110.976
466.5	1.4279811992622142	65.688
467.0	2.4557232379238316	83.888
467.5	2.123166734900788	42.71
468.0	2.499428227833245	60.509
468.5	1.8225147037827054	32.142
469.0	1.7859250047771573	128.592
469.5	1.8109545044789939	122.693
470.0	1.70721370813886	120.942
470.5	1.95203408127034	110.614
471.0	1.800113913650871	113.758
471.5	1.466809521565061	30.909
472.0	1.7206227415717197	80.557
472.5	1.3369899750813024	79.492
473.0	1.8527299141875568	80.331
473.5	2.357770553801247	80.769
474.0	1.9520724244035126	80.966
474.5	1.9463542251664547	90.502
475.0	1.8293557714518098	60.318
475.5	1.9172757520905785	50.689
476.0	2.0433570391592277	48.698
476.5	2.2721852893884757	60.516
477.0	1.8583096734079163	60.365
477.5	1.9642906750195572	60.224
478.0	2.0877720261801804	61.586
478.5	2.276745275803692	60.415
479.0	2.3843918047167962	67.268
479.5	1.646519636573672	80.464
480.0	1.8390722010791531	80.63
480.5	2.2123650332633242	111.17
481.0	1.5207661038451832	56.05
481.5	1.9396644785691717	78.842
482.0	1.6191973238711497	83.397
482.5	1.6221205727159473	90.448
483.0	2.1878032186962795	90.631
483.5	2.0388471305730103	90.508
484.0	2.007363831821891	131.302
484.5	1.68293461040204	81.868
485.0	1.9318447402191417	60.488
485.5	1.906172639231101	90.652
486.0	1.6001336563304351	98.274
486.5	2.5145687947993234	51.89
487.0	1.6145795630666544	79.82
487.5	1.7692676563192657	120.698
488.0	1.5762068475570206	66.133
488.5	1.6597885044230478	70.651
489.0	1.665998887473748	61.064
489.5	2.392695768074236	100.59
490.0	1.7284573011410118	95.318
490.5	2.0097222107814345	60.411
491.0	2.2255143778916846	36.445
491.5	1.6966993111545936	117.115
492.0	1.868380222371818	110.922
492.5	1.6883742541385311	75.629
493.0	2.119035873776676	53.901
493.5	1.8626082937257455	100.659
494.0	1.5620036734314557	83.126
494.5	2.154380492907252	66.675
495.0	1.890354776930662	40.279
495.5	2.0191705653518435	40.247
496.0	1.571248152912704	110.698
496.5	1.6696906765625883	86.664
497.0	1.9925612539237558	81.005
497.5	1.5219339203027142	69.416
498.0	2.290047243583489	70.471
498.5	1.8734169609420244	73.271
499.0	1.7177780353333583	47.362
499.5	2.394147258315162	86.895
500.0	1.5187210025577231	100.732
500.5	1.8132236500302217	100.573
501.0	2.3401362564784374	85.581
501.5	1.3896463252079858	110.848
502.0	0.1582643011250042	41.109
502.5	5.913595727148629	50.147
503.0	1.5173348157420448	171.849
503.5	1.9680960216950119	80.561
504.0	0.162661289939943	34.897
504.5	8.453190673049695	61.67
505.0	2.328308458059267	77.853
505.5	2.512848441224153	80.866
506.0	2.104931296575152	126.47
506.5	0.13557788927479372	35.604
507.0	6.3168079550745135	80.504
507.5	1.8132203253632684	115.0
508.0	1.785060130540079	111.064
508.5	1.9504567491751854	50.534
509.0	0.17232779696554892	93.782
509.5	2.6122332847292196	20.127
510.0	0.6562963961148495	84.725
510.5	0.779702265118745	89.028
511.0	0.8860022857191328	120.957
511.5	0.6849951998609919	38.993
512.0	1.4990424498834614	20.065
512.5	0.7573225275402011	120.776
513.0	0.8097061425226433	20.987
513.5	1.1796802293484352	70.41
514.0	0.8550017528186661	60.499
514.5	1.142248241866344	120.811
515.0	0.67261021554721	38.639
515.5	0.7268793493926214	80.482
516.0	0.6759695390753518	70.483
516.5	0.1678588733909198	99.06
517.0	0.40696356843834086	328.776
517.5	1.4699565671220565	1231.978
518.0	0.4505703303557631	843.859
518.5	0.4137077557890801	119.596
519.0	0.14445845366638435	39.823
519.5	5.4413769579438656	120.864
520.0	0.8467255450346357	171.228
520.5	1.228113350109203	133.669
521.0	1.1934133793709665	60.367
521.5	1.2760104827204535	141.2
522.0	0.7738187736243857	34.005
522.5	0.9142869729918337	70.533
523.0	1.1212267786253738	120.985
523.5	0.9072938438940819	78.228
524.0	1.0920216716807631	70.809
524.5	0.69045072488324	65.453
525.0	1.2383852641935642	41.89
525.5	1.1264578266210736	66.55
526.0	1.0080937868888211	120.843
526.5	0.9579571194756468	110.806
527.0	0.8782085587481318	90.915
527.5	1.003169549358698	130.941
528.0	0.9943275962312115	80.595
528.5	0.8752728337426009	103.258
529.0	0.8112980858864496	40.284
529.5	0.9645469016277368	70.671
530.0	0.6252785021469047	39.779
530.5	0.891951734302091	116.025
531.0	1.0496704890936273	50.561
531.5	0.9533542850182523	90.693
532.0	0.8646510492806093	67.556
532.5	0.7046966860139099	55.053
533.0	0.9174144282484334	139.11
533.5	1.2006782952029702	151.447
534.0	1.2072459543366223	51.204
534.5	0.9534418182495422	141.075
535.0	0.9644820298631291	70.529
535.5	0.9107547888750376	130.981
536.0	0.8621962535807408	42.436
536.5	0.7887584385536754	70.525
537.0	0.7109516759478521	84.241
537.5	1.0322132352508415	94.209
538.0	1.1611411646997467	51.86
538.5	0.8973950029391345	140.909
539.0	0.9639667914138492	40.325
539.5	0.9944239177478466	151.266
540.0	0.8615846422646193	62.556
540.5	0.7531420395263837	65.615
541.0	1.2041132647051904	56.71
541.5	0.5889710169621072	110.83
542.0	0.7318581552099912	141.004
542.5	0.8365101300538623	60.386
543.0	1.0446669652092173	68.047
543.5	1.0120118176430362	73.869
544.0	0.7121757153544774	83.903
544.5	0.7197220622175999	101.868
545.0	0.9067574149978092	70.731
545.5	0.8683727400195017	60.68
546.0	0.8648732219517685	66.289
546.5	0.8587588554761263	82.034
547.0	0.7939922256722363	70.584
547.5	1.0263775911382063	100.678
548.0	0.9363953996665296	140.935
548.5	0.6260201326627947	161.098
549.0	0.8587759921283485	141.213
549.5	0.940488049901792	70.441
550.0	0.6782446140074438	100.887
550.5	0.9438573345161608	70.558
551.0	0.9676946895990591	262.484
551.5	0.17419445769568978	52.561
552.0	5.607418132347516	112.009
552.5	1.0979516126348614	70.27
553.0	0.17948438402155317	75.69
553.5	1.9092377438382977	37.489
554.0	1.0757376189843924	30.203
554.5	0.9915551692582856	50.291
555.0	0.7041183195032902	50.468
555.5	0.9518204147406514	50.379
556.0	0.8546056905750009	90.646
556.5	0.881930222031771	71.453
557.0	1.2458329615933124	100.068
557.5	0.720539697139305	116.247
558.0	1.0554843767607098	120.83
558.5	0.7413693875056889	120.799
559.0	0.17534437601783878	4.969
559.5	3.9951403606837674	100.554
560.0	1.9485983182764315	100.397
560.5	2.532192887957598	100.62
561.0	2.909192320625516	50.488
561.5	2.548494800362646	50.148
562.0	1.832682160932492	26.894
562.5	2.34707917773592	10.119
563.0	1.7316962676721372	120.769
563.5	2.1406674385418487	70.421
564.0	2.4267872403980375	26.097
564.5	1.7864194476291009	87.007
565.0	2.411447325887625	120.806
565.5	1.7802037507425037	90.333
566.0	1.8672696279208376	85.543
566.5	1.4749117129404015	80.606
567.0	2.462569580386941	70.508
567.5	1.824983296000684	110.601
568.0	1.581457979323062	75.029
568.5	1.7606448553421317	57.126
569.0	1.5067452503396443	70.479
569.5	1.210825605690991	50.41
570.0	1.593026357933279	10.795
570.5	2.24525216974487	10.219
571.0	1.6402956270380167	37.699
571.5	1.4192867508381743	66.615
572.0	1.4563432586763738	62.621
572.5	2.1190134954959126	20.156
573.0	1.9604267119460717	20.167
573.5	1.7434012945879163	32.821
574.0	1.6556099301527147	50.414
574.5	1.7121822624958676	70.468
575.0	1.79824757023814	120.882
575.5	2.3277529958987957	7.446
576.0	1.6885388826046952	40.22
576.5	1.870783752361249	130.897
577.0	1.5348558327816877	70.545
577.5	0.1458767714313655	46.747
578.0	2.602854442199023	90.05
578.5	2.521102014523432	50.548
579.0	1.9891353494399349	31.634
579.5	1.7921092330083812	71.841
580.0	2.079062743011884	80.554
580.5	2.454910288673264	116.882
581.0	1.840495086294537	40.467
581.5	1.6436069339692776	30.208
582.0	1.8415233575336096	50.338
582.5	2.078596829990534	40.377
583.0	2.0222578740299086	70.505
583.5	1.6732681504893994	50.156
584.0	1.9188034014080158	60.475
584.5	1.6818065905112685	31.711
585.0	2.088441911673314	37.945
585.5	1.5216083462269718	30.201
586.0	2.3712344752187384	100.164
586.5	1.4954992492598937	130.982
587.0	2.187792415768309	120.829
587.5	1.209071215763203	50.594
588.0	1.5920668114330299	101.293
588.5	1.8895394786846225	60.486
589.0	2.324284723927694	43.032
589.5	1.9144446717705124	110.618
590.0	1.8519574791075504	32.838
590.5	1.8551369006593799	30.194
591.0	2.457000963517494	69.646
591.5	2.226866321200074	32.347
592.0	2.128902795542592	26.33
592.5	1.8441959828101169	24.619
593.0	2.113717990222902	100.695
593.5	1.6577786115009872	24.05
594.0	2.053740223357932	50.406
594.5	1.754948767012985	32.299
595.0	2.0316178331875507	31.196
595.5	1.8399350153913765	120.897
596.0	2.4830939460122163	80.599
596.5	1.9801548196382923	50.171
597.0	1.6703791038814555	24.199
597.5	1.8261210687354381	30.661
598.0	2.079697868994607	110.624
598.5	1.827309259422039	64.958
599.0	2.0967132771152293	60.534
599.5	1.6757832880881567	80.617
600.0	1.8006967330559818	30.265
600.5	1.5996903039619568	100.668
601.0	2.134529548190627	110.632
601.5	2.0008693809905647	80.524
602.0	2.5543025245250695	30.527
602.5	1.7327725432378134	120.679
603.0	2.0881558784670373	70.585
603.5	1.9748166715626256	64.752
604.0	1.511398507510924	80.65
604.5	1.8981161609790558	25.218
605.0	1.8458169636991362	50.413
605.5	1.8583575640818086	24.444
606.0	1.525954431530851	61.557
606.5	2.4143599765667734	21.464
607.0	1.6330333092308311	70.605
607.5	1.9961833782292502	68.588
608.0	1.4046193113643135	151.216
608.5	1.7723167457353652	50.257
609.0	2.1414734276963605	31.007
609.5	1.487091618892401	90.894
610.0	1.9054210849295354	24.107
610.5	1.7543089963505822	36.253
611.0	1.7571820100559554	80.003
611.5	1.5425272472814595	53.015
612.0	1.9868218107960733	31.165
612.5	2.089580961816159	29.431
613.0	1.5963240824213538	35.684
613.5	1.9551163020476194	40.331
614.0	1.6821940062662533	40.222
614.5	1.7698806306909287	61.461
615.0	2.2124268778387095	60.419
615.5	1.7371629400335935	80.688
616.0	1.9697175856046556	110.84
616.5	1.9914447810740978	60.232
617.0	2.6552364714658028	80.963
617.5	2.1028869597919315	70.407
618.0	2.1658908807361077	85.15
618.5	1.7602529736274617	30.204
619.0	2.0995562658118816	60.332
619.5	1.9368362628467997	120.93
620.0	1.858879381519956	110.969
620.5	2.023515019849798	40.297
621.0	1.812121202776116	80.526
621.5	2.4044018829150064	76.343
622.0	1.4623748128351293	140.898
622.5	2.103008618582228	60.305
623.0	2.501961785376686	83.024
623.5	1.5526252219902883	100.729
624.0	1.9707988274847374	66.369
624.5	1.946098650384093	80.403
625.0	2.330515222299409	70.533
625.5	2.0482460595989793	44.32
626.0	1.8019469174714304	40.373
626.5	1.6923564069167414	50.337
627.0	1.7146904081432859	40.204
627.5	1.755973051827144	24.26
628.0	1.5843364745273136	81.05
628.5	1.9768590557950363	120.836
629.0	1.8704317373593817	171.539
629.5	1.8637755809912158	90.817
630.0	1.4869041534447944	51.284
630.5	2.69690759128164	45.763
631.0	1.5082021459561097	63.986
631.5	1.5437477403425968	22.459
632.0	2.139768757984848	63.323
632.5	2.024837632314863	50.4
633.0	2.2576758043686254	53.755
633.5	1.6151831952826752	40.537
634.0	1.928220090418888	44.764
634.5	2.1236658090542426	60.531
635.0	2.669724270265621	103.208
635.5	1.446054566437699	63.249
636.0	2.1623207384898273	30.355
636.5	1.8655234627096025	22.35
637.0	2.073107300379525	37.976
637.5	1.8813522793179216	67.942
638.0	1.6411935422810429	56.158
638.5	2.0813391177264857	81.226
639.0	1.5744719395201299	80.824
639.5	1.7193026300866168	50.521
640.0	1.4011433186645699	81.034
640.5	2.1202901099632343	50.284
641.0	1.8129531129772491	30.572
641.5	1.6141847726756653	53.434
642.0	1.4384014983529183	131.162
642.5	2.1770861775323795	62.642
643.0	1.7786441776008843	110.723
643.5	2.6478777812341	40.732
644.0	1.768298776880459	80.549
644.5	1.5831464190023752	40.839
645.0	2.6690900851188633	22.492
645.5	1.61036160242824	80.58
646.0	1.991309289373912	53.265
646.5	1.8446042730189198	22.217
647.0	2.448781182804203	60.26
647.5	2.125526348492036	131.06
648.0	1.954800606926926	110.402
648.5	2.214094924198218	80.378
649.0	2.0119841671520304	51.015
649.5	1.7935222670660627	60.422
650.0	2.349628082905473	50.205
650.5	1.9213456972663248	23.894
651.0	2.331974817238744	40.676
651.5	1.9471762681997997	92.555
652.0	1.670977542861112	84.78
652.5	1.6595401737970779	40.301
653.0	2.155699915587434	60.43
653.5	1.502203934559863	50.531
654.0	2.069546081860583	42.782
654.5	1.5620188806670814	100.7
655.0	1.5820856624135324	51.594
655.5	1.6505115511080617	50.351
656.0	1.700939178543062	70.525
656.5	2.0023697922855965	77.197
657.0	2.4243287610352917	90.489
657.5	1.2589084498169436	50.255
658.0	2.3280261869576657	80.361
658.5	2.2185604328234856	120.773
659.0	1.7911057676891984	50.39
659.5	1.8194485003631777	121.021
660.0	2.1432586368194815	50.225
660.5	1.8523728260994559	50.283
661.0	1.8758664286896563	80.57
661.5	1.60962708203868	75.959
662.0	2.452195694911238	27.071
662.5	1.9337193980277627	80.525
663.0	1.985558786527599	50.275
663.5	1.9808226539648317	121.033
664.0	1.7635046548002293	58.585
664.5	1.629220313936382	40.348
665.0	1.5385062580379565	77.725
665.5	1.5440946348031335	84.54
666.0	1.5996374587080107	79.13
666.5	2.362335062131313	25.547
667.0	1.725946250043893	80.635
667.5	1.9749515393473154	50.321
668.0	1.8520640437702234	80.482
668.5	2.475784308793927	60.935
669.0	1.9927479623449935	117.64
669.5	1.7706096566333056	80.601
670.0	1.88407817869177	125.357
670.5	1.738968620005802	100.698
671.0	1.8988523250392277	83.877
671.5	1.7226492939899112	21.938
672.0	2.171879213254133	60.519
672.5	2.239896942728945	70.439
673.0	1.9364186750725476	50.472
673.5	1.6441920725717352	31.182
674.0	2.480623674025541	45.041
674.5	1.9953904225768448	110.802
675.0	2.4924099190207323	40.387
675.5	2.2612357521868494	54.519
676.0	1.6027589823530475	62.429
676.5	1.9731900276537104	111.096
677.0	1.9222927341639935	25.794
677.5	2.4289887536825403	60.545
678.0	2.0729953426128307	50.388
678.5	2.396860598509267	60.297
679.0	1.970610780700563	75.373
679.5	1.4732170453918092	70.399
680.0	2.719693792496286	50.361
680.5	1.8392644878465523	90.914
681.0	1.7974984135706216	90.578
681.5	2.291715067148333	31.491
682.0	1.9975966225573973	100.709
682.5	1.627660713466058	80.628
683.0	2.401723389838212	26.559
683.5	1.9803922949270731	70.706
684.0	1.4982478666416676	150.955
684.5	1.395122107317686	33.666
685.0	1.695659509661897	130.936
685.5	2.288843548947871	60.252
686.0	1.7830815556552309	53.634
686.5	1.5889268901151405	40.662
687.0	1.7940589394065938	60.45
687.5	2.2722662353008505	140.922
688.0	1.6515675468856532	80.471
688.5	2.199638055219674	80.655
689.0	1.7149520437720511	50.119
689.5	1.2445543802954793	120.851
690.0	1.8377631902354643	100.948
690.5	2.7918572886952733	60.437
691.0	1.1234500448603388	120.679
691.5	1.7064738226468719	150.95
692.0	2.387651330356488	110.767
692.5	2.5454683080481724	48.14
693.0	1.7730011119260596	70.908
693.5	2.149834117872978	130.765
694.0	2.1752606329970416	70.46
694.5	2.265502344016253	137.086
695.0	1.2881823559754988	42.223
695.5	1.735970237393218	102.722
696.0	1.7984127175437616	41.336
696.5	1.3699197213382777	149.764
697.0	2.4497427115312753	120.631
697.5	2.2139156833319062	50.222
698.0	2.4622703837408	40.276
698.5	1.8146718483222672	60.499
699.0	2.2629400472097827	80.625
699.5	2.301693352056154	81.884
700.0	1.932369740460577	61.128
700.5	1.7101834208900712	55.153
701.0	2.5510938313087372	53.747
701.5	1.8125022293346944	50.314
702.0	2.2980808980843213	118.703
702.5	1.5419190167433918	31.557
703.0	2.267049388521918	83.068
703.5	1.737489033562433	90.582
704.0	2.102887394151971	70.544
704.5	1.1517081944485583	40.231
705.0	2.5569858371826264	52.695
705.5	1.8381330782829859	131.301
706.0	1.691725604667496	50.407
706.5	1.2785113457875374	132.309
707.0	2.050221734407717	80.802
707.5	2.3560804115037444	70.41
708.0	2.1131702879247616	130.748
708.5	1.4429989838944113	81.495
709.0	2.4143469332777796	75.121
709.5	1.878674452273329	36.979
710.0	1.5517115848579883	50.106
710.5	1.585765512370209	50.408
711.0	1.7756725561382936	30.211
711.5	1.9450875074220966	50.413
712.0	1.5637178328264285	70.504
712.5	1.986735522591663	76.61
713.0	1.9156634308936322	82.975
713.5	1.9354653963119157	47.042
714.0	2.583003221739168	70.587
714.5	1.3244169653364177	34.972
715.0	2.3200034062052874	60.42
715.5	2.255554026300308	73.809
716.0	1.4751832132341534	100.853
716.5	1.6682057804453108	94.592
717.0	1.679542948878003	60.588
717.5	2.100697655807332	70.262
718.0	1.6193399690794177	50.356
718.5	1.461366029528671	56.801
719.0	2.355145814614854	70.508
719.5	2.5229155419304763	60.25
720.0	1.8963931847978055	130.856
720.5	1.880607341678169	80.349
721.0	2.058229151059978	118.665
721.5	1.6712526583069292	90.692
722.0	1.9103164786910691	71.689
722.5	2.181671977099158	100.702
723.0	2.1090360108734862	140.93
723.5	2.417581694402856	28.26
724.0	1.9509054543953466	129.509
724.5	1.897259048233121	28.0
725.0	1.9035711623672786	32.057
725.5	2.4415376028269256	40.45
726.0	1.4697205913750666	73.437
726.5	2.1836003024961848	91.179
727.0	1.8591754472994617	34.884
727.5	1.6739812669559222	43.502
728.0	1.2298862342423251	80.622
728.5	2.271386303992073	26.187
729.0	1.618989039648348	50.593
729.5	2.3852528937707107	50.855
730.0	1.6916743658452638	30.236
730.5	1.8051580187979956	40.049
731.0	2.2920541359049693	80.565
731.5	1.8321270637305287	25.167
732.0	1.7335187095721476	50.363
732.5	2.3338917477631496	98.091
733.0	1.9231636806933916	70.421
733.5	2.388188010122509	31.831
734.0	1.6544798240756642	61.994
734.5	1.8679236252541827	90.63
735.0	2.3072309324184843	96.22
735.5	2.138137369546441	26.935
736.0	2.0809359484484538	100.775
736.5	1.8229137857955895	114.926
737.0	1.9292135905683294	31.406
737.5	2.325579714764443	37.888
738.0	1.587232638370598	70.748
738.5	1.6927008375844337	110.586
739.0	2.2611761226138083	47.334
739.5	1.8777134608209252	117.845
740.0	1.7137607091601041	100.676
740.5	1.9872269287084827	50.369
741.0	2.0212455024016176	110.71
741.5	1.8744246909532232	70.594
742.0	2.2075557554572462	70.525
742.5	1.8478457261625933	63.203
743.0	2.001352938131761	74.337
743.5	1.776318125468333	60.449
744.0	1.5193058053341295	130.938
744.5	1.9830295696208844	45.826
745.0	2.692671394346136	50.322
745.5	2.139589015553766	100.929
746.0	1.884592966298122	70.474
746.5	2.0237289441957858	70.172
747.0	1.6854522066885813	100.762
747.5	1.9706657725500545	78.833
748.0	2.4438785629507085	60.59
748.5	1.9048707294545464	121.188
749.0	1.9540038860100408	87.32
749.5	1.6175932574312815	80.406
750.0	1.8877886502802115	60.388
750.5	2.1380874638521097	34.226
751.0	2.4970540599487747	80.608
751.5	1.759560339814583	23.401
752.0	2.254413391366584	22.868
752.5	2.5126787563582162	60.324
753.0	1.6390003818537677	90.926
753.5	1.748235199297995	95.258
754.0	1.6162753168879598	80.508
754.5	2.184683497398964	60.261
755.0	1.5690146791094002	53.287
755.5	1.7947746962215272	30.238
756.0	2.21244826347245	37.944
756.5	1.9893855697871143	80.57
757.0	2.810109745416925	95.182
757.5	1.1367376663023736	91.067
758.0	2.115378283000119	71.87
758.5	2.3476890743297245	106.898
759.0	2.09417403366474	100.367
759.5	1.4349741881540863	60.348
760.0	2.1357330647294477	52.859
760.5	1.5618745389696491	64.998
761.0	2.3067431089257084	104.806
761.5	1.3777313985951858	80.481
762.0	1.6865570008733008	80.669
762.5	1.4883143911356005	131.054
763.0	1.1681545547494052	100.786
763.5	1.7255072127596063	75.382
764.0	1.8965151773833868	35.243
764.5	0.6995608798159807	94.929
765.0	1.788631835175729	38.408
765.5	1.652785588964763	70.496
766.0	1.9729605225903666	83.983
766.5	1.5746110005083174	50.496
767.0	2.197249555861168	30.331
767.5	1.0338660405192124	21.661
768.0	2.301048160016607	80.675
768.5	2.3196125818189586	95.49
769.0	1.8647242725957436	95.078
769.5	1.5006150450674252	130.805
770.0	2.1898532321826765	31.756
770.5	1.6604141377156059	150.671
771.0	1.480507197865968	43.945
771.5	2.2660572982972798	130.687
772.0	2.4514711036917443	60.263
772.5	2.0404386774590475	50.359
773.0	2.072839034592569	87.524
773.5	1.9665168601283582	60.342
774.0	2.206567069938378	30.258
774.5	1.9999439769678928	59.066
775.0	1.3703986374119619	81.693
775.5	2.1092601471605934	50.047
776.0	2.0707915168316546	97.065
776.5	1.503359637328819	53.83
777.0	1.955008918749635	26.478
777.5	2.1913093123992673	60.573
778.0	1.77362894219212	66.92
778.5	2.5432814680374825	29.638
779.0	2.0617342815030852	101.042
779.5	1.5043482509353512	40.379
780.0	2.0076235538927247	106.263
780.5	2.1590955479645118	24.096
781.0	1.3783176610653085	40.108
781.5	2.151396297724779	40.273
782.0	1.5024722025884416	90.663
782.5	1.8611450048211349	93.383
783.0	2.0121290159560874	50.222
783.5	1.7552047308454877	100.637
784.0	2.126170864278705	70.406
784.5	2.0154020100790935	110.866
785.0	1.4422143162125702	90.589
785.5	2.484916905127387	120.984
786.0	1.7835446814320675	83.733
786.5	2.163975002199717	70.66
787.0	1.4635691632564536	100.6
787.5	2.0961371377806493	53.568
788.0	1.6133299315282308	150.836
788.5	2.2431705342903516	40.279
789.0	2.7160262981667334	131.471
789.5	1.6761163928485994	100.737
790.0	2.1504052671686513	60.619
790.5	1.9393807205585432	52.481
791.0	1.931885097230049	70.594
791.5	1.8233873962818392	80.538
792.0	2.003009292110819	51.195
792.5	2.1253772892897933	130.835
793.0	2.3123057576803574	90.482
793.5	1.9958713009530464	50.242
794.0	2.276995092259083	130.885
794.5	1.4588162263654652	140.841
795.0	2.2375885070484243	70.682
795.5	1.6832970851231899	36.6
796.0	2.2964522820023725	98.044
796.5	1.4858544675000906	52.146
797.0	2.251813595312474	27.983
797.5	1.4365577854962117	98.961
798.0	1.546649803453228	90.832
798.5	2.115023452629409	76.874
799.0	2.0754195686799823	30.211
799.5	1.6246738288935192	110.796
800.0	1.9395011700382363	60.493
800.5	1.9519347982651467	50.371
801.0	1.9774107166623134	23.41
801.5	2.4640239898707383	90.674
802.0	2.6509651875703555	53.296
802.5	1.5638011652615686	100.79
803.0	2.182203724486936	50.316
803.5	1.9229785851442054	55.54
804.0	1.8887925067899016	100.429
804.5	1.9702290425328841	50.246
805.0	1.9528061959724843	110.834
805.5	1.7699199711834	141.056
806.0	2.4040870929611793	40.556
806.5	1.5444373427395244	131.099
807.0	1.8207929059216161	62.867
807.5	2.085841495920642	117.413
808.0	1.6760466108112564	130.91
808.5	1.9761913124627866	70.425
809.0	1.929357927202881	40.294
809.5	1.7407859725837695	22.969
810.0	1.834058891166781	100.572
810.5	2.3554452235676684	60.36
811.0	2.2136443455466672	89.378
811.5	2.2339876133184706	144.587
812.0	1.9029092969026993	90.571
812.5	2.084574185537807	56.824
813.0	2.0695291371362927	44.604
813.5	2.0271728714725166	40.414
814.0	1.3017710700941247	120.846
814.5	2.3523136643369633	25.8
815.0	1.6973947065054056	110.891
815.5	1.4897844854078843	85.103
816.0	2.126337679665903	50.383
816.5	1.560182159264447	60.491
817.0	2.250671540138122	70.387
817.5	1.914822976427799	50.363
818.0	1.6179037112073504	21.151
818.5	1.5940649418379929	60.488
819.0	1.8067339361072297	50.22
819.5	2.267883404077028	50.442
820.0	1.5208442795686248	70.377
820.5	1.9245897273985466	100.986
821.0	1.832662339323452	100.698
821.5	2.4736140485139213	50.089
822.0	1.729753019606248	41.062
822.5	1.7009190796442848	50.357
823.0	2.6577605469435532	30.38
823.5	1.7450252643009037	90.392
824.0	1.671427798247104	80.934
824.5	1.9898373504369173	23.37
825.0	1.7277719548592	80.408
825.5	2.2698264924329794	68.748
826.0	1.8435937029088467	100.927
826.5	1.9463224220527653	50.463
827.0	1.8506484044776177	39.404
827.5	2.0452448571573227	40.308
828.0	1.513658901128758	62.605
828.5	2.054345520433103	21.482
829.0	1.81812564204429	50.541
829.5	1.905574262651815	23.815
830.0	1.8857202778572784	100.514
830.5	2.1519090792534583	60.412
831.0	2.583989447128275	81.014
831.5	1.6467925294476435	70.525
832.0	1.9700541861830414	103.098
832.5	1.8005820014599252	100.715
833.0	2.2465489403409786	121.526
833.5	1.475915894228566	70.519
834.0	1.2965860078309517	52.539
834.5	1.6058088762654903	64.397
835.0	1.7003551768043719	80.438
835.5	2.210967395756713	84.124
836.0	1.7278106256353023	90.618
836.5	1.6217888448355315	90.689
837.0	1.4624370313312571	93.27
837.5	1.366707851797932	82.429
838.0	2.447144488000315	110.659
838.5	2.5004523400501757	51.898
839.0	1.681696852978257	80.468
839.5	2.207987715699718	90.258
840.0	2.1595709006332418	90.665
840.5	2.095515765332167	71.361
841.0	1.8395432685850852	80.479
841.5	1.7527699484076398	93.621
842.0	1.9588448630590392	109.315
842.5	1.774072976524674	23.441
843.0	1.6868204633490007	130.976
843.5	1.9763790952374518	60.277
844.0	2.502490471241472	50.408
844.5	1.913284100926631	100.725
845.0	2.269136578126983	64.595
845.5	2.0282610498379676	116.728
846.0	1.5739719188831194	120.683
846.5	1.6613746662619373	91.005
847.0	2.158197823952729	90.474
847.5	1.532862356132183	24.915
848.0	2.2405966075022907	70.393
848.5	2.0350615186273533	60.28
849.0	2.1247808024219075	130.957
849.5	1.8338084181094774	43.486
850.0	1.8831639211351583	90.397
850.5	1.8941079523859763	48.319
851.0	1.4886723926426049	80.441
851.5	1.8982533045485157	25.156
852.0	1.913420740808312	48.384
852.5	2.1426111020690515	42.053
853.0	1.5442367577397869	131.021
853.5	1.9551596227874322	35.305
854.0	2.1431633315897884	20.41
854.5	2.048924883939004	50.303
855.0	1.7233716408759652	44.943
855.5	2.0720022394226763	60.471
856.0	2.151936055203477	140.953
856.5	1.8381314949364378	50.386
857.0	1.8151304614566621	30.635
857.5	1.856418040210019	74.435
858.0	2.486844041713601	92.565
858.5	1.8965379753607852	96.397
859.0	1.6602787802873664	40.253
859.5	2.4629338982203337	41.854
860.0	1.6094408913709302	73.281
860.5	1.5967328208229228	80.414
861.0	1.982910555664442	130.838
861.5	2.14836145104763	63.04
862.0	2.175414399217084	79.909
862.5	1.6233287370294136	102.155
863.0	1.5853114482344524	110.555
863.5	1.9604038280045322	21.624
864.0	0.13833103062375626	14.076
864.5	2.1547644871526486	101.085
865.0	5.889240098599019	100.748
865.5	1.6887216468673247	110.739
866.0	2.315704086312745	80.581
866.5	1.603370328718276	131.251
867.0	1.3724108478329569	90.329
867.5	2.166383315510739	100.887
868.0	2.3217150013597267	40.666
868.5	1.8943896307800447	56.74
869.0	1.4369994055991686	52.218
869.5	2.2686263942440954	104.239
870.0	2.0908520097523016	60.259
870.5	1.6307964730036235	90.429
871.0	1.7050057706325399	41.578
871.5	1.9918145548084951	86.625
872.0	1.5265064541972182	90.634
872.5	1.757433481734948	78.235
873.0	1.8371832833131092	60.275
873.5	2.024424665965547	77.552
874.0	2.1782573734909887	26.621
874.5	1.528947991605492	132.138
875.0	1.7256111150367148	13.813
875.5	1.915068894244731	77.133
876.0	2.372107202110387	19.809
876.5	1.7683589183132975	80.773
877.0	1.8510179036268775	63.897
877.5	2.7503495846244053	62.626
878.0	2.1157893172530344	35.932
878.5	1.2021673017301313	90.653
879.0	2.4140707672269484	86.428
879.5	2.1468671035090696	100.799
880.0	1.803656113216783	100.977
880.5	1.8043014898906822	100.97
881.0	1.8014677343151655	40.175
881.5	1.7251001252658553	120.917
882.0	1.5476155159980538	90.549
882.5	1.721302250313424	36.338
883.0	2.2794329735913905	40.263
883.5	2.3142279788184372	39.96
884.0	1.7970632572688574	80.537
884.5	2.0644033656996	56.934
885.0	2.554017248944459	40.284
885.5	2.2332983891628717	61.633
886.0	1.956795342935871	95.103
886.5	1.5989132712607654	60.689
887.0	2.0993845476263013	100.704
887.5	2.0698212239218443	33.342
888.0	2.058409207122814	16.158
888.5	1.799650564346898	101.049
889.0	1.9802863849800998	60.29
889.5	1.5402110086075878	25.063
890.0	1.3429543297336082	14.666
890.5	2.1707704850707024	54.678
891.0	1.7386915751139431	20.254
891.5	1.833433186582295	66.129
892.0	1.6353205539257492	130.7
892.5	1.6562827601959187	25.85
893.0	2.123384850675082	54.629
893.5	1.4819110907994812	66.735
894.0	1.946347489149113	18.401
894.5	1.4671260244335618	50.364
895.0	2.1969043667857586	424.999
895.5	1.9810147904908224	24.196
896.0	1.898788980860447	50.226
896.5	2.1613088449676177	110.798
897.0	1.5979253663288413	18.08
897.5	1.7879019817536042	90.389
898.0	1.893462937338896	104.705
898.5	2.142468629122348	100.707
899.0	1.9259694211064995	33.189
899.5	1.80682089890727	81.16
900.0	2.189493623451675	93.666
900.5	1.8046192006261368	40.445
901.0	2.07667212475959	106.942
901.5	1.6321986047397667	90.79
902.0	2.2005389110861993	70.445
902.5	2.0614929812596294	110.528
903.0	1.6129667425513943	141.92
903.5	1.7403381330267866	110.706
904.0	3.378519363524813	12.277
904.5	1.818774836910561	161.08
905.0	2.4150788804371692	83.097
905.5	2.2882638511375335	110.832
906.0	1.5857624000552732	65.24
906.5	2.430467447210224	25.246
907.0	2.2252255758654202	105.666
907.5	2.0842371923602308	62.898
908.0	2.075487786763401	42.57
908.5	2.803172270272929	29.837
909.0	1.7229189374671343	70.578
909.5	1.1766612467430029	100.676
910.0	1.542879772609119	80.604
910.5	2.5840609424032905	50.325
911.0	1.914964113635725	55.573
911.5	1.8925097643839472	70.558
912.0	1.6875299770698096	100.71
912.5	1.7767815568059024	70.296
913.0	2.163915786747752	104.836
913.5	1.3894039823491031	74.121
914.0	1.5841659358491755	30.4
914.5	1.825985369909809	76.575
915.0	1.9976895522792673	115.361
915.5	1.952773481120342	70.572
916.0	1.7775840081711527	15.635
916.5	2.244040946032685	50.411
917.0	1.7744625806577912	110.638
917.5	1.2845370497167554	74.076
918.0	2.216144449566756	19.766
918.5	2.2796100154051095	60.399
919.0	1.9423243497883997	75.952
919.5	2.10817009486185	101.128
920.0	1.5535311863553483	40.261
920.5	1.986067309890256	70.607
921.0	1.8533656563577376	333.83
921.5	1.576213543192209	120.865
922.0	1.6981889409177444	21.449
922.5	2.1063489853192503	55.229
923.0	1.7578239934422588	50.552
923.5	1.8914442160917	80.589
924.0	2.466666561349977	60.441
924.5	0.16993466813261515	7.198
925.0	10.756460568076026	12.939
925.5	0.14646532169312157	11.212
926.0	8.291482926242203	58.596
926.5	1.5040948204018507	100.653
927.0	1.6355101159725196	116.87
927.5	1.524840221193724	62.767
928.0	2.35964846554127	20.145
928.5	1.4972138338104686	130.791
929.0	1.9855657581510853	41.746
929.5	2.154642474782278	60.582
930.0	1.7564135266472978	60.474
930.5	1.4984793047864078	70.723
931.0	1.4036820911711425	80.603
931.5	1.5757956547950864	110.743
932.0	2.020075202041219	100.689
932.5	2.1391798075897923	80.64
933.0	2.0103256633577216	110.955
933.5	1.4905300840191282	100.611
934.0	1.3534510627283514	120.957
934.5	1.1375600725585906	121.361
935.0	1.6793994126029632	80.427
935.5	1.5655065332953029	18.023
936.0	1.6134194118884213	50.394
936.5	1.7177005499150202	70.446
937.0	2.07431273427374	40.146
937.5	2.221596383411289	57.699
938.0	1.171298043806099	110.973
938.5	1.5105744960076464	60.327
939.0	2.0715834655856113	141.184
939.5	2.5514608808932895	12.0
940.0	1.483173951154148	11.894
940.5	2.4518634714340775	50.275
941.0	1.4853170352688811	110.791
941.5	0.17778293096607004	8.357
942.0	3.9790721302722507	114.267
942.5	0.8821916656045921	50.533
943.0	0.1347875185619892	31.311
943.5	0.17984653819539886	103.679
944.0	4.2617325025771216	46.425
944.5	3.0411186844230333	70.036
945.0	2.295376971468502	50.386
945.5	2.0626833530945	64.36
946.0	1.9141833345418033	33.976
946.5	1.481029819044923	60.468
947.0	2.4692495895858353	35.301
947.5	1.9977960054081347	33.621
948.0	2.4814140441884995	80.608
948.5	2.0390962712917613	56.999
949.0	1.7525352374466463	34.472
949.5	2.3417834712673313	60.768
950.0	2.0913218085896537	130.909
950.5	1.7419015353903435	90.628
951.0	2.336942538784168	81.133
951.5	2.3297226616694737	70.434
952.0	2.654586059488918	80.75
952.5	2.037784455226218	100.916
953.0	2.019445861600136	70.511
953.5	2.8536615554424585	50.327
954.0	2.300730118832873	79.832
954.5	1.4294900214043895	27.081
955.0	1.9313450789517932	25.348
955.5	1.569562659223125	130.883
956.0	1.6907962992134267	70.537
956.5	1.5538005333306033	60.395
957.0	1.5819549536486848	50.944
957.5	1.4371281919903878	90.501
958.0	1.5546862849588878	86.63
958.5	1.274700534156271	131.062
959.0	1.8035034822008322	90.513
959.5	2.5193865579541597	34.474
960.0	1.8642764938014393	60.857
960.5	1.700809329019177	80.698
961.0	2.160960122774664	32.573
961.5	1.8803183545909739	150.978
962.0	1.629453239864061	27.602
962.5	2.2209189305524464	23.601
963.0	1.506683993335702	40.402
963.5	1.8056806138450825	90.565
964.0	1.8440537009839888	28.836
964.5	1.5753572435187118	56.162
965.0	2.237808268336932	80.325
965.5	2.4413068347266984	80.41
966.0	1.441758006905214	80.622
966.5	2.2437313830351897	50.32
967.0	1.5058013540888135	70.582
967.5	1.7311669695628653	60.701
968.0	1.9138121802277654	80.476
968.5	2.0279107359638444	90.669
969.0	2.30592418736542	35.863
969.5	2.1734373764570813	30.569
970.0	1.2991303589062475	80.397
970.5	2.0027454175880024	100.49
971.0	1.8120499742154166	80.539
971.5	1.8658562746978369	60.61
972.0	2.0400658803407525	30.203
972.5	1.2346632306642638	110.652
973.0	2.1233126987044835	70.636
973.5	1.519907094648585	90.586
974.0	2.0829074693389074	95.119
974.5	1.5691582544354237	130.917
975.0	2.112301700268586	80.41
975.5	2.4683587080746396	60.506
976.0	1.0832621327744099	26.762
976.5	1.9388170999899272	60.323
977.0	2.055989089892927	42.631
977.5	1.91142719174299	27.822
978.0	1.2591103176430858	100.513
978.5	2.353991410778892	54.106
979.0	1.8300123311298835	27.816
979.5	2.0214406743728386	161.148
980.0	1.9678099794915382	120.714
980.5	2.254882161731515	70.526
981.0	1.7358530955168485	110.841
981.5	1.5476175989371022	25.846
982.0	1.5557890077660335	50.359
982.5	1.8949554728974454	25.263
983.0	2.3202250641390103	90.602
983.5	1.8041800274326163	110.749
984.0	1.557977370646686	60.332
984.5	2.071514653225443	30.477
985.0	1.6591116918789033	28.017
985.5	1.6460573343438383	117.133
986.0	1.6935657799612132	90.769
986.5	2.3424471233854884	70.384
987.0	1.3731025820761962	171.205
987.5	1.5740969721656461	30.218
988.0	2.197733448906111	98.876
988.5	1.6105298402964903	60.481
989.0	2.115084141079435	121.742
989.5	1.8722667428415343	54.452
990.0	1.5850694645303658	60.42
990.5	1.9475841621609702	70.222
991.0	1.5415353944110113	60.429
991.5	2.1732148413536567	60.532
992.0	2.1377058539007776	100.988
992.5	2.1125451439538594	70.318
993.0	2.2245898005541167	110.672
993.5	1.9488025785375909	64.857
994.0	1.9754490984225082	50.475
994.5	2.0115477109022235	28.093
995.0	1.8575799511941633	90.729
995.5	1.5567272361245548	80.634
996.0	2.461446432852911	60.359
996.5	1.7972429837535862	110.742
997.0	1.7873902919211493	30.202
997.5	1.612356287141383	34.915
998.0	2.1162151575081425	23.495
998.5	1.8500775562906553	100.706
999.0	1.8176417821704673	70.328
999.5	1.7756457407649195	70.561
1000.0	1.6763418556194034	47.207
