0.5	0.1567699024734374	10.51
1.0	3.3962515898923953	30.332
1.5	0.64407579944008	50.388
2.0	0.15668046371505848	51.784
2.5	4.339058036313234	60.47
3.0	0.1667485123103996	61.139
3.5	1.1275091619679896	81.559
4.0	0.924431108671703	166.953
4.5	1.1841730034526248	94.031
5.0	0.8494705994546756	80.538
5.5	0.4807347284950234	157.184
6.0	0.9609663458397153	100.676
6.5	0.14455766877459905	22.25
7.0	3.3789570470992207	50.521
7.5	0.17895483414279953	24.519
8.0	0.13970281910993365	16.012
8.5	19.439262374873596	27.638
9.0	16.57073352658523	29.979
9.5	13.825549828517254	39.562
10.0	7.806141576611979	146.642
10.5	14.218203391519832	27.571
11.0	3.0409910139219183	567.034
11.5	10.755113450682867	14.134
12.0	9.347205236122345	155.675
12.5	30.697213251128183	76.003
13.0	9.0959560593926	300.663
13.5	19.36551646191211	20.141
14.0	9.965391216562999	144.943
14.5	1.9099624780494493	140.823
15.0	11.521069288861007	159.311
15.5	0.15605934180780834	133.512
16.0	2.2713597482627192	140.267
16.5	0.14275653323436596	138.514
17.0	0.12791852405487547	143.847
17.5	0.12656135237182542	138.23
18.0	0.1606573345827756	134.552
18.5	0.12093426618880461	145.157
19.0	0.1440556128674074	143.549
19.5	0.14520928040745998	138.554
20.0	0.12254719850277487	136.709
20.5	0.1407191404793153	141.467
21.0	0.1405588981958037	137.967
21.5	0.13705541238330993	163.267
22.0	0.16040631606286232	146.691
22.5	0.13086804575025776	136.539
23.0	0.12555479620478657	148.211
23.5	0.17670616616384546	140.233
24.0	0.1651998368063202	207.403
24.5	0.17549215795391293	237.869
25.0	0.1641636318020735	134.175
25.5	0.148029423885469	79.566
26.0	0.15549793777351378	141.927
26.5	0.12029603239402209	151.356
27.0	0.15024690960727277	92.15
27.5	0.12934946410246467	181.902
28.0	0.13254712560030138	137.805
28.5	0.12130982737061091	162.234
29.0	0.15418632874047838	147.013
29.5	0.15938273603824069	152.051
30.0	0.14790687669584607	326.058
30.5	0.1621882733694241	244.476
31.0	0.13822342863587567	149.304
31.5	0.12278688256666559	131.245
32.0	0.13532715655336883	260.833
32.5	0.17991971608838783	171.931
33.0	0.14820030307275392	135.774
33.5	0.13115409015541404	146.047
34.0	0.1286215626493261	152.519
34.5	0.16317184467076565	219.481
35.0	0.16721113396066312	67.126
35.5	0.12340035021163394	138.453
36.0	0.1405750179773675	141.472
36.5	0.14759760651278642	152.558
37.0	0.13692905220730728	140.909
37.5	0.12240349298043257	283.252
38.0	0.17943578628103907	145.978
38.5	0.14571603747130368	137.796
39.0	0.15172926131060863	141.124
39.5	0.16788005408138368	104.942
40.0	0.13601994167573453	147.332
40.5	0.12499873867745115	144.67
41.0	0.17436829723653974	274.839
41.5	0.14164423461841144	142.561
42.0	0.16455690820428423	149.768
42.5	1.4474770391474991	50.718
43.0	0.15419447557094634	135.134
43.5	2.0154347345865276	19.886
44.0	0.15936219781638994	72.203
44.5	2.008728140006681	41.888
45.0	0.16102985683038284	154.694
45.5	1.3959357132030958	23.949
46.0	0.7116198436493382	80.477
46.5	1.3581096168844637	70.548
47.0	1.786975178068092	99.115
47.5	2.3412125473818595	20.903
48.0	1.8563583191746038	38.014
48.5	2.3792824156014056	24.76
49.0	2.117949993746506	90.75
49.5	1.4544995784668586	70.551
50.0	1.4283316532166757	110.871
50.5	1.1529402683466952	121.005
51.0	1.387109546676672	15.755
51.5	2.534807212713354	44.121
52.0	2.8875099485914064	47.25
52.5	1.9505253403934053	60.511
53.0	1.8381003886936902	60.502
53.5	1.7114695686862718	151.547
54.0	1.4643402265270624	65.358
54.5	2.2457477742311416	71.056
55.0	2.196166018830148	130.028
55.5	2.0820909809228434	137.029
56.0	1.7272467189013396	33.414
56.5	1.7416980624984066	121.509
57.0	1.5878005694638206	60.757
57.5	1.605850322654696	50.316
58.0	1.5797842826172983	50.343
58.5	1.811759874924558	110.814
59.0	1.439098596395805	110.822
59.5	1.6653056425315669	192.169
60.0	1.7598023252964419	60.192
60.5	3.6700415613946418	270.911
61.0	1.7235433789627097	112.766
61.5	1.9478566866960936	100.937
62.0	2.1206496324293718	220.201
62.5	1.9000708361355716	30.557
63.0	1.85169399771282	183.923
63.5	0.7908573711110719	417.975
64.0	1.922860958864295	80.301
64.5	2.1787249251364824	229.097
65.0	2.311928123944732	161.26
65.5	2.257005889942814	41.533
66.0	1.460620465398871	40.487
66.5	1.8787847946547909	113.184
67.0	2.1115264911122256	20.053
67.5	1.7011280199057746	26.991
68.0	1.523180058597015	91.896
68.5	1.6994068991634512	140.133
69.0	2.320427391767074	21.462
69.5	1.5462479195119205	60.331
70.0	1.4368089923693166	44.805
70.5	1.874287295179829	95.184
71.0	1.4256729594209836	131.667
71.5	1.8147494664330746	121.612
72.0	1.652233036274967	20.558
72.5	2.033824148160668	50.436
73.0	1.894007978749139	70.551
73.5	1.8355023717865433	90.747
74.0	2.0852547017214467	156.911
74.5	1.754257128770593	70.544
75.0	1.5574746770028405	70.551
75.5	1.7746461348575104	50.25
76.0	1.5203406683516032	54.655
76.5	2.512791738920145	20.205
77.0	1.8542579273221986	111.281
77.5	2.010906927931794	120.565
78.0	1.9280618111301218	146.086
78.5	1.727929705512653	37.641
79.0	1.9793456846852213	20.547
79.5	1.7066885930700002	110.976
80.0	2.237819721207729	111.259
80.5	1.438785057895268	95.238
81.0	2.0070389517879494	131.045
81.5	2.2159736835653048	23.049
82.0	1.972971883710507	19.984
82.5	1.8396645206531617	131.047
83.0	2.1653746787488513	85.725
83.5	1.7720842416125013	70.517
84.0	1.8192629499898432	70.51
84.5	2.3724495766271034	103.889
85.0	2.5216001759171975	102.783
85.5	1.4243784222316993	70.533
86.0	1.4783512011534243	282.866
86.5	1.587387541433011	51.269
87.0	2.429980028871399	50.363
87.5	2.4841145063395804	120.988
88.0	2.453814681263499	50.448
88.5	1.5335224529871234	80.647
89.0	1.5790035705881051	186.201
89.5	1.7974517488827173	111.803
90.0	2.1483635269440895	115.866
90.5	1.5943917553318068	120.746
91.0	1.9015315691974948	120.974
91.5	1.9098675190619325	19.704
92.0	2.0913260749131455	110.715
92.5	2.46029766792515	222.358
93.0	2.303735331277239	72.298
93.5	0.7710462631441646	475.871
94.0	1.7193939489083405	131.471
94.5	2.6973801017877	70.341
95.0	1.6971463132370581	70.436
95.5	2.310526027423542	151.605
96.0	2.389007206445768	80.443
96.5	2.0652393385313217	100.859
97.0	1.6914123093741693	120.987
97.5	1.6902827672682132	90.83
98.0	1.980189791200115	141.086
98.5	1.7710548616843738	70.485
99.0	2.0662764408435623	108.959
99.5	1.4850559671183419	39.999
100.0	2.029969287681171	32.378
100.5	2.2442008028669043	50.387
101.0	1.908138836622606	20.214
101.5	1.7493375100708815	131.016
102.0	1.641051723139792	40.521
102.5	2.077373897639337	130.879
103.0	1.7292258697324088	130.804
103.5	2.1005127025030736	66.325
104.0	1.8575400588844238	96.793
104.5	1.85007752300078	90.439
105.0	1.3893438644352225	140.651
105.5	1.670393672621773	70.408
106.0	2.03258038127594	70.453
106.5	1.9244619755211732	134.474
107.0	2.559982146714446	30.558
107.5	1.720322484922611	37.053
108.0	1.2632482565891705	80.596
108.5	1.7095935978768844	23.517
109.0	1.4897822566211818	25.633
109.5	1.5062805248478521	150.647
110.0	1.1790311903486468	24.578
110.5	1.4744072168629467	13.475
111.0	1.3301990640219845	140.753
111.5	2.061183080311002	120.801
112.0	1.6810706476965425	120.771
112.5	2.231445952313121	66.828
113.0	1.9745638169598618	81.372
113.5	1.4823704053488351	30.098
114.0	1.922568589893033	30.065
114.5	1.4023425192847365	115.555
115.0	1.508094873662906	108.179
115.5	1.6491855857611648	54.745
116.0	2.0108874414497384	110.549
116.5	1.9707646995584533	40.347
117.0	1.596845393508501	40.364
117.5	1.6872714462301477	70.595
118.0	1.6845223249406964	21.195
118.5	1.7962414350831377	111.461
119.0	1.9170711446142714	143.053
119.5	1.518171236851154	50.372
120.0	1.4085845326921422	194.991
120.5	1.502338406780209	29.739
121.0	1.7237251398775113	119.87
121.5	1.9505304287125786	65.582
122.0	1.9275218697495717	27.715
122.5	1.616903031383428	22.731
123.0	1.8025462551115894	20.108
123.5	1.9999005637964138	73.763
124.0	2.2689302046807893	20.097
124.5	1.8951029212158783	14.524
125.0	1.8883059796844577	62.212
125.5	1.610415606662863	22.231
126.0	1.3482260722974162	22.835
126.5	2.0596441766579074	30.21
127.0	1.5144747416295834	30.171
127.5	2.027477144207902	80.764
128.0	1.7933374111715197	80.821
128.5	1.8596082657947743	131.057
129.0	1.858136800328419	72.798
129.5	2.1428128888621516	34.444
130.0	1.375270166374871	171.988
130.5	1.8253772086769406	50.288
131.0	3.5619245729223468	50.244
131.5	1.8830525650247483	63.698
132.0	1.5331565516055263	149.296
132.5	2.144146766343023	70.538
133.0	2.1818786347438874	70.441
133.5	1.1624849522172933	211.322
134.0	1.4527805873824593	39.664
134.5	1.8532710641415366	70.416
135.0	2.441196556826462	70.599
135.5	1.5332235372863425	50.303
136.0	1.3859268927638986	91.197
136.5	1.5006752040800042	100.355
137.0	1.8294363144790393	100.546
137.5	1.5218140572371728	143.362
138.0	1.6203057761397959	130.823
138.5	1.799803630102246	110.674
139.0	2.0272025928597617	110.721
139.5	1.3094014186520608	110.888
140.0	1.5581053760093633	50.474
140.5	2.169920234449307	60.514
141.0	2.2833748597754258	91.241
141.5	1.372106671887318	80.489
142.0	1.8962277171926933	80.563
142.5	2.1277577464506723	13.403
143.0	2.1341180060087828	40.053
143.5	1.9665000998529558	20.29
144.0	1.6444830776359256	40.707
144.5	1.933858519235564	80.536
145.0	1.8909771449731225	80.643
145.5	1.9083612182804994	61.476
146.0	2.207665633350621	21.32
146.5	1.2714532646273227	70.602
147.0	1.653126728348057	161.501
147.5	1.9343572176709642	22.778
148.0	1.5562897513760348	90.536
148.5	1.6839905917830114	54.944
149.0	2.2897978408197472	63.044
149.5	2.1747453570965067	41.827
150.0	1.8597457554913353	37.294
150.5	1.2787608848469267	35.947
151.0	1.3191634691589862	43.465
151.5	1.5840966429897283	50.396
152.0	2.0170602466569987	27.972
152.5	1.7785561331148545	74.891
153.0	1.654220194421494	70.467
153.5	2.3755878055037094	20.312
154.0	1.839280197351605	70.631
154.5	2.4361150702767786	13.818
155.0	1.9296033763910818	21.975
155.5	1.8247219256469953	20.172
156.0	1.6964619636773628	71.402
156.5	1.794614363850241	56.65
157.0	1.5388810740069703	31.956
157.5	1.8514949345551057	16.154
158.0	1.8094898125926684	60.381
158.5	2.8696926349448035	23.12
159.0	2.121808073693874	49.924
159.5	1.4763483182395631	120.924
160.0	1.2529766084949305	41.266
160.5	1.5971315177660497	90.622
161.0	1.724678569393499	90.679
161.5	1.4069834639664398	47.596
162.0	1.8933952018371583	60.533
162.5	1.69947572763396	60.376
163.0	1.682302346192431	91.705
163.5	1.919687357431883	40.165
164.0	2.214651542507805	93.162
164.5	1.8707710990036965	60.348
165.0	1.5438795470177873	60.416
165.5	1.4015116240336527	80.599
166.0	2.038844725925703	100.797
166.5	2.5939328215107382	20.071
167.0	2.07394001850417	85.441
167.5	1.4222843366517937	73.108
168.0	1.255429160894669	130.887
168.5	1.5221237815757462	108.373
169.0	1.7691884805846871	90.635
169.5	1.863415053292302	60.331
170.0	2.2370015734768023	131.481
170.5	1.7146684074909158	36.217
171.0	1.5554775525543676	90.666
171.5	1.1427951411589359	100.822
172.0	1.3086674508463985	16.758
172.5	2.74096085744039	70.611
173.0	2.616203832654267	70.124
173.5	2.07431550247763	50.305
174.0	1.7477173314735124	21.251
174.5	2.5186337615502996	157.471
175.0	2.5235049424088136	52.931
175.5	1.9655799582308906	60.464
176.0	1.4264767025802334	80.622
176.5	1.8467236496528394	14.301
177.0	1.6688842980061944	18.92
177.5	1.9098272687094222	117.908
178.0	2.4144500082754137	60.575
178.5	1.4874071409942389	93.379
179.0	1.674005545566315	80.567
179.5	1.4754391929507829	70.309
180.0	1.6589173331357563	70.221
180.5	1.8597658349559978	36.171
181.0	1.6591505340854265	110.623
181.5	1.8809560932206673	80.604
182.0	2.2015049816648906	100.839
182.5	2.0100894927356503	50.256
183.0	1.818853530156847	50.36
183.5	1.5463636763547928	50.419
184.0	1.7635165267106898	41.224
184.5	1.4025298299739781	90.681
185.0	1.549213730161128	90.672
185.5	2.1453971046021545	140.718
186.0	1.8538514988140253	40.539
186.5	1.898733505664481	112.535
187.0	1.5900896956198967	110.529
187.5	1.9251712200422022	88.227
188.0	2.2207116884648674	23.224
188.5	1.467625331245971	97.641
189.0	1.6731677120284312	65.029
189.5	2.0058754975758974	110.758
190.0	2.1312256228798794	28.227
190.5	1.1600973345915317	70.61
191.0	1.0520595248986333	70.629
191.5	2.68125516597562	100.414
192.0	2.0453779933654053	106.144
192.5	2.02764486777025	120.704
193.0	1.853735811402188	120.662
193.5	1.5022839746596044	23.017
194.0	1.5888611653629043	101.58
194.5	2.1289719528731754	23.184
195.0	1.4530091141892862	60.501
195.5	1.8344871361034099	70.531
196.0	1.7826788638991768	50.268
196.5	1.4664807845310275	37.485
197.0	1.712663137730954	44.7
197.5	2.1666643192466855	50.196
198.0	1.7610894775247694	120.972
198.5	1.553321239711265	80.394
199.0	2.3464579509834604	73.654
199.5	1.6844637330886048	130.892
200.0	2.1227392283822946	62.602
200.5	2.1884648701717966	60.266
201.0	2.278538055981715	13.87
201.5	1.4545904257327962	60.362
202.0	1.0581431219519968	39.725
202.5	1.8275285804250163	14.858
203.0	1.6715160227111072	23.379
203.5	2.1871540732970676	50.72
204.0	1.850427066328436	64.704
204.5	2.0707624560703586	61.139
205.0	1.8329373543965122	70.586
205.5	1.9346661754600318	31.957
206.0	1.966221214994015	30.087
206.5	1.5223360290732957	25.431
207.0	2.451811774639191	50.213
207.5	1.5364848428489566	90.697
208.0	1.9601491776530335	80.539
208.5	1.9130546691672536	56.699
209.0	1.702423823200948	60.477
209.5	1.49855481918427	70.337
210.0	2.002344654145215	93.097
210.5	2.1281996001293826	50.235
211.0	1.9179479466111704	40.34
211.5	1.5203412388777795	131.191
212.0	1.8372318371822154	90.539
212.5	1.9300557557610993	70.575
213.0	2.0772115103550037	120.804
213.5	1.657222732884639	60.396
214.0	1.9674491685823754	50.416
214.5	1.7117056505174064	90.125
215.0	1.7666141485594453	20.243
215.5	1.6062539597436665	20.21
216.0	1.8018427735695262	70.59
216.5	2.104075685169229	84.094
217.0	0.1408458814884769	18.417
217.5	1.691604848267714	120.867
218.0	7.987253117958906	71.354
218.5	2.251278817302876	66.866
219.0	1.5507595090044428	43.267
219.5	1.819366008591792	20.162
220.0	2.3053187031949403	50.204
220.5	1.780420736073292	74.364
221.0	2.204650003690301	81.082
221.5	2.124896527994423	14.625
222.0	1.6764731390030507	80.647
222.5	1.5978588810436831	13.836
223.0	1.5506865341360425	81.952
223.5	1.6082376874763753	70.397
224.0	1.3268332228723203	80.601
224.5	2.0575298160872584	49.878
225.0	1.8597235617311718	20.227
225.5	1.888472719104873	39.193
226.0	1.751663177630397	60.352
226.5	2.1905676945769605	70.457
227.0	1.8462469122784906	70.607
227.5	1.431980048682124	73.822
228.0	2.4240203363147503	48.432
228.5	2.0034771061504903	100.692
229.0	1.94660710209753	80.458
229.5	2.368053759209292	70.484
230.0	2.137775071451337	70.69
230.5	1.8721167477341973	65.6
231.0	1.5113740048806374	130.791
231.5	1.7251943477327043	128.335
232.0	1.845769111936399	19.039
232.5	1.7752110902643705	141.218
233.0	1.8904165930198928	37.537
233.5	1.5461013202019707	47.353
234.0	2.3456423052596955	19.036
234.5	1.964856307554417	120.762
235.0	1.3995422357054201	100.794
235.5	2.0261075782463953	70.515
236.0	2.25947983057244	95.516
236.5	1.862045474025107	19.94
237.0	1.8948253707961435	85.359
237.5	1.3679155627752988	100.597
238.0	2.096531399609619	60.476
238.5	1.7857649932897581	50.4
239.0	1.5894562465336302	100.735
239.5	2.3386124524758074	19.689
240.0	1.3976987788149835	140.839
240.5	1.584966955817412	72.452
241.0	1.7231530014451026	21.285
241.5	1.7833117411722383	110.844
242.0	1.6317218154467676	90.458
242.5	1.9667025582539321	50.247
243.0	1.6158854281758073	42.676
243.5	2.0115107210475887	20.13
244.0	2.389944560615145	57.119
244.5	1.3024209788907584	20.697
245.0	1.97919157139312	64.575
245.5	1.7744961533567363	34.317
246.0	2.0299396465700044	44.914
246.5	2.792429827254239	70.475
247.0	1.1956123050775749	151.039
247.5	2.5401482900084016	70.5
248.0	1.2560448151807433	80.433
248.5	2.053468846166619	30.176
249.0	1.6316432245263761	151.047
249.5	1.9596579393620916	50.35
250.0	2.194949954451359	18.057
250.5	1.2827546230384308	120.583
251.0	2.615772588234299	90.656
251.5	2.040745749793763	15.166
252.0	1.649069335039927	13.154
252.5	1.679759276262502	70.502
253.0	2.1837034798903225	86.782
253.5	1.8473018105494183	60.398
254.0	1.5142525684514876	70.465
254.5	2.3577813625585096	181.765
255.0	1.5943788700637764	80.316
255.5	1.8924639986476677	50.406
256.0	1.8413710940032015	110.611
256.5	2.370943486235602	80.436
257.0	2.429932282160628	90.457
257.5	2.022547076936041	80.492
258.0	1.2718504384683338	100.55
258.5	1.7354186755637078	108.956
259.0	1.5048658385280762	68.56
259.5	1.8181174234934163	14.671
260.0	1.3736140712690923	60.311
260.5	1.3382085876381402	130.849
261.0	1.4126705406058404	60.382
261.5	1.1936359499788372	36.408
262.0	1.6486472120987696	90.546
262.5	1.1845413183707	90.663
263.0	1.7361187723962528	13.826
263.5	2.899211336612616	14.095
264.0	2.2953596419783837	70.398
264.5	1.7248135453223032	120.783
265.0	2.0351574153586243	27.152
265.5	2.3181165370795025	80.461
266.0	1.746920789390718	70.528
266.5	2.50267905823123	85.144
267.0	2.041598652781088	50.396
267.5	1.7902342332280943	70.411
268.0	1.8815255857799622	70.071
268.5	2.132041227478119	14.434
269.0	2.0821461003309736	50.365
269.5	1.5188490107303392	50.794
270.0	1.4786854747731293	70.451
270.5	2.4068568327591136	50.392
271.0	1.5952351384880297	70.652
271.5	1.5514548102687802	20.194
272.0	1.0835033954195146	70.574
272.5	1.6442100811937177	37.807
273.0	1.3725035920850381	40.342
273.5	1.7794790450957823	120.8
274.0	1.813152011380675	90.648
274.5	1.9662331800837707	70.318
275.0	1.4518919947077118	40.224
275.5	1.777924319738648	26.707
276.0	2.0314771416006394	80.552
276.5	2.0906088749420437	40.35
277.0	1.6451420876442138	70.534
277.5	1.8173303313553733	70.376
278.0	2.0333419846939518	140.943
278.5	2.2831966179810395	60.534
279.0	1.971344242553061	70.409
279.5	1.9519999072133778	50.399
280.0	1.562382464268792	80.583
280.5	2.201814990672367	21.955
281.0	1.1647419312995582	70.885
281.5	1.730086497197391	70.554
282.0	1.9620843272452844	50.265
282.5	2.0202432058728372	60.243
283.0	1.5801481920629596	80.359
283.5	1.9922153301337522	70.399
284.0	1.4387587996588826	50.364
284.5	1.9838274580979327	60.533
285.0	1.4473714154224055	71.406
285.5	1.9731684145043444	130.835
286.0	1.8096306336069738	75.084
286.5	1.8528092750594094	96.025
287.0	1.9279484936385554	60.179
287.5	2.125137320509561	80.351
288.0	1.89588412508568	20.064
288.5	1.4650246274602117	70.424
289.0	1.9581071420678795	77.751
289.5	1.5926692837368164	110.827
290.0	1.573551205955275	130.87
290.5	1.584268948476898	72.707
291.0	1.9412860005591315	30.281
291.5	1.6268216063152003	90.723
292.0	1.86818298792692	80.771
292.5	1.6574832916392424	70.453
293.0	2.4664782475722387	103.992
293.5	1.4689690357164027	130.657
294.0	1.866732277431403	42.055
294.5	1.4496749148337535	96.721
295.0	2.1146245066741236	90.595
295.5	1.7634309989655716	20.094
296.0	1.6480857963757136	110.627
296.5	1.900115708873969	70.329
297.0	1.9657775699382283	27.289
297.5	1.330757890697755	17.533
298.0	1.7014201903625148	103.851
298.5	2.7492651034738427	80.459
299.0	2.3562312047170995	76.995
299.5	1.9603444097907368	47.616
300.0	2.5168564052749103	70.551
300.5	1.1317172595751264	34.065
301.0	1.7920860734455224	80.509
301.5	2.1568037376066553	109.563
302.0	1.9547684154603926	33.947
302.5	1.5026066384624732	164.991
303.0	1.9596740965047899	129.163
303.5	1.8390672686937288	19.29
304.0	2.3680300261064238	60.402
304.5	0.7071332585902423	76.652
305.0	2.3992806670802866	36.203
305.5	2.027070641802534	70.602
306.0	1.8736634965768872	37.207
306.5	1.8285425871613923	112.931
307.0	1.756231854891955	120.72
307.5	2.1926533557845382	50.283
308.0	2.0852183867041734	50.274
308.5	1.7020828238231311	34.827
309.0	1.8813405881628262	70.401
309.5	1.409311175421574	80.55
310.0	2.4473925267568766	13.876
310.5	1.9862898470312176	70.35
311.0	1.695529935064265	68.473
311.5	1.6212291164104038	130.837
312.0	1.575117674661294	80.527
312.5	2.0138190333912336	50.252
313.0	1.6758442798836517	60.318
313.5	2.050297201700727	33.973
314.0	1.6784064331197897	50.217
314.5	1.832158858646657	130.866
315.0	2.1878758891271675	110.667
315.5	1.7866959966320421	19.766
316.0	1.5716162457865834	100.715
316.5	1.6872258589221023	16.543
317.0	2.3605212071381363	90.589
317.5	2.275137846836906	20.242
318.0	1.5761633220649482	64.444
318.5	1.642227521221677	80.59
319.0	1.7356566144412928	25.303
319.5	0.9460420960527909	100.671
320.0	1.5506301169386132	13.595
320.5	2.168888710464413	50.268
321.0	1.4757662262861355	70.591
321.5	1.566228456070735	110.641
322.0	1.8142627314141198	70.409
322.5	1.297512509348118	60.339
323.0	2.0193295574216146	90.559
323.5	1.1651902606171058	130.863
324.0	1.6217087762244649	120.889
324.5	2.832495041204541	60.263
325.0	1.78973164187083	13.535
325.5	0.9179574300078323	36.12
326.0	1.9691155775887252	14.831
326.5	1.404658476998702	18.552
327.0	1.930376121183566	44.752
327.5	1.7133742143353674	50.262
328.0	2.328987699147324	60.402
328.5	0.3044706761609326	16.444
329.0	0.1542376497090383	41.782
329.5	1.1513515400099965	100.878
330.0	0.2865755158182611	95.484
330.5	3.680027844364722	151.267
331.0	0.7596487812615831	34.495
331.5	0.7570068494250678	35.279
332.0	1.0091794274067791	50.33
332.5	0.8413958582901659	70.502
333.0	0.9902511617952231	90.545
333.5	1.0653216123156104	60.486
334.0	0.7783559855108011	50.335
334.5	1.0256987888730202	19.604
335.0	0.8285086556428161	90.636
335.5	0.95696583323294	80.572
336.0	0.9263476264768639	80.59
336.5	1.136033710397002	30.466
337.0	0.8470266112319332	130.942
337.5	1.1942239676069644	60.327
338.0	0.16403509441217123	16.865
338.5	14.026592489585035	33.727
339.0	2.619092607410764	80.62
339.5	1.9708082612349593	135.305
340.0	1.6461593271806214	141.033
340.5	2.0632593162907797	56.945
341.0	1.8508084286697186	40.344
341.5	1.6207788976357005	80.428
342.0	3.1176047956792914	70.553
342.5	2.203858283164616	64.204
343.0	2.32392434113479	80.612
343.5	2.8117902713015277	65.218
344.0	2.2777335421733196	33.59
344.5	1.952666797743503	100.605
345.0	2.4458022325928326	70.403
345.5	1.462591294561914	90.668
346.0	2.0852430533947555	90.46
346.5	1.7765037966187118	60.42
347.0	1.8055049389113882	90.498
347.5	2.3254040752162015	19.78
348.0	1.15699255899408	90.762
348.5	1.5314905157004237	70.377
349.0	1.3891790332095442	110.793
349.5	1.898465725848294	130.705
350.0	1.2288655245826676	60.464
350.5	1.7551004280064104	120.869
351.0	0.1829080721284753	129.678
351.5	0.12175156052134767	129.678
352.0	0.17444499177927436	27.637
352.5	4.3981180403780495	81.188
353.0	0.771669233536078	100.668
353.5	0.1729156872821129	11.177
354.0	0.1670130381713318	20.155
354.5	0.15482589887938128	21.719
355.0	0.17753115779168757	11.221
355.5	3.5958033886296077	106.46
356.0	3.1908239985181015	24.978
356.5	2.123550264260077	63.417
357.0	1.936830531146047	30.161
357.5	2.221327822942861	56.466
358.0	1.8334652792632795	29.741
358.5	1.8662487693243377	162.015
359.0	1.9351323008767616	50.306
359.5	1.893857262501846	51.976
360.0	1.858841736043852	20.284
360.5	1.7687129693957033	80.565
361.0	1.605002922510933	32.659
361.5	1.3049561206961269	40.46
362.0	1.0086625373567057	60.4
362.5	2.4116622586473966	91.39
363.0	1.907007993690984	60.538
363.5	2.3333653699824413	40.796
364.0	2.194859063555432	11.92
364.5	2.1263249516992158	60.424
365.0	2.3598658520504907	11.461
365.5	2.7631749876015306	81.237
366.0	2.1579022739905196	132.638
366.5	1.9055104405926429	77.475
367.0	2.11114991154255	60.425
367.5	1.6105583103249295	99.182
368.0	2.1296720343263984	10.648
368.5	2.10719100285734	80.591
369.0	1.8289109396665892	44.52
369.5	2.695426992148058	80.211
370.0	1.8715233760688814	71.6
370.5	2.5082809860793827	57.869
371.0	2.8542659760029667	30.385
371.5	2.2744983291895395	121.028
372.0	1.8903271399445734	60.446
372.5	1.863703767881537	60.392
373.0	1.5522576771814558	30.332
373.5	1.9853687748252724	101.469
374.0	1.9858541523212416	30.102
374.5	1.6477672506861685	90.454
375.0	2.1922977124635747	90.436
375.5	2.453903422260764	60.51
376.0	1.9709835532279751	130.916
376.5	1.5254116342852264	10.838
377.0	1.4366238502486972	23.13
377.5	2.15875719574881	121.038
378.0	2.017154927516554	80.408
378.5	1.7388822419940648	90.707
379.0	1.8427265235022636	52.388
379.5	1.4613036657801373	51.156
380.0	1.897381597284245	110.742
380.5	1.5497456111466272	40.288
381.0	1.3595383846973161	40.158
381.5	1.8866674355663922	130.838
382.0	1.8840470967676883	70.502
382.5	1.9812834775102421	23.155
383.0	1.5865348233724068	20.226
383.5	1.4141724788979895	40.689
384.0	1.7414418129051603	90.696
384.5	1.5265625881321394	80.547
385.0	1.6403896928720656	32.785
385.5	2.175813083504001	83.847
386.0	2.2336477405535704	23.897
386.5	2.5102038120113237	71.497
387.0	2.2450016677569025	80.913
387.5	1.7233234352517677	18.945
388.0	1.6353680245677886	50.3
388.5	1.5803604073022053	52.12
389.0	1.488089161479149	41.338
389.5	1.6061313705282174	121.172
390.0	2.0995666586208217	76.506
390.5	2.0734931956403853	10.817
391.0	1.4732569663605828	55.756
391.5	2.3055743283181354	65.338
392.0	2.175683336836906	42.449
392.5	1.5749944050492086	90.562
393.0	1.3717840571441966	70.542
393.5	2.4025515034064027	30.03
394.0	2.525778067897078	42.317
394.5	1.702098052991335	21.518
395.0	1.7005020734585006	13.098
395.5	1.9644649771385554	60.407
396.0	1.6263737075400857	80.507
396.5	1.745377757288318	32.13
397.0	1.9043284184876552	60.253
397.5	1.7945200804428563	90.514
398.0	1.5638371065778447	90.626
398.5	2.463549244824144	20.245
399.0	1.8820739753744045	109.928
399.5	1.7263367232094402	20.26
400.0	2.0713695738073357	83.916
400.5	0.1263532692228073	13.297
401.0	1.5517812259377195	100.563
401.5	1.5544979567138066	100.702
402.0	9.95017250028262	50.59
402.5	1.9441976867929618	20.069
403.0	1.635144102138318	26.342
403.5	1.7643357595655738	100.455
404.0	2.4817990497147	158.709
404.5	1.9829342768023053	70.64
405.0	1.8547885047719201	50.63
405.5	1.7557975511957182	30.421
406.0	2.030901887030803	115.013
406.5	2.040699730914247	15.498
407.0	1.8396967932476274	81.389
407.5	1.6030247960727984	125.588
408.0	1.6043469603664846	70.513
408.5	1.873850803899324	130.98
409.0	1.7902325316437457	100.709
409.5	1.6980368079277948	40.121
410.0	1.8304309942781705	44.248
410.5	1.6871018906575435	30.102
411.0	2.02817755738593	60.47
411.5	1.7020594616350355	30.36
412.0	1.8987862641086064	31.447
412.5	1.3777158568613312	70.435
413.0	1.7967902777419846	100.547
413.5	1.7666168548703252	100.621
414.0	1.6540945675045868	50.419
414.5	2.0649109285683815	30.18
415.0	2.195547006825647	61.287
415.5	1.9722767594946709	30.278
416.0	1.6438077924753014	41.929
416.5	1.7012707072082178	110.717
417.0	1.2813875908806218	110.728
417.5	2.1400556277955385	30.438
418.0	2.5077465471849845	50.621
418.5	1.6009353206756374	41.192
419.0	1.6874513412506518	90.566
419.5	2.4038159716343435	21.835
420.0	2.2336850871030784	80.528
420.5	1.8426584244234037	60.521
421.0	1.8501768483028875	60.456
421.5	0.15008208350771932	35.953
422.0	1.8195145220605389	60.549
422.5	1.3827525147957196	100.814
423.0	8.241467133297757	122.532
423.5	1.8128850157217005	50.275
424.0	1.7699176382036443	50.301
424.5	2.211144757075149	90.195
425.0	2.0797459280642743	50.315
425.5	2.2561696323496903	103.878
426.0	1.7997949866493705	65.137
426.5	2.0707870589536856	91.096
427.0	1.5491131815222603	42.15
427.5	1.6552289745037105	91.777
428.0	1.4833263493961075	31.524
428.5	1.8558803115429054	30.289
429.0	1.887417488317887	98.796
429.5	1.7457794463427354	100.845
430.0	2.0490924418530576	110.858
430.5	1.7786697557296833	120.741
431.0	2.2955553044705903	41.242
431.5	2.0455509406206183	70.634
432.0	0.12811888172086347	13.048
432.5	4.530601437078096	18.341
433.0	0.7796208241828992	100.604
433.5	0.13820446866581637	9.265
434.0	3.029406638204732	90.75
434.5	1.2755378880143216	59.913
435.0	0.8626707541505586	171.607
435.5	0.9394553648666141	524.985
436.0	3.569073732072443	100.67
436.5	0.7329083468740033	42.788
437.0	0.6543102947305686	22.062
437.5	1.5206571058308471	65.657
438.0	0.7056518945660526	32.884
438.5	1.320170558509459	20.382
439.0	1.4125230539055877	14.09
439.5	1.3343056318190616	122.32
440.0	1.1686028832412945	110.819
440.5	0.1299262715099765	13.634
441.0	14.813958760568775	91.115
441.5	2.471590873618354	70.372
442.0	1.8618140730627932	30.181
442.5	2.64673502887882	30.158
443.0	2.3786811044845115	40.421
443.5	2.4662399659968672	13.668
444.0	2.389410589749117	60.291
444.5	2.1537162646647556	40.399
445.0	2.543386496598225	100.457
445.5	1.9781388247998264	100.581
446.0	1.936151914205487	90.741
446.5	2.329252353892716	14.654
447.0	2.8633157601206523	20.235
447.5	2.2918037646695506	12.74
448.0	1.9985370658402763	73.617
448.5	2.2935647850588983	80.577
449.0	2.7720764579084847	20.103
449.5	1.7736202130521233	80.475
450.0	2.6408417783183884	50.391
450.5	2.349176685605652	60.264
451.0	2.0362360034222564	70.645
451.5	1.9255799446928388	70.376
452.0	2.564469575678116	100.565
452.5	2.3323910800216714	13.176
453.0	2.9645281583374263	34.801
453.5	1.9932186484595116	12.89
454.0	0.140545126046802	8.757
454.5	7.041594751405188	50.554
455.0	0.17070744386741762	31.303
455.5	0.13910333621558046	15.811
456.0	4.197189764006909	15.574
456.5	4.690278037865811	262.206
457.0	0.8243874045387226	140.906
457.5	0.981560879346266	35.878
458.0	0.13751558228488447	83.906
458.5	0.13490196639479088	36.25
459.0	1.1871463466378653	715.649
459.5	0.9310257897361902	37.11
460.0	1.4473711790176322	22.679
460.5	1.6507972918763831	20.342
461.0	0.1531519969946556	15.707
461.5	9.202468816003634	100.862
462.0	1.5746535355267763	16.919
462.5	1.09903577603401	70.336
463.0	2.147836850315694	29.691
463.5	2.0873925692455124	16.271
464.0	0.5445891346552474	26.599
464.5	0.054410235051858574	143.43
465.0	1.5779759244003566	102.978
465.5	1.1006471975298504	26.403
466.0	0.7362389377541768	14.873
466.5	2.068767665615439	80.533
467.0	1.5162862109284971	15.549
467.5	1.6241233692698744	14.644
468.0	0.15578898921404216	16.249
468.5	5.837517670502088	123.644
469.0	0.6194380663034058	79.137
469.5	1.6839001611156819	61.254
470.0	1.4049441379783119	11.166
470.5	1.4961543814808114	103.42
471.0	1.2856076857061793	70.492
471.5	1.9890084451689662	60.265
472.0	0.512832251993279	32.837
472.5	1.6917802839649656	81.508
473.0	2.1414601154492114	19.858
473.5	1.9093386445530607	10.956
474.0	1.3655207389686257	11.509
474.5	1.4352777218122739	34.253
475.0	0.9922380277437992	9.212
475.5	1.3369703220289804	41.799
476.0	1.6983437314040897	60.367
476.5	2.208150409507382	14.508
477.0	1.76161089674981	118.472
477.5	1.9572985505845348	25.507
478.0	0.4748156685978489	54.688
478.5	1.4962123684376236	34.884
479.0	1.9824827629000819	20.424
479.5	1.6287992992894906	110.604
480.0	1.8181947710931834	120.846
480.5	1.8502908066366912	100.629
481.0	1.2396733282275334	8.723
481.5	1.2969065508944133	71.108
482.0	1.8606369025102298	70.517
482.5	1.495693830015773	37.158
483.0	2.5553900541360184	50.447
483.5	2.2873913639238737	19.162
484.0	2.148020491879334	40.792
484.5	1.7186333188379241	80.455
485.0	2.2937586189789396	11.674
485.5	1.8779461074230213	102.008
486.0	1.853136662901184	60.472
486.5	2.1106717664453782	60.455
487.0	1.5689377209356443	90.598
487.5	2.3001189979179304	41.416
488.0	2.0385791243244786	90.616
488.5	2.3353519546034525	70.823
489.0	2.4677705610794005	109.805
489.5	1.8164715679473364	20.112
490.0	2.577352516153148	30.207
490.5	1.8779067595124856	110.677
491.0	2.283043041617528	80.459
491.5	2.42920563222106	50.198
492.0	2.325793526270785	9.153
492.5	1.9499049990255395	60.514
493.0	2.1609895909805497	13.599
493.5	1.9420802323431712	61.022
494.0	2.7189913610948695	40.27
494.5	2.0178442001850097	70.414
495.0	2.4420123788961474	82.612
495.5	1.7135374085222979	34.364
496.0	1.937369659841562	70.462
496.5	1.8387462491770639	71.495
497.0	1.9108511679352507	100.687
497.5	1.9513108683455724	40.217
498.0	1.5738232033506772	110.262
498.5	1.114316067299354	30.32
499.0	1.618635088890502	60.464
499.5	1.371479651124092	70.518
500.0	2.347174572394745	30.389
500.5	1.5093899333290712	60.602
501.0	1.7856177437568561	50.317
501.5	1.8081127988142716	121.008
502.0	1.625214427743276	80.485
502.5	1.937659260259289	90.765
503.0	2.0276500001381885	60.491
503.5	1.4106668838569802	60.486
504.0	2.693932106780525	30.311
504.5	1.735186097038043	100.822
505.0	1.956987701877267	80.771
505.5	1.8943303610993667	80.635
506.0	2.140400195238541	80.441
506.5	2.2202328202940778	80.501
507.0	1.8153483608261125	90.626
507.5	1.8292740929763749	80.441
508.0	2.103274240963071	90.658
508.5	1.2856062626555809	31.896
509.0	1.552071230180812	110.815
509.5	2.2994217939476123	30.37
510.0	2.1419974575073177	53.52
510.5	1.251157030154732	10.362
511.0	1.633138907438029	8.742
511.5	2.3913214835882477	60.311
512.0	2.4282022615033987	50.001
512.5	1.5289061230734808	80.581
513.0	2.1572472980112902	81.813
513.5	1.3700478412815729	9.65
514.0	1.9597430067874226	100.747
514.5	1.8290768484235318	41.103
515.0	1.9819836987090864	80.631
515.5	1.7075829461820704	121.021
516.0	2.1557556081848337	40.382
516.5	2.150823807713206	74.282
517.0	1.5193284557741937	70.415
517.5	2.122076846988421	60.337
518.0	1.370113933637442	90.666
518.5	1.5981718423436226	10.257
519.0	1.9449919566235374	35.938
519.5	2.1124077581676763	9.944
520.0	2.237163901635567	60.582
520.5	1.3789644151029314	100.636
521.0	1.6225053575484403	16.807
521.5	2.280819281210874	84.773
522.0	1.441766226438742	38.032
522.5	1.9519212273452227	70.459
523.0	2.2068682710975054	50.279
523.5	1.4291582912888061	9.681
524.0	1.5675317000470714	13.159
524.5	1.810750989865812	73.603
525.0	1.852686526551357	20.152
525.5	2.2491136760745865	21.196
526.0	1.5758790006557841	80.452
526.5	1.9615963633098854	47.122
527.0	1.9260584941369336	80.573
527.5	2.4337202028215734	110.679
528.0	1.6202065278623854	19.964
528.5	1.680859931569066	70.407
529.0	2.154526082136	50.306
529.5	1.744866126493227	110.968
530.0	1.5127025006256052	50.343
530.5	2.201108908356809	60.339
531.0	2.0045329024663823	80.56
531.5	1.3962780518828983	124.135
532.0	2.1642206405937543	120.848
532.5	1.9578561798029483	60.392
533.0	2.395205685712509	50.304
533.5	1.8002018702875493	40.355
534.0	1.119780651248453	70.527
534.5	2.036951441433455	50.296
535.0	1.7273531204494066	33.096
535.5	2.3442065154669516	60.472
536.0	1.5094280969580034	80.307
536.5	1.9984766577490214	80.352
537.0	2.3866921389652034	13.528
537.5	2.228438607486368	60.414
538.0	1.7141600257797691	23.316
538.5	2.4550697807986483	50.556
539.0	1.6255936936635322	90.575
539.5	2.3991535640151316	80.482
540.0	1.4247919716061694	8.659
540.5	1.985042809139407	100.683
541.0	2.0821131942116002	20.996
541.5	1.9444634126391378	34.308
542.0	1.4975551316153484	20.133
542.5	1.981431833311685	22.131
543.0	1.58494273358882	36.769
543.5	1.6554504139551267	20.829
544.0	2.2717276388312437	50.254
544.5	1.430785068968604	9.948
545.0	2.32595111455875	80.608
545.5	1.4322665094934413	60.456
546.0	1.9358096556083009	18.124
546.5	1.7422310517707391	20.348
547.0	1.4712310526947006	9.837
547.5	2.0693320318353408	29.803
548.0	1.5884512357658926	29.058
548.5	2.1518972814725914	20.159
549.0	2.0825182946993124	90.912
549.5	1.3802591796577608	80.512
550.0	2.0197200759210676	64.285
550.5	2.0488784048049333	100.814
551.0	2.07539086827415	60.38
551.5	2.3820354207641805	90.851
552.0	1.364985640367073	143.386
552.5	1.9875372976105796	212.01
553.0	2.0235829215045165	30.433
553.5	1.9683118692131378	80.463
554.0	2.4057960971253918	78.332
554.5	1.4919002130561358	10.019
555.0	2.1992463932830395	50.41
555.5	1.4566580282518684	30.021
556.0	1.6394213288122161	59.758
556.5	2.0102263131256612	80.353
557.0	1.5780355476479129	69.783
557.5	1.6250634846261531	80.524
558.0	2.234144572321521	19.997
558.5	1.681216292554072	34.064
559.0	2.0987785409468342	9.808
559.5	1.6142746509517096	60.474
560.0	1.8293183967679396	70.456
560.5	2.584495144451142	60.556
561.0	1.5535787898498439	18.616
561.5	1.9608373334419538	50.269
562.0	2.2159423644392557	60.34
562.5	1.55437471361832	40.15
563.0	1.8146435627453743	121.318
563.5	1.3842668136851506	20.142
564.0	2.421167089900431	43.098
564.5	1.4835180272738269	40.365
565.0	1.9950932427408739	90.685
565.5	1.158385851959656	60.389
566.0	1.39882150957753	70.512
566.5	2.3074852824290844	60.272
567.0	1.6523851514050507	12.693
567.5	1.5864722457941436	9.236
568.0	1.712197035007719	40.375
568.5	1.5907429578291037	130.799
569.0	1.9610753815126845	80.543
569.5	2.0882380315726077	20.138
570.0	1.9450111347443855	80.435
570.5	2.021077236563725	9.761
571.0	1.9281670661990276	60.534
571.5	1.460926215846475	20.174
572.0	2.4896734416472412	20.05
572.5	1.9474250657232828	20.179
573.0	1.5893869918212309	40.303
573.5	1.4678917201533972	110.75
574.0	2.2802322894516314	10.148
574.5	2.2864085785841555	97.975
575.0	1.8323053608948197	80.559
575.5	1.8931839562540078	50.345
576.0	1.4621635977129952	30.224
576.5	1.9101856144817817	100.605
577.0	1.6570172111876338	9.968
577.5	1.623634687579561	120.678
578.0	2.0850683873371185	60.405
578.5	2.1865187430998945	14.839
579.0	2.000502950065103	121.089
579.5	1.8269699696811739	60.439
580.0	1.6739054953075112	110.741
580.5	1.9595622878543741	11.314
581.0	2.0399348550503897	40.285
581.5	1.931250388230544	64.124
582.0	1.7535407721723013	31.166
582.5	1.7015527207411922	70.698
583.0	1.5422350890017356	70.515
583.5	2.5785577075194506	130.603
584.0	1.83470507505096	29.65
584.5	1.9490243637202491	60.399
585.0	1.903600241094511	40.354
585.5	1.5538412011723322	70.402
586.0	2.7234812533914874	84.97
586.5	1.8249161544607355	37.358
587.0	1.6532733701628515	60.438
587.5	1.8483354977295356	9.272
588.0	2.0994410160801236	30.909
588.5	1.711981137776107	20.153
589.0	1.752839129812898	50.289
589.5	1.6531459608545889	80.656
590.0	1.8345533406369119	60.408
590.5	1.9576765208954885	80.608
591.0	1.6405642148974355	30.127
591.5	2.350660085017595	80.617
592.0	1.532520340008131	29.711
592.5	2.2877637380099443	70.253
593.0	1.6183957401858415	60.445
593.5	1.8975274910922302	70.401
594.0	2.601589173010815	50.13
594.5	2.115568267096434	70.552
595.0	1.2056188873401537	50.298
595.5	1.668996265053944	21.193
596.0	2.0571837177454224	70.387
596.5	2.431389305405138	91.711
597.0	1.1284025594271312	80.566
597.5	2.374330328401632	50.273
598.0	1.9494402970155071	130.907
598.5	1.8122306330831262	110.713
599.0	1.9027619286252861	116.169
599.5	1.9368365147524256	90.469
600.0	2.442334990772879	20.083
600.5	1.9157926457582575	60.989
601.0	1.412589009556773	128.376
601.5	1.4482001591248086	59.797
602.0	1.8362996551679451	80.533
602.5	1.6767678618709951	80.57
603.0	1.7821488194167412	40.291
603.5	2.0495472276341697	70.595
604.0	2.352253058717873	60.503
604.5	1.7224720493426051	40.368
605.0	1.6717960735305857	70.45
605.5	1.4705830364162933	30.387
606.0	2.133867254440733	22.598
606.5	1.8258053623178552	80.431
607.0	2.1337558600493223	50.337
607.5	1.8618061576528881	50.489
608.0	1.7021933203698325	80.512
608.5	1.7269656856500628	80.591
609.0	1.7284946190628572	100.461
609.5	2.4710381280620797	51.205
610.0	1.5219428870286191	14.393
610.5	1.3652464394355839	80.596
611.0	1.4209658577031676	50.477
611.5	1.8965029474325479	70.381
612.0	1.8634450077286768	71.04
612.5	1.2101056800178818	80.576
613.0	1.7771986317518054	50.33
613.5	1.7397323991176805	60.538
614.0	2.195588807859739	110.821
614.5	1.4114834296145982	50.327
615.0	2.5550454244819827	70.468
615.5	1.66843470298358	110.7
616.0	1.8949478996456477	9.024
616.5	1.5496171118657132	50.38
617.0	1.8353894594869715	8.574
617.5	2.1643212612933924	20.179
618.0	1.5390089560836477	90.566
618.5	1.341341115005947	9.416
619.0	1.7166658744048868	80.484
619.5	1.543457493306224	70.408
620.0	1.961380926715218	120.781
620.5	1.9844240328473097	70.493
621.0	1.6693350428831506	62.996
621.5	1.7081249054417051	100.742
622.0	2.71336744878737	11.944
622.5	1.001927183667798	62.543
623.0	2.062688998540483	50.259
623.5	2.4406970322841457	125.469
624.0	1.8492782575864561	70.32
624.5	1.805080225781089	61.378
625.0	1.585715007410626	9.341
625.5	2.3029594404311595	9.532
626.0	2.32464908683144	28.352
626.5	1.6609337536500928	14.88
627.0	2.056923208314886	110.787
627.5	1.7909194003261273	20.628
628.0	1.8313996673431467	60.502
628.5	1.8773071453463914	82.834
629.0	2.116264327995191	80.519
629.5	1.9425659066570573	60.475
630.0	1.5282964302569164	60.573
630.5	1.4045623265258178	130.938
631.0	1.737021252583928	80.434
631.5	2.132252410921078	30.486
632.0	1.595831045830447	50.4
632.5	1.847640610945465	70.349
633.0	2.372640549280852	70.585
633.5	1.7407575097635217	130.934
634.0	1.834757623206882	60.401
634.5	1.4203945702236849	130.828
635.0	2.1511009018790057	80.494
635.5	2.2062206761567102	111.817
636.0	1.7137293371806446	20.142
636.5	1.895409455297351	25.132
637.0	1.953970154220396	10.428
637.5	1.6314869278974826	10.815
638.0	1.063822852662973	120.936
638.5	2.030189675954539	70.408
639.0	1.7818639100597555	57.745
639.5	1.7259069084279615	80.647
640.0	1.5895607693267573	71.32
640.5	1.7208588961050595	60.483
641.0	1.8450323981560306	105.285
641.5	1.715949237767895	80.64
642.0	2.0587027929005752	84.551
642.5	1.4329232896277986	100.792
643.0	1.9654976535650281	70.36
643.5	1.6375313874885025	110.855
644.0	1.7412579667877153	60.298
644.5	2.4759251524640438	50.243
645.0	1.7346820718032252	80.569
645.5	1.868895879259056	100.654
646.0	1.633766252880076	93.006
646.5	1.4869074200986734	140.944
647.0	1.9893331955763258	70.569
647.5	1.869133477941215	70.154
648.0	2.1212799821246056	121.044
648.5	2.0368854020143505	38.3
649.0	2.454282142802457	26.231
649.5	1.7077861727387154	50.185
650.0	1.4324169387754169	13.435
650.5	1.7991132657673827	75.111
651.0	1.9993087754053038	110.913
651.5	1.7664923631554608	50.385
652.0	2.125981735488971	20.485
652.5	2.0003463498628618	70.537
653.0	2.363057696162331	20.165
653.5	1.532507542390234	60.434
654.0	1.484463291581433	145.305
654.5	2.048916199218521	207.895
655.0	1.6598016587452242	291.847
655.5	1.213483671104365	12.274
656.0	2.275399565400116	80.631
656.5	2.4297853428950105	50.231
657.0	1.5503989822529602	80.601
657.5	2.0608504071916247	60.361
658.0	1.6349631767333166	40.372
658.5	1.7492631431806975	74.922
659.0	1.5505652955408369	90.738
659.5	1.4919986129217409	60.446
660.0	1.510420011469299	70.58
660.5	1.6140497488297805	70.289
661.0	2.2921552983142486	60.49
661.5	1.2280299935570025	30.121
662.0	1.6483822616356034	100.715
662.5	2.1074713586021554	70.425
663.0	2.1412461424085993	50.129
663.5	1.0864514538226662	10.329
664.0	2.181706671023488	50.266
664.5	2.0348871970417086	68.036
665.0	1.696371770493123	20.153
665.5	1.4763764340651833	90.628
666.0	1.7127518986368202	40.321
666.5	1.8378634394005027	90.674
667.0	1.9091119051779015	10.129
667.5	1.7189355155803487	40.316
668.0	1.532853687515836	80.468
668.5	2.519722543117917	20.201
669.0	1.3974364297730888	49.802
669.5	2.0654164242257296	90.703
670.0	1.850478080317925	60.501
670.5	2.137569971718823	11.659
671.0	1.7614105021558817	20.115
671.5	1.9698769707734816	60.471
672.0	1.7071056715495871	30.736
672.5	2.513695885557427	55.636
673.0	2.027582013315146	70.515
673.5	1.7556755999691993	120.786
674.0	2.4599168866848533	11.999
674.5	1.6193016921777268	70.549
675.0	1.7044376033213102	80.543
675.5	1.8887363905982204	50.312
676.0	1.59988203597925	60.48
676.5	2.4070824578961854	20.075
677.0	1.5411528442903184	93.56
677.5	2.0680857424638646	8.234
678.0	2.31797744535903	70.5
678.5	2.0454398674298284	35.265
679.0	1.5770168083910756	96.773
679.5	1.714628969620322	79.53
680.0	2.4607555661504183	50.293
680.5	2.3422388464036943	10.555
681.0	1.512036712151292	9.188
681.5	1.6523213157731125	70.664
682.0	1.5256183819211466	110.864
682.5	2.1789580811455127	30.321
683.0	1.5004839677799227	77.992
683.5	2.2191447815165124	9.834
684.0	1.6701031763454828	60.265
684.5	1.9405808608015274	29.578
685.0	1.7537180943440531	90.647
685.5	2.5150528380747224	20.147
686.0	2.010509557071911	50.408
686.5	2.394840812777934	80.503
687.0	1.4439768561124318	116.218
687.5	2.2871473607781927	80.43
688.0	2.0680453029142645	162.016
688.5	2.013547158879002	111.198
689.0	1.8446933135073893	161.674
689.5	2.0185913147069052	30.172
690.0	2.067547120307865	70.317
690.5	2.1182286514158455	10.103
691.0	1.1989205043520077	20.236
691.5	2.3506251804393643	80.651
692.0	1.841185023847637	110.767
692.5	1.6662130939436186	24.423
693.0	1.7211540958449758	70.407
693.5	1.7978459336078056	80.438
694.0	1.7102249031243335	80.455
694.5	1.996841573663929	123.246
695.0	1.440003717857335	60.315
695.5	2.617166776342324	40.244
696.0	1.2926018407526487	80.372
696.5	2.0333343249318765	72.947
697.0	1.66773780261036	80.587
697.5	1.7956921409159647	106.459
698.0	1.7894591894753844	90.642
698.5	2.0035990610445453	20.278
699.0	1.7577085523964142	59.225
699.5	1.490859543885404	80.435
700.0	2.08472059900965	50.603
700.5	1.5325363394954201	60.526
701.0	1.4912507084140936	70.444
701.5	1.8971114027211593	80.646
702.0	2.013089489307525	10.317
702.5	2.073438226890643	14.192
703.0	1.1237035275716236	70.735
703.5	2.1448483119610366	10.154
704.0	1.8704903766872005	60.477
704.5	2.517948046571086	13.971
705.0	1.3383123891268678	20.183
705.5	1.7370719136559392	40.614
706.0	1.7860019518919157	21.295
706.5	2.131406633141722	70.703
707.0	1.7233066377695931	70.53
707.5	1.8426010934538488	93.614
708.0	2.157181162836756	50.414
708.5	2.655836130516496	100.502
709.0	1.4468295316845807	60.181
709.5	1.9988774952495878	60.5
710.0	2.1858219088852158	80.544
710.5	2.6214144690419867	100.446
711.0	1.5799875080860535	60.417
711.5	1.6377327527596457	29.96
712.0	2.014980224474525	7.654
712.5	2.3454914190672214	91.402
713.0	1.5784595850397116	100.616
713.5	2.2929106101218752	80.571
714.0	1.5519423723642598	70.614
714.5	1.6004039889775374	50.373
715.0	1.7547776784922111	95.422
715.5	1.3881101493222374	92.341
716.0	1.8652615854793355	60.402
716.5	2.163342876017381	60.469
717.0	1.850573873567497	80.621
717.5	2.373105986951073	10.207
718.0	1.7677511624847702	90.573
718.5	2.1086256926749645	79.653
719.0	1.0690845022332822	79.896
719.5	1.9882154528163802	10.909
720.0	2.0504457976840276	62.417
720.5	1.6165083500759927	49.547
721.0	1.425205093486453	80.862
721.5	1.8495494911725445	20.174
722.0	1.2171180500238876	110.639
722.5	1.1392269168267313	9.534
723.0	0.8965146918389666	20.122
723.5	1.9515938739101957	60.515
724.0	1.679380777185526	52.226
724.5	1.2403537717443702	102.895
725.0	1.305652101223721	20.124
725.5	1.8769852116730492	20.128
726.0	1.8654746834705869	39.64
726.5	1.4945379335316495	70.527
727.0	1.4218196661396225	60.368
727.5	1.984455404709594	80.483
728.0	1.9117366471537431	16.302
728.5	1.974665411121442	50.518
729.0	1.166556538283557	70.389
729.5	1.588612146646469	60.309
730.0	1.9760754658870463	50.122
730.5	0.9146039516419232	21.14
731.0	1.6969049847839122	103.333
731.5	1.9308563930023954	20.196
732.0	2.3205884182829664	12.109
732.5	1.3995842688841844	90.663
733.0	1.5690040881176743	15.825
733.5	1.511832432197213	53.343
734.0	1.650655747788218	120.758
734.5	1.700474451315466	40.325
735.0	1.9633479885395573	61.076
735.5	1.3996956013804465	60.533
736.0	1.4130480164437567	60.52
736.5	1.9069263467326836	129.422
737.0	1.9544091978913498	30.246
737.5	1.8015783949497304	20.16
738.0	1.4621809862667343	119.391
738.5	1.6424856140966613	60.499
739.0	1.7061228881291186	70.482
739.5	1.540321642461332	34.511
740.0	2.1129132195878317	20.151
740.5	1.8360211932327009	80.572
741.0	1.9612802546291033	91.401
741.5	2.734975810453284	40.022
742.0	1.1457145375818052	11.191
742.5	1.6817390758514166	70.376
743.0	2.684214521115941	30.427
743.5	1.898318622890944	90.351
744.0	1.47486621577829	60.384
744.5	1.4783186583843955	80.563
745.0	1.5020472050946785	130.761
745.5	1.8705995043003125	39.14
746.0	1.378344628913402	106.859
746.5	1.6996140255412138	112.62
747.0	1.625871169120362	28.631
747.5	1.5538234688418335	80.573
748.0	1.6819138628182932	80.578
748.5	1.8539286483482529	31.078
749.0	1.6185820148249426	60.355
749.5	1.8205728796140845	12.53
750.0	1.0373222546853997	13.268
750.5	1.6506649657059989	83.851
751.0	1.708129059115883	110.94
751.5	1.6367001848730514	90.608
752.0	1.6493286524786137	90.271
752.5	1.609398756250054	88.224
753.0	2.248187050849048	90.408
753.5	1.3005705783131256	20.206
754.0	1.483011013094831	70.519
754.5	2.495569236061513	20.253
755.0	1.978912407446013	60.47
755.5	1.6275540587816824	20.146
756.0	1.5758649773279463	20.153
756.5	1.3847436938489077	110.775
757.0	1.7850160470132175	100.952
757.5	1.1063311766654054	101.669
758.0	2.1427925191426445	31.741
758.5	2.35942156583851	20.252
759.0	1.3753088146489896	53.451
759.5	1.9079129049600794	13.253
760.0	1.9519252279787742	30.093
760.5	1.3828115009626436	15.26
761.0	2.032489848297386	19.265
761.5	1.308963847782305	60.464
762.0	2.0358220462646583	80.396
762.5	1.7332846705206826	132.011
763.0	1.79510733747808	110.904
763.5	1.3015036518299818	60.44
764.0	1.5525572004158297	130.181
764.5	1.9196137375021294	80.495
765.0	1.880863811320844	11.483
765.5	1.8453758812205407	130.853
766.0	2.041659408798284	10.614
766.5	2.0146646142400826	12.413
767.0	1.8308046510791416	17.004
767.5	1.894648311326622	80.567
768.0	1.8275647096422	80.575
768.5	1.8898931465371258	127.304
769.0	1.5249272525689053	20.149
769.5	2.2961637229786005	19.931
770.0	2.3039571148256788	43.238
770.5	1.4782186317345083	45.47
771.0	1.6236045449229877	20.179
771.5	1.4465813190486565	93.009
772.0	2.005057228631001	11.163
772.5	1.910344435405527	100.775
773.0	1.8816670972097482	10.156
773.5	1.683211616478652	9.049
774.0	1.216588947708338	123.205
774.5	2.6666874732647705	60.407
775.0	1.2522577723505313	20.996
775.5	1.5984974753610526	8.906
776.0	2.4204961253405854	20.459
776.5	1.293213897840777	100.576
777.0	1.7251154342466142	70.235
777.5	2.5052412070623578	12.217
778.0	1.4935300344105866	29.676
778.5	1.6701003773749612	51.207
779.0	1.5396329461329445	50.484
779.5	1.774829120585753	80.585
780.0	2.3589287696137897	40.387
780.5	1.5667071436337592	120.859
781.0	1.6061841554210963	53.234
781.5	2.0451861260460964	80.537
782.0	1.8556275615476125	72.8
782.5	1.8531366653628245	82.856
783.0	2.2580959534931697	70.347
783.5	1.687438463036093	70.38
784.0	1.8632168024813938	70.557
784.5	1.6628312455946261	131.258
785.0	1.4792155445094273	40.361
785.5	1.6352846431408432	80.512
786.0	1.8663798870208628	30.554
786.5	1.4563001135647768	113.574
787.0	2.27438503662718	12.196
787.5	1.7190359531513402	29.258
788.0	2.058487883466374	34.629
788.5	1.8900669136404475	81.978
789.0	1.440267628588757	60.414
789.5	2.1724833874675196	80.674
790.0	2.2571856703976048	91.93
790.5	1.3061712519745585	121.182
791.0	2.086807550308602	80.508
791.5	1.6536983734855208	70.593
792.0	2.15900456535163	22.338
792.5	2.030274817994179	20.123
793.0	1.9250170888320866	50.294
793.5	1.9038051759845553	30.278
794.0	2.0091876384466794	28.464
794.5	1.5322503175081428	121.005
795.0	2.202107778846053	90.545
795.5	2.167062241918484	50.271
796.0	1.856352380069077	40.334
796.5	1.2113865007856501	10.142
797.0	1.9712995951100463	62.061
797.5	1.8697422598581193	50.288
798.0	2.171970746348039	73.134
798.5	1.439580513863372	90.424
799.0	1.8490671438192572	100.515
799.5	1.782689565786255	80.464
800.0	1.9055986508637015	130.923
800.5	1.7189688782163408	50.294
801.0	1.8850955170967385	90.491
801.5	1.808756710186441	90.527
802.0	2.243528158198387	60.449
802.5	1.5571415860660707	56.077
803.0	2.3486872833363543	11.397
803.5	1.6574190971228364	8.615
804.0	1.040561029045957	30.211
804.5	0.9993321037143182	140.738
805.0	1.8700348564116833	80.57
805.5	2.0164533196028898	106.75
806.0	1.2355641633980987	110.764
806.5	1.1951291946345908	116.791
807.0	1.7354397684382308	120.427
807.5	1.440453802959515	90.556
808.0	1.5534829907132048	120.869
808.5	2.1863936285374277	60.494
809.0	2.2939750452416647	60.354
809.5	1.7011996351384895	10.188
810.0	1.6965171503130563	110.846
810.5	2.078173034730975	40.441
811.0	2.2629358373346307	9.377
811.5	1.9383849795607155	8.614
812.0	1.658471720530118	60.579
812.5	1.984681120031993	120.903
813.0	1.7057815693820737	90.579
813.5	1.9917970842187729	10.266
814.0	1.3207505739151706	35.766
814.5	2.0710361049837593	80.458
815.0	1.8352519826962284	83.27
815.5	1.8758250779119097	80.434
816.0	1.607605405288553	70.378
816.5	1.948745813566297	85.581
817.0	1.5762726244366492	80.415
817.5	2.5607358114671777	60.285
818.0	0.9568513097475417	80.597
818.5	1.9486228014566462	31.143
819.0	2.104644703728562	50.509
819.5	2.1966925770464556	80.546
820.0	1.1052758435662524	80.564
820.5	2.0652849853498343	83.909
821.0	1.7076515836917585	56.736
821.5	1.8851566602753724	70.536
822.0	2.0329269059728516	20.296
822.5	1.5385777677083798	12.858
823.0	2.4093113916600326	90.568
823.5	2.1385287976474077	70.514
824.0	1.9024341484882035	130.913
824.5	2.1931418607859134	60.391
825.0	2.060029077648495	70.953
825.5	1.9146011839507628	80.527
826.0	1.6007282057285703	80.474
826.5	1.7498354136626257	60.506
827.0	1.7437595405894852	61.861
827.5	1.6627733492576526	110.812
828.0	1.5893694672946697	130.806
828.5	2.0911062449387146	60.278
829.0	2.4142996259153033	80.478
829.5	1.3534690548457762	70.513
830.0	1.7609816897969406	69.332
830.5	1.4526158846372654	59.926
831.0	1.6865467599863833	70.53
831.5	1.7949461052123934	21.239
832.0	1.5511795495779708	60.487
832.5	2.1334308435496196	11.257
833.0	2.3733031620929044	30.529
833.5	1.4841475080020814	20.967
834.0	2.5129490671256933	50.327
834.5	1.847701503257112	60.206
835.0	1.595510801340805	19.967
835.5	1.5740219026450022	69.879
836.0	1.5078437893422554	90.41
836.5	1.5961616085974144	50.385
837.0	1.193660456419048	140.897
837.5	1.626915937025276	60.512
838.0	1.7435587888363742	110.821
838.5	1.9639369929129058	11.459
839.0	2.8078889309598902	20.221
839.5	1.635827831321524	29.427
840.0	1.851554822479338	50.707
840.5	1.5857153882471406	55.921
841.0	2.3449401846965814	120.9
841.5	1.8902168494956988	100.647
842.0	1.916100324479656	14.338
842.5	1.5126770574133757	110.849
843.0	2.2939830654035673	50.131
843.5	1.283427235879649	141.301
844.0	1.8783695121274449	129.002
844.5	1.8026405758821729	16.133
845.0	1.5034651424795862	42.575
845.5	1.7693511078176418	90.599
846.0	2.0007326169494717	90.505
846.5	1.8828175057497802	54.135
847.0	2.097181908325568	29.487
847.5	1.9474475410111485	80.555
848.0	1.8413433095821432	11.188
848.5	1.741252561623115	141.159
849.0	1.4061110896030793	120.847
849.5	2.0664666242567655	39.413
850.0	1.9553832794850592	20.21
850.5	1.9438905939729467	32.341
851.0	1.7728624812773124	12.276
851.5	1.931806504461469	52.282
852.0	1.529045788634641	90.425
852.5	2.1468320104791596	70.535
853.0	1.3172700834985023	31.363
853.5	1.72806774874612	10.154
854.0	1.8511008178694563	60.428
854.5	1.5759204276585386	70.634
855.0	2.0684164592386756	10.797
855.5	1.5534370757562306	28.998
856.0	2.199438919995183	13.305
856.5	2.0421681169368924	50.423
857.0	1.4659392489127523	94.989
857.5	2.220254095194852	60.377
858.0	1.8397876676244167	80.597
858.5	1.766026405014983	90.823
859.0	1.7043659467110739	80.64
859.5	1.7847474708536966	99.975
860.0	2.2026412347764635	11.095
860.5	1.88619010910698	100.784
861.0	1.4522092505829434	70.554
861.5	2.2794138300389033	60.442
862.0	1.8349085506903933	60.453
862.5	2.001813004359127	30.121
863.0	1.691984027551158	50.413
863.5	1.7536706497193144	13.204
864.0	1.8357834557119206	50.355
864.5	2.510119915991085	50.122
865.0	1.0945993209496225	111.631
865.5	1.9399958618117794	80.634
866.0	1.5594809335183686	125.295
866.5	2.0171698949869032	110.922
867.0	1.5878234065418038	20.169
867.5	1.7578970858312097	50.214
868.0	1.631977366419271	80.345
868.5	2.1067901046827573	70.125
869.0	1.1943010545949964	120.8
869.5	1.6725152572448907	80.416
870.0	2.4745953583673503	70.356
870.5	2.199220356838778	90.286
871.0	1.5910502953062653	80.438
871.5	1.5363856054784253	60.47
872.0	1.7504332207172404	20.167
872.5	2.7136678765789215	34.889
873.0	1.3467688541539293	60.459
873.5	1.9426811842345921	60.243
874.0	2.157175474778064	60.379
874.5	2.224955236689271	130.916
875.0	1.894267456054279	90.668
875.5	2.28226657384798	89.209
876.0	2.2130269428615525	90.541
876.5	1.7096890627985222	130.981
877.0	2.1958032404005756	111.91
877.5	2.142788801346519	72.834
878.0	1.8924373117896391	50.343
878.5	1.373014681971443	80.643
879.0	2.295897879324436	70.374
879.5	1.467892738072672	110.982
880.0	1.878639721345173	70.56
880.5	1.7226526474500177	9.851
881.0	2.0895279276981946	10.097
881.5	2.1486414933430957	93.775
882.0	1.6445968054017244	120.782
882.5	1.2904320694106288	33.509
883.0	2.468812044601868	60.359
883.5	2.0641595167453	90.389
884.0	1.5368237844818973	50.331
884.5	1.4476532965105715	40.34
885.0	1.7691515898192	12.275
885.5	2.2989355126168562	60.358
886.0	1.4152290234299354	80.522
886.5	1.7558722920517336	102.804
887.0	1.6333083127639456	60.505
887.5	1.6558039812598373	15.493
888.0	1.8836040119411643	34.055
888.5	1.3803957951466397	17.266
889.0	2.0643677980517467	22.604
889.5	1.623868377760395	34.879
890.0	1.8995780678733265	22.865
890.5	1.2783699545675007	45.584
891.0	1.6377815606395396	31.345
891.5	2.34399759230398	60.26
892.0	2.3471745749279207	50.37
892.5	1.6459975970626073	90.869
893.0	1.9460573611216108	80.396
893.5	2.344250321773827	82.008
894.0	1.885005961417337	20.146
894.5	1.5856203614600886	82.51
895.0	1.632910023632659	70.546
895.5	2.218129488661477	9.888
896.0	2.2882617994532466	60.587
896.5	1.1835748968194173	60.559
897.0	1.8705912623259402	80.686
897.5	2.089510665965643	17.985
898.0	1.8844360128916677	29.228
898.5	1.3386998469173528	60.377
899.0	1.9974610910202353	89.655
899.5	1.6563924223472313	8.775
900.0	2.1929905503203435	60.371
900.5	1.5040626363692686	34.002
901.0	1.6383919647762357	50.23
901.5	2.1131278806226286	40.172
902.0	1.6244072162755367	90.701
902.5	1.4799123130864773	70.582
903.0	1.4549488749218005	110.686
903.5	2.239494298629612	70.445
904.0	1.7857627057121621	60.491
904.5	1.661266518421034	110.886
905.0	1.6707481483180417	36.632
905.5	1.7123419447448442	93.253
906.0	1.6352809001059603	40.284
906.5	2.1768782695934332	17.503
907.0	1.6950333510442035	29.754
907.5	2.1594518073005333	100.654
908.0	1.9401899969905099	130.892
908.5	2.2758434009307535	70.521
909.0	1.5835998914180138	72.719
909.5	2.5165323853480284	20.107
910.0	1.1362340377666218	72.561
910.5	2.029225589053861	50.366
911.0	1.7249990234940586	43.255
911.5	1.8587582217977072	90.578
912.0	2.0148331927158614	60.681
912.5	1.9393453379660452	130.991
913.0	2.0919600333629407	80.478
913.5	2.051461982256385	16.304
914.0	1.5138648523990805	90.728
914.5	2.4110715553454236	77.946
915.0	1.779737567821027	130.884
915.5	2.2109034528494247	9.087
916.0	1.6268320005942754	20.232
916.5	1.9462732099241584	11.261
917.0	2.4467559527171088	132.234
917.5	1.4926856501525942	110.795
918.0	1.3776188504597444	100.927
918.5	1.832292500180544	50.299
919.0	2.0144274087966982	110.694
919.5	2.3719029837311454	60.641
920.0	1.484845902507939	140.982
920.5	2.4634146326345143	50.251
921.0	1.8890964448124363	140.831
921.5	1.5860809446725825	40.417
922.0	1.697899409564583	103.65
922.5	1.6454896150598215	80.49
923.0	2.5185539600715137	71.386
923.5	2.094168769436473	11.656
924.0	1.433241753354057	30.061
924.5	1.8124190293022646	9.722
925.0	1.965600715709992	60.494
925.5	1.8016357617955743	70.695
926.0	1.938718551267901	50.282
926.5	1.5414158823184472	50.448
927.0	2.195307387636844	70.395
927.5	1.611796445941483	90.672
928.0	2.0086204346606427	34.34
928.5	2.160618316789159	70.527
929.0	1.496067992843243	20.178
929.5	1.7716253391100085	20.201
930.0	1.8353603780921903	110.666
930.5	2.3787605643434704	80.378
931.0	1.9046631147707767	10.975
931.5	1.5464266125311776	59.515
932.0	1.7360585079643476	80.775
932.5	1.3410563312292287	131.027
933.0	2.3083620347710077	59.586
933.5	2.031193255044914	60.424
934.0	1.9098781637573536	9.184
934.5	1.7788114400774775	81.525
935.0	2.1290848216116594	64.801
935.5	1.686950913698644	20.135
936.0	2.508939742584501	50.336
936.5	1.6422019515151673	86.012
937.0	2.035809183892814	90.507
937.5	1.80663821436546	70.38
938.0	1.9797578211298534	75.376
938.5	2.18377835921498	80.435
939.0	1.7116802714366661	70.134
939.5	1.5682591584783598	14.122
940.0	2.413108619699721	43.412
940.5	1.715527549673394	78.073
941.0	2.0480613772926524	70.468
941.5	1.9617500739741958	87.704
942.0	1.8275695029841115	130.897
942.5	1.8290914351127814	9.297
943.0	2.3170378934178584	80.588
943.5	1.9668082747560494	10.711
944.0	2.165111290967849	9.933
944.5	1.5037557293230397	90.657
945.0	2.190188171955951	70.215
945.5	1.3273401624610608	50.212
946.0	1.421168566946278	70.385
946.5	1.74061953908003	12.391
947.0	2.2450107682749096	60.494
947.5	1.5693086913558099	70.486
948.0	2.1145948969875565	42.069
948.5	1.682060567969581	110.913
949.0	1.6071976717615284	161.425
949.5	1.7262864090755459	15.697
950.0	1.8652610499070839	90.703
950.5	2.1852474047655797	110.931
951.0	1.4025697764248366	90.62
951.5	2.5180109979845926	80.463
952.0	2.1155530403622893	54.528
952.5	2.27821427029717	80.515
953.0	1.6579151545766824	60.316
953.5	1.5640281612248041	70.487
954.0	2.5540590483468755	84.671
954.5	1.6385205642230727	40.332
955.0	1.5042637239474956	28.527
955.5	2.1386953391308303	30.08
956.0	1.9681871878950674	80.7
956.5	2.1231316995538108	10.451
957.0	2.0740606517856977	50.453
957.5	1.5797245849772343	60.502
958.0	2.5840838114804616	70.901
958.5	1.7114598534740157	130.943
959.0	1.8226767747768466	83.599
959.5	1.8402490451905638	60.351
960.0	1.9853804127265435	80.5
960.5	2.346622531826541	13.96
961.0	1.327418433014312	131.024
961.5	2.2252712326820565	80.731
962.0	2.293552729521915	80.627
962.5	2.025805163265491	12.41
963.0	2.0548995029282993	80.512
963.5	1.5977830981937178	97.873
964.0	2.037191177861418	151.253
964.5	2.193024448827247	50.343
965.0	1.2905899674201868	70.544
965.5	2.297811631663787	20.028
966.0	2.145045284797057	55.224
966.5	1.486003630252487	20.139
967.0	1.5877738360389124	60.442
967.5	1.4688166401011582	91.987
968.0	2.535270252062449	20.128
968.5	1.8502702123296946	82.913
969.0	1.0346277338701633	100.747
969.5	2.3389028286978277	91.309
970.0	1.6648923061621017	80.519
970.5	2.247529726568811	60.437
971.0	1.6835054773497036	40.337
971.5	1.4588383077060065	47.125
972.0	2.5779905454663923	80.415
972.5	1.850038504956854	120.81
973.0	2.0065863129702635	18.393
973.5	1.9934905790955673	130.87
974.0	1.8540420833737876	80.559
974.5	2.569661608365304	20.336
975.0	1.4408181646239961	60.45
975.5	1.7301548423785351	80.635
976.0	2.6549265388320284	60.152
976.5	1.8844806483048375	103.725
977.0	1.477392655257082	10.896
977.5	2.094482628756092	30.426
978.0	1.580468963436135	33.206
978.5	2.631728759178625	82.821
979.0	1.161952378926573	66.388
979.5	1.6183884800592476	32.197
980.0	1.8060091534509126	109.767
980.5	1.5699777691441903	100.798
981.0	1.1787422997998962	20.162
981.5	2.28115515164639	80.45
982.0	2.0913610405958076	120.813
982.5	1.7139388282760433	60.434
983.0	1.3640831212068927	85.39
983.5	1.7617781107571744	122.204
984.0	1.7238326381124056	50.31
984.5	1.931912146476147	84.105
985.0	1.7956680371712206	100.588
985.5	1.5468282810899956	100.669
986.0	2.2253723629756643	80.393
986.5	2.1673851303163807	120.882
987.0	1.5989108000456596	80.621
987.5	2.59758887960778	96.46
988.0	1.514026812370744	71.877
988.5	1.7289659984495844	17.301
989.0	1.756945768895518	110.825
989.5	2.233859512903028	100.722
990.0	1.8373609867451728	8.54
990.5	2.1343446355706908	20.128
991.0	1.8818161522244674	44.541
991.5	2.52782987620358	45.886
992.0	1.943792723647416	40.369
992.5	1.6839225340460762	90.673
993.0	1.7748323578399867	40.22
993.5	1.9244916224552022	100.848
994.0	1.7749459012753104	80.769
994.5	1.8002960992431887	20.172
995.0	1.6762670174970893	60.294
995.5	2.307177830707566	40.236
996.0	1.5729875305678616	49.745
996.5	1.5708666377056795	70.52
997.0	1.5323235965491329	40.325
997.5	2.0710521226285192	110.722
998.0	1.5757177707492038	70.548
998.5	2.1681735695954583	60.279
999.0	1.590662763575496	50.047
999.5	2.1001571028453574	60.313
1000.0	2.0509395817504115	80.625
