0.5	0.13273701478236818	59.244
1.0	0.9202266803408096	157.944
1.5	2.039485050214418	50.238
2.0	1.7793451146754282	31.178
2.5	1.5924541436684172	15.646
3.0	2.2406250609454332	40.783
3.5	1.7398415106971912	40.269
4.0	1.557871624317115	30.275
4.5	1.4090658154357762	90.519
5.0	2.399094366555747	30.189
5.5	0.29058488076125316	146.388
6.0	1.38408003437322	16.669
6.5	1.559813756913857	90.653
7.0	0.9074341388862763	37.291
7.5	1.319842175629461	20.243
8.0	1.5822939440410306	60.265
8.5	2.4751090677998913	130.743
9.0	4.913001847454961	120.638
9.5	1.9879389115299915	20.134
10.0	0.7214045090654704	17.914
10.5	3.155683324412073	70.465
11.0	1.2048827303887621	120.988
11.5	1.90490157286312	21.243
12.0	0.9327727667689684	40.391
12.5	3.046782343859977	90.695
13.0	0.9094208143206893	16.933
13.5	2.3361582416609044	90.655
14.0	0.38048505008067274	98.626
14.5	0.1453441583963351	20.043
15.0	0.14219579910381247	8.156
15.5	0.10445686546926972	11.034
16.0	0.4057921089967029	10.849
16.5	0.6994873582514571	12.459
17.0	0.125709044121525	10.157
17.5	0.13594247583887895	33.83
18.0	0.5602825294899854	407.47
18.5	4.090636418081185	18.847
19.0	1.6875518781581398	100.587
19.5	1.4749046122735443	27.481
20.0	1.6375339328502254	19.667
20.5	1.5869672316550256	100.715
21.0	2.1307001536961305	130.598
21.5	1.7735178945329386	80.631
22.0	1.5109313372760163	131.902
22.5	2.3001274484931766	34.093
23.0	2.0576288749914147	15.806
23.5	1.6713386178637415	50.448
24.0	2.162518495293459	90.465
24.5	1.5653101493276058	97.531
25.0	2.073360664263493	38.997
25.5	1.7551126252205422	14.308
26.0	2.2731556288654127	37.324
26.5	1.58106452058852	30.235
27.0	2.600740449205152	90.342
27.5	1.2303022558126875	70.547
28.0	1.8782951334177729	20.073
28.5	1.5266342465286258	110.809
29.0	2.0376927626318344	14.784
29.5	1.4491708800211742	80.451
30.0	1.9536753678869945	40.163
30.5	1.4136799605940937	14.064
31.0	2.0962593094358737	20.213
31.5	1.3592768406881006	120.951
32.0	1.6787878935441896	80.508
32.5	2.384175779779546	40.356
33.0	1.5906918086422681	100.697
33.5	1.534898875875786	70.436
34.0	2.317391826553661	70.422
34.5	1.7219203323450933	70.356
35.0	1.5277284757784912	60.433
35.5	1.605937100017464	26.696
36.0	2.3701418760118655	135.885
36.5	1.9884432609197766	15.325
37.0	1.3578796964132713	80.487
37.5	1.5585175027287033	110.814
38.0	1.406766490414842	40.214
38.5	1.8938875716115076	74.939
39.0	1.7457425911661282	87.87
39.5	1.6564088224374764	21.254
40.0	1.9755428232670802	70.449
40.5	1.6706502259242186	36.515
41.0	1.6167047968627073	70.502
41.5	2.497003971234706	43.879
42.0	1.6641662949940828	80.493
42.5	2.289891986107734	40.265
43.0	1.7265818347677653	35.445
43.5	1.852427270892049	118.451
44.0	2.252424111552256	17.714
44.5	2.4478555933740855	91.157
45.0	1.4301028163353773	34.244
45.5	1.9206770934828774	14.367
46.0	1.9501553846464463	80.688
46.5	3.2644877198369526	63.171
47.0	0.4946115572609888	130.966
47.5	0.2637393324904667	100.78
48.0	0.7203642640485217	46.234
48.5	0.43995961486418	66.101
49.0	0.531930450302387	54.263
49.5	0.45987822826037983	46.181
50.0	0.16660622929025007	16.83
50.5	0.38353209078776496	31.869
51.0	12.59677386001686	120.29
51.5	0.3202593445760455	130.815
52.0	0.545511473169831	20.812
52.5	0.4231814211732637	19.165
53.0	0.44799854447918336	23.196
53.5	0.4300441689072445	30.612
54.0	0.4586333456731924	92.106
54.5	0.40694915429142925	129.533
55.0	0.6861730022771303	21.478
55.5	0.47807915992231215	20.914
56.0	0.4507355954982082	110.681
56.5	0.7133836509298008	120.862
57.0	0.504647589410578	47.593
57.5	0.627456889959049	38.22
58.0	0.2971766810617487	21.152
58.5	0.4270005266738059	39.284
59.0	0.584322830572991	20.938
59.5	0.3357049883769891	70.128
60.0	0.15734749415974025	28.592
60.5	4.57234387655769	51.273
61.0	1.8782534515462936	100.988
61.5	1.8854582400029953	51.844
62.0	2.2373878372538116	40.109
62.5	1.516810722481278	56.83
63.0	1.4334565080632864	151.133
63.5	1.4446464255783258	80.389
64.0	1.8069620121363632	70.269
64.5	1.4852063186539122	88.748
65.0	1.9582246739964284	60.499
65.5	1.7010250272839589	110.611
66.0	2.2656777421416465	90.682
66.5	2.3888973760400694	50.399
67.0	2.056604196054931	70.569
67.5	1.5276607488768075	47.811
68.0	1.7755122383846527	61.142
68.5	1.9342728948622048	80.508
69.0	2.3662582758838324	50.442
69.5	2.0331342381164315	80.624
70.0	2.155722587390019	89.634
70.5	2.3693998340846227	50.576
71.0	1.8946926873160301	53.754
71.5	1.9654717507456327	99.155
72.0	1.7274048351708777	130.799
72.5	1.792319073218134	130.837
73.0	1.6281497477294626	70.659
73.5	1.71005496102023	70.315
74.0	2.3586961119007883	101.622
74.5	1.5489055647079655	70.542
75.0	2.093561673462184	60.464
75.5	1.6909032793503553	33.68
76.0	1.9905758381816088	110.638
76.5	1.9453785131725214	60.406
77.0	1.646714855356898	60.49
77.5	1.5518490196819676	41.423
78.0	2.005441317833797	70.465
78.5	2.1117388143511926	130.974
79.0	1.9980676477771004	80.443
79.5	2.320827854800245	120.168
80.0	1.819073219873403	110.737
80.5	1.8759878255516218	80.603
81.0	1.5061429945318086	60.49
81.5	1.6332483191091118	50.479
82.0	2.150575625634715	121.208
82.5	2.2388824754872885	22.814
83.0	1.4966488583007251	46.917
83.5	2.157690076005381	39.621
84.0	1.8923338655912014	80.983
84.5	1.172479594156383	80.667
85.0	1.7346944857136393	64.522
85.5	0.13113919060491816	22.478
86.0	2.7889521164652438	75.328
86.5	0.7912849460763339	594.823
87.0	0.4914387019830198	504.678
87.5	0.6492912356282645	45.048
88.0	0.5665375294820236	485.032
88.5	0.13684436399624583	485.032
89.0	0.9954859937404616	197.644
89.5	0.6668602629491653	160.94
90.0	0.580525959781839	605.218
90.5	0.2169702060543993	766.821
91.0	1.35500462175786	115.679
91.5	0.5892199864123419	161.284
92.0	0.42634493350712427	35.321
92.5	0.8306818604502861	291.874
93.0	0.6043910604421605	897.156
93.5	0.6717558946222805	34.833
94.0	0.49461915315442184	232.158
94.5	0.44093824614413824	928.194
95.0	0.857352903453957	330.281
95.5	0.5964248084997381	683.338
96.0	0.514079919316719	988.459
96.5	0.8479124933805554	110.961
97.0	0.42113753846711005	108.407
97.5	0.583308479121445	15.713
98.0	0.3655792959610191	513.977
98.5	0.3849856870463602	907.454
99.0	0.6876861788800473	63.932
99.5	0.5279268940703206	100.71
100.0	0.38701973244941706	51.853
100.5	0.6541390975938883	444.238
101.0	0.900490727915178	676.722
101.5	0.17791263867122392	676.722
102.0	0.9659307857739087	970.393
102.5	0.16006072395387747	970.393
103.0	0.6356941572906576	1067.237
103.5	0.8618729162417256	143.026
104.0	0.30014713213357314	564.579
104.5	0.3914492655825915	777.148
105.0	0.7579976653156677	181.461
105.5	0.5706451069997076	504.167
106.0	0.5033897585441063	949.243
106.5	0.4614805194513189	116.346
107.0	0.438527751119852	22.904
107.5	0.48060838116193155	106.66
108.0	0.7372574553462655	20.172
108.5	0.35354470104755775	43.437
109.0	0.8044634850432767	17.616
109.5	0.41685222764942487	100.62
110.0	0.48006366492650404	18.029
110.5	0.51799484408029	90.682
111.0	0.5515415429423447	36.671
111.5	0.46283936039609935	56.339
112.0	0.3848515276482515	130.978
112.5	0.4796107062375483	25.874
113.0	0.37270150195652074	67.838
113.5	1.2326531100520977	60.535
114.0	0.5620997520099769	36.417
114.5	0.4395875213565683	109.453
115.0	0.5359574906007113	33.637
115.5	0.7865876904053711	16.354
116.0	0.6079669355417591	106.458
116.5	0.6463414911284976	130.971
117.0	0.5512340975645305	120.901
117.5	0.926583344682441	25.0
118.0	0.837942104409519	514.365
118.5	0.6354719558297758	332.699
119.0	0.6384090311173126	564.646
119.5	0.9356249657268132	130.002
120.0	0.8843102580710513	594.831
120.5	0.5176994735897983	504.376
121.0	0.8532487492850516	432.462
121.5	0.4961650912409154	25.637
122.0	0.10497267129851943	56.14
122.5	1.055728891562913	142.331
123.0	0.3990402853219077	262.099
123.5	0.4477100443693815	524.072
124.0	0.46856696623829586	746.255
124.5	1.0288593069838663	34.304
125.0	0.4892956009878855	116.782
125.5	0.15410720021428848	9.498
126.0	1.7053959613350091	19.743
126.5	0.12355238661226259	45.377
127.0	6.218443994761959	45.302
127.5	0.15260236331810795	24.465
128.0	8.859486947435025	30.191
128.5	2.7983313404735592	38.138
129.0	3.079086636028507	30.203
129.5	3.1651985665223243	30.292
130.0	3.198779178647544	90.505
130.5	2.932564329089324	37.338
131.0	3.5150920605890152	45.215
131.5	4.022714155482994	30.123
132.0	2.6098316551539065	75.436
132.5	3.5540217808713304	30.152
133.0	2.9677202039989474	60.451
133.5	3.5905449359706774	45.507
134.0	3.0622844414790205	90.789
134.5	3.241426130995069	30.186
135.0	2.1875241697048424	45.453
135.5	3.4693646560988154	60.334
136.0	2.4677771051685835	23.275
136.5	2.8649520808037314	31.175
137.0	3.84697606128347	30.215
137.5	2.5687869782285406	90.481
138.0	3.239105884054273	22.601
138.5	3.0636008592898523	21.981
139.0	3.394152503645987	45.227
139.5	2.5060220009563916	60.844
140.0	2.908104685398821	24.826
140.5	3.335978230058165	45.24
141.0	3.6165104947674753	60.462
141.5	3.4770336802435806	30.594
142.0	2.440585342133084	75.651
142.5	3.216821208868812	80.028
143.0	2.4338959120058936	60.579
143.5	3.146087489946666	45.77
144.0	3.4757621649843773	68.238
144.5	3.243423821477194	75.534
145.0	2.0395567916972217	90.408
145.5	3.489567868934562	30.781
146.0	3.344212835632588	30.604
146.5	3.114902331079683	60.37
147.0	1.8285515799310426	45.244
147.5	3.4287466872367127	45.522
148.0	2.5124450593874603	45.275
148.5	3.8162702107236246	30.156
149.0	2.658963646481847	75.354
149.5	3.3685772171305004	27.271
150.0	3.7355844229701822	45.275
150.5	4.389765393902341	60.326
151.0	3.5690188886504752	30.102
151.5	2.4884056566524397	60.321
152.0	2.8706774756573696	24.066
152.5	4.030060883703273	52.907
153.0	1.5247419352860516	30.498
153.5	4.646918745753915	24.764
154.0	4.514850786745392	30.202
154.5	2.9261742437976563	30.616
155.0	2.966866674576966	53.637
155.5	3.215609142615623	38.289
156.0	3.3584296147357087	45.319
156.5	2.354804561989222	91.211
157.0	2.8409890599541487	60.389
157.5	3.186291097930115	45.225
158.0	4.000917771879531	24.233
158.5	2.341580358259979	60.351
159.0	2.787551946017209	85.965
159.5	3.1477889712203813	60.4
160.0	3.4165665541585417	37.137
160.5	3.043493568664708	60.445
161.0	2.2105149530386052	75.513
161.5	4.40535188205781	45.283
162.0	2.449046117238077	30.202
162.5	3.2095965208086557	42.471
163.0	2.0029952104786632	26.326
163.5	4.5119508930812415	75.44
164.0	2.8719590507532002	23.075
164.5	2.3671278575871875	60.292
165.0	3.5158866945775866	45.213
165.5	4.052135022375531	60.372
166.0	2.754960672734563	75.545
166.5	3.04171005042073	30.191
167.0	2.9065007843895003	23.589
167.5	3.3908483449110642	105.867
168.0	2.7854104476536286	45.26
168.5	2.3732793644769417	23.011
169.0	4.05233981835204	47.74
169.5	3.37278509137033	30.215
170.0	2.822195061836433	38.245
170.5	3.801849766897368	45.864
171.0	3.6590051859590056	30.558
171.5	3.1525414023068317	30.176
172.0	2.886116394935148	28.668
172.5	2.3185601926441914	30.241
173.0	4.173003170900761	23.176
173.5	2.431251302229431	45.311
174.0	2.5794929438830474	23.901
174.5	3.6989078885582987	30.247
175.0	2.9249252619040433	30.294
175.5	2.462405656909877	45.232
176.0	3.014436132999399	22.969
176.5	3.7197825347284277	45.276
177.0	2.8478855616106555	90.653
177.5	3.129998242151196	45.233
178.0	2.94843455740963	45.219
178.5	3.346178924654104	22.948
179.0	3.3672633179785865	45.572
179.5	2.3916085116520436	53.83
180.0	3.498447393025206	30.415
180.5	3.934804597884142	45.266
181.0	2.5625246793136682	29.279
181.5	3.3560147325809466	45.819
182.0	3.611981303348898	38.599
182.5	2.8921368776341083	75.384
183.0	2.710386800368952	23.177
183.5	2.2794852978702442	60.618
184.0	3.6575562341835663	26.295
184.5	3.730008279147055	45.233
185.0	3.8932698913446977	60.278
185.5	3.435862316876021	30.78
186.0	2.9853921285319607	75.391
186.5	3.6255240653615166	75.378
187.0	3.5300397281984255	29.138
187.5	3.072607786405332	30.177
188.0	2.435929919540682	60.387
188.5	2.7632730288439387	90.681
189.0	2.4907877931091926	75.377
189.5	3.2801032247412647	45.753
190.0	2.977348075301877	45.263
190.5	3.9830602348405653	30.219
191.0	2.655464092390523	60.463
191.5	3.3052501258468694	45.374
192.0	3.159461077401525	60.392
192.5	3.2841617614117435	30.182
193.0	2.343880248274426	30.224
193.5	3.252256010316336	45.24
194.0	2.976578624328177	25.223
194.5	1.847861434483395	120.6
195.0	3.5265232690830426	90.421
195.5	2.8001998420358376	22.116
196.0	2.1939747093578474	60.36
196.5	3.668457699419548	50.92
197.0	2.3358398081169494	36.795
197.5	2.4645612526543816	42.219
198.0	2.4730375516890937	60.423
198.5	2.935185211058325	30.287
199.0	2.7191983598952203	60.291
199.5	3.121487539466634	40.168
200.0	3.7954312133702754	30.191
200.5	3.8876649478722807	61.163
201.0	1.8238188025887996	45.368
201.5	3.7347490807928345	23.63
202.0	3.5703858325349005	45.515
202.5	3.4170791223951555	45.875
203.0	2.110522276446547	22.224
203.5	3.6910798702249537	30.353
204.0	3.059501637315607	45.194
204.5	4.08423827408457	32.002
205.0	2.7646695455311376	75.44
205.5	2.8407923992607986	22.321
206.0	3.467665552645263	76.25
206.5	3.2440259867410397	45.234
207.0	2.8290159922859606	31.001
207.5	3.595107702938185	30.643
208.0	3.4784085079641405	45.253
208.5	3.187681256787329	37.83
209.0	3.584153573861563	30.19
209.5	2.895559002199223	22.054
210.0	3.7387411624622544	45.252
210.5	2.722488030978394	75.48
211.0	3.7669017500388966	46.038
211.5	2.689490655323371	45.382
212.0	4.023160722864237	30.176
212.5	2.7330933754398004	45.384
213.0	2.4918020230790967	75.972
213.5	2.755200860936341	120.658
214.0	3.080114567765134	90.966
214.5	2.671744247347269	45.264
215.0	2.8185874982582027	60.347
215.5	3.2525375228621205	22.217
216.0	2.743230317851078	60.269
216.5	3.466833038296922	61.073
217.0	2.2696056825652233	38.899
217.5	3.5277117998770224	26.198
218.0	2.873515500439216	60.434
218.5	2.970787821742988	60.346
219.0	3.06914488051448	45.549
219.5	3.08461013050318	60.323
220.0	2.7464272907503484	84.159
220.5	3.5055255557119698	30.563
221.0	3.0500550351729396	43.147
221.5	3.1680780011710175	75.356
222.0	3.4010063954533183	30.287
222.5	2.5807192692736263	27.039
223.0	3.562470762593556	60.347
223.5	2.1139526106185698	36.616
224.0	2.8639094880029625	76.098
224.5	2.54900139598239	45.298
225.0	3.7967212815127307	120.592
225.5	2.8066815073047824	60.266
226.0	2.6009025598782975	30.249
226.5	3.045273048454162	30.297
227.0	4.056876280909585	60.816
227.5	2.630868225971583	53.262
228.0	2.782538743383179	45.309
228.5	3.700993740740106	51.78
229.0	2.672726859978575	60.38
229.5	2.5413890963159895	30.63
230.0	2.321831505248959	45.312
230.5	3.5560644417578757	106.124
231.0	2.3360188976971568	60.564
231.5	3.5032382724318993	30.263
232.0	2.49934670211876	24.457
232.5	3.108424002301537	90.957
233.0	2.905809088639022	75.515
233.5	3.105965614806204	90.848
234.0	3.081720858562876	75.752
234.5	3.03305574791273	45.252
235.0	3.1153963061129484	75.727
235.5	2.6433422714994568	60.294
236.0	3.4429987230711423	51.442
236.5	2.5536502417096365	60.287
237.0	3.345255836757482	30.167
237.5	3.4534432713055185	75.488
238.0	4.733006802932496	24.721
238.5	2.667976829503668	23.806
239.0	2.3185394018546335	90.494
239.5	3.840709188163936	45.253
240.0	3.7088827646361127	24.595
240.5	3.067544619171232	52.089
241.0	2.672864514335763	26.317
241.5	4.216771964668382	30.274
242.0	2.9296142047175233	30.235
242.5	2.783597173564753	90.813
243.0	3.177385053034298	75.393
243.5	4.059098520985318	30.172
244.0	2.932424928400685	30.155
244.5	3.353388085417396	75.465
245.0	2.9674271439442004	50.803
245.5	3.8183792808667127	30.263
246.0	2.530594679222618	30.251
246.5	3.047719159824649	90.886
247.0	4.098443395140525	34.08
247.5	2.903104850210391	39.679
248.0	3.4844985352103137	45.641
248.5	2.218239882778713	30.163
249.0	3.381869126902534	69.242
249.5	3.3173847907264293	60.957
250.0	3.2818956225631464	68.149
250.5	3.1121722731849624	75.76
251.0	4.043396721551668	30.194
251.5	3.1031061722123217	24.03
252.0	3.0050659662192443	75.528
252.5	2.4666605165262476	23.32
253.0	3.682350457023826	75.839
253.5	2.118270839396448	45.255
254.0	2.6836697306161135	54.852
254.5	3.1861743235106763	45.693
255.0	3.447580607525992	45.302
255.5	3.1744655911694855	45.534
256.0	2.5275021891377496	45.744
256.5	4.618980591652134	68.31
257.0	3.094281573126574	75.39
257.5	4.1166842564582655	30.295
258.0	2.216621823618732	22.762
258.5	3.545307261257969	75.4
259.0	3.0987002471505947	120.882
259.5	2.68672252932983	75.488
260.0	2.976447918546444	75.539
260.5	3.976184679559985	60.286
261.0	2.5855847184829996	45.339
261.5	2.9694837604514834	76.189
262.0	2.975640377054661	21.851
262.5	4.221244579386773	22.787
263.0	2.3801362148245233	23.323
263.5	2.9101067909951377	30.171
264.0	2.2465979821741056	85.218
264.5	3.365445335899476	45.345
265.0	3.0807453599578802	30.273
265.5	2.8157831437210916	30.212
266.0	4.04212421370895	22.418
266.5	3.482169351244887	34.169
267.0	3.092923461176337	45.32
267.5	2.7140684593845417	60.391
268.0	4.120120952338675	30.186
268.5	2.648217074214792	25.413
269.0	2.7556201026405778	26.056
269.5	3.6248683062195504	45.415
270.0	2.4560267071368207	30.22
270.5	3.089339241565124	23.58
271.0	3.0046555567143707	22.381
271.5	3.0719316624053956	90.446
272.0	3.1353202882702997	60.808
272.5	3.9022001934847914	45.244
273.0	3.2004253772930182	45.294
273.5	3.383633310782311	30.161
274.0	3.5575579330551172	30.409
274.5	3.002256140814355	75.413
275.0	2.743274996707027	30.312
275.5	4.323021000358601	60.335
276.0	2.62950828936263	75.905
276.5	3.201366239960001	22.914
277.0	3.8761566130558225	57.513
277.5	2.617332615742205	45.707
278.0	2.97210715083074	60.445
278.5	3.0737081843000325	90.476
279.0	3.9681436502412315	45.467
279.5	3.3646866156211823	60.459
280.0	2.982839330390528	53.317
280.5	4.200106418692394	60.856
281.0	2.5961469494634923	60.322
281.5	3.7230728251954237	90.598
282.0	3.417106031477398	26.732
282.5	4.127608325184277	24.453
283.0	2.499739091540912	45.467
283.5	2.342092354838948	60.433
284.0	3.2524073517979675	45.434
284.5	4.435890056164565	70.047
285.0	2.1102673317976666	75.381
285.5	3.114251487644618	60.278
286.0	3.326935725951716	30.17
286.5	3.3726509509763907	27.03
287.0	2.4720578822058017	24.688
287.5	2.513512428919493	60.725
288.0	3.2532794164784526	38.125
288.5	2.671364671102852	30.153
289.0	3.710707894997855	23.081
289.5	3.0779615290816436	60.466
290.0	3.227124443379851	75.554
290.5	3.3969704597756074	54.194
291.0	2.3903324865445947	75.54
291.5	3.4233245736035207	29.049
292.0	4.186623203542616	60.333
292.5	3.1383094302700942	90.753
293.0	2.9877593049854747	60.418
293.5	3.1596874747467814	75.807
294.0	3.062249396709756	39.754
294.5	2.9270663003939896	75.492
295.0	2.9866787323457302	105.776
295.5	3.360683522652283	30.647
296.0	3.998569271607921	45.382
296.5	2.348440537448664	75.36
297.0	3.004015279103689	90.841
297.5	4.41362815167033	30.277
298.0	2.829181720749233	45.408
298.5	2.784028536910459	30.289
299.0	2.8784537744385745	60.378
299.5	3.380539958602392	60.439
300.0	2.9995965651075607	22.961
300.5	2.9666984904816713	45.261
301.0	2.5756516078559	45.284
301.5	3.9937827395128944	30.328
302.0	3.288265849119894	30.238
302.5	2.3294491988716794	75.657
303.0	2.3850386770163636	23.977
303.5	3.2641270849106485	45.562
304.0	3.1040916891412667	68.35
304.5	2.948570736669917	45.38
305.0	2.9260193864246715	38.621
305.5	3.408265322939492	76.024
306.0	2.609996899663316	30.749
306.5	2.6607194374922143	60.604
307.0	4.380452814605736	30.17
307.5	2.9883305309912718	22.565
308.0	3.1987266751968426	24.613
308.5	3.2287170967765078	45.391
309.0	3.607718844959768	30.859
309.5	2.4277989022230564	45.33
310.0	2.4775487600943658	29.325
310.5	3.2508070347708298	75.452
311.0	3.0890996256519214	60.403
311.5	2.582219800816728	30.361
312.0	3.0657678497577434	30.731
312.5	2.5973700484806064	66.441
313.0	2.9863801209190446	60.394
313.5	2.3074642358156567	22.471
314.0	2.9224569239083267	60.283
314.5	3.8520193271591587	24.07
315.0	3.104606776428436	75.46
315.5	2.9932339294189676	75.422
316.0	2.4517154651904467	30.341
316.5	3.3295957708384454	30.217
317.0	3.3545465645513475	30.229
317.5	2.834179233123844	45.317
318.0	3.188026668283942	45.49
318.5	4.348657221066614	27.702
319.0	2.323820334609643	120.575
319.5	3.0129908490755026	75.429
320.0	4.131134155636575	26.593
320.5	2.9197532921759404	60.824
321.0	2.8678946530048357	45.342
321.5	2.7163476486669587	90.972
322.0	3.438325464050026	52.195
322.5	3.2965351439164454	60.47
323.0	3.1818424074677276	90.361
323.5	2.4341662611313417	88.223
324.0	3.2253797044873838	25.961
324.5	2.633505202075309	30.162
325.0	2.749003293743545	90.672
325.5	4.2075492849894465	45.567
326.0	2.8278178712713884	30.615
326.5	2.862339661785359	41.869
327.0	3.025211030519101	23.586
327.5	3.2006184615546704	75.473
328.0	2.5282787994897555	90.849
328.5	3.5509759462900514	30.734
329.0	2.806363785947585	60.255
329.5	3.016857273087834	105.556
330.0	3.098243707871331	60.309
330.5	2.721107512099221	24.086
331.0	2.4786516765657574	45.345
331.5	3.3713757626484564	46.299
332.0	2.9127803055712658	25.321
332.5	2.8389548649846916	45.237
333.0	3.5675376752346355	60.68
333.5	3.3085799830432685	60.306
334.0	2.9948871398382484	29.055
334.5	3.1046066574733	90.443
335.0	4.148133494092144	30.321
335.5	3.1345203018946552	22.87
336.0	2.7639336262839462	65.553
336.5	3.3338896050375832	75.44
337.0	3.2549434899836576	60.671
337.5	2.6264599372033373	75.455
338.0	2.3485723327306562	30.569
338.5	3.760074802783394	60.309
339.0	3.2072833062877604	45.242
339.5	3.020483676847034	60.316
340.0	3.0091081345287507	45.557
340.5	3.028834427731921	60.577
341.0	2.4950576435017653	30.224
341.5	2.7961292054831803	30.305
342.0	3.0540097824794645	24.261
342.5	3.64499338188421	45.479
343.0	2.441757605157698	60.31
343.5	3.4227843163815024	31.255
344.0	3.64389508623063	30.361
344.5	3.177265198840348	121.573
345.0	2.9412740090305016	23.811
345.5	3.715246836545831	45.305
346.0	3.6301369000194286	45.425
346.5	2.849500398473572	75.683
347.0	2.9010886555993096	120.774
347.5	3.512313799340331	60.863
348.0	2.838699945472611	30.427
348.5	2.797079515676779	23.386
349.0	3.462029155918275	45.645
349.5	3.283660847447772	45.227
350.0	3.825818599766344	90.43
350.5	3.3446017884435815	45.359
351.0	3.625342929390376	52.534
351.5	2.807101187864317	60.357
352.0	3.655219667812081	60.458
352.5	2.529798509571116	90.415
353.0	2.7650582157337436	22.668
353.5	3.7377673139016916	37.474
354.0	2.70817887005307	60.352
354.5	2.8351921951884553	60.4
355.0	2.5020998579370195	75.429
355.5	4.200247844022474	45.292
356.0	2.236963030600608	45.609
356.5	3.852615771420811	23.047
357.0	2.7036385904723295	60.364
357.5	4.81650088792933	25.948
358.0	2.82629628562972	60.345
358.5	2.483454625963488	22.732
359.0	2.715404500419392	45.409
359.5	3.9331157486460517	46.299
360.0	2.784678725650962	60.311
360.5	2.3810270767497266	60.367
361.0	4.161615637614862	65.61
361.5	2.355313791577354	45.833
362.0	2.3720081562988087	23.477
362.5	2.4062058803494004	60.4
363.0	2.9000373034907927	34.465
363.5	3.305870743039639	45.302
364.0	2.3188135151832956	60.5
364.5	2.3445720293219217	60.282
365.0	2.9846446543042884	23.245
365.5	2.063404961751687	30.249
366.0	2.4320850339157825	60.379
366.5	2.5767849461343584	24.363
367.0	3.0586306557651035	60.37
367.5	3.4045160550709164	30.368
368.0	2.99588369879845	75.352
368.5	2.5744110079117974	23.968
369.0	3.4899389243994143	45.258
369.5	2.188958740521426	23.28
370.0	2.583702753757447	60.514
370.5	3.3683875798649536	30.228
371.0	2.5661093098440553	75.354
371.5	2.138229649283643	75.335
372.0	3.3601095455952037	45.223
372.5	4.16688825502759	45.694
373.0	1.9696616137339515	75.672
373.5	2.6344758745704544	23.163
374.0	4.561031305507001	23.901
374.5	2.6661413191202974	45.235
375.0	2.956142590285288	45.351
375.5	3.4613993782547308	30.286
376.0	3.915995136909903	60.699
376.5	3.0687455825286194	127.729
377.0	2.554324437968957	24.313
377.5	2.609971713118631	45.354
378.0	3.955022398577273	22.799
378.5	3.4223963541126086	60.39
379.0	2.352141143455156	30.77
379.5	3.186544861327952	45.24
380.0	2.9345429561766876	22.76
380.5	2.256483056561942	75.435
381.0	1.939876112562811	90.619
381.5	3.1410118357816157	45.437
382.0	2.9230588635056183	45.318
382.5	3.2078179882955355	60.319
383.0	3.118697160818435	60.374
383.5	3.1312905460025338	26.881
384.0	2.3093693315716415	22.96
384.5	3.801387235550381	60.38
385.0	3.776722514153141	36.671
385.5	3.092975701324053	45.686
386.0	2.081333394354959	120.65
386.5	2.615562155016175	45.326
387.0	4.300333787417969	25.582
387.5	3.5704026369622888	83.889
388.0	3.735995897123579	45.217
388.5	3.0028219146200277	23.353
389.0	3.900316054264468	45.231
389.5	2.6193696605915933	30.201
390.0	3.244520594024713	75.333
390.5	3.4031215721947836	75.73
391.0	2.877184880384067	60.298
391.5	3.179519813014034	45.37
392.0	2.674006125227672	30.331
392.5	2.9779058668431286	30.336
393.0	4.111544202533957	23.552
393.5	3.1680841018501185	60.546
394.0	3.18661408428383	45.581
394.5	4.0785658981738555	34.298
395.0	3.3273036905508753	75.373
395.5	3.426492486131742	75.338
396.0	3.5393821776683687	22.967
396.5	4.297578042170464	69.02
397.0	2.836706726562194	30.237
397.5	3.3284867531761533	75.359
398.0	2.259974163859133	23.303
398.5	3.706141895966149	23.986
399.0	2.707743712470997	82.934
399.5	3.0895180179753976	30.314
400.0	3.2225882636892886	45.257
400.5	3.65785009464485	45.381
401.0	3.3309250938694612	52.971
401.5	3.2092445907028893	44.277
402.0	3.162301391112669	30.284
402.5	3.6930085718094117	75.398
403.0	2.9525950905186837	26.84
403.5	4.071277065072386	45.253
404.0	4.380965270396107	30.238
404.5	2.843870826986036	75.474
405.0	3.0319507121869376	37.383
405.5	3.70142730331019	30.307
406.0	4.086998904141178	23.104
406.5	3.1473599005922517	68.409
407.0	2.6584190563190195	59.835
407.5	4.8369329902915	23.37
408.0	3.291332440660928	45.361
408.5	2.713299818044389	75.484
409.0	3.2299472422122366	23.583
409.5	4.54629434263752	75.458
410.0	3.1656571433546996	60.317
410.5	3.1213279478848026	75.43
411.0	2.9118699301866697	45.469
411.5	3.7892933383643	45.341
412.0	3.7149163238298106	75.955
412.5	2.812049542151001	60.37
413.0	2.7583169326224515	67.636
413.5	3.0282184500053932	75.447
414.0	2.495980896885036	30.381
414.5	2.812241005295903	45.282
415.0	3.3920642533918444	70.077
415.5	4.334222274047494	45.695
416.0	2.7553041120409536	60.392
416.5	3.293608679840727	76.272
417.0	3.6435562983500143	75.428
417.5	2.6388364776200097	24.239
418.0	2.484177685950375	60.758
418.5	2.1105479522955077	30.13
419.0	3.4749584391179402	38.952
419.5	1.5724905412216559	45.275
420.0	3.172487083508104	24.387
420.5	2.664658446320901	45.315
421.0	4.5309778271011245	75.75
421.5	2.4281539545221706	30.325
422.0	2.684685869703053	46.02
422.5	2.7853030948713067	75.454
423.0	3.7012560220588266	30.197
423.5	3.1880146125880886	56.564
424.0	2.5834013139323226	26.314
424.5	2.3831180817495237	45.534
425.0	3.8033911914292795	45.218
425.5	3.190630435066557	24.32
426.0	3.3823472493749756	60.44
426.5	4.240179655330898	30.187
427.0	2.6941222796458235	36.57
427.5	3.9077892517166526	30.239
428.0	2.7760275033859605	35.52
428.5	4.477883794300861	61.161
429.0	2.062566797569267	45.288
429.5	2.4822745228531544	30.207
430.0	3.444533069324883	90.765
430.5	3.5174516149665838	53.156
431.0	2.741281171687797	30.25
431.5	3.2879404550843225	25.745
432.0	2.3722354555242005	60.441
432.5	3.838785312662757	23.674
433.0	3.5045419811373524	45.662
433.5	3.3646614753973836	60.643
434.0	3.71028802949363	75.545
434.5	3.729952733466253	23.836
435.0	3.1318858909289613	30.208
435.5	2.859803802014764	60.357
436.0	3.754032361139676	45.391
436.5	2.836498616722876	30.253
437.0	3.7265096459971483	30.236
437.5	1.7633253813623209	75.463
438.0	4.9396892593215425	75.445
438.5	3.1193006716451985	60.803
439.0	3.8035401970732927	45.468
439.5	3.047107316577095	60.365
440.0	4.5533939191404755	30.341
440.5	3.040932864049666	90.497
441.0	2.7018756541819866	90.461
441.5	2.7246127637826487	30.823
442.0	4.047406100985055	30.299
442.5	2.4299428710769724	60.523
443.0	1.9342687625043737	45.379
443.5	3.61703363760319	45.233
444.0	2.894679290238636	60.75
444.5	2.2172068900004964	30.177
445.0	3.496696083948687	75.428
445.5	3.509236107603935	90.524
446.0	3.96238008227386	45.375
446.5	2.5195282518810274	75.34
447.0	3.2142852436054388	22.995
447.5	4.040847941280723	25.453
448.0	2.6784480457059208	60.282
448.5	3.5047582886960713	45.239
449.0	2.521353397476004	74.503
449.5	4.3005611060234346	45.232
450.0	3.02008175525751	25.633
450.5	3.2002860092614225	45.449
451.0	3.2634356749853466	24.489
451.5	2.9124954719797427	38.699
452.0	3.6027871641331974	30.446
452.5	3.0439695483729485	45.251
453.0	3.8376574283452394	90.488
453.5	3.585577765953708	45.331
454.0	3.654531556158115	30.895
454.5	3.3480635668725456	23.296
455.0	3.4165255430320536	30.266
455.5	2.9808501827068885	26.64
456.0	3.314699938896756	30.247
456.5	3.738195623551698	45.67
457.0	2.344859210625651	30.38
457.5	3.5449539287855028	22.328
458.0	3.2032513957040227	90.409
458.5	3.4650143866751715	60.428
459.0	3.3685129052766603	60.712
459.5	2.812962052488374	30.248
460.0	2.4482111896894256	22.629
460.5	3.479721131879968	30.24
461.0	3.0265064050428547	30.168
461.5	2.9767755988374107	30.253
462.0	3.2724724643513436	75.493
462.5	4.421420211311983	30.39
463.0	3.6760173947330808	30.225
463.5	2.5490085455574114	75.866
464.0	3.003530523404618	30.369
464.5	3.570935822313744	90.493
465.0	2.9368719536417607	30.34
465.5	2.8971450225265616	45.197
466.0	3.3232683503969627	30.315
466.5	2.853118738227696	76.49
467.0	2.3973759279623263	75.384
467.5	2.888624938931406	30.283
468.0	3.325454008518055	30.263
468.5	2.5777737405413808	60.253
469.0	3.3222981064607056	22.156
469.5	2.6996804866409017	45.269
470.0	4.252299211254185	30.211
470.5	2.5982265284073116	60.381
471.0	2.510491861459917	30.385
471.5	3.94025113733201	30.307
472.0	2.643391400797433	90.419
472.5	2.537007044497242	23.58
473.0	3.2030255197949455	25.329
473.5	3.8075183553515712	45.694
474.0	3.1330402367713215	30.32
474.5	2.3867833328615053	24.135
475.0	3.949623014909622	23.479
475.5	3.840266819215301	30.223
476.0	3.826676680339234	30.395
476.5	3.348971789380552	45.309
477.0	2.5496229876501775	53.745
477.5	3.2095465444820057	90.598
478.0	2.9091933475692926	60.471
478.5	3.6123593018169786	45.391
479.0	3.558767565608388	63.979
479.5	3.397005273564819	75.555
480.0	2.478705649949253	21.877
480.5	3.6162861577893533	60.383
481.0	3.638690128094617	76.161
481.5	3.1231768748457034	75.113
482.0	2.638235132648893	60.322
482.5	3.2648214387433656	24.517
483.0	4.46095249000302	23.322
483.5	2.3572437461748805	30.154
484.0	2.230698274302796	90.448
484.5	3.5003453670473124	75.756
485.0	3.5185853451708886	60.317
485.5	2.912857060365411	30.231
486.0	3.1412754731444714	45.373
486.5	2.9376753966090146	60.324
487.0	3.4987583065221903	75.466
487.5	3.2931413645510865	75.354
488.0	2.7787741806219555	60.316
488.5	2.9739279594955215	60.33
489.0	3.5477322593739027	75.672
489.5	2.9651985073233087	29.199
490.0	2.7055381185614973	45.248
490.5	3.005830946244935	30.207
491.0	2.485641985612304	30.147
491.5	2.456277597108692	33.03
492.0	2.2397418953070316	75.55
492.5	3.2788910009064245	90.648
493.0	2.471016701646164	45.482
493.5	2.979073497714555	60.705
494.0	3.9756610932868917	53.663
494.5	2.8433224157912917	60.356
495.0	2.772832393079331	75.368
495.5	4.008364224475234	23.241
496.0	2.482060968693172	30.262
496.5	2.499550583060746	45.532
497.0	2.623576894139936	75.406
497.5	2.5387633739913342	60.333
498.0	2.2820630646675415	30.934
498.5	2.1594458703482386	23.58
499.0	1.7901709329017197	60.325
499.5	4.225323209171078	30.174
500.0	4.433179538676725	45.953
500.5	3.331863304131592	60.385
501.0	2.4223556503500996	91.028
501.5	2.925720985999602	41.317
502.0	3.2512577303148307	75.774
502.5	3.002942521250624	22.767
503.0	2.188588573409595	75.436
503.5	3.9737329945365616	75.751
504.0	2.6065857585351018	60.346
504.5	2.4508215732476692	54.948
505.0	3.0676022285292017	30.178
505.5	3.6340614046235067	60.281
506.0	3.64395929048346	60.705
506.5	2.62823994152215	60.345
507.0	2.93206811972136	60.651
507.5	4.502765497526659	23.775
508.0	3.1254621995890175	21.347
508.5	2.8656141652748506	38.341
509.0	3.318108016664282	90.486
509.5	3.4310899226918283	30.155
510.0	3.025496502019018	60.476
510.5	3.3838245523593535	22.867
511.0	3.9812218785320486	45.304
511.5	2.145854499452194	30.259
512.0	3.341826462146639	56.669
512.5	2.8213523935557423	60.343
513.0	3.9183102724516803	45.251
513.5	2.831510105218468	60.296
514.0	2.470534612232909	45.721
514.5	2.642125917495334	60.507
515.0	3.163314977881577	46.053
515.5	3.7776578999277426	60.895
516.0	2.6881726475923364	60.747
516.5	2.418298454177605	26.057
517.0	3.6846886058632005	23.759
517.5	3.02707510465128	28.23
518.0	3.056039878078711	45.313
518.5	3.618129949779995	41.807
519.0	2.761849170589087	75.345
519.5	2.840672350610446	61.657
520.0	3.184020322093653	60.31
520.5	2.967760436729011	60.389
521.0	3.0509906170658967	26.42
521.5	2.58222119804258	30.175
522.0	3.1072574520681044	45.296
522.5	3.243489584212839	45.346
523.0	2.755286135699077	52.764
523.5	3.4487684264350706	60.437
524.0	3.3271728419061235	24.34
524.5	3.4405879828580015	24.007
525.0	2.967388897787887	21.555
525.5	2.5996266352653774	90.485
526.0	3.944441155338031	30.344
526.5	2.8139161878597183	23.051
527.0	2.6112928933747974	106.065
527.5	3.9329504165911295	90.572
528.0	3.18663083047698	60.315
528.5	3.3269214632419324	45.242
529.0	2.4170942353748592	83.42
529.5	3.8606886372672347	30.792
530.0	3.6264090937022697	45.299
530.5	2.451511062810971	30.171
531.0	2.542535284653924	45.627
531.5	3.3941566497214994	60.342
532.0	4.510664058496638	85.436
532.5	3.749849646634872	30.286
533.0	2.4076998515234194	90.543
533.5	3.0231907213093616	45.247
534.0	4.370171332748093	25.534
534.5	3.4376401583129597	75.567
535.0	3.4749204826848774	60.401
535.5	3.581483362063576	45.363
536.0	3.6020236627798248	30.642
536.5	3.253576266491129	45.276
537.0	2.9761264214208536	45.64
537.5	4.687268722773401	31.117
538.0	2.2497390940674373	60.34
538.5	3.672669539505272	66.075
539.0	3.068011612074487	45.469
539.5	3.8020999449981723	45.295
540.0	2.951236658797094	60.308
540.5	2.74228483318532	60.385
541.0	3.427222698749792	45.269
541.5	3.561640525702832	30.34
542.0	2.632383519634891	60.734
542.5	3.649785335224848	45.251
543.0	3.5842517494629655	39.071
543.5	3.2567373596395046	75.542
544.0	3.388673086444194	75.531
544.5	2.543608707919652	105.617
545.0	3.666475212011641	25.875
545.5	3.2596763061318628	60.311
546.0	3.448573165101335	30.318
546.5	3.5189563343600425	22.745
547.0	4.05247610195468	45.235
547.5	3.562517282540525	90.652
548.0	2.751423039274614	30.154
548.5	2.5896459529387887	45.353
549.0	4.051544936530082	60.348
549.5	3.1421444035375545	30.163
550.0	2.451551452359789	24.508
550.5	3.919709098618747	75.78
551.0	4.1902386456180265	45.219
551.5	2.952026840203628	60.333
552.0	3.326540377073612	75.727
552.5	2.9327444591942102	45.53
553.0	2.3406533001414997	90.631
553.5	2.7517017947584157	24.079
554.0	2.702781536568771	60.299
554.5	3.434111178427741	45.598
555.0	2.336818966322763	38.798
555.5	2.344774980513426	23.425
556.0	3.0604731744250295	30.288
556.5	2.82517590309454	75.386
557.0	3.2498496893980495	45.394
557.5	2.9177745820858085	45.741
558.0	3.0310273547882267	22.1
558.5	4.386191863366324	30.274
559.0	2.957324919845568	60.94
559.5	3.206278724425454	30.274
560.0	3.2732335875256218	53.053
560.5	2.0491703164356143	30.169
561.0	3.544049477093653	30.518
561.5	2.48186059560832	30.254
562.0	3.930367822447402	60.385
562.5	3.0993927105404886	60.44
563.0	3.926060177702981	60.349
563.5	3.8362761971596546	95.032
564.0	2.5544625417995297	60.487
564.5	2.768200561688793	39.458
565.0	3.7949577788637803	30.2
565.5	3.311389760763591	45.341
566.0	3.2281378014798743	45.317
566.5	3.0097744582031485	75.516
567.0	2.9771107771271192	30.876
567.5	3.3036477064422423	30.325
568.0	2.1118277098337437	60.356
568.5	2.5400113052088593	60.419
569.0	3.6795893179147754	22.273
569.5	4.094937185287898	45.397
570.0	2.3246849899175275	60.819
570.5	2.3680337411275785	75.491
571.0	3.725354437958147	65.618
571.5	2.3516471084363926	22.716
572.0	2.7680986939577807	30.23
572.5	2.6745935984604463	30.254
573.0	2.982786799536951	22.602
573.5	3.048553256090001	23.411
574.0	2.7972617379335647	30.37
574.5	2.475209775582736	30.319
575.0	3.518299075245579	30.376
575.5	3.224203906330662	24.617
576.0	2.561772087033333	30.245
576.5	3.2546411127417127	60.312
577.0	3.5368885566918475	45.32
577.5	3.0029897779669352	25.373
578.0	3.228602131314566	23.679
578.5	4.195090995686114	24.928
579.0	2.541240153234696	60.36
579.5	3.3974214136596252	30.257
580.0	3.2124514382079195	25.063
580.5	4.617367015955026	60.4
581.0	2.761183188695596	30.239
581.5	3.0003130806593683	30.203
582.0	3.0595912899858497	30.248
582.5	4.091215696215276	75.336
583.0	3.3858561049129907	55.45
583.5	3.0026636574030086	30.531
584.0	2.360580381329991	30.219
584.5	4.009914349323972	45.225
585.0	2.426771038035119	45.36
585.5	2.513173917922387	30.168
586.0	3.873961241766875	45.415
586.5	2.680674413938104	30.206
587.0	3.326424779074656	45.292
587.5	2.5703508613165065	30.279
588.0	3.490335639072063	22.311
588.5	3.1179629350844658	30.152
589.0	2.5193448367463764	68.572
589.5	2.1321402664898845	60.572
590.0	3.838678217237901	60.339
590.5	2.8939038844176244	60.444
591.0	2.1669943052989047	24.646
591.5	3.4059394502241553	30.31
592.0	3.6644311564352323	60.402
592.5	3.0405182613443777	37.898
593.0	1.452305603006867	120.794
593.5	5.43025515827519	112.945
594.0	2.426265236683748	30.48
594.5	2.857495020561554	30.366
595.0	2.8471298700452747	23.993
595.5	3.7445089347032114	42.047
596.0	2.6846607108440748	100.463
596.5	3.115738917388035	30.254
597.0	3.0162755099145198	75.991
597.5	4.087256592881431	60.368
598.0	3.4030909093238417	52.57
598.5	2.148276678361509	60.603
599.0	3.4782537589262095	60.775
599.5	3.6146996118098302	60.326
600.0	2.753665644528194	90.62
600.5	1.832772559442895	45.283
601.0	3.819330613424322	60.389
601.5	3.839817107034197	23.743
602.0	3.274570799361525	60.861
602.5	2.257274619373028	45.37
603.0	3.237880636519311	39.36
603.5	3.182452820716602	105.553
604.0	2.910060609426115	60.31
604.5	3.1143427130543944	30.34
605.0	3.9890801496095682	23.716
605.5	1.8750226717694891	70.448
606.0	3.2512443249684044	45.264
606.5	2.208331125835306	24.588
607.0	3.7666247649268128	45.57
607.5	2.2509338399656182	60.383
608.0	3.2520133033506955	52.566
608.5	4.597761159274856	60.978
609.0	2.8183034351932474	75.632
609.5	3.4920454577544846	23.237
610.0	1.9138262872207616	23.88
610.5	4.302462418607683	40.142
611.0	2.9595953588518955	45.333
611.5	2.3033326645815313	23.777
612.0	2.61658264195805	30.17
612.5	4.328025849465748	105.794
613.0	3.044057159687296	45.305
613.5	2.205224653888071	60.319
614.0	2.171878538853892	30.195
614.5	2.64920521770045	75.762
615.0	2.427605127454642	27.163
615.5	2.336860059165104	23.255
616.0	2.939518432141019	90.499
616.5	2.6467393756748576	88.796
617.0	2.755424007426423	21.918
617.5	2.4549604213353877	60.356
618.0	3.7602655285007063	30.25
618.5	3.2933205838015125	30.224
619.0	3.2603950307941023	30.296
619.5	2.4914282796468123	30.389
620.0	3.4638523748795227	30.177
620.5	3.32491844984026	85.149
621.0	2.662869876968953	60.903
621.5	2.0110820545481216	38.264
622.0	4.924758858274375	45.337
622.5	3.6865531583633304	27.825
623.0	3.2615869375649473	45.258
623.5	4.091916087523985	60.706
624.0	3.1079499075651595	60.716
624.5	3.10549730756162	25.07
625.0	3.1908804594253746	30.232
625.5	2.657509563863358	105.589
626.0	3.085529599788849	90.596
626.5	2.4302754447894395	90.526
627.0	1.930467837573716	60.485
627.5	3.2348975746191124	90.49
628.0	2.9696005449899276	60.361
628.5	2.3969468848950193	75.523
629.0	3.570152273051462	23.856
629.5	2.76255248824373	26.384
630.0	3.190892520711652	45.247
630.5	3.0046922687412954	60.311
631.0	4.060746956618813	60.441
631.5	2.3750321251153688	90.517
632.0	3.1311054610291063	60.44
632.5	2.742721225306989	33.762
633.0	3.240685240634693	36.317
633.5	2.7676074780701776	75.432
634.0	2.703747396489226	25.451
634.5	3.003535941428007	30.266
635.0	3.1438262392938703	45.356
635.5	2.9320933867536203	45.318
636.0	3.498482578322878	54.247
636.5	3.2136131596394324	60.554
637.0	2.9505165035267273	30.222
637.5	3.6480177384709402	38.342
638.0	3.2347720851919366	46.149
638.5	3.1960552326132516	60.398
639.0	4.247155064948593	30.288
639.5	3.2366998371418454	30.464
640.0	2.329965462797065	90.394
640.5	3.9764842032538663	24.732
641.0	3.12112868344178	45.271
641.5	3.323490077412348	45.228
642.0	2.5896676278688444	45.268
642.5	3.8462283484174065	29.397
643.0	3.013005704834506	24.904
643.5	3.315127393457378	45.268
644.0	3.203386082896922	45.288
644.5	3.89751367655785	99.367
645.0	3.4639243439201803	45.293
645.5	3.2779523206456735	60.742
646.0	3.635012332811568	30.157
646.5	3.3795646579283543	87.365
647.0	2.9788644002731597	30.478
647.5	2.77961919443518	23.236
648.0	3.351201500665707	30.199
648.5	2.94795618115039	75.473
649.0	3.0545397198334263	24.163
649.5	2.8909500260602745	60.322
650.0	2.6880453684016516	75.409
650.5	4.101402856646063	28.533
651.0	3.6769331565960592	30.157
651.5	3.360421843687338	30.173
652.0	3.8450068236639785	24.646
652.5	2.856877322514399	60.403
653.0	2.9361631793387466	45.41
653.5	2.659384344701129	23.601
654.0	3.1741742415092813	24.414
654.5	2.9254547851285366	60.32
655.0	2.6411139159356813	75.375
655.5	5.004373622881328	40.761
656.0	2.9260156294520074	30.349
656.5	1.4921561810389015	22.872
657.0	4.633055592522927	75.485
657.5	4.10567044544259	31.421
658.0	1.8991750727399703	97.585
658.5	2.3747833378481236	45.503
659.0	2.6027188349499273	30.317
659.5	3.6344589287437197	30.233
660.0	2.7141610079518013	23.99
660.5	3.335756438035111	30.478
661.0	3.1164689766187625	45.281
661.5	4.058440862535486	60.352
662.0	2.154271644127162	105.605
662.5	3.428731572213997	29.012
663.0	3.7722215506213574	45.224
663.5	1.8924078720330781	30.315
664.0	1.592211877379566	39.651
664.5	2.764468237839769	75.468
665.0	3.960127086709205	23.785
665.5	2.999038444521	60.652
666.0	2.4886083093153646	45.434
666.5	3.119906115943459	46.232
667.0	3.5570820332107203	76.027
667.5	2.2365846294041036	75.366
668.0	3.379678182546519	30.619
668.5	2.6369234301102606	45.861
669.0	4.301645711060306	21.907
669.5	2.8328731852300115	75.363
670.0	2.8127285286073573	45.219
670.5	2.9056653621871855	30.271
671.0	3.9761090775977674	60.326
671.5	3.294498441031058	45.402
672.0	2.01646230118437	90.406
672.5	3.488463810419115	25.184
673.0	2.5257779395915647	60.412
673.5	2.6889766420204175	25.331
674.0	2.0777808431574454	120.664
674.5	3.44886131554551	30.347
675.0	2.818093673256936	24.876
675.5	2.975199997339096	75.863
676.0	2.9829098151598106	26.199
676.5	3.7595366407646336	30.44
677.0	2.64733800735978	60.499
677.5	3.307113674858172	45.272
678.0	2.923900448198081	68.858
678.5	3.569182985662267	60.807
679.0	3.3956943212063866	45.659
679.5	2.4248932364871685	25.064
680.0	4.456858092173468	76.476
680.5	2.3378567294703783	22.761
681.0	3.704219190017	90.464
681.5	3.5279990286301124	30.275
682.0	5.047125190652321	62.812
682.5	3.0706563563013014	91.689
683.0	3.0477315025015015	141.715
683.5	2.467412451442748	30.209
684.0	3.549743639230968	45.287
684.5	3.242555759769196	55.416
685.0	3.0979067504696514	23.714
685.5	3.229303546174834	30.179
686.0	2.9827616593638435	30.304
686.5	2.9320982287580004	30.792
687.0	3.3007144561511366	30.173
687.5	4.014615609907438	60.389
688.0	2.969710935597262	90.561
688.5	2.920891740658357	45.256
689.0	3.3108332142481385	74.117
689.5	4.422195183309789	55.123
690.0	2.633252674871193	60.412
690.5	3.535963232777553	24.042
691.0	3.536939443031516	60.558
691.5	3.5255218666889143	45.209
692.0	3.2975975976539575	68.168
692.5	2.6338766831986122	90.81
693.0	3.6445012120026434	37.607
693.5	2.297947007656949	90.551
694.0	3.376645893662182	30.434
694.5	3.123899137588655	38.671
695.0	4.071108588291483	45.729
695.5	3.3860864619206086	105.757
696.0	3.0724146869178695	60.309
696.5	3.515305490381789	30.217
697.0	3.693825298683882	30.227
697.5	2.88670807093981	45.438
698.0	3.118535509940318	75.345
698.5	3.180455720599258	30.191
699.0	3.6548981207893116	53.012
699.5	3.5384552378886944	45.362
700.0	3.052172850474872	60.344
700.5	3.5632461711454537	23.862
701.0	2.8538639455880888	30.182
701.5	3.934910765585993	30.605
702.0	2.9859517285797392	45.323
702.5	3.7171908772664066	33.182
703.0	3.17865177414752	45.522
703.5	3.4743696927134273	69.296
704.0	2.4515980450617088	60.307
704.5	3.104120524352889	25.409
705.0	3.714952393960936	30.353
705.5	2.7790806915261794	98.238
706.0	2.8316811402981634	45.576
706.5	3.505570235723926	22.447
707.0	2.66300049437639	45.276
707.5	3.5398831461658533	23.605
708.0	2.9310084803435847	90.549
708.5	3.4480844584551384	30.179
709.0	2.738472779901353	75.521
709.5	3.052163257571718	75.978
710.0	3.2205545011686207	38.597
710.5	4.430479863006919	45.347
711.0	2.975247347134078	90.555
711.5	3.5785279946604014	45.249
712.0	3.454232834571914	75.297
712.5	3.0500538247824727	30.559
713.0	2.5418948601930507	90.887
713.5	3.2259148274867497	75.337
714.0	3.2981288285655173	75.393
714.5	3.2193735372377903	23.522
715.0	3.026556922456017	22.982
715.5	2.428963144196794	30.182
716.0	2.950081986302446	23.941
716.5	2.964444727522549	90.459
717.0	2.879490626223304	45.231
717.5	4.515391268228677	30.187
718.0	3.25422636042059	60.428
718.5	2.990026687188193	75.707
719.0	3.1690131778203376	75.977
719.5	2.8702447249176353	75.398
720.0	3.337424300195671	90.881
720.5	2.8762871466852213	60.473
721.0	4.140094626929148	75.433
721.5	3.19997470535845	75.524
722.0	4.156814681238862	22.59
722.5	1.9379921358490213	44.028
723.0	3.711678174910362	49.979
723.5	2.33359668017773	45.332
724.0	2.515285349127564	46.149
724.5	3.807174182341074	75.874
725.0	3.6367307192025073	45.254
725.5	2.468360084667867	30.46
726.0	2.8503158295452757	23.448
726.5	2.785660641890071	60.319
727.0	3.465457770356473	60.333
727.5	3.1037082365533215	23.916
728.0	3.088822056920746	45.414
728.5	2.614717721884946	30.578
729.0	4.1844336638872335	90.781
729.5	2.939078327535597	60.277
730.0	2.719240244914448	29.728
730.5	3.291536492236347	30.26
731.0	4.026298107872213	45.273
731.5	2.795502504739431	60.319
732.0	3.1325532780033862	30.497
732.5	4.167742406161695	47.228
733.0	2.171985258719005	60.263
733.5	2.65181600340834	60.323
734.0	3.9009037416966508	53.651
734.5	3.484951386813128	90.927
735.0	2.232870648522276	45.26
735.5	2.944435674219099	24.615
736.0	3.0534436855553015	30.381
736.5	4.886613995762939	30.333
737.0	2.9699991686020732	30.189
737.5	2.785932284708458	30.234
738.0	3.546255377989447	30.624
738.5	3.5821192513652416	23.785
739.0	2.902638617757339	74.112
739.5	3.3476214425168602	45.204
740.0	3.5799955115689914	90.748
740.5	3.049771882085844	30.489
741.0	2.2235153603646056	45.31
741.5	3.101583362425564	60.806
742.0	4.0111154244772305	24.746
742.5	2.2150860665400596	33.858
743.0	2.567059909113783	45.269
743.5	3.636966354976184	75.35
744.0	3.1744133132391834	30.226
744.5	2.236152626721521	60.661
745.0	2.7970854842881034	25.792
745.5	2.916233414246264	25.328
746.0	4.240276747010901	76.367
746.5	2.4367714606435795	45.229
747.0	3.2122370612347195	45.376
747.5	4.020113952781568	60.38
748.0	2.9166954675844843	60.328
748.5	2.0773160939980273	45.274
749.0	3.098013282256584	60.635
749.5	3.6338120562754326	60.291
750.0	3.1957093076332757	60.415
750.5	2.3545592173567633	45.232
751.0	3.7003993192564697	70.074
751.5	3.8240840694870086	45.308
752.0	2.705602981070845	45.373
752.5	2.8898624508444213	30.65
753.0	4.058821186314805	30.232
753.5	2.2713799033884254	45.409
754.0	5.149864861026953	30.32
754.5	2.4893879150796803	75.694
755.0	3.4875475809547507	45.362
755.5	2.4599786981125815	60.408
756.0	2.1270006019639136	60.449
756.5	2.328780049435619	60.359
757.0	3.985264943882051	31.198
757.5	3.1225046324590915	45.691
758.0	2.9104312246951918	75.325
758.5	2.7515730734606834	45.239
759.0	4.965430116404449	30.373
759.5	2.295605474240387	105.944
760.0	2.9075067351547252	30.165
760.5	3.3599628159541384	60.493
761.0	3.0923134550684797	30.207
761.5	3.2147559098699108	23.682
762.0	2.817889594622573	75.415
762.5	2.939503527703237	30.371
763.0	2.2768842153785784	75.362
763.5	2.8920919044238134	24.891
764.0	3.605183321675216	45.426
764.5	3.1078080629816216	30.111
765.0	3.009390117807779	30.626
765.5	2.524558160675865	30.239
766.0	2.1667316086439685	105.498
766.5	3.8452989922332135	120.52
767.0	3.26923572461714	30.327
767.5	2.725440042347766	60.283
768.0	3.70881083026018	30.225
768.5	2.836417420700946	30.282
769.0	3.1422204272812966	23.904
769.5	3.593892560239412	25.783
770.0	3.9102035145661898	45.271
770.5	2.902017134310734	90.543
771.0	3.145657380369019	60.311
771.5	3.7536794894574506	30.345
772.0	4.272270928240964	45.434
772.5	3.5120273193560094	45.349
773.0	3.222996587602596	30.2
773.5	2.9682339997851757	25.68
774.0	3.2373015746214513	30.256
774.5	2.422387499721628	30.38
775.0	3.214553224517296	30.221
775.5	3.144118543308252	45.383
776.0	2.96750367163581	30.21
776.5	2.9540997552340365	75.919
777.0	2.7647655383858045	28.046
777.5	4.146157897781538	75.404
778.0	2.4526302199873133	30.499
778.5	2.459699751878773	60.236
779.0	3.2395317931891086	45.313
779.5	3.734645994487994	60.388
780.0	2.7882888089621507	30.724
780.5	3.1408835938871302	30.237
781.0	3.73405556541502	30.426
781.5	3.165244793745708	30.504
782.0	3.899943628437061	60.978
782.5	2.962648519664442	90.574
783.0	3.6714240372117435	54.937
783.5	3.2762061844367527	23.405
784.0	2.2159456420327093	30.214
784.5	3.169535453653217	75.931
785.0	3.4741937824108633	60.39
785.5	3.5719156501512535	52.803
786.0	2.890489588162508	60.304
786.5	2.818455106315564	75.717
787.0	4.207034619488296	60.425
787.5	3.149664419170676	45.227
788.0	2.9455662656663617	75.455
788.5	3.1013954695442942	90.584
789.0	4.025639871197562	60.581
789.5	3.1742603479544536	45.552
790.0	3.5337398382953893	30.177
790.5	3.733537003629355	30.224
791.0	2.9401571665682877	45.235
791.5	3.8953687037133324	30.464
792.0	2.955506256583402	32.503
792.5	2.9779117178274452	22.766
793.0	2.2986975734922983	30.37
793.5	3.5941695224362427	45.297
794.0	3.3916888905096627	90.622
794.5	3.269813126007439	45.215
795.0	3.1308456517098726	75.333
795.5	2.68116405621266	60.389
796.0	3.3778511423555533	23.466
796.5	3.4056488315453772	75.344
797.0	3.478205723763786	71.581
797.5	2.8903724193270275	105.939
798.0	3.4971889779895204	30.34
798.5	3.2537761377650423	61.078
799.0	2.8999973199042364	75.386
799.5	4.2846214622563	24.556
800.0	3.5903081788114006	30.399
800.5	2.69091831950169	24.365
801.0	3.8939851051338814	22.176
801.5	3.8484431054736223	36.816
802.0	3.3630697754040857	45.577
802.5	2.3426586238978886	75.898
803.0	3.3062484279842748	25.382
803.5	3.9893236208141816	60.323
804.0	2.9529663256196197	60.368
804.5	2.9713731870257307	22.669
805.0	3.6084967569922566	25.138
805.5	3.224694428101045	60.42
806.0	2.537151293340053	60.31
806.5	3.2527279066976447	45.484
807.0	2.185949969101631	60.389
807.5	3.204540239933475	90.457
808.0	2.878961729393924	45.229
808.5	2.7489387955969566	30.296
809.0	4.3513265155038905	45.314
809.5	2.682619747255354	45.385
810.0	2.3834688117959315	60.853
810.5	3.0974929287715947	60.426
811.0	4.36471941699179	45.231
811.5	2.2857951099035376	104.239
812.0	2.96647023028146	51.303
812.5	2.9873367962738437	75.731
813.0	3.0322608616237803	60.777
813.5	2.577696822839771	45.938
814.0	2.61765585416358	91.241
814.5	3.259987584084883	60.542
815.0	3.456417921313527	54.525
815.5	2.55197641843565	45.242
816.0	3.376714529880759	30.296
816.5	3.626515292980991	30.623
817.0	2.466570794695594	21.839
817.5	2.7079982944490077	75.91
818.0	2.6947844154357807	30.459
818.5	4.258021791808683	30.45
819.0	3.0598861205619556	60.746
819.5	2.044714011171684	60.796
820.0	2.528750007731428	90.419
820.5	3.0579697496120226	25.962
821.0	2.604523364903949	27.682
821.5	2.309341094103342	98.472
822.0	3.1002922699140574	53.592
822.5	4.205294433254733	75.548
823.0	3.28879799512839	60.371
823.5	2.3570027393523403	60.323
824.0	5.167620742817566	75.491
824.5	2.970837150136263	23.666
825.0	2.2443325272633	45.266
825.5	2.5402215663909806	30.251
826.0	3.4438842022292278	30.359
826.5	2.425085998104406	60.759
827.0	3.4050909093109154	60.76
827.5	2.198172316508423	60.368
828.0	3.806928703134627	37.322
828.5	3.122685961389189	25.945
829.0	3.1301461787251497	22.907
829.5	3.8212097459582455	25.723
830.0	3.667822519460831	65.0
830.5	2.8826266647684697	60.45
831.0	3.463280367712253	90.963
831.5	4.66322412506373	45.222
832.0	2.5559570930529047	45.252
832.5	2.516088064549624	45.348
833.0	2.64523068991592	23.489
833.5	3.9672245228790186	60.4
834.0	3.213791042006568	30.198
834.5	2.49949040086346	23.069
835.0	3.128893174357443	30.598
835.5	3.7025491099039916	75.838
836.0	2.6545687549236185	22.343
836.5	3.38705002755731	60.4
837.0	3.492220526997777	41.359
837.5	2.955353619387655	60.413
838.0	3.4265103031864697	30.245
838.5	2.240941918561527	31.05
839.0	2.477151084777911	25.92
839.5	3.832864196990651	30.248
840.0	2.6697746574165326	30.184
840.5	2.9218371949545605	30.289
841.0	4.641623352275521	60.719
841.5	2.6142839610532054	45.879
842.0	3.6828384421318465	24.171
842.5	2.946275414021364	45.271
843.0	3.3290013905952973	30.451
843.5	3.4184816817488026	30.336
844.0	2.4670661077952745	30.189
844.5	3.6790222399450343	32.776
845.0	2.957952598969886	60.262
845.5	3.5383554348014274	30.178
846.0	2.8797711928752125	22.197
846.5	3.2261620370367883	30.169
847.0	2.8064288069297967	22.826
847.5	2.680639406084086	75.473
848.0	3.2635561719122568	30.15
848.5	4.479726783441631	75.461
849.0	2.638209490948781	60.325
849.5	2.7166863941162953	72.052
850.0	3.4034733888770416	45.619
850.5	2.177949331475061	60.433
851.0	3.1760998330032413	52.703
851.5	2.896994261678774	76.243
852.0	3.580548366754155	30.578
852.5	2.8015822976086353	30.295
853.0	2.4997911731588145	60.292
853.5	3.2117832482145774	25.298
854.0	3.4871588888556393	60.634
854.5	3.7185782535144054	45.37
855.0	2.774242744548829	60.314
855.5	4.291134530612106	39.725
856.0	3.2825290101019693	26.093
856.5	2.839913112317196	60.641
857.0	3.164010163018676	45.236
857.5	2.7805113567956297	30.181
858.0	2.8738111783483986	30.249
858.5	2.669494189172311	30.38
859.0	3.0183646752365036	27.011
859.5	3.63079140772363	45.31
860.0	2.9053612516409815	22.644
860.5	2.909804519699895	45.206
861.0	3.3479765811530213	30.398
861.5	3.105891660014554	26.913
862.0	2.7462884152263154	60.382
862.5	2.9011770811096995	45.315
863.0	4.058509939686754	68.225
863.5	3.252846818009798	30.183
864.0	3.4429132068573653	40.453
864.5	3.381742243479537	45.47
865.0	3.5776373726607904	98.221
865.5	2.2733375202307218	75.417
866.0	2.867166188265519	75.467
866.5	2.695159321787966	45.386
867.0	3.255522731555948	30.388
867.5	2.126425581887087	30.32
868.0	3.5273711643168673	60.377
868.5	2.6833817341843225	60.484
869.0	2.931200362876806	37.064
869.5	2.9828616588010304	60.519
870.0	2.960659635516196	22.379
870.5	3.18634129574021	30.227
871.0	3.1529258138594227	75.459
871.5	3.9546835963732505	30.167
872.0	2.4779978662013367	54.555
872.5	3.180933858430463	30.699
873.0	3.387073394266834	30.782
873.5	3.2410013636389348	22.464
874.0	2.905220558900897	60.444
874.5	4.232520664366326	45.252
875.0	2.4532757850637417	60.394
875.5	3.114019945313307	45.4
876.0	2.3578513138498893	60.367
876.5	3.7163369233886074	60.4
877.0	2.768245523236911	39.534
877.5	2.978404988805243	26.207
878.0	3.013041811272455	57.083
878.5	2.3364187563998993	30.298
879.0	3.0429549150354216	45.359
879.5	2.4850480831682895	90.647
880.0	2.751258192356238	60.289
880.5	2.9661557640558853	30.266
881.0	2.7863427942788217	30.206
881.5	3.3344223843392053	60.326
882.0	2.8214679021694145	30.796
882.5	2.387686138888428	22.633
883.0	2.6975319706070437	30.329
883.5	5.141036466391969	22.813
884.0	3.046196214239493	30.276
884.5	1.9577450932948397	24.642
885.0	2.846641424742313	30.227
885.5	3.9415622548711378	60.353
886.0	3.4693836938200375	26.168
886.5	2.4212220782343206	22.597
887.0	2.2373594963887773	24.595
887.5	3.4306415207966445	45.408
888.0	2.250046429171389	60.45
888.5	2.5798283760482525	75.533
889.0	3.8162052523093557	24.012
889.5	2.154362776660393	45.536
890.0	1.7633220592980294	22.366
890.5	3.1124075356929533	106.072
891.0	3.2926488791030963	45.293
891.5	2.3300553806319373	90.9
892.0	2.704522320877046	23.883
892.5	3.1535804736924793	45.468
893.0	4.053735472784234	60.398
893.5	1.8287413698627661	75.399
894.0	2.55590476196123	60.37
894.5	2.848994328159042	45.249
895.0	4.095169443343103	45.36
895.5	2.0291302022076247	90.835
896.0	2.6065381539484243	75.779
896.5	3.8151753210073047	45.253
897.0	2.676322715079915	85.044
897.5	2.9324995555430045	75.687
898.0	2.366059873951364	75.445
898.5	3.557573861835287	30.149
899.0	2.6295079856027637	60.361
899.5	2.4812948730174704	30.36
900.0	2.2141870730340476	30.343
900.5	3.9998552607773696	105.568
901.0	2.6209292748747783	45.711
901.5	2.6719111895605443	38.541
902.0	4.175804088116284	60.37
902.5	2.527711753905359	75.371
903.0	2.6921080243869255	30.18
903.5	2.4138430112591727	91.247
904.0	3.139182945183127	45.318
904.5	2.5807917741839006	37.154
905.0	2.390447251437579	60.297
905.5	2.7216582021607407	23.855
906.0	3.9614148618969427	60.543
906.5	2.0958595364724277	60.349
907.0	2.182733568829404	30.306
907.5	2.7001524103417522	105.549
908.0	2.6983553622561787	23.866
908.5	2.9373299030898985	69.588
909.0	2.373269689208488	22.322
909.5	3.1679125797180854	22.436
910.0	3.9009450575847646	22.254
910.5	3.770448773878347	45.287
911.0	2.347441038394916	45.309
911.5	3.774740526891394	60.379
912.0	2.2841815123383014	23.742
912.5	3.425381626666713	22.645
913.0	2.890506910767337	60.422
913.5	5.128070566909281	35.868
914.0	2.934893875219705	24.411
914.5	3.5486055623655597	30.221
915.0	3.4959106407924017	60.47
915.5	3.4340051154663924	75.452
916.0	2.993106119702209	31.274
916.5	2.78761412245939	60.611
917.0	3.1758723830181776	46.54
917.5	2.3540446121538667	45.215
918.0	2.538125845371736	75.412
918.5	2.4813308447086033	30.167
919.0	2.8865627705093666	90.501
919.5	4.096146001458435	75.492
920.0	3.828260279140894	30.641
920.5	3.006416654442922	70.053
921.0	4.439291759962127	52.623
921.5	3.175570059872828	30.52
922.0	2.986559701606898	45.224
922.5	3.121269168015801	97.767
923.0	4.0116461189795976	37.899
923.5	3.4842879805660756	30.871
924.0	3.24736555213361	45.313
924.5	3.7508737665658898	45.488
925.0	2.7710720596353724	30.227
925.5	2.679856023968552	23.29
926.0	3.111599078833933	46.279
926.5	3.9976944646393657	60.395
927.0	3.6525745345316962	105.9
927.5	3.3569618026142813	67.792
928.0	2.2397586207627973	75.449
928.5	3.294779468008035	27.784
929.0	3.1995807618641536	76.012
929.5	3.195251711586397	75.727
930.0	2.5743186079395257	75.457
930.5	3.7876339608180927	75.52
931.0	3.666292251125149	60.297
931.5	2.6721696597854043	60.355
932.0	3.3407190893675915	30.242
932.5	2.9387305202855374	45.228
933.0	2.9271350758893577	75.486
933.5	3.440723211004999	24.177
934.0	3.3385377336965676	45.331
934.5	3.0951060113902518	26.838
935.0	2.86003437878301	45.238
935.5	3.2547570029063153	22.673
936.0	2.751350938278051	60.37
936.5	2.980687690773683	60.714
937.0	3.65398072409822	76.433
937.5	2.8143518908606975	33.591
938.0	2.465082505713735	53.925
938.5	2.7131769489471513	31.537
939.0	3.2995639920239648	30.452
939.5	4.2648110408285245	25.224
940.0	2.609900760670264	60.314
940.5	3.464872879430004	30.225
941.0	2.895654989264162	90.56
941.5	3.274582205771733	60.312
942.0	3.4421598907821025	76.036
942.5	3.210907941508365	75.416
943.0	3.0298850619760738	45.355
943.5	3.959097708212628	45.218
944.0	2.575478628422564	26.06
944.5	2.61655522024575	60.747
945.0	4.5405863302476694	24.151
945.5	2.245353017049823	45.344
946.0	3.2633212784935233	82.629
946.5	3.339683100434478	60.446
947.0	3.123123880041381	53.736
947.5	3.024643296459939	45.478
948.0	3.104622026689477	30.294
948.5	2.7314118572245296	31.466
949.0	3.8913959484199534	60.317
949.5	2.947838508646013	75.421
950.0	2.5493592470718363	60.481
950.5	2.8607511853759986	75.421
951.0	3.8484413361108563	22.819
951.5	3.599373667964851	39.429
952.0	3.0605240025840788	30.191
952.5	4.168554622543523	45.289
953.0	3.3793112320887597	30.274
953.5	3.3313341130302923	45.786
954.0	2.0498973341328126	75.526
954.5	3.523892001062183	45.4
955.0	2.6638019314373436	60.981
955.5	2.9831376732238017	136.138
956.0	4.266287908666178	60.303
956.5	3.877635502590602	45.612
957.0	3.131221047988024	75.459
957.5	3.6207830501114624	60.317
958.0	2.972032046930612	55.445
958.5	4.345791787742694	30.29
959.0	2.537723707930659	60.545
959.5	2.5901004071910316	75.817
960.0	3.003773783446776	24.469
960.5	2.853905453589374	24.94
961.0	4.1001399962260185	30.659
961.5	3.103603780765734	60.622
962.0	4.515246390410344	114.307
962.5	3.21093384487345	90.604
963.0	2.9277742245424037	40.398
963.5	2.608320687040551	105.492
964.0	4.4302503770041355	45.275
964.5	2.9655677546753765	23.078
965.0	3.175234865382702	68.24
965.5	2.7998106825367404	45.549
966.0	3.2329091635015845	75.738
966.5	3.327251882824893	75.585
967.0	2.413726559117972	45.269
967.5	4.384074312354569	60.552
968.0	3.216611074130375	45.304
968.5	3.5627442762019976	90.477
969.0	2.956513238558346	90.924
969.5	4.652680471110094	60.343
970.0	3.3099196827900705	120.912
970.5	3.5350342127693173	45.218
971.0	2.7872465952607226	75.782
971.5	3.414115350957186	45.215
972.0	3.1412915290367858	38.527
972.5	3.3971694833989976	60.344
973.0	4.227359133215872	45.235
973.5	3.1509790932634516	75.335
974.0	2.1413201396524872	60.397
974.5	3.0325171247527085	61.247
975.0	3.8977928245163858	30.193
975.5	2.893956446410011	60.361
976.0	2.5725317121532063	60.803
976.5	3.377063390892355	45.653
977.0	3.271576534632551	60.379
977.5	2.812280352628141	75.559
978.0	2.6848031710607447	105.621
978.5	3.123328517961519	60.331
979.0	3.88165300849628	105.794
979.5	3.5546070468336075	36.863
980.0	4.090108583340198	26.288
980.5	3.864118742361641	45.273
981.0	2.0907688065928336	22.687
981.5	2.761534219141952	60.409
982.0	3.5009945883209017	61.284
982.5	4.050826436103102	23.07
983.0	3.525340882711217	30.202
983.5	3.51080084244197	30.178
984.0	2.733511974167981	75.592
984.5	3.575586771248294	60.318
985.0	3.4433685165313945	75.345
985.5	3.7517626092131016	45.367
986.0	3.347191884553846	73.411
986.5	4.019147067523094	24.658
987.0	3.344422815736457	60.3
987.5	2.615116125418345	30.383
988.0	3.4656826048866605	45.396
988.5	2.5578167028267713	60.464
989.0	2.1496378278472363	45.413
989.5	3.010034162534829	75.527
990.0	3.4155438575782133	45.355
990.5	1.867311874279084	45.217
991.0	2.5751924456532107	30.247
991.5	1.8024716278659347	60.393
992.0	3.5985793899680503	45.666
992.5	2.5016624075549108	24.169
993.0	3.3773236694645057	30.274
993.5	2.3694854446748677	45.364
994.0	3.7020205368076526	24.821
994.5	3.22869660348564	23.96
995.0	3.829963889387046	41.224
995.5	3.7840666948784656	59.23
996.0	2.663629963180507	60.466
996.5	2.8311289577289944	75.369
997.0	2.2394138357013156	45.272
997.5	4.0198008500665745	29.632
998.0	2.6923749035201343	24.447
998.5	2.9702566861973443	30.304
999.0	3.221993143437066	99.973
999.5	3.2819502710441997	23.118
1000.0	3.835845597103717	60.482
