0.5	0.17558502259758668	15.619
1.0	4.745267214959082	50.34
1.5	1.9376293427441216	100.68
2.0	0.14917728451483878	141.559
2.5	10.854854518950605	88.665
3.0	1.6698926543680643	70.409
3.5	1.5696107779286788	50.44
4.0	0.1374716383419706	49.108
4.5	2.0865486928358052	317.278
5.0	1.3402876997745101	100.866
5.5	1.9977280299856723	151.394
6.0	0.16029431709165953	15.836
6.5	2.6872585979226438	150.677
7.0	1.0302828850512085	50.323
7.5	0.9595705757264059	143.695
8.0	0.7731693248850583	350.491
8.5	1.3969825182018922	19.46
9.0	0.44913857564877785	130.948
9.5	0.6139693929727611	80.625
10.0	0.44976120780937995	25.202
10.5	0.5286679709322775	21.703
11.0	0.6986390857726339	140.914
11.5	0.7270519527088873	161.099
12.0	0.7301081765772877	25.4
12.5	2.31887502145022	82.423
13.0	0.6863675248479452	120.8
13.5	0.46685479143333697	120.745
14.0	0.9314504237061909	137.772
14.5	0.41277105620221055	21.721
15.0	0.8031240693153394	23.38
15.5	0.43081407928436466	24.746
16.0	0.4600334018071775	22.178
16.5	1.1652019749612883	22.247
17.0	0.46342819874585395	20.795
17.5	0.3700261332173725	19.642
18.0	0.7273745276697738	32.298
18.5	0.553992106113827	21.786
19.0	0.4269963641817083	45.748
19.5	0.6911318327369346	24.011
20.0	0.9712415815358834	16.808
20.5	0.12982271982186097	30.439
21.0	0.15590593641926273	22.415
21.5	0.6389192476458834	17.972
22.0	0.4063233102707574	27.347
22.5	0.3442207231318291	20.854
23.0	0.3604979451319126	100.589
23.5	0.31636579183248453	50.074
24.0	0.5935484692586113	133.326
24.5	3.3017622180427844	196.551
25.0	1.190940484749447	196.551
25.5	3.4103680876112796	109.316
26.0	0.2244298847537408	100.982
26.5	0.16862937347920293	252.277
27.0	0.07460029643245067	23.114
27.5	0.8664972229317028	21.444
28.0	0.16924797532367492	21.876
28.5	0.1834187069924086	20.883
29.0	1.0452943245195425	78.611
29.5	0.1656460512191868	24.326
30.0	0.20531575025000637	20.229
30.5	0.2507495003579353	20.403
31.0	0.6419796163688669	26.109
31.5	0.1667254239015622	35.485
32.0	0.30496705902539223	23.01
32.5	0.2829224487916852	17.375
33.0	0.843225713050851	22.472
33.5	0.3327185422677195	483.106
34.0	0.20894792196786904	21.235
34.5	0.17357516462342787	1165.9
35.0	4.767989642935477	23.293
35.5	0.859922859371008	120.825
36.0	1.293860126370236	23.576
36.5	0.301221138384065	21.824
37.0	0.23429075478455713	29.351
37.5	0.23902291793186373	18.605
38.0	1.4889099046973133	18.969
38.5	1.4718831193313366	50.614
39.0	0.7279611308774077	100.51
39.5	0.3030278901115311	19.877
40.0	0.5787778177738788	27.859
40.5	0.6116733249139125	100.678
41.0	0.1548994547218672	490.498
41.5	0.7547918500894857	21.011
42.0	0.3999944516707041	23.685
42.5	0.12186183143462954	21.203
43.0	0.12030318440454091	13.877
43.5	3.3777467828628387	301.23
44.0	2.1928906194847735	207.614
44.5	0.41898238705880686	100.624
45.0	0.7521796865258149	30.36
45.5	0.4266375042124449	140.919
46.0	0.9327582389681696	70.512
46.5	0.7297881251876577	173.97
47.0	0.38490469413025397	131.024
47.5	0.494666381730866	201.744
48.0	0.73009789063198	221.377
48.5	0.8321804828534048	767.773
49.0	2.087193206396167	327.637
49.5	0.7038990148646597	322.433
50.0	1.3407839887124107	80.827
50.5	0.7413102354845071	140.797
51.0	0.5592570852891232	211.966
51.5	0.6123404152060052	271.811
52.0	0.6301046293382865	172.072
52.5	0.6900988259886336	222.222
53.0	0.8679038138552789	147.769
53.5	0.5752814187368273	181.797
54.0	0.3809037181680755	38.468
54.5	0.7365077946763943	334.572
55.0	0.38659120230776994	170.149
55.5	0.5283024046893284	71.022
56.0	0.5132007580372027	181.214
56.5	0.37627358967878966	141.151
57.0	0.5351441097970071	181.647
57.5	0.4220379883197857	141.025
58.0	0.5127466307298468	166.284
58.5	0.5759809567305108	78.976
59.0	0.40378431126335507	70.676
59.5	0.15515712350050892	582.202
60.0	3.129782609668112	293.933
60.5	1.406979633701947	587.455
61.0	1.1092512286359781	335.918
61.5	1.5967141864621766	823.26
62.0	0.4677127975266739	138.22
62.5	0.5320659737932796	113.397
63.0	0.5784591623952866	130.974
63.5	0.5623342469224923	161.533
64.0	0.4739484509781688	289.843
64.5	0.8737293057418397	43.526
65.0	0.5755945999796532	92.583
65.5	0.6596264963584726	131.59
66.0	0.763030017198524	93.315
66.5	0.38374128596757723	329.391
67.0	0.4817544181360705	151.28
67.5	0.6307198308034215	55.716
68.0	0.5388630808290855	131.047
68.5	0.339130227696216	161.054
69.0	0.41765148157105964	145.327
69.5	0.9440449756168856	100.773
70.0	0.376995888082615	83.964
70.5	0.4761260940057483	30.414
71.0	0.6126686663522636	40.29
71.5	0.44282235550041077	121.088
72.0	0.5541751975088323	332.949
72.5	0.7111619727471475	837.21
73.0	0.7068525614365773	312.754
73.5	0.6315694221954291	141.017
74.0	0.61498667189104	50.726
74.5	0.45377695669441276	171.473
75.0	2.1507278116772848	151.174
75.5	0.9625508176941225	353.074
76.0	0.5233682687568147	262.098
76.5	0.4571650849227516	211.273
77.0	0.5659201777137114	100.695
77.5	0.7157075897378922	50.488
78.0	0.3672489868856873	271.418
78.5	0.7419077054571815	219.704
79.0	0.5774187075652446	171.15
79.5	0.5222739101422031	161.171
80.0	3.0850060312436174	70.502
80.5	1.9992836537000063	60.159
81.0	2.1777201741437997	70.456
81.5	1.6564668734138819	50.268
82.0	1.4697022784560523	101.119
82.5	2.2208457436515077	80.457
83.0	1.7430188307113026	70.437
83.5	1.8158886956643017	17.847
84.0	1.56637905439293	90.929
84.5	1.3548115998861858	120.626
85.0	1.6907256674088564	100.794
85.5	2.554604763710216	39.418
86.0	1.4531240947245367	83.248
86.5	2.148399152199547	50.335
87.0	2.3263653679642706	60.461
87.5	1.8488440056747475	86.383
88.0	1.8717933110921678	88.321
88.5	1.7977804627720408	90.756
89.0	1.5950406151776755	61.778
89.5	1.9953891276606983	70.402
90.0	1.7516769734456796	20.197
90.5	1.6106425288089226	90.511
91.0	1.1108943552929569	50.403
91.5	1.8778432237613356	120.906
92.0	1.35892173218025	80.516
92.5	2.849505012381268	91.799
93.0	1.4080222885965776	16.79
93.5	1.8515267876311035	81.729
94.0	2.1951704194601507	50.213
94.5	1.8497446210763024	67.796
95.0	1.8432535997949229	100.294
95.5	1.5140766202493512	111.721
96.0	1.8454431408066212	60.398
96.5	2.0716323045509224	22.003
97.0	1.9364601870620712	46.707
97.5	1.777905097952864	20.12
98.0	2.267838869750424	30.117
98.5	1.4464570957039977	60.485
99.0	1.947810934921725	30.174
99.5	1.4020074064550192	30.221
100.0	2.359620725508072	30.373
100.5	1.6944017881801814	90.566
101.0	2.00091864378662	15.523
101.5	1.9643668343110703	120.745
102.0	2.1211047828125023	110.723
102.5	1.7233302219327782	120.755
103.0	2.0321348370048593	65.27
103.5	2.0830312861043807	100.537
104.0	2.2289670896205647	70.531
104.5	1.6635979168367014	113.987
105.0	1.7479608372781643	56.756
105.5	1.7145503596475058	22.354
106.0	2.046097812596198	60.439
106.5	1.2441504973161406	114.16
107.0	1.499770331037493	67.999
107.5	2.0697426352163673	20.159
108.0	2.6736551926857994	20.27
108.5	1.6184270067429223	20.275
109.0	1.6609870442461687	30.187
109.5	1.8189771934489758	18.566
110.0	2.1361073730370648	98.586
110.5	1.7885432494950795	69.997
111.0	1.90354806499165	69.574
111.5	1.8556237818285075	40.008
112.0	1.6390357365127268	60.36
112.5	1.8314864861841043	16.024
113.0	1.4758580785344504	30.094
113.5	1.8348458958863105	82.325
114.0	2.3626024580923435	60.429
114.5	1.5579957405805829	20.223
115.0	1.95950884014909	80.515
115.5	1.7823800668730447	15.184
116.0	1.9717234382534932	51.132
116.5	2.2052615628479413	50.351
117.0	1.4761074295747918	70.677
117.5	1.5909330081930095	70.477
118.0	1.9124749722043133	80.488
118.5	1.281546780083963	130.911
119.0	2.125861180103484	106.69
119.5	1.6852508234873929	93.434
120.0	1.7956694808454403	20.287
120.5	1.9783524627707205	67.394
121.0	2.384263042259102	90.396
121.5	2.0690359875360724	86.798
122.0	2.15086790782629	90.434
122.5	1.4223342704578823	44.858
123.0	1.6736702066597549	90.587
123.5	2.231368492605937	90.891
124.0	2.4377812429685872	30.151
124.5	1.7073329255386152	100.565
125.0	2.340307435039457	70.792
125.5	1.7241331322202949	120.774
126.0	2.079692930373609	60.413
126.5	1.7224493080533447	18.519
127.0	1.6599056318214087	90.646
127.5	2.02390083511303	113.294
128.0	1.6383242043282455	30.222
128.5	1.9831859165094483	90.791
129.0	2.2405123463755254	85.709
129.5	2.350626386808973	100.669
130.0	1.4987999198507982	30.545
130.5	1.8855976487545278	110.79
131.0	1.9160701379233007	36.647
131.5	2.1210239063991096	90.659
132.0	1.8947657191147849	56.844
132.5	1.4853886552432791	89.135
133.0	1.5189378894427565	71.802
133.5	2.013990279417966	54.323
134.0	1.4466700307982583	50.354
134.5	1.62541586229783	15.292
135.0	1.8403081849529344	80.794
135.5	1.8305887026151753	70.476
136.0	1.481769902822738	72.089
136.5	1.8306409294470356	66.213
137.0	2.630091143942524	26.0
137.5	1.6853599293214616	80.601
138.0	1.3915812249294006	131.207
138.5	1.6533216348278394	97.478
139.0	2.054555616003008	69.169
139.5	2.0495296773173766	110.198
140.0	1.1872153335845022	80.664
140.5	2.2514288038581722	80.563
141.0	2.1389448768610366	40.729
141.5	1.6563243158013474	70.498
142.0	1.0791938347642673	21.131
142.5	1.1336861327439485	130.25
143.0	1.461477507769493	105.127
143.5	1.5581947502524913	20.36
144.0	1.3838313221034166	70.518
144.5	1.570918626323012	110.569
145.0	1.7832238058589411	110.958
145.5	1.751482908607194	60.183
146.0	1.9346815200908016	20.843
146.5	1.7737171009203205	20.135
147.0	1.9440757211165802	120.657
147.5	1.5526890983150494	161.219
148.0	1.9474650250706826	110.727
148.5	1.9998903159597954	43.214
149.0	1.5594326849953901	80.649
149.5	2.039910429963032	121.01
150.0	1.585419624510504	75.761
150.5	2.27532908209045	100.426
151.0	1.6379736635651632	74.907
151.5	1.82568670784076	20.61
152.0	1.2365320526468788	140.941
152.5	1.5441012790707975	18.921
153.0	1.4530116825204749	24.497
153.5	2.154966998436551	79.708
154.0	2.286715731670943	40.627
154.5	1.7144794972890296	30.318
155.0	1.6664582810126045	20.136
155.5	1.5777556410081301	70.525
156.0	1.8551513626995277	70.504
156.5	1.8912400893370247	20.362
157.0	1.7475303176058323	35.293
157.5	2.0651302000796097	37.291
158.0	2.0911081601503843	40.542
158.5	1.7997042666890999	45.875
159.0	1.4708475539215415	90.608
159.5	2.541554517064919	30.084
160.0	1.5035669073395534	100.553
160.5	1.9394059328265907	73.163
161.0	1.6459768318137924	90.708
161.5	1.4769333236283508	20.218
162.0	1.7030100456645063	23.245
162.5	1.2985375661938918	33.18
163.0	1.770902599617359	67.947
163.5	1.3435123775663864	24.908
164.0	1.4040802347651706	127.129
164.5	1.5572496783759622	40.269
165.0	1.4759866832079693	70.488
165.5	2.156951647566681	15.968
166.0	2.5276641901416323	60.113
166.5	2.0406613698300693	51.895
167.0	1.1005017677776872	19.931
167.5	1.6306990436407234	140.978
168.0	1.26383103353975	46.745
168.5	1.2971919150056521	130.655
169.0	1.3105861292711476	130.912
169.5	2.0294754533668837	20.258
170.0	0.9520771115658725	30.212
170.5	2.224957437918308	43.08
171.0	2.310058181921369	70.466
171.5	2.2669825667996895	140.962
172.0	2.2496280877648718	81.957
172.5	2.3890848665087203	16.978
173.0	1.9116131024588405	110.68
173.5	2.207705371828124	70.332
174.0	2.0848855205454497	30.39
174.5	1.825155486181407	60.455
175.0	1.6349339693119553	21.298
175.5	1.6072149684604649	141.072
176.0	1.5569945365067317	40.268
176.5	1.8101871444750441	67.221
177.0	1.435116169722543	100.815
177.5	1.6723040774964577	60.427
178.0	1.451037885611934	80.648
178.5	2.2993810828830465	84.586
179.0	1.81331397452408	90.741
179.5	2.1056170302457864	15.505
180.0	1.5463323294115072	50.305
180.5	1.9548414393147329	60.451
181.0	2.063483252302161	80.558
181.5	1.9428218497825902	70.621
182.0	1.6283548075854453	81.096
182.5	1.7725387727908626	89.833
183.0	1.5272436559230274	75.659
183.5	1.870580436304778	67.159
184.0	2.0265462786903132	30.039
184.5	1.3517256663283317	87.222
185.0	1.5672848800934172	41.583
185.5	1.9122056904985554	80.668
186.0	1.0073175869742352	59.123
186.5	1.8442495523784463	80.583
187.0	2.2446465611584565	80.604
187.5	1.7923589046507509	111.686
188.0	1.581867836566544	87.597
188.5	1.9554156784273014	51.934
189.0	1.7320600618955473	40.389
189.5	1.8057568182580364	90.544
190.0	1.420578797462985	90.072
190.5	1.6321110462952921	121.406
191.0	2.020442890524752	31.539
191.5	1.4034931079483737	98.883
192.0	1.874052361588984	50.192
192.5	2.26180478744962	49.556
193.0	2.360493294432341	20.148
193.5	1.1481610086529594	88.187
194.0	1.5994644516057082	120.728
194.5	1.2520060442660397	20.351
195.0	2.5645549295749297	118.145
195.5	1.297660668133888	90.573
196.0	2.014757881073565	20.971
196.5	1.6304300197474748	161.089
197.0	1.7160798312119097	50.353
197.5	1.9762216674864057	16.492
198.0	1.7790913348443902	70.228
198.5	1.4303514360249987	15.424
199.0	1.7775977774237732	22.329
199.5	1.5260647117729425	61.004
200.0	1.8200939815226218	20.213
200.5	1.8418863954740103	83.715
201.0	2.407504209005578	90.814
201.5	1.4931734093521523	60.415
202.0	1.8918814438771658	93.628
202.5	2.190387202943856	23.631
203.0	1.4100763437907964	131.181
203.5	2.1869947337067934	110.578
204.0	1.670266202272121	15.942
204.5	2.0720210179030145	100.777
205.0	1.5011992657651623	15.532
205.5	2.0288476441889793	70.369
206.0	1.8880790461240882	110.872
206.5	2.2500902000246974	72.194
207.0	1.660528680784896	60.486
207.5	1.601304879946291	131.093
208.0	1.5717180017611176	94.463
208.5	1.6507198359499178	40.564
209.0	1.4316419387759862	19.232
209.5	2.1997440195264106	30.2
210.0	2.092776026667193	15.093
210.5	2.4643638091625824	60.364
211.0	1.476706862146995	20.161
211.5	1.796503478881582	60.324
212.0	2.087291295212766	22.605
212.5	2.051595256810795	90.557
213.0	1.7421177984995906	90.592
213.5	1.964161649993351	40.466
214.0	1.8799217406168562	50.352
214.5	1.6824581662884168	16.082
215.0	1.2264331288099415	140.818
215.5	1.9398104286672735	19.766
216.0	2.161537254793719	130.675
216.5	1.8760480637356625	80.717
217.0	1.0849874233954062	31.728
217.5	1.749545303893476	121.087
218.0	2.1067916932609223	90.682
218.5	1.7021841994982239	18.635
219.0	1.9196997018651492	100.622
219.5	1.7302411422767523	112.806
220.0	1.67834496403919	86.132
220.5	2.1165983832131867	80.47
221.0	1.9247874818975679	30.099
221.5	2.0784625940044466	60.348
222.0	1.5515489900245931	120.789
222.5	1.623068292527672	100.701
223.0	1.713207051691558	15.354
223.5	1.8061307498645993	90.61
224.0	2.1503296920075337	60.258
224.5	1.6387155017826789	17.409
225.0	2.3408156144337897	130.855
225.5	1.8659364394722335	20.204
226.0	2.275933573997927	50.557
226.5	1.5012891614103905	90.631
227.0	1.8721320256426124	50.466
227.5	2.149197690598109	87.477
228.0	1.953850744885637	80.719
228.5	1.2760732272913062	39.26
229.0	2.316329755710789	70.362
229.5	1.914388701559968	48.196
230.0	1.5414486771931857	100.824
230.5	1.9970158245037415	60.306
231.0	1.7295926384450515	120.946
231.5	2.0583904440404064	15.735
232.0	2.2958400929238496	40.288
232.5	1.3946671344294848	131.089
233.0	1.4554473209890364	15.963
233.5	1.88492702413371	86.656
234.0	1.7118083427502961	110.923
234.5	1.9964754167465006	50.438
235.0	2.2294163059357746	86.076
235.5	1.2622445788763512	106.117
236.0	1.7646801930717908	80.49
236.5	1.8595815783399472	40.17
237.0	1.4724921488082723	86.687
237.5	1.8851714952914427	66.127
238.0	1.72469157940365	34.85
238.5	1.6189540022720823	50.419
239.0	1.8021600407687064	96.919
239.5	1.970829767808801	16.816
240.0	1.6056446175217987	40.88
240.5	2.5464148805726907	39.358
241.0	1.4798999788398992	36.105
241.5	2.168404895893465	24.237
242.0	1.3980301933705763	80.69
242.5	1.6382991044142001	60.473
243.0	1.7906555033849463	71.987
243.5	1.4054351270345586	35.003
244.0	2.0108602791388237	70.536
244.5	2.016141876881023	49.994
245.0	1.7226048444422593	90.295
245.5	1.9971385347719783	57.206
246.0	1.490982577080874	100.727
246.5	1.8962348913606646	94.136
247.0	2.0211962725930137	90.529
247.5	1.9957845286650906	15.694
248.0	1.3696962497371357	70.526
248.5	2.195624714774971	67.282
249.0	2.510442004256457	70.387
249.5	2.0814133092046236	120.788
250.0	1.8223330737617411	65.981
250.5	1.8586440894380036	140.71
251.0	2.0249139872590853	60.289
251.5	2.4835511554530174	70.868
252.0	1.0926359508609238	102.725
252.5	1.369741670710018	107.946
253.0	1.6998390621769193	100.567
253.5	2.283123120095866	60.839
254.0	1.5027843049137701	80.661
254.5	1.806303965742605	90.496
255.0	1.5174975591044817	56.048
255.5	1.9389548658835656	19.229
256.0	1.444526113849498	20.093
256.5	1.5111318619855953	50.431
257.0	1.9734388287638764	90.377
257.5	1.8459258215082548	60.481
258.0	2.188975981365223	27.348
258.5	1.7611850512806855	66.486
259.0	2.1305043643182686	50.254
259.5	1.74942131796014	140.954
260.0	1.9438320523749595	17.441
260.5	1.7468754574842569	38.494
261.0	1.7139558380972215	15.685
261.5	1.7726008557086073	120.962
262.0	1.4803873946029615	130.558
262.5	2.2618552896328223	80.403
263.0	2.2903638969966993	60.214
263.5	1.883725067291554	110.913
264.0	1.6573063845587297	80.499
264.5	2.0703136390712236	103.032
265.0	1.528567080937164	80.46
265.5	1.4254125369977055	120.824
266.0	1.7304366657339978	50.226
266.5	2.121780198283084	80.482
267.0	1.4928031103623394	105.268
267.5	1.5738251774665857	80.695
268.0	1.4326029412520218	60.387
268.5	1.8507754073689715	90.738
269.0	2.233522873945009	63.716
269.5	1.4211270636362132	50.333
270.0	2.454104219590658	47.151
270.5	1.757605098174288	110.728
271.0	2.14442449596325	80.846
271.5	2.0610977171758704	100.654
272.0	2.225487197158636	30.256
272.5	1.762312098466179	69.136
273.0	1.9698384723866018	40.181
273.5	1.636839086919824	50.394
274.0	2.2865649263953696	70.495
274.5	2.0673536144792237	70.533
275.0	1.6464705147231433	46.216
275.5	1.9302722614276862	50.287
276.0	2.0199540756444647	80.795
276.5	1.575831584984616	66.17
277.0	1.6046490012510788	17.639
277.5	1.3038492907666248	90.803
278.0	1.5546396658163413	80.579
278.5	2.2566239629587046	70.231
279.0	1.8062979172474698	60.329
279.5	1.679400782662786	130.924
280.0	1.872349705761293	36.944
280.5	2.0426016657142987	87.189
281.0	1.2337755932287597	39.036
281.5	2.1405730114577652	132.316
282.0	1.8876513133264408	58.971
282.5	1.205888370192346	68.938
283.0	1.5737664550806285	90.713
283.5	1.5475053010905324	30.159
284.0	2.361217375150492	50.256
284.5	1.2820420287078496	69.874
285.0	1.3591858329554443	37.818
285.5	1.9705593016878749	16.558
286.0	1.8577866881103309	24.761
286.5	1.7754772819827507	140.91
287.0	1.271408304749923	36.919
287.5	1.562195791428627	140.995
288.0	1.827891438451309	100.759
288.5	1.9570355833099942	46.226
289.0	1.3127973134306516	60.398
289.5	1.7855372588853329	41.845
290.0	1.9392750256367508	80.325
290.5	2.530662904468006	70.467
291.0	1.9928159254449183	147.468
291.5	2.230721795193982	140.948
292.0	1.9710166361118002	30.165
292.5	1.7825328545338026	80.542
293.0	2.0439529597784816	120.989
293.5	1.8158352635711301	72.846
294.0	1.9938190629060248	76.036
294.5	1.6914849018670575	50.35
295.0	1.584044893287697	70.528
295.5	2.32878539341967	80.397
296.0	1.7904864485425696	84.64
296.5	1.7784888233562666	45.873
297.0	2.1411340231785556	20.245
297.5	1.777660568456519	70.5
298.0	1.66179127736658	70.503
298.5	1.4927539358565252	60.41
299.0	2.5231735034737715	20.192
299.5	1.273760694617828	70.488
300.0	2.089218260753233	100.766
300.5	1.2835016166125262	58.259
301.0	1.7639925047940215	44.857
301.5	2.2270794912752576	80.519
302.0	1.8642438553266567	120.968
302.5	2.0446580375261547	75.207
303.0	2.4854928538188537	16.968
303.5	1.287505367340449	149.751
304.0	1.7834896367814383	60.47
304.5	1.6293039897045483	70.531
305.0	1.95157908180308	110.477
305.5	2.0787134595554355	47.939
306.0	1.7700436202597265	69.331
306.5	1.9312255144015884	151.17
307.0	2.1113499226930674	70.294
307.5	2.037469766550752	120.868
308.0	2.174735474176537	60.332
308.5	1.66440091562041	50.479
309.0	1.5860091314627345	96.503
309.5	1.5548935105964474	90.339
310.0	1.529195688371205	64.041
310.5	1.2097211185594239	20.218
311.0	1.658651937194867	30.239
311.5	1.7675077278438962	17.785
312.0	1.0969558127997516	30.177
312.5	0.9740577600490965	70.583
313.0	1.6144078174130414	100.648
313.5	2.4373062303157855	130.952
314.0	1.2435313832288506	34.459
314.5	2.3148540181894246	87.865
315.0	1.3741226357081555	131.062
315.5	2.138499148867694	17.443
316.0	1.357345727330725	140.785
316.5	1.8645469118661668	80.409
317.0	1.9127588104576425	90.761
317.5	1.7611874527049356	373.201
318.0	1.9541100322766753	90.654
318.5	1.6467400327420685	21.587
319.0	1.8491533762990933	90.851
319.5	1.7383797973709207	110.998
320.0	2.2978640452096455	108.207
320.5	1.6677726210407173	70.972
321.0	1.5956686130909525	65.679
321.5	1.2980811186488836	86.435
322.0	1.5137362755544777	99.074
322.5	1.6411606451690461	50.407
323.0	1.8162179349855379	140.868
323.5	2.367654557341632	80.883
324.0	1.6992307595863552	16.774
324.5	1.3613350880462645	121.096
325.0	1.3679424370699014	47.575
325.5	2.1462066049660113	19.066
326.0	1.7046706526686828	120.836
326.5	1.5816447430180558	70.68
327.0	1.8443641767185455	17.478
327.5	0.969219817343565	39.143
328.0	1.3566583473593612	74.447
328.5	0.7873302698321698	40.713
329.0	2.5698913050553323	20.177
329.5	1.3805398191366671	90.59
330.0	1.9662488340112276	70.3
330.5	2.2034321800262484	30.182
331.0	1.3122684302615069	141.62
331.5	1.8885484675794704	60.448
332.0	1.6249178747279343	100.602
332.5	1.5594419198238931	110.717
333.0	2.2978524956993134	35.592
333.5	1.4623432977602095	54.869
334.0	1.9420082095725661	90.721
334.5	2.3258527602247216	70.313
335.0	1.7717208966415094	100.772
335.5	1.9358443465635715	100.633
336.0	2.437231959237037	28.497
336.5	2.112450851233708	20.247
337.0	1.8279295714478245	56.501
337.5	1.1810897378211427	50.405
338.0	2.436778710590596	80.591
338.5	2.10544764573745	70.493
339.0	1.962422068811798	15.794
339.5	1.6050568947697315	130.842
340.0	1.6315165839784374	16.22
340.5	2.2626062022190236	100.769
341.0	2.0341251690844597	80.438
341.5	1.8790708096181616	78.828
342.0	1.8184904084389055	104.421
342.5	1.6807417500600073	100.806
343.0	1.9892827690872084	70.577
343.5	1.924461546923859	90.607
344.0	2.0070218266071964	43.189
344.5	2.008978677006445	110.661
345.0	2.3661131446366874	38.645
345.5	1.7905082773836338	70.395
346.0	2.209406443756938	46.754
346.5	2.4172825236979274	90.676
347.0	1.8030378552489443	80.499
347.5	1.6071653438489037	25.76
348.0	1.7820243976237247	17.538
348.5	1.8751233673253764	131.075
349.0	1.788829402079743	130.759
349.5	2.156085379626598	46.401
350.0	1.8857374047863615	80.607
350.5	2.1452776642970233	110.617
351.0	1.4236371357199908	90.605
351.5	2.1771903212521733	109.783
352.0	2.1925314249571723	37.917
352.5	1.8689911112092201	70.455
353.0	1.4332447582544026	80.554
353.5	1.7314211274506772	70.381
354.0	2.0217623203020434	15.084
354.5	1.56634776434412	66.812
355.0	1.4513517267142804	60.183
355.5	2.5265447574485544	80.594
356.0	1.8713362340701005	80.542
356.5	2.0425049285958736	36.193
357.0	2.1650731035418858	110.588
357.5	2.000029581747148	115.645
358.0	2.322003189768753	120.663
358.5	1.8209610287919333	21.939
359.0	1.8912458931703708	27.277
359.5	1.5762195691966072	65.848
360.0	1.5793732409111887	28.978
360.5	1.387897962059171	17.787
361.0	1.9809291742566724	20.255
361.5	1.8123954650023457	60.456
362.0	1.6669767664965125	17.109
362.5	1.6266325565006035	60.381
363.0	1.5406038106136652	90.66
363.5	1.9682212383388433	80.426
364.0	2.154403419076489	47.526
364.5	1.7722390433297237	80.594
365.0	1.5546894510032196	24.171
365.5	2.2999638740174815	19.152
366.0	2.632657950362952	91.892
366.5	1.4400700078270647	110.747
367.0	1.7080203674286552	84.734
367.5	2.150271964821629	20.23
368.0	1.492278088782166	100.778
368.5	1.3762764531751674	110.611
369.0	2.0958118727797403	70.417
369.5	1.9738197787204097	130.777
370.0	1.8430101510650836	20.16
370.5	1.8271030428713306	118.528
371.0	2.143693461831556	40.298
371.5	2.044934667752011	41.188
372.0	1.8871528181318329	106.093
372.5	1.4160871245720301	70.329
373.0	2.1476317983072835	86.792
373.5	1.578867143237884	66.002
374.0	2.324358947990106	50.432
374.5	1.3337358087956352	60.444
375.0	2.143125843860467	14.387
375.5	1.9440532457474982	60.492
376.0	1.6882574456422519	80.793
376.5	1.5057010605640462	70.515
377.0	2.000222815979553	20.154
377.5	1.809844999279452	30.141
378.0	1.4064806580786937	63.248
378.5	1.9993120530337212	70.389
379.0	2.3799816073547273	104.193
379.5	1.3433488743027748	82.077
380.0	1.6699515190163805	90.583
380.5	1.9776771418233203	60.346
381.0	1.5862255997965506	70.635
381.5	1.650502907025207	88.174
382.0	2.072907513176891	80.625
382.5	2.2597151247421636	40.185
383.0	1.4682829796012573	46.254
383.5	1.7819048021102248	60.376
384.0	1.3757188423445286	100.907
384.5	1.495092733029912	46.189
385.0	2.3127182717271713	60.48
385.5	1.8427227045051038	100.738
386.0	1.862754236004466	60.769
386.5	1.8671356288818688	30.205
387.0	1.5396998654747276	140.911
387.5	1.803457214441341	131.014
388.0	1.7103400409024914	56.118
388.5	1.6974446265400502	91.043
389.0	1.5486983016703824	109.339
389.5	2.664967357780158	61.955
390.0	1.3038778230509753	75.684
390.5	1.8045122086981178	42.802
391.0	2.051993356223223	50.405
391.5	2.38972163998873	80.612
392.0	1.5400484179606533	144.388
392.5	1.5392223482817025	56.669
393.0	2.418783019816346	75.211
393.5	2.200640752237994	31.589
394.0	1.604429596191551	36.458
394.5	1.6946723637784298	20.894
395.0	1.5649453123120878	36.259
395.5	2.3334482269306105	80.839
396.0	1.9021452844292028	70.341
396.5	1.706264677760716	80.339
397.0	2.0628845320091096	80.594
397.5	2.1403280839407124	39.733
398.0	1.1667360835600804	47.864
398.5	2.11929558583444	70.422
399.0	1.5769705075453857	74.196
399.5	1.8443990087675135	66.239
400.0	1.2584097060832675	50.354
400.5	1.859439418618452	127.434
401.0	2.2927831410824897	141.07
401.5	1.5409074840987054	85.863
402.0	1.4581637486716519	90.51
402.5	1.5126992766545033	80.439
403.0	2.0796896542253727	67.605
403.5	2.2631735694066806	50.306
404.0	1.5259489660085863	37.332
404.5	2.0940894237490824	70.779
405.0	2.272825219008641	40.205
405.5	1.7569757809803022	16.109
406.0	2.050276390255396	76.456
406.5	1.5847564489231387	70.497
407.0	1.4530571301282273	100.144
407.5	1.8259644607874184	50.363
408.0	1.6933576601524478	60.431
408.5	2.3380390460477662	50.32
409.0	1.7968282695192361	60.584
409.5	1.3219526334356388	29.332
410.0	2.7489414755444233	60.383
410.5	2.2547161151031383	14.664
411.0	2.1013748976381543	100.902
411.5	1.6321611664922835	80.386
412.0	1.7585136897755997	113.096
412.5	1.7330118200102325	16.359
413.0	1.9273377119573867	16.107
413.5	1.9666240877097978	50.915
414.0	1.5964045709447694	60.793
414.5	2.058125695785081	90.747
415.0	2.3386109194311318	110.8
415.5	1.7657933956102894	60.351
416.0	2.0243305400943847	70.561
416.5	1.7558713469955114	113.099
417.0	1.963154840833796	90.579
417.5	1.5945091297866492	15.983
418.0	2.0847917771971947	60.455
418.5	1.8992243770371076	78.172
419.0	1.3141811932333431	60.493
419.5	1.450027902818486	70.325
420.0	1.885756144211587	120.126
420.5	1.9522051681012569	46.143
421.0	1.7508963373824364	90.688
421.5	1.8863934206513837	70.413
422.0	1.666788029116708	60.462
422.5	1.8319215132169335	116.996
423.0	1.8981959759710576	100.599
423.5	2.22869575362451	60.325
424.0	1.629338691455314	110.409
424.5	2.2632565734331984	70.481
425.0	1.7149662692024639	18.401
425.5	1.6234200627515687	100.569
426.0	1.458707760519056	70.359
426.5	2.089010915558272	54.918
427.0	1.5652921305570904	109.878
427.5	1.938915598984411	49.804
428.0	1.5116238980027237	65.896
428.5	1.7793942070849564	64.192
429.0	1.5542165410981583	120.807
429.5	2.0954579278030545	50.453
430.0	1.9896812285524912	86.21
430.5	2.317508606662044	80.183
431.0	1.6932047840545588	45.025
431.5	1.6784896807942962	30.218
432.0	1.537579118046283	52.077
432.5	2.250570839934617	75.582
433.0	1.8932587850796712	110.779
433.5	1.749496978902456	70.362
434.0	2.103608451441299	70.924
434.5	1.92288958353799	50.398
435.0	2.2149782130907325	91.013
435.5	1.949980392764113	68.002
436.0	1.8009897598615865	93.485
436.5	1.4197773471235506	80.754
437.0	2.3768367079215635	136.687
437.5	1.7678710385339473	70.472
438.0	1.7091892191273377	30.202
438.5	2.405340310954192	117.359
439.0	1.8452965871563431	72.006
439.5	1.9812651461923603	70.422
440.0	2.028765454770239	20.082
440.5	1.5740648762039928	60.393
441.0	2.575477986532937	38.667
441.5	1.5907101596090254	30.292
442.0	1.847463550286921	60.401
442.5	1.740626567811657	81.608
443.0	1.7170705896272909	202.618
443.5	1.972334858825897	153.657
444.0	1.6983012594724785	164.588
444.5	1.9556135769133338	192.073
445.0	2.1538787355629427	70.562
445.5	1.8144292388308705	16.13
446.0	2.211336335838979	17.775
446.5	1.2876709597068354	69.387
447.0	2.1317158631265603	15.067
447.5	2.4524707475084666	68.74
448.0	1.6018076276696478	60.738
448.5	1.394473523217888	30.248
449.0	2.2632448194836554	96.254
449.5	1.402157094984785	15.851
450.0	1.5267696051513457	89.835
450.5	1.9016784117748986	58.664
451.0	1.5393427513584157	100.599
451.5	2.0975113571982265	40.126
452.0	1.7307566150428169	60.386
452.5	1.7102841572287517	108.268
453.0	1.5474671584952384	62.299
453.5	1.9455607438290843	121.535
454.0	1.384627011810376	90.737
454.5	1.672844653180573	20.117
455.0	1.6178040112566294	117.923
455.5	1.8198772865565984	114.036
456.0	1.9283233078972675	46.96
456.5	2.134484435773861	52.661
457.0	1.6891893535634859	140.929
457.5	2.223876106701139	74.684
458.0	1.4849611752482201	80.975
458.5	1.7184738101176276	90.635
459.0	1.8617412289645605	21.933
459.5	2.2178387483964572	20.24
460.0	1.009799812409361	94.143
460.5	2.4771102242761263	52.915
461.0	1.9680743478732494	90.41
461.5	2.3729436436090743	107.648
462.0	1.1220460429625918	60.024
462.5	1.8073418647545034	40.227
463.0	2.4388181794178627	76.573
463.5	1.814279639481648	50.367
464.0	2.008819069948959	60.327
464.5	1.9223576354226608	70.625
465.0	1.9068690768246983	60.329
465.5	1.8252115748682447	138.36
466.0	1.7201021932930847	37.0
466.5	1.5986591433985222	130.784
467.0	2.015103031499468	90.271
467.5	2.265349688197377	90.876
468.0	1.7467391934073964	90.604
468.5	2.328082590394809	66.162
469.0	2.0081651342239994	68.856
469.5	2.1510993739429587	126.151
470.0	1.8684634493173977	70.416
470.5	1.6836764184105169	34.98
471.0	1.8758653732442365	120.883
471.5	1.6225208586404687	90.464
472.0	1.564368206919088	90.489
472.5	1.958265942539732	90.804
473.0	1.4818768213946507	14.702
473.5	1.7110454750539401	98.101
474.0	1.5016277378475533	50.417
474.5	1.7065016793597456	21.098
475.0	2.2754478108801726	80.443
475.5	1.621710698122381	57.883
476.0	1.9707340221980818	57.201
476.5	1.0069420377996623	130.985
477.0	2.050588400654197	50.133
477.5	1.8954205807297133	36.61
478.0	2.02312717390529	47.705
478.5	2.035857512833971	20.227
479.0	2.2244811083811054	67.613
479.5	1.9358762949743984	40.326
480.0	1.843271837225754	100.746
480.5	1.7001873584523566	50.334
481.0	1.5392963905636916	101.862
481.5	1.7564972655337956	22.889
482.0	2.179623020075299	16.321
482.5	2.215558301397601	110.596
483.0	2.031167607502684	70.808
483.5	1.7130538048171333	17.042
484.0	2.0371943418173464	110.725
484.5	2.3753195558438387	45.292
485.0	2.1067773353061803	86.099
485.5	1.6846203015909782	73.99
486.0	1.2907005712991608	90.742
486.5	1.8142374064247742	75.783
487.0	2.2517063697102535	19.817
487.5	1.3384984844044168	90.664
488.0	1.6949426876710842	40.202
488.5	1.568167790819519	100.826
489.0	2.5139609186364265	60.443
489.5	1.4030949665406314	50.336
490.0	2.19215144817453	50.448
490.5	1.3436363710195676	60.429
491.0	1.8830840130582596	84.376
491.5	1.3308611253411593	62.438
492.0	2.3138065790857163	108.341
492.5	1.5299858138141165	86.403
493.0	2.4418364919041986	90.692
493.5	1.1317509713501204	48.353
494.0	2.3287419268018845	70.393
494.5	1.5148144812253295	70.562
495.0	1.648024467097148	60.494
495.5	1.6872750719044873	86.497
496.0	1.7970847035867266	40.477
496.5	2.1678773728069083	70.38
497.0	1.475329222315496	100.459
497.5	1.2786532324505933	80.256
498.0	1.634246163817003	120.873
498.5	1.3922949669935016	60.375
499.0	1.6235921054565463	17.0
499.5	1.733789563103314	120.798
500.0	1.797022429651161	46.041
500.5	2.1239448482346557	40.362
501.0	1.7158571553764683	30.269
501.5	1.6159856562447346	30.656
502.0	1.642120018269962	90.561
502.5	2.3854811721023323	16.249
503.0	1.3989521201197965	85.823
503.5	1.484998346518878	16.089
504.0	1.8373847910014098	16.552
504.5	1.5182112435292068	30.23
505.0	1.6119564434853126	141.662
505.5	1.492670629747099	70.591
506.0	1.9758248486553849	70.47
506.5	2.1490011441222734	20.315
507.0	1.390808708223967	49.065
507.5	1.538214761638108	117.86
508.0	1.7245285461093283	16.218
508.5	1.6893105312333754	94.932
509.0	1.5819419945205897	70.732
509.5	2.2526693516057623	30.196
510.0	1.8331702842544026	100.716
510.5	2.1992260376149217	16.821
511.0	0.9366667067676725	90.688
511.5	1.6611683973802835	70.589
512.0	2.4057163904679757	70.458
512.5	1.812671154545665	46.565
513.0	1.5530833631278476	110.549
513.5	2.256387803402813	30.211
514.0	2.3612095680846097	78.471
514.5	2.11236721724481	90.614
515.0	1.3769820008881715	20.21
515.5	1.4414164930608984	48.419
516.0	2.372674979042217	74.47
516.5	1.7866960548723427	40.265
517.0	1.5644700834230585	50.344
517.5	1.8963501738951187	70.464
518.0	1.9620667631038236	60.441
518.5	2.1080556167771913	36.624
519.0	1.5656696008571274	38.795
519.5	2.2258970448497624	121.26
520.0	2.1810535856154822	120.888
520.5	1.9354211062290918	36.591
521.0	1.945642464901436	60.482
521.5	1.4114925342681746	32.296
522.0	2.014865450540192	30.201
522.5	1.799547043097141	114.178
523.0	1.533434448270796	143.382
523.5	2.081196405701795	60.441
524.0	2.0415197304977237	90.636
524.5	1.1910454726228932	80.42
525.0	1.3692759930302716	140.982
525.5	2.136378947305143	20.168
526.0	2.0102752696437136	120.701
526.5	1.8129664670818972	50.333
527.0	1.6667623066038715	104.917
527.5	1.689310942581821	50.282
528.0	1.7969821242794615	60.455
528.5	2.123093453699766	60.288
529.0	1.5410800188377058	20.015
529.5	1.5968052524575955	96.068
530.0	2.2682718002947775	14.63
530.5	1.369027956042998	57.041
531.0	1.9477530760835107	70.407
531.5	2.2337236584981417	100.709
532.0	1.709385086508736	150.869
532.5	1.9137507811234515	100.599
533.0	2.094646641673182	80.244
533.5	1.8495312206068466	20.257
534.0	1.657583484318808	70.538
534.5	2.2444924558965513	88.968
535.0	1.7051423134060908	90.501
535.5	1.9090134143304307	50.279
536.0	1.558027430606236	83.254
536.5	1.631484092251399	90.765
537.0	1.575874119467714	82.835
537.5	1.9921896257868275	80.464
538.0	1.567776250724653	15.075
538.5	1.951327662790089	88.38
539.0	1.498553505279491	80.636
539.5	2.0239590978386723	30.232
540.0	1.1856447881561465	47.373
540.5	2.1675436310351897	100.708
541.0	1.7096077429689363	20.177
541.5	2.602466041372124	19.66
542.0	1.2097424568842021	70.65
542.5	1.3507976987840904	53.476
543.0	2.6915381100990725	60.527
543.5	1.662637303849496	70.923
544.0	1.726164268564864	40.353
544.5	2.320307435293456	70.936
545.0	2.121934367190546	100.715
545.5	2.1802498583857792	80.685
546.0	1.3313654024295025	50.38
546.5	2.083270703121842	30.206
547.0	2.4759443006879236	77.275
547.5	1.8405266440567642	90.768
548.0	1.6489798059721725	40.218
548.5	2.0192509060972053	120.759
549.0	2.052063037934264	70.444
549.5	1.8086959788632329	40.309
550.0	1.520712662398184	75.731
550.5	2.047246804505218	20.215
551.0	0.17682257263321532	13.602
551.5	1.6953909872438047	30.271
552.0	7.2069220680580806	80.636
552.5	1.5186806338966834	37.812
553.0	1.3757635224334623	40.374
553.5	2.1670087425510656	50.257
554.0	2.2663418903339423	60.558
554.5	2.0502074396551624	75.214
555.0	2.3866404746057066	50.333
555.5	1.9034376934960366	30.173
556.0	1.318605487030691	66.523
556.5	1.5633793760616546	90.588
557.0	1.837291056518881	13.282
557.5	1.9175650633216241	100.7
558.0	1.887366417105171	60.508
558.5	1.4404782041508462	100.739
559.0	2.0089954100634864	34.055
559.5	2.0229871870340963	110.861
560.0	1.6305761211124505	12.082
560.5	2.16602757350977	100.512
561.0	1.7852733335205448	114.01
561.5	1.9363319743628022	70.322
562.0	1.9433864861795926	110.758
562.5	1.5290513492284892	60.273
563.0	2.053025225042274	40.145
563.5	2.482203714150793	80.243
564.0	1.3469323949439946	57.15
564.5	1.7378635731144354	66.634
565.0	1.4025210141986015	13.945
565.5	2.1237567001408735	90.497
566.0	2.424500587121609	43.324
566.5	1.9964588263848584	50.234
567.0	2.058247975330438	13.453
567.5	2.063596170681761	60.435
568.0	1.3054591382853584	44.493
568.5	1.3265026567429858	40.273
569.0	1.5606770642871057	69.772
569.5	2.217653867414669	106.025
570.0	2.3024339448150775	80.566
570.5	1.6157418596742996	70.461
571.0	1.4361854825601301	124.414
571.5	1.6597885275111328	55.665
572.0	2.237148301418701	40.149
572.5	1.6325225250913955	80.693
573.0	1.4215466275702227	26.977
573.5	1.7660524909242228	66.905
574.0	2.071951789220238	89.681
574.5	2.0601189128771202	75.489
575.0	2.209451417239508	65.987
575.5	2.309229943103558	46.265
576.0	1.464862797462948	80.504
576.5	1.8060995265266253	80.184
577.0	2.167095167286253	30.306
577.5	2.379813965788658	30.295
578.0	1.8262793825082517	12.843
578.5	1.865141700091094	88.882
579.0	2.140899992055439	70.658
579.5	2.325667254822401	67.486
580.0	1.6386088159432803	43.704
580.5	1.5441865864150564	30.085
581.0	1.550826435422438	90.464
581.5	2.123405819307108	70.492
582.0	1.6039158998059875	80.361
582.5	1.623853901002956	13.114
583.0	1.8882317621705589	80.624
583.5	1.8075243199984998	60.412
584.0	1.3492882123557046	70.529
584.5	1.40406850083437	70.634
585.0	1.8639954423856921	50.299
585.5	2.3521431222000238	54.717
586.0	1.8640537199996632	100.596
586.5	1.6404521431921413	65.833
587.0	2.0541856140443295	73.506
587.5	1.6676250021829662	30.243
588.0	2.0322911723920196	55.394
588.5	2.423582169252315	25.364
589.0	2.152607945685431	17.827
589.5	1.7522581319731378	20.028
590.0	1.6558221433664089	85.583
590.5	1.9930301013351537	33.561
591.0	1.6020424800447242	98.099
591.5	1.5787395098370698	50.837
592.0	1.768375301557868	100.707
592.5	2.163592470087776	100.677
593.0	1.5929978029006084	70.163
593.5	1.6405435870981468	70.34
594.0	2.027606008504835	40.366
594.5	1.9294138913882914	12.754
595.0	1.8609163517208431	50.395
595.5	1.5615287644422942	70.491
596.0	2.0088722735124	100.698
596.5	1.7879563143065218	100.731
597.0	2.1867754311267835	37.526
597.5	1.7774923506210731	110.689
598.0	1.8058201754291554	24.701
598.5	2.3595398230982783	60.551
599.0	1.4510352465088299	43.878
599.5	1.5325399541915332	70.36
600.0	1.975987621777076	35.345
600.5	1.7818001890942983	105.705
601.0	2.0162500570096515	60.292
601.5	1.755983793572383	36.184
602.0	1.8610533820856496	70.507
602.5	1.6737757439141683	135.816
603.0	1.3671726209230701	50.393
603.5	1.8588615243409796	100.72
604.0	2.0810639279328096	80.676
604.5	1.5525994810741872	50.272
605.0	1.8980079490824517	70.418
605.5	1.4312814113291321	20.229
606.0	2.331228128644238	60.531
606.5	1.695490655574853	90.636
607.0	1.9123014514543293	100.622
607.5	2.2425799510514572	100.569
608.0	2.7747241488828327	40.277
608.5	1.2727046899225893	90.706
609.0	1.810748600159823	90.623
609.5	1.8086514768106385	80.499
610.0	2.2430284093525104	37.547
610.5	1.3628219797471788	15.559
611.0	2.5086468228559524	121.268
611.5	1.9383245702566834	15.809
612.0	1.0108859274137254	38.518
612.5	2.224921541742202	100.814
613.0	1.492598264664817	70.829
613.5	1.5870330049199093	141.257
614.0	1.5774799555261054	120.708
614.5	1.8063595273023554	50.383
615.0	1.8082346839345704	70.268
615.5	1.6689867182004934	50.41
616.0	1.851570929051232	43.921
616.5	2.1569584957743526	90.151
617.0	1.6669776500850386	60.568
617.5	1.2642991698246038	80.636
618.0	1.5699765172540492	60.298
618.5	1.5691236614631707	50.341
619.0	1.5547968712769151	70.432
619.5	1.7291662649051693	13.866
620.0	1.9167063014779033	130.922
620.5	2.064173273348217	130.826
621.0	1.6750308349226095	110.822
621.5	2.0517279269148814	110.763
622.0	1.8025810833325688	12.225
622.5	1.8107105982166345	39.387
623.0	1.9691805044048565	40.219
623.5	1.6514449407844354	100.789
624.0	1.4946948182899067	120.849
624.5	1.5288661599184987	71.743
625.0	1.4874089091757412	90.4
625.5	1.8749805335010732	78.592
626.0	2.16177741755887	14.345
626.5	1.7983957494960938	70.44
627.0	1.913375773267054	70.434
627.5	1.4812183595812285	70.462
628.0	1.8643194227778117	80.648
628.5	1.915231356774473	80.664
629.0	1.8648051509622028	80.662
629.5	2.3441344409867146	80.622
630.0	1.4868409756394043	120.514
630.5	1.4271576171264477	120.394
631.0	1.9127130234191954	13.34
631.5	2.140451218079349	20.23
632.0	1.1455411652233178	121.029
632.5	1.3344280344186847	120.98
633.0	0.7378117448163642	117.346
633.5	0.6685919328614056	171.212
634.0	1.5979915389962918	111.224
634.5	2.1566276249937624	19.765
635.0	1.3254937783161096	110.587
635.5	1.400909837968023	110.519
636.0	1.392287795387122	65.513
636.5	1.270258518057746	71.213
637.0	1.3757813285103324	62.947
637.5	1.4967673064952294	47.246
638.0	2.0602073215011747	29.946
638.5	1.8146627384735388	50.724
639.0	1.2026544548226688	90.351
639.5	1.511289298766405	70.611
640.0	1.998948126817996	130.709
640.5	1.8971862996718667	130.709
641.0	1.7369128407352739	100.456
641.5	1.8833779026369266	100.429
642.0	1.8238406903642814	40.828
642.5	1.8111448921875837	93.814
643.0	1.9291407938856844	80.935
643.5	2.1148295105491024	74.262
644.0	2.000259487895935	15.574
644.5	1.2870519544738592	43.437
645.0	1.3742216282216824	80.616
645.5	1.1931645975022036	35.643
646.0	1.5637345353329046	29.831
646.5	1.9469372380023642	36.17
647.0	1.2521748396786918	140.96
647.5	1.3409908107306243	40.285
648.0	1.861303615701036	86.863
648.5	1.469167500072877	40.36
649.0	1.8319460920088062	60.994
649.5	1.6668835836756586	118.93
650.0	1.8766102120951227	47.331
650.5	2.238773012963099	131.185
651.0	1.6040874804155	19.128
651.5	2.2868639351977724	15.643
652.0	1.314295929676494	141.269
652.5	1.4508072408681085	69.703
653.0	2.2428654808832555	69.148
653.5	1.861859292872753	161.146
654.0	2.399611814991232	31.083
654.5	1.374590074231516	114.989
655.0	1.4788550217631908	50.41
655.5	1.9392159306919614	90.676
656.0	1.9847421650391248	50.361
656.5	1.1158006898643391	132.968
657.0	2.039649595646565	80.671
657.5	1.9612129048311322	90.738
658.0	1.5843936963636946	140.888
658.5	1.6505962604794595	181.121
659.0	1.9983853001217755	212.233
659.5	1.499408869362554	221.688
660.0	1.7933232939299046	131.089
660.5	1.1089513884403768	66.57
661.0	2.0400400101501357	67.039
661.5	2.1310026155107953	30.215
662.0	1.5540947436464005	70.575
662.5	1.2596309665866012	50.534
663.0	1.5288640978266579	100.811
663.5	2.1956536560769866	50.423
664.0	2.5482111793826348	30.26
664.5	1.9620382949704078	39.198
665.0	2.0970273878821573	70.332
665.5	2.1502728645807396	30.202
666.0	1.6253749390022527	80.596
666.5	1.4283176748417932	86.491
667.0	2.516910327361219	15.038
667.5	2.367772751936768	153.021
668.0	1.3928724497492104	218.394
668.5	1.9145271082052533	102.395
669.0	2.16752901037179	110.915
669.5	1.9772622770601136	68.026
670.0	1.4223659827408646	110.785
670.5	1.861345695655025	17.118
671.0	1.546819836380559	100.609
671.5	2.2021620110581104	14.786
672.0	1.927405913555572	70.815
672.5	1.7060887252873935	30.2
673.0	1.6987002249908434	70.458
673.5	2.7083253634333566	36.257
674.0	1.1706383067658277	70.465
674.5	1.662091444499633	15.546
675.0	2.2787592962082757	80.011
675.5	1.8929789049109107	50.464
676.0	0.7440617933875755	129.018
676.5	1.5283328409915469	30.145
677.0	2.084218499587886	190.766
677.5	2.1169517571032075	190.234
678.0	1.4935530769459875	60.512
678.5	2.356515542358903	50.221
679.0	2.188605592922706	60.36
679.5	1.7900871621861079	30.243
680.0	1.3798958300933029	60.476
680.5	2.0128569694409055	60.433
681.0	2.6000836499992888	50.343
681.5	1.6117062461548854	50.338
682.0	1.2774116449467459	100.635
682.5	1.7151196865708218	94.849
683.0	1.9379095631221523	140.924
683.5	2.3383806803467713	96.627
684.0	1.634660620638818	60.61
684.5	1.7054742995218064	90.717
685.0	1.8034859335486622	45.007
685.5	1.7611704343572705	50.318
686.0	2.0073243566511128	191.583
686.5	1.9776684592611027	60.408
687.0	1.6918383831466621	60.303
687.5	1.9425445828359709	120.96
688.0	1.4377038897581362	49.408
688.5	1.8300113935317546	42.002
689.0	1.5170705527781236	101.084
689.5	1.677774152526294	85.844
690.0	1.9358216470935938	50.171
690.5	1.854051761367063	70.371
691.0	2.2993973102817	110.72
691.5	1.8013942404080365	60.632
692.0	1.0688999725048647	40.105
692.5	2.1431578387901924	50.437
693.0	2.2430761940286015	40.414
693.5	1.1786796199853358	39.35
694.0	1.902901065749555	121.763
694.5	0.22114532497509387	67.63
695.0	4.979498734097073	80.754
695.5	1.4777250107500968	121.055
696.0	1.6392099336889183	100.884
696.5	1.9033887253690407	21.639
697.0	1.8701697848815382	100.779
697.5	1.437236563398185	99.318
698.0	2.136622717749467	100.728
698.5	1.8685405824238253	110.62
699.0	1.6434529867398209	47.331
699.5	1.5975082073799098	60.531
700.0	1.3982005330710492	56.608
700.5	2.4416557639407133	107.232
701.0	1.732561481481101	90.694
701.5	1.8471501975731133	80.387
702.0	1.7854201103599066	70.283
702.5	1.7793154204330308	80.628
703.0	1.5070825722306493	20.154
703.5	1.9177157744468856	60.324
704.0	2.0955524677270363	110.76
704.5	2.1067422256580315	60.484
705.0	1.5719303679427117	50.491
705.5	1.9511781479404064	110.457
706.0	1.469422613063624	241.084
706.5	1.4159896000197196	461.994
707.0	2.345888541878572	492.408
707.5	1.7828651899039132	149.285
708.0	1.8867809121719608	317.04
708.5	1.4304827426899958	100.477
709.0	1.3475134658147159	60.465
709.5	2.1531684476406374	70.328
710.0	1.635442214861863	100.615
710.5	1.917199788268614	92.757
711.0	1.734010545378659	20.273
711.5	1.7356631948962193	70.468
712.0	2.3011030416073446	30.235
712.5	1.6307929482449046	50.446
713.0	1.650712801764397	69.097
713.5	2.3791612531201	22.622
714.0	2.152594209080021	41.253
714.5	1.651374473020838	60.344
715.0	1.861515183644256	161.188
715.5	1.4383081155486037	310.217
716.0	1.896712903489666	323.858
716.5	1.2349384373731231	486.589
717.0	2.167090628019915	160.439
717.5	2.1326310658064047	68.509
718.0	1.516448697750634	76.431
718.5	1.763773988331323	118.263
719.0	1.5235568113536326	100.885
719.5	1.9126338821740319	80.448
720.0	1.9193680274830167	60.345
720.5	2.1896155981026335	14.952
721.0	1.733422326032458	50.403
721.5	1.9775023550459245	14.806
722.0	1.8709427084002102	50.356
722.5	1.9402355173049377	60.392
723.0	1.7091966416613542	58.997
723.5	1.6483561183277928	14.415
724.0	1.716546723182975	70.451
724.5	1.6602708804052186	68.936
725.0	1.4817269487090257	80.572
725.5	2.0698262271115873	80.658
726.0	1.9455802226547194	70.614
726.5	2.2821836719418243	68.806
727.0	1.5458128764554409	36.145
727.5	1.270926142466063	42.601
728.0	2.574429393236059	51.676
728.5	1.2474731283220941	116.93
729.0	2.688371219700377	49.315
729.5	1.628306192076206	50.492
730.0	2.4693426344044793	62.741
730.5	1.7968107760353622	37.055
731.0	1.6741542311483057	16.082
731.5	1.8054641657314099	60.273
732.0	1.580755328738135	60.468
732.5	1.579454992317336	40.237
733.0	2.1324094698316642	80.612
733.5	1.9346891117982714	50.347
734.0	1.923847911476868	80.658
734.5	1.630856479764854	130.928
735.0	2.261979808196396	70.568
735.5	2.10855528987906	100.886
736.0	2.1683193004301526	21.689
736.5	1.4872611086424699	70.356
737.0	2.1773945591485497	40.323
737.5	1.8047325342478093	70.616
738.0	1.3518277368032359	38.933
738.5	1.8430288346090902	60.086
739.0	2.2887894446480384	35.848
739.5	1.518233426319551	68.617
740.0	1.8008513910439696	35.799
740.5	2.1454267723913496	30.565
741.0	1.5422640653940716	44.33
741.5	0.9224919159598032	97.944
742.0	3.226140283010769	90.54
742.5	1.8354501829036458	19.382
743.0	1.4122248219352167	130.841
743.5	1.681301148941143	50.415
744.0	1.9670862197164194	20.207
744.5	1.5975108208529605	100.031
745.0	2.0280304704442345	140.863
745.5	2.0497298927761465	120.959
746.0	2.071750854373987	97.02
746.5	1.621538800834373	70.604
747.0	2.0281573880754578	85.419
747.5	2.3869015631812944	98.318
748.0	1.3354171362148313	52.665
748.5	2.243247831707546	90.839
749.0	2.0534904313201894	119.356
749.5	0.6153001718257602	68.23
750.0	2.6508107770967344	96.288
750.5	1.9095604713079635	100.368
751.0	2.3211640004270877	100.751
751.5	2.162202714085604	52.01
752.0	2.0153987239930133	110.633
752.5	1.4953799036822546	69.48
753.0	1.8492639741122432	70.466
753.5	1.7109063824269026	50.39
754.0	2.4377006622175355	48.696
754.5	2.0679601503127936	70.486
755.0	1.8224886154127287	15.471
755.5	1.547170695879105	49.058
756.0	2.1043159928103936	40.281
756.5	1.9050579933885565	81.268
757.0	1.8297106403185588	90.567
757.5	2.214536020975286	60.311
758.0	2.3075824820480255	38.769
758.5	1.8708726931050812	36.62
759.0	1.4035475225567624	40.249
759.5	1.6320507310045387	80.578
760.0	1.9167890555076166	70.323
760.5	1.9747466140747796	110.688
761.0	1.5846086940207793	74.869
761.5	1.4149769201352245	44.885
762.0	1.7627377400735251	20.239
762.5	1.9989260757071299	38.178
763.0	1.5302237166530106	88.596
763.5	2.2363780906485005	90.646
764.0	2.301460521259021	30.306
764.5	1.3171509100714112	84.012
765.0	1.7757274952920912	131.003
765.5	2.1816169420123437	32.142
766.0	2.1507937951946268	90.654
766.5	1.933428164730443	100.58
767.0	1.372435314802459	110.685
767.5	1.7782750093293678	26.973
768.0	2.0057225955324407	17.077
768.5	1.4786144843858087	15.685
769.0	1.8346118852839906	21.672
769.5	2.05638074440487	90.498
770.0	2.0798399076318854	119.613
770.5	1.149949442585407	68.541
771.0	1.95969605683577	60.482
771.5	2.5077971310715395	107.407
772.0	1.6307176788333422	50.486
772.5	1.3675626243137693	141.235
773.0	1.6393256394352755	110.804
773.5	1.9892834461660505	77.262
774.0	2.1369443790449085	91.698
774.5	1.5637225844599643	86.322
775.0	1.6037784570577045	60.252
775.5	1.749171898093777	80.542
776.0	1.8677527203932418	88.702
776.5	1.3741444149373245	90.473
777.0	2.333566095688276	50.278
777.5	1.580629944657796	36.393
778.0	2.1873937382919344	80.619
778.5	1.6719902512649134	60.32
779.0	1.995797151062074	50.449
779.5	1.7706229617242641	86.315
780.0	1.863076698842473	60.373
780.5	1.6900481881456229	43.748
781.0	1.7555858094124543	40.385
781.5	2.144711101473603	80.491
782.0	1.6218942438768926	58.034
782.5	1.2324046899125263	69.801
783.0	1.4082998658649826	98.875
783.5	1.626323442128696	100.682
784.0	0.1489156508289592	39.683
784.5	1.200500681861233	141.014
785.0	7.213478786890788	20.317
785.5	1.4039418657004081	30.255
786.0	1.6726485741274608	69.022
786.5	1.1443403493747435	150.827
787.0	0.906856306347776	20.376
787.5	1.6569899257486262	60.32
788.0	1.4651681792743758	120.639
788.5	1.159920891752492	37.236
789.0	1.2469110588612318	18.448
789.5	1.7755220638839762	70.751
790.0	2.0211072270305865	41.082
790.5	1.6438878034814084	26.499
791.0	2.2911042654475473	21.678
791.5	1.627046194125103	70.654
792.0	1.4011744078345971	103.852
792.5	1.3539047054150712	100.721
793.0	1.1097094158864989	20.289
793.5	2.1370238740697465	50.279
794.0	2.010482457890054	17.247
794.5	1.3596307340256308	21.11
795.0	2.4086531555472503	30.232
795.5	2.129341803490448	39.023
796.0	1.4033455904261805	20.219
796.5	1.5917188849291117	90.61
797.0	2.3660610999645173	40.906
797.5	1.785407689169447	143.72
798.0	2.508291477330304	30.384
798.5	1.648296707084673	141.001
799.0	2.110239193818525	97.497
799.5	2.214975239509286	15.459
800.0	1.9223391437681776	90.717
800.5	2.352119725383191	45.647
801.0	1.5569270385923961	18.236
801.5	1.708678370343451	80.595
802.0	2.046673075572121	60.466
802.5	1.9792840161735454	110.729
803.0	1.3778901637525705	132.127
803.5	1.222568617331641	15.685
804.0	1.42605194268538	140.794
804.5	1.5767456675689708	122.718
805.0	1.3693456466548737	80.601
805.5	2.243600049751163	17.307
806.0	1.8499190915453898	67.95
806.5	1.8353093479750946	80.6
807.0	1.3072668996028594	15.155
807.5	2.2175037668991213	80.697
808.0	2.379185921012264	68.134
808.5	1.93575725215145	86.064
809.0	1.6784664430065552	67.128
809.5	2.0439608249568244	70.515
810.0	1.7304439280188708	88.064
810.5	2.131300139204913	62.474
811.0	1.8391927596542443	20.131
811.5	1.813993081681299	40.529
812.0	1.8542639804365049	70.284
812.5	1.5703953899679832	60.252
813.0	1.3231839696966825	78.059
813.5	1.5104471413944862	101.148
814.0	1.6419321539042928	90.57
814.5	1.6834091792727417	140.719
815.0	1.845230249695597	99.864
815.5	1.6116307149436728	64.33
816.0	1.926613347089923	32.832
816.5	1.7392444306401627	44.404
817.0	1.9837427167812722	66.991
817.5	1.4486712075720938	56.63
818.0	1.8596065144839067	29.757
818.5	1.101576754679449	107.674
819.0	1.6190781817028763	102.843
819.5	1.4555553647260076	105.708
820.0	1.6192787715534238	50.389
820.5	1.5758945421042094	16.408
821.0	1.498336641817305	90.6
821.5	2.0997499698324837	58.086
822.0	1.9402696666129933	100.605
822.5	1.7566100088162686	151.36
823.0	1.8189618052729186	30.156
823.5	2.4353563392628823	70.486
824.0	1.9414201272133065	105.362
824.5	2.3289383372599426	67.895
825.0	2.284634419769877	30.208
825.5	2.185369124979358	110.808
826.0	2.157913694060106	60.386
826.5	2.1604144392968734	29.86
827.0	1.4377815575877022	100.641
827.5	2.4537697750715037	29.485
828.0	1.6710638632399222	41.726
828.5	2.07244381947158	50.441
829.0	2.2678901793637416	60.331
829.5	1.46188502644316	131.081
830.0	2.381244901568885	100.881
830.5	1.9337198884741291	50.333
831.0	1.5081038906695696	71.846
831.5	2.0176285696883447	30.187
832.0	1.1113086200067337	140.968
832.5	2.103027776224661	32.793
833.0	2.4362999415054594	30.136
833.5	2.015555304060665	70.458
834.0	1.586700796707632	30.341
834.5	1.629364593255418	46.891
835.0	2.2234125269628278	15.89
835.5	1.6915728628934439	50.412
836.0	1.5736101816726207	67.264
836.5	1.7452002676441907	68.122
837.0	1.677513995861591	101.61
837.5	2.3223389628509166	38.125
838.0	1.3548165626391369	36.971
838.5	2.05666839170697	40.302
839.0	1.771511795020222	80.519
839.5	1.7980093351003628	70.541
840.0	1.765552301033956	67.432
840.5	2.3177840076208285	93.035
841.0	1.8386789721433163	90.723
841.5	2.177702747684452	100.742
842.0	1.390009311090853	147.471
842.5	2.1077486554613265	30.229
843.0	1.8343258152698567	80.692
843.5	2.0693518607041463	69.761
844.0	2.1121060703105985	40.275
844.5	1.912783579309785	35.711
845.0	2.2593016994249315	60.441
845.5	1.5853315617310009	99.61
846.0	1.9410441077735816	70.589
846.5	1.7815141037273705	60.555
847.0	2.2337861167595006	70.497
847.5	1.5479000222525978	17.769
848.0	1.6493532430781639	49.218
848.5	1.5886166174681242	74.101
849.0	2.1182996331813464	80.658
849.5	1.7828060580859262	80.532
850.0	2.2500571496321564	17.81
850.5	1.9687428622785363	50.245
851.0	1.798985418998875	98.593
851.5	1.2742809164177857	70.378
852.0	2.4109970240002276	70.393
852.5	1.9825311068826947	39.671
853.0	2.185961793757121	80.551
853.5	0.9831760352342285	49.351
854.0	2.1046622414394225	60.521
854.5	2.3483685786242354	70.481
855.0	2.278155587949773	40.453
855.5	1.6656329342250562	130.93
856.0	1.7696977744275268	70.427
856.5	2.5253834926184027	121.737
857.0	1.3431716955610633	47.651
857.5	1.489024970300272	98.846
858.0	1.9079602175202752	83.744
858.5	1.5207455945099186	64.057
859.0	1.9162308613137167	80.606
859.5	1.9073524606358863	108.209
860.0	1.8871228974911782	89.911
860.5	1.9079592488927115	81.357
861.0	2.0858911202802477	121.118
861.5	1.5003740835087203	50.277
862.0	1.5668218406441616	97.84
862.5	1.4796262006482188	91.278
863.0	1.800199902922591	77.735
863.5	2.4163186093674915	60.436
864.0	1.5607874370557395	70.582
864.5	2.281559944515207	80.289
865.0	1.344040910668846	60.35
865.5	1.7731904845671163	15.811
866.0	1.75620504950695	100.638
866.5	2.0141602767123965	90.369
867.0	1.2223449037261678	50.235
867.5	2.0400998364789853	37.884
868.0	2.2141642984750156	67.132
868.5	1.7875630490378354	40.25
869.0	1.6956380950083443	105.181
869.5	2.260046667304451	15.756
870.0	2.106957402400292	103.704
870.5	2.044910266686216	16.66
871.0	1.2253913700376007	80.484
871.5	1.760001152297019	17.873
872.0	2.332422984757722	74.951
872.5	2.2632293975660898	127.63
873.0	1.8321445064042212	50.195
873.5	1.7994979273990384	50.337
874.0	1.6661993109041096	60.243
874.5	1.9870067620107141	130.929
875.0	1.4649088536594896	30.203
875.5	1.7991248739770735	30.205
876.0	1.932155330215846	21.397
876.5	1.9106122904400906	30.214
877.0	1.7428602176141021	81.493
877.5	1.957938132674758	40.319
878.0	2.364114885408104	32.739
878.5	1.44593476817178	56.323
879.0	1.7494820855950655	60.22
879.5	2.231460186727589	19.905
880.0	1.6975963904837712	16.124
880.5	1.660703422558812	100.696
881.0	1.5933106432543402	88.035
881.5	2.084293607200631	20.055
882.0	2.031282753924325	67.803
882.5	2.119675348549108	114.443
883.0	1.7227643272655815	80.681
883.5	2.2812437201271165	41.129
884.0	1.844692562951023	75.063
884.5	1.2352926278811645	67.164
885.0	2.3008229242517455	40.213
885.5	1.4533047100903353	130.599
886.0	2.0603131907614993	30.223
886.5	2.300447159609444	84.265
887.0	1.803382959018821	130.999
887.5	1.9064426697003065	97.877
888.0	1.8197400007675644	70.535
888.5	1.4555843525812917	138.404
889.0	2.040032607359954	70.527
889.5	2.2066884661739916	57.373
890.0	1.8106331595596121	53.302
890.5	1.347985958390681	97.868
891.0	2.2278173796401144	94.627
891.5	1.7982076160658953	16.865
892.0	2.236189992245465	87.425
892.5	1.4425831411820191	140.831
893.0	1.9954261043230253	22.114
893.5	1.6565586263920045	60.388
894.0	1.3889085119437146	80.183
894.5	2.0199062054448826	60.315
895.0	1.9157435326582666	80.62
895.5	1.8569893563424762	130.997
896.0	2.2177790420492314	60.411
896.5	2.07968045635281	15.838
897.0	2.1348080453964866	151.356
897.5	1.910133097051348	73.805
898.0	2.452767570688701	50.305
898.5	1.8606252859685914	110.772
899.0	1.7623351131005514	110.253
899.5	1.653632039818236	85.819
900.0	2.192808060798257	121.698
900.5	2.0964422305932398	36.748
901.0	1.3375370320030235	36.572
901.5	1.7444631845481557	76.618
902.0	1.3208354072482247	71.137
902.5	1.6718442922292227	30.082
903.0	2.0197155273692986	35.265
903.5	2.2346111320188338	20.28
904.0	1.4319422026915443	15.894
904.5	1.964568314731238	60.535
905.0	1.5416181577061907	62.059
905.5	1.9828702793732493	117.107
906.0	1.7918185707257193	70.574
906.5	1.9400778637644533	89.227
907.0	1.4927195328396379	15.52
907.5	2.998040434878299	79.048
908.0	0.8217730813554301	18.516
908.5	2.3800182936180265	133.259
909.0	1.6274631849966517	110.731
909.5	2.493405303581952	38.506
910.0	1.375494830699631	70.234
910.5	1.9047633315420185	34.768
911.0	1.7284002668670404	100.883
911.5	2.044652905465901	153.785
912.0	1.755657637237148	15.998
912.5	2.623550131360718	77.021
913.0	1.8517743374781377	100.865
913.5	1.546682419912078	50.346
914.0	1.5491717266514728	40.079
914.5	2.1557765089334127	92.735
915.0	1.8065337531868075	79.249
915.5	1.9451991808851268	40.241
916.0	2.2154520680024947	16.509
916.5	2.1089438643455316	90.443
917.0	1.3162842157052403	160.954
917.5	1.3831958983933155	68.579
918.0	2.2522213461289162	17.77
918.5	1.4409490518119608	95.592
919.0	2.4650427205245196	73.282
919.5	1.0252267941605846	97.229
920.0	2.171571707227193	15.74
920.5	1.6575840603016128	70.256
921.0	1.7884035526220465	121.595
921.5	1.7567843031607202	100.509
922.0	2.1008442694134324	60.316
922.5	2.282682356635183	17.318
923.0	1.515662355536442	74.259
923.5	1.8606203154902272	70.541
924.0	2.147317517277667	15.665
924.5	2.2817916857736074	60.324
925.0	1.4740574740453571	36.867
925.5	1.6688501264070315	17.463
926.0	1.7820795901616648	100.602
926.5	2.234660284512119	68.47
927.0	1.5634307641350613	60.329
927.5	1.7203062524539765	110.795
928.0	2.0169944743070434	20.254
928.5	1.9501382000002714	60.488
929.0	1.6043327681673858	44.638
929.5	1.8648742999007732	35.409
930.0	1.9899956227162565	45.699
930.5	1.8262098254494668	30.171
931.0	2.130888499590946	59.886
931.5	1.9711713520316423	70.963
932.0	2.247381649332825	80.419
932.5	1.6161157597940723	16.351
933.0	1.5477022289929185	48.436
933.5	1.803608516291589	65.383
934.0	1.6195043242638552	81.723
934.5	2.6665757558538483	50.94
935.0	1.1952792063935336	88.53
935.5	2.0442175369050952	68.342
936.0	1.6629634295339584	75.791
936.5	2.3175612000220984	98.983
937.0	1.4763157488516556	70.453
937.5	2.2263162583382914	78.528
938.0	2.394185591328056	17.044
938.5	2.0779416427817785	80.4
939.0	1.5918484792324978	40.255
939.5	1.2895637272827467	50.501
940.0	1.8997269527809824	100.647
940.5	1.6713144077969375	32.052
941.0	1.4741351574823465	49.394
941.5	2.468864618706157	16.424
942.0	1.92161139323802	66.014
942.5	1.9769086066565003	90.578
943.0	2.0104209246713096	20.136
943.5	2.2007890912516297	50.266
944.0	1.6339450686062442	130.841
944.5	1.6838330954802838	70.208
945.0	1.986181982902101	40.156
945.5	1.9633976996459408	60.423
946.0	2.6154510433563334	80.382
946.5	1.3364030145628234	110.681
947.0	1.4671718850410496	70.52
947.5	1.7364940642724214	50.782
948.0	1.9997240560442306	64.904
948.5	1.2003151613292231	20.213
949.0	1.9202073914613453	16.157
949.5	1.9576127450018628	70.524
950.0	1.1821872304742673	120.767
950.5	1.3123628365814448	70.505
951.0	2.3707087600486703	40.281
951.5	1.4961421692337658	70.506
952.0	1.689361951396817	26.426
952.5	1.8541858278154177	90.621
953.0	1.9910073525458525	37.918
953.5	1.7805463538798227	41.462
954.0	1.9323186037485267	50.233
954.5	1.5273103251238211	100.091
955.0	2.1524968754912517	90.55
955.5	1.8046841263153608	110.766
956.0	1.7456336084939472	15.58
956.5	1.9209771339536263	30.058
957.0	1.684364937034243	120.683
957.5	1.4918523719445678	130.9
958.0	1.8104968546388234	70.379
958.5	2.063469856874189	90.826
959.0	2.2268432303485493	70.326
959.5	2.7966823704670993	81.674
960.0	1.2091702863431986	22.781
960.5	2.036259930861491	70.404
961.0	1.9823120467426145	101.024
961.5	1.474551303180739	60.417
962.0	2.0855757024958272	92.963
962.5	1.898027073527942	70.719
963.0	1.856656920306942	67.487
963.5	1.7608091089475546	30.197
964.0	1.6154089220060093	130.773
964.5	2.4425986116654475	60.33
965.0	2.1777658318543542	120.856
965.5	1.9420059785480384	167.684
966.0	2.400916558976309	182.001
966.5	1.626975686019093	130.783
967.0	1.6010044649475987	161.107
967.5	1.721538660717623	120.997
968.0	2.293482676261781	16.965
968.5	1.8633150263042009	15.422
969.0	1.8078057452267908	93.61
969.5	1.658994667735917	27.048
970.0	1.9410596371740616	70.551
970.5	1.9460279004546066	40.125
971.0	1.9632997727095192	138.996
971.5	1.2854864518766669	121.752
972.0	1.8995710346508947	40.326
972.5	1.673338598781493	109.71
973.0	2.2483327243712763	19.84
973.5	1.679853411998934	110.668
974.0	2.1103008016561873	126.621
974.5	1.7629693627405232	173.454
975.0	1.696329576055014	173.926
975.5	1.8792115627368615	274.821
976.0	1.727382934871263	57.02
976.5	1.9453348643930681	35.584
977.0	1.3840652347490616	91.039
977.5	1.7916021228401335	40.854
978.0	1.849515805524349	83.544
978.5	1.073402244315896	30.908
979.0	2.2675629208109704	70.553
979.5	1.731795210547373	70.311
980.0	1.93622723432979	81.012
980.5	1.8367245876990115	110.868
981.0	1.4965739557391204	70.424
981.5	1.6310063471434537	47.961
982.0	2.0224414285364047	45.77
982.5	1.9733257843399457	20.28
983.0	1.454341171658251	90.489
983.5	1.9461057962595774	130.855
984.0	1.5888626120089866	100.734
984.5	1.7949794245073545	80.199
985.0	1.4134479751806135	110.722
985.5	2.1056323048624503	20.314
986.0	1.4661392789852654	55.892
986.5	1.684561980476396	56.058
987.0	1.633189458504551	60.213
987.5	2.205759254438957	46.284
988.0	1.6594464835699014	110.801
988.5	2.202856947164478	121.041
989.0	1.542630172088113	81.957
989.5	2.345148059381971	26.66
990.0	2.02753612251555	97.628
990.5	1.77068534458797	80.653
991.0	1.558218620065158	36.999
991.5	2.2432907622390394	50.392
992.0	1.4521845504572677	120.807
992.5	1.5172176844512482	70.363
993.0	1.9625223926315725	70.721
993.5	1.8274767201796154	146.827
994.0	2.1906917184650907	80.67
994.5	1.182228240989964	77.062
995.0	1.0935669579541532	80.66
995.5	1.8468910457040602	69.065
996.0	1.8359719989965755	79.729
996.5	1.9108038736374757	78.39
997.0	1.7151854352622573	131.009
997.5	2.1675341792195573	80.423
998.0	1.7404021348403218	29.598
998.5	1.7928629044475055	39.138
999.0	2.1741612459988775	108.926
999.5	1.917818646496178	111.223
1000.0	2.0275379127651663	56.371
