0.5	0.1255330376595151	37.903
1.0	3.455077305730642	30.195
1.5	1.9383388127479775	47.802
2.0	2.414564006050861	44.704
2.5	1.8987178286547925	80.448
3.0	1.5339596426481288	9.114
3.5	1.9460612349260524	8.144
4.0	1.5648207710183015	100.775
4.5	1.5997381378282625	106.559
5.0	1.187258348425283	59.47
5.5	1.775102253603914	30.217
6.0	2.279259001578079	38.358
6.5	1.6411017562594838	60.555
7.0	2.027557665736874	70.644
7.5	1.943545698105304	24.797
8.0	0.6486645094607095	20.243
8.5	2.0454258996666224	91.208
9.0	1.8913224244365645	100.707
9.5	2.291069661297238	116.008
10.0	1.7488720065480472	60.217
10.5	1.8211722023722097	50.367
11.0	2.3004790562124557	60.348
11.5	1.806960315607282	83.594
12.0	1.7913174842782256	100.687
12.5	2.1320245517000433	30.233
13.0	2.2448955800602297	34.863
13.5	1.5706758614621785	50.436
14.0	2.119708547055294	20.213
14.5	1.799721847197644	29.921
15.0	2.394260938195187	10.065
15.5	1.770316626818256	90.626
16.0	2.007063429901904	90.895
16.5	1.6569784375604	29.142
17.0	1.625126017826946	50.318
17.5	1.9414250294960067	40.225
18.0	1.4050339018712101	28.886
18.5	2.0334956449777777	59.045
19.0	1.6459180134875573	8.712
19.5	1.4172725264439305	80.596
20.0	1.634464147691216	80.488
20.5	2.0126525342681765	20.165
21.0	1.5494178700638859	121.024
21.5	1.666225154767581	90.58
22.0	1.6555477479910403	112.512
22.5	2.0993630248629622	9.827
23.0	1.5802887634729847	110.691
23.5	1.4987717393545772	8.898
24.0	1.8446564137688346	59.883
24.5	2.1209937339296143	30.278
25.0	1.7871784613470718	80.612
25.5	2.011890087009214	90.522
26.0	1.8928555852638902	20.129
26.5	1.7628892025514225	123.217
27.0	1.9371689262300553	90.639
27.5	1.5139659180637015	18.35
28.0	1.6764953865561827	30.228
28.5	1.896134272167371	44.553
29.0	2.016296307912456	30.175
29.5	1.9212924315659017	8.719
30.0	1.552855289254996	40.142
30.5	2.0576020716797254	60.352
31.0	1.5604658553445057	40.367
31.5	1.2146904779572425	69.445
32.0	2.288335524698714	10.065
32.5	1.9246034677861281	70.48
33.0	2.027885003422544	10.092
33.5	1.7020759803983665	48.256
34.0	1.7916211039265537	209.251
34.5	1.6852589058420708	40.43
35.0	1.8177908362457507	47.87
35.5	2.592184216096062	81.642
36.0	1.4884901346536876	59.101
36.5	1.690745920676701	80.464
37.0	2.0796771978432886	7.339
37.5	1.4988925126511676	100.421
38.0	2.3294203497621324	70.332
38.5	1.5198562070324473	9.135
39.0	1.3618321518293468	60.353
39.5	1.8015944043897967	60.336
40.0	2.0313979477700626	42.764
40.5	1.8347334593864548	60.43
41.0	1.0745422436348517	50.335
41.5	1.9571289532503355	30.261
42.0	1.4609586579880838	90.532
42.5	2.4461216146180877	109.89
43.0	1.3033027732995082	20.145
43.5	2.033956285624155	91.692
44.0	1.7676559110017602	8.584
44.5	2.128570810765122	29.966
45.0	1.2437888553214649	90.783
45.5	1.5446918142513888	70.521
46.0	2.3429798208456067	20.226
46.5	1.3818217660242555	59.641
47.0	1.3523845212591334	30.217
47.5	1.7805202572027823	90.716
48.0	0.17703222814185637	23.099
48.5	5.499168273226654	100.414
49.0	1.8168153478514084	62.568
49.5	0.1420645458855886	13.969
50.0	5.278106047602738	100.784
50.5	2.178696155834723	25.707
51.0	1.6620383513207089	49.431
51.5	1.907975110384196	91.161
52.0	1.3703742399954804	20.088
52.5	1.3006924281010663	115.269
53.0	1.7703348856260277	102.83
53.5	2.6272860967208556	62.902
54.0	1.6740578817928866	24.68
54.5	2.0758107180371064	31.01
55.0	2.191222522356416	111.006
55.5	1.448038043577367	41.448
56.0	1.6412741541846199	13.919
56.5	1.4397270814304517	46.659
57.0	1.85495231755509	163.6
57.5	1.3885311054716885	140.801
58.0	1.8879837827976438	80.59
58.5	1.634443067546056	100.776
59.0	1.6064588677091225	100.636
59.5	2.001333170095991	70.885
60.0	1.7688662247718376	20.161
60.5	1.7874547826961873	50.387
61.0	1.4795773530057232	8.852
61.5	1.9700133856722957	100.334
62.0	1.5351575001391882	102.681
62.5	2.078284696180553	70.929
63.0	2.246110777338032	60.293
63.5	1.2446142908941764	60.867
64.0	1.91842231732498	20.084
64.5	1.5003490817329033	120.723
65.0	2.081549871338411	100.655
65.5	0.1251677242791105	15.688
66.0	1.7185835894820416	30.46
66.5	8.657077708698258	101.133
67.0	1.5011209854350689	97.355
67.5	1.3695647626523872	65.709
68.0	1.3505127341067276	50.511
68.5	1.0690298752502039	38.034
69.0	1.1465242096208261	30.763
69.5	1.9046850730588007	55.673
70.0	1.8407559827212412	59.406
70.5	2.4257770619060928	60.527
71.0	2.6974330621042206	80.488
71.5	1.6109715524562513	80.392
72.0	1.8788622770036458	80.435
72.5	1.7146769774541128	15.474
73.0	2.130590298528212	11.69
73.5	2.320569645342547	15.344
74.0	1.655005331190944	107.71
74.5	1.0464389415318864	120.75
75.0	0.9424558478824128	120.747
75.5	2.3144828096175756	50.428
76.0	2.271132615912339	50.45
76.5	1.3930495093637705	55.465
77.0	1.9055443531755583	100.575
77.5	1.9747634420594453	9.999
78.0	2.179282641626796	90.739
78.5	1.8856769257583887	10.16
79.0	2.4921219061555426	60.632
79.5	1.5945499458964556	70.438
80.0	1.8277089667626423	110.685
80.5	2.351226966230908	40.282
81.0	2.3777211883648617	40.272
81.5	1.967881770118388	19.201
82.0	1.9089608694902105	9.154
82.5	1.8230793340969849	38.558
83.0	2.012616339169362	75.365
83.5	1.7349630406351795	80.663
84.0	1.808712944449853	80.677
84.5	1.2454498236576812	105.267
85.0	1.7480891393456504	120.899
85.5	1.3974652425629976	70.487
86.0	2.070279828082722	90.432
86.5	1.5850309489866587	60.44
87.0	1.8824082031419107	70.508
87.5	1.7701585135192999	62.224
88.0	1.5200107637302438	69.939
88.5	1.8249306501633342	60.468
89.0	1.4695054393067646	64.183
89.5	1.478194507500822	85.473
90.0	1.8366186137620841	60.299
90.5	1.7778811390314708	20.221
91.0	1.44069588649844	60.253
91.5	1.3019730833471577	23.336
92.0	1.5978548170648357	48.428
92.5	1.9238560977704773	91.623
93.0	1.093470825251163	45.715
93.5	1.6784965308462607	120.972
94.0	1.5078715040494406	50.433
94.5	1.9160922128435343	30.332
95.0	1.2337114512851546	71.042
95.5	1.5304158050166954	130.754
96.0	2.1988996252543127	60.306
96.5	1.5247899514856076	88.944
97.0	2.2051790834337806	70.541
97.5	1.5077177380641855	25.208
98.0	1.9561856929538244	80.528
98.5	1.3839508782772756	140.848
99.0	2.4978561630679046	12.555
99.5	2.11174855578057	30.211
100.0	2.1203738561429133	12.656
100.5	1.2891006019754838	40.27
101.0	1.7255703854972229	22.651
101.5	1.7487871201101926	50.313
102.0	2.0976340478490862	40.075
102.5	2.026458867244915	20.286
103.0	2.52708711863376	30.169
103.5	1.9287715053556316	90.665
104.0	1.795430076451084	80.685
104.5	1.9730522841507463	20.108
105.0	2.1348361534068303	44.025
105.5	1.800022239881651	90.63
106.0	2.082863252121537	70.496
106.5	1.9404554228678839	90.542
107.0	2.3902066269757345	35.22
107.5	1.8021775783663287	32.263
108.0	1.808507351843551	63.349
108.5	1.3119439451510817	140.497
109.0	1.652930016496144	60.54
109.5	1.6495238575923623	30.214
110.0	2.3342022844958428	70.553
110.5	0.9376180663055326	111.286
111.0	1.7909088222808736	63.044
111.5	1.7285334376141313	80.463
112.0	1.563148168483652	130.86
112.5	1.2309113832108134	35.935
113.0	1.3912005959136895	110.759
113.5	2.151729349945283	64.213
114.0	1.9299968828327325	131.621
114.5	1.5814731312696941	90.404
115.0	1.6461903267814049	50.474
115.5	1.4553523938909454	70.529
116.0	1.86728199325184	33.221
116.5	2.1413539624239957	40.57
117.0	1.734170948722148	110.672
117.5	1.9499272268838477	80.486
118.0	1.8809286280967734	95.898
118.5	0.8511342244597344	13.172
119.0	1.1145432070327377	41.424
119.5	1.8690162352108954	38.575
120.0	1.8729222209551617	13.888
120.5	1.7332455450271989	39.406
121.0	2.058869452491428	30.205
121.5	1.5003073627196415	60.859
122.0	2.0359931491730707	131.052
122.5	1.7755830240265584	131.407
123.0	2.2915905631434215	137.255
123.5	2.0154277273759833	20.341
124.0	1.4905060200095175	90.661
124.5	1.42111031119043	30.212
125.0	1.3194615258421558	80.743
125.5	2.1593994673262427	40.23
126.0	1.4673304214326726	60.056
126.5	2.2003523720964697	20.238
127.0	1.8420929655607936	56.92
127.5	2.411461700910002	30.277
128.0	1.2328737330344126	90.669
128.5	1.6556231463616322	123.103
129.0	1.9538995074553591	20.313
129.5	1.7225738040305318	20.299
130.0	1.5717523973609733	107.792
130.5	2.571078973462221	10.239
131.0	1.8691711230644117	121.031
131.5	2.206275261409175	111.643
132.0	2.4988945358471857	60.44
132.5	1.9047239084355825	60.241
133.0	2.0963932663517433	34.831
133.5	1.8179325927116556	59.961
134.0	1.4262324131688568	40.219
134.5	1.7855735580184737	49.466
135.0	1.7404053712261964	19.803
135.5	1.840724833956069	30.3
136.0	0.8877244027133381	56.505
136.5	2.365067129069905	80.416
137.0	2.0677168666527947	40.287
137.5	1.5792641400688554	51.017
138.0	1.566644797754778	30.298
138.5	1.6156941732614294	130.88
139.0	1.9348763467136378	120.717
139.5	2.0791018009648425	130.944
140.0	2.156603329731213	90.575
140.5	1.6035956860001168	80.072
141.0	1.9636599009569708	110.727
141.5	1.825546869405636	20.094
142.0	1.6976110168803669	76.176
142.5	1.64606211439491	7.898
143.0	1.9443488488418306	40.323
143.5	1.249467414517003	10.958
144.0	1.8319953257598245	42.271
144.5	1.9099611525224771	100.624
145.0	1.9417255660957424	28.354
145.5	1.8750922258070308	9.329
146.0	2.118918227352175	40.154
146.5	1.5670752439457596	42.326
147.0	2.0485746374973215	40.426
147.5	2.140170067247392	90.363
148.0	2.1710357477065867	175.593
148.5	2.2234213492767716	30.205
149.0	2.5676904243631533	80.593
149.5	2.0011351204609515	76.294
150.0	1.984962417297825	70.49
150.5	1.6555385911494207	100.683
151.0	2.3118169511098605	39.207
151.5	1.412578596999507	46.584
152.0	1.572575599981419	61.802
152.5	1.7677433356212122	100.719
153.0	1.810916860845275	42.455
153.5	1.2031607586378255	45.6
154.0	1.6825109809162746	43.558
154.5	1.3213395059328457	120.826
155.0	1.7468934308970778	120.87
155.5	1.524642768301754	60.495
156.0	1.908614893194893	45.707
156.5	1.652763404839368	110.83
157.0	1.7466584799529188	10.151
157.5	2.332076042121673	50.358
158.0	1.7999757773836722	80.395
158.5	1.8116552893468982	30.117
159.0	1.6858076513081093	20.235
159.5	1.7593384286825435	110.742
160.0	1.5904325983036132	60.127
160.5	1.9930832476584361	23.846
161.0	1.5710459295259338	39.76
161.5	2.136396444882601	60.363
162.0	2.1577788411164374	50.439
162.5	1.6894235010210932	90.446
163.0	0.9902176425185131	30.252
163.5	2.0702649978985024	50.375
164.0	1.6482691477155746	20.108
164.5	1.8522564288276022	11.517
165.0	1.0305734627645593	80.518
165.5	0.13747738574226318	40.407
166.0	6.92801771220732	129.797
166.5	1.518337475193472	100.334
167.0	1.568343177113258	100.558
167.5	1.9167618657571592	29.216
168.0	2.0478439431396063	40.291
168.5	1.4173946554284733	53.32
169.0	1.730395426651889	90.618
169.5	1.715584222541722	18.945
170.0	1.7361567980799446	110.076
170.5	2.2767944735717407	60.506
171.0	1.8256056888277747	90.566
171.5	4.375309811181526	26.846
172.0	0.5728348063686349	153.724
172.5	0.47263923429592813	37.606
173.0	0.4534891964369858	120.807
173.5	0.6030835833111348	114.469
174.0	0.5473818232056936	115.127
174.5	0.565318511513598	70.659
175.0	0.37683533471718195	106.573
175.5	0.6852039028776802	51.068
176.0	1.1053825464845688	60.432
176.5	0.3958867266816575	100.748
177.0	0.45316177345904524	140.846
177.5	0.4608580167976694	25.613
178.0	0.5234932030506969	130.805
178.5	0.49934355643619033	85.48
179.0	0.7094728106754885	123.12
179.5	0.9155962189184189	1029.135
180.0	0.7350663181426883	1419.26
180.5	0.3098945185586185	2055.92
181.0	0.1290190405688241	2519.054
181.5	0.19261688301311133	2773.964
182.0	0.06887559190568164	3158.486
182.5	0.2474282201923335	2081.055
183.0	0.1269404308227537	2526.062
183.5	2.3155568826304176	44.902
184.0	2.8370266798180075	130.896
184.5	0.6009082407100518	90.661
185.0	0.43626497702194655	192.324
185.5	0.548779351042951	140.923
186.0	0.6575655001303421	171.12
186.5	0.4176148047241363	70.655
187.0	0.4296543932264974	31.312
187.5	0.6681899896875014	16.437
188.0	0.4273343261701479	138.088
188.5	0.5775845537142936	139.667
189.0	0.6059591729960008	120.845
189.5	0.38582806883077936	16.271
190.0	0.49284585072980314	16.431
190.5	0.6510903902906651	34.689
191.0	0.46459845880700135	67.336
191.5	0.4321025047163422	100.766
192.0	0.7485585324954525	139.167
192.5	0.6106671543794071	34.399
193.0	0.5857396693154558	93.802
193.5	0.6170287004494833	59.631
194.0	0.45717915169301576	36.842
194.5	0.3666310215548019	45.66
195.0	0.5877475503669682	134.596
195.5	0.4016125235848985	80.447
196.0	0.4598212539766608	88.035
196.5	0.6566182465949186	130.926
197.0	0.578320614800658	55.006
197.5	0.8725668075222941	46.565
198.0	3.9898143790066674	119.837
198.5	0.4463278878483806	35.942
199.0	0.5709943376127176	140.922
199.5	0.4540951126639163	143.086
200.0	0.41932398385941316	124.268
200.5	0.7657108137384544	70.496
201.0	0.5044022333092733	140.953
201.5	0.7155175911547187	1342.519
202.0	4.52752001212812	49.393
202.5	0.41712248491373627	100.687
203.0	0.45365661225581727	29.05
203.5	0.660894693275878	113.574
204.0	0.6886663134385743	69.464
204.5	0.5931222479317085	80.676
205.0	0.7363442428119373	90.757
205.5	0.8019987358167492	30.346
206.0	0.5960176111381882	19.296
206.5	1.0673003870296216	80.672
207.0	0.16659386917389196	63.5
207.5	0.10542283818375799	45.128
208.0	0.49185210822617303	121.035
208.5	0.6531013933901585	148.19
209.0	0.6855066916885699	115.005
209.5	0.6112970278748991	130.888
210.0	0.41753241557533444	120.856
210.5	0.5373294531403393	120.763
211.0	0.7525018826522224	42.524
211.5	0.3676321578744908	38.526
212.0	0.42995241688945746	43.589
212.5	0.646554733288071	94.101
213.0	0.5278732965006433	90.698
213.5	0.8418940862365676	158.35
214.0	0.3811230779310578	150.98
214.5	0.6588053339086285	100.799
215.0	0.6911287101776583	161.208
215.5	0.5910101339291955	110.726
216.0	0.4753662466759682	120.732
216.5	0.8979605255271184	110.599
217.0	0.6987323453030944	150.902
217.5	0.5114548214578749	140.821
218.0	0.3730211947581395	65.626
218.5	1.0094028897649623	89.462
219.0	0.6075727433562612	74.935
219.5	0.1453853797025517	93.853
220.0	4.195974567459213	100.695
220.5	2.0535565688356745	96.37
221.0	2.1316878224261875	15.27
221.5	1.582371615741196	20.194
222.0	2.301253194033943	110.645
222.5	1.9123863609463063	40.718
223.0	2.183061937709797	81.984
223.5	2.1017369304357727	70.455
224.0	1.7178291846960703	30.307
224.5	2.261485595185517	60.569
225.0	1.8791014208915122	110.899
225.5	2.1819532355199165	130.886
226.0	1.8620873356335892	35.888
226.5	1.9327190653930966	80.492
227.0	2.0802375062878133	15.849
227.5	1.6188641904855503	140.941
228.0	2.5100916392292043	70.551
228.5	2.4005877489387992	19.757
229.0	1.7569543229138707	40.347
229.5	1.5184542005303647	60.37
230.0	2.058593691428909	60.48
230.5	1.7630634391362034	60.453
231.0	1.6010965230444212	90.64
231.5	1.8335275590189426	40.245
232.0	1.2873632086815479	60.475
232.5	1.6117857262061455	272.482
233.0	1.5526879269361542	120.925
233.5	1.757686471065741	60.352
234.0	1.8349748371839711	25.459
234.5	1.4725077776392679	120.919
235.0	1.5638658575784223	90.984
235.5	1.6286490175421828	50.528
236.0	2.095311299258788	80.398
236.5	1.7218952999574315	81.204
237.0	1.8778347004081295	60.482
237.5	1.5719991477988375	13.86
238.0	1.4750066363009984	99.861
238.5	1.8978844087024136	131.089
239.0	2.2070049026161427	13.715
239.5	2.6430890732013825	20.224
240.0	1.3523196586306947	50.421
240.5	2.2265888986676146	70.471
241.0	1.502006007276499	80.681
241.5	1.961456288867557	60.41
242.0	1.5346028998862944	40.29
242.5	1.5760871514076944	33.732
243.0	1.7582037550020817	80.548
243.5	1.6593075337526906	37.402
244.0	1.2243763601108735	41.838
244.5	1.6778947457740054	90.646
245.0	1.4597556195085768	80.572
245.5	0.14227516833669182	56.15
246.0	1.7474073912822998	70.636
246.5	0.195314105942778	37.233
247.0	0.3418010598687057	45.648
247.5	0.7101687204850725	20.552
248.0	0.1633113893533886	16.588
248.5	0.1650794601657134	89.346
249.0	2.752473054602548	100.569
249.5	1.7247704232671692	202.155
250.0	2.1032574445744676	100.746
250.5	2.1247047242916817	110.66
251.0	2.6877932895160175	90.59
251.5	1.7028461429126047	130.841
252.0	1.5607062143280805	120.979
252.5	1.483244330721504	161.336
253.0	1.6473355117115247	100.555
253.5	1.9343071170868795	161.717
254.0	1.4034429355177682	107.688
254.5	1.9858129282355474	147.116
255.0	1.8123192183599424	141.611
255.5	1.5555497489473566	130.987
256.0	2.0227885637969747	90.567
256.5	1.4232550692099348	80.749
257.0	2.0191765873362577	120.926
257.5	1.707975557139784	66.766
258.0	1.793681748192059	80.642
258.5	2.0453728210315956	67.009
259.0	2.201255511837433	96.532
259.5	1.6705081971136775	56.596
260.0	2.055143058167137	141.052
260.5	1.9300266661982648	80.519
261.0	2.095267119340185	86.228
261.5	1.6419605607699523	80.979
262.0	1.4745674331926106	70.781
262.5	1.8213789023562224	119.017
263.0	2.0946060535675244	100.636
263.5	2.3152035245534375	121.326
264.0	1.9790642977892583	100.665
264.5	1.7294779257569604	73.843
265.0	2.0631808234897453	131.415
265.5	1.7685539611397487	70.663
266.0	1.977279182878799	100.998
266.5	1.7431123895404992	150.823
267.0	2.1715451582519054	124.302
267.5	1.6390360257985879	121.183
268.0	1.869533547749112	90.975
268.5	1.3427651000169052	60.57
269.0	1.7314750322701282	90.453
269.5	2.248024212248551	121.169
270.0	1.0432923954593682	70.507
270.5	2.02101134447454	141.685
271.0	1.571916478906967	107.246
271.5	1.9871850960728694	140.915
272.0	1.7950802080743544	80.647
272.5	1.6801427426786173	130.925
273.0	2.4361172268579434	80.971
273.5	1.28311026800577	87.937
274.0	1.1996609625083663	127.016
274.5	1.7181590483583362	131.249
275.0	1.6923633771890614	131.087
275.5	2.132832767969923	66.229
276.0	1.2294829342745672	140.882
276.5	1.5357668132464657	157.248
277.0	2.25355492644565	77.129
277.5	2.1458620084398357	71.374
278.0	2.215804835362311	95.972
278.5	1.6867046632623957	161.053
279.0	2.214292874708562	90.848
279.5	1.9778763115996558	80.48
280.0	1.4805986294484952	140.951
280.5	2.2225540387842213	76.719
281.0	2.3880351813905474	80.54
281.5	1.9962682232986577	126.032
282.0	1.6992459782835583	149.52
282.5	1.5222476381316	151.125
283.0	1.8718672694656362	171.436
283.5	1.6288712064026816	60.73
284.0	1.7215718680311978	151.155
284.5	2.119155080916663	90.484
285.0	1.7301093818311768	146.909
285.5	1.5662607047669532	70.584
286.0	1.9403049674744688	66.82
286.5	1.795423802951198	105.15
287.0	1.8168874760430895	130.948
287.5	1.3360754192262296	80.583
288.0	1.736178328511089	121.076
288.5	1.428162359453803	121.03
289.0	2.1419908441395084	80.963
289.5	1.2899014650290619	82.535
290.0	1.7349639134461534	134.823
290.5	1.7588707940404806	141.14
291.0	1.811130507966174	90.539
291.5	1.7315226102111716	137.993
292.0	1.7945161711733488	90.803
292.5	1.8229508884992431	165.018
293.0	2.010689514579673	100.69
293.5	2.124097332792461	111.014
294.0	1.6682620392474745	126.012
294.5	1.96163903661575	99.185
295.0	1.8614054140515628	94.736
295.5	1.5821768934314335	110.911
296.0	1.9246981533009766	80.565
296.5	2.3047132715620258	66.6
297.0	1.3768831892353468	106.739
297.5	1.647356717799662	121.142
298.0	1.7885240109257907	120.246
298.5	2.1237256230146446	86.816
299.0	2.3515554718516527	171.511
299.5	1.0808541754601177	134.732
300.0	2.067704774911628	107.515
300.5	2.2639828911503757	100.642
301.0	1.6783756175247515	80.507
301.5	1.32925929399555	60.748
302.0	1.8251115002353728	110.714
302.5	2.0624417698861848	83.543
303.0	1.669053896989754	87.598
303.5	1.9970975771545194	100.888
304.0	2.150664171811776	90.606
304.5	1.8526677016026216	100.954
305.0	1.6858540912571462	114.815
305.5	1.8404428088966729	109.366
306.0	2.0752808922129975	90.613
306.5	1.873160440811347	161.043
307.0	1.6434491170541716	130.904
307.5	2.2833538468409325	130.989
308.0	1.892490346066788	70.744
308.5	1.5796633456157179	138.921
309.0	1.4987046122872467	140.956
309.5	2.186762595955853	134.858
310.0	1.8628787561933746	112.265
310.5	1.930510396404674	141.121
311.0	1.8109237013892512	172.749
311.5	2.2125914399299167	95.255
312.0	1.8791738872358208	108.458
312.5	1.738550251192843	62.857
313.0	1.6214822681959662	98.828
313.5	1.6900428104010252	102.451
314.0	2.252534455152584	97.387
314.5	1.712499561481366	100.762
315.0	1.5109285612543395	179.584
315.5	2.526800129726076	67.641
316.0	1.396787201820907	80.99
316.5	0.15196254883220514	22.397
317.0	2.9225840014246165	80.693
317.5	0.9650961215784523	51.601
318.0	0.1677707778444545	13.735
318.5	6.190330552788491	14.861
319.0	0.9363266820491255	100.493
319.5	1.6619535197879545	45.029
320.0	0.6994479486140042	36.24
320.5	0.15308275145360095	20.807
321.0	2.7645549272050736	30.078
321.5	2.800235728015826	100.695
322.0	1.9244669919029007	100.557
322.5	1.4650754586686339	28.446
323.0	4.220058840947992	41.625
323.5	2.2855703178259534	50.507
324.0	2.400656934256963	70.365
324.5	2.217730972339916	86.928
325.0	3.0569187968972873	70.5
325.5	2.513001000249756	30.733
326.0	2.5831495775693227	22.249
326.5	2.62641817444105	70.591
327.0	1.827257051622623	30.389
327.5	2.9367216114038683	30.217
328.0	2.6394053334823244	20.323
328.5	2.254052727149934	40.071
329.0	1.7653255793113538	20.199
329.5	2.7603100244479473	70.85
330.0	2.1611628980668933	81.021
330.5	3.2438622065353866	40.316
331.0	2.511897127462116	70.534
331.5	2.839992405654897	30.186
332.0	2.3135199663019033	20.116
332.5	2.26278897299392	86.368
333.0	2.5491579315030113	30.405
333.5	3.1862431408263676	20.065
334.0	2.1174325195085406	50.752
334.5	2.92186039421656	40.328
335.0	2.3226544212904683	50.471
335.5	2.2085911851649564	21.479
336.0	2.7910165937170666	21.619
336.5	1.6331361113420344	15.794
337.0	2.181285011366383	80.667
337.5	2.545552882440134	60.454
338.0	2.5869601607325587	40.508
338.5	2.0877508251345778	21.791
339.0	2.8951384166858327	50.094
339.5	3.3290090006478574	94.064
340.0	2.5067007574623825	120.208
340.5	2.5626830177978235	40.664
341.0	2.585544336389614	90.587
341.5	1.7061529542353342	90.569
342.0	2.275472398808709	20.283
342.5	2.3883699947326753	60.429
343.0	2.717599609237824	39.285
343.5	2.091690372726225	70.576
344.0	2.4255555674659277	24.702
344.5	2.0099764727037255	30.342
345.0	2.9335943787313563	20.336
345.5	2.306901529088637	50.341
346.0	2.8406729538651034	50.378
346.5	2.016672319358321	99.757
347.0	2.3477751994173923	47.711
347.5	2.458098721348649	54.845
348.0	2.237241327562691	54.999
348.5	1.8794962626811407	50.328
349.0	2.4917973875017854	20.198
349.5	2.9669966340917657	90.382
350.0	2.1538599696992904	22.781
350.5	1.8325615237883213	70.561
351.0	2.3011385962329696	30.19
351.5	2.9174077235034828	56.656
352.0	2.4994984247660343	47.045
352.5	2.172830159145812	35.558
353.0	1.845977232274036	60.337
353.5	2.2497363652737694	68.682
354.0	2.656093109417855	70.443
354.5	1.8779016551737708	90.752
355.0	2.3582200371194486	106.504
355.5	2.497965859995139	110.785
356.0	2.677760866814779	50.393
356.5	1.9398386422406324	20.964
357.0	3.1354191623921976	60.855
357.5	1.5937530300997207	130.754
358.0	2.1698878647708506	121.133
358.5	1.799441837290473	25.687
359.0	2.48123568673768	60.208
359.5	1.6979059963529686	25.629
360.0	2.9708762366846826	50.467
360.5	2.513499423828805	90.593
361.0	3.167383763345029	30.334
361.5	1.6690269799162842	50.312
362.0	2.165303562503371	92.361
362.5	2.5255411702605257	60.203
363.0	2.6509070926913236	50.284
363.5	2.1582892209209237	40.503
364.0	1.9163832990311827	20.167
364.5	2.040260506919771	120.671
365.0	2.332576617513511	50.305
365.5	2.226021149309147	50.103
366.0	1.5534795690645	70.866
366.5	2.3763534338562717	90.681
367.0	2.403021363084364	90.936
367.5	2.8101213449165194	50.306
368.0	2.1659758473566124	80.468
368.5	2.05293507092129	63.65
369.0	2.88623730900334	90.668
369.5	2.0845424763254905	44.517
370.0	2.56529636326298	80.504
370.5	1.9841955650150636	29.779
371.0	1.7714672294689342	90.796
371.5	1.8684409262825292	28.953
372.0	2.8510770664564036	80.578
372.5	2.1471806529015667	50.287
373.0	2.35262412201577	34.768
373.5	2.191242054734648	20.264
374.0	2.2451714217324628	70.459
374.5	2.9723624423984454	40.5
375.0	2.1051896812404935	30.441
375.5	2.314229425244845	60.465
376.0	2.6404446245847537	20.988
376.5	2.3856619123597484	39.11
377.0	3.1443100682723912	40.12
377.5	1.7376510560460225	90.66
378.0	2.825670687343042	19.83
378.5	2.349072479726006	20.122
379.0	2.3440114182176863	80.398
379.5	2.328673128979971	50.344
380.0	2.4521194784450735	60.379
380.5	2.5675041447476876	80.627
381.0	3.066976976751798	60.52
381.5	1.850455963517134	60.366
382.0	2.7297467079259268	30.219
382.5	1.4456576865734025	70.344
383.0	2.4880792776207614	113.498
383.5	2.587379119827669	20.088
384.0	3.607679877344756	47.73
384.5	1.5421557681598947	70.48
385.0	2.757574782353154	30.224
385.5	3.242173731228022	17.121
386.0	3.2025840821175584	93.285
386.5	1.4934325887530684	20.209
387.0	2.9956544894772645	59.367
387.5	3.0467487156620408	39.941
388.0	2.6949995410888694	80.467
388.5	2.9501371314140856	36.303
389.0	1.9828895647167157	60.532
389.5	2.252161150313959	20.257
390.0	2.4633836663617084	70.534
390.5	2.771014947608442	40.455
391.0	2.232396465446338	20.109
391.5	2.2673227985239515	50.253
392.0	1.8751981331441885	82.815
392.5	2.873846844679055	44.467
393.0	1.6744415893295448	74.841
393.5	2.279230422526555	18.316
394.0	2.513101916612071	40.325
394.5	2.6767308617222225	43.509
395.0	2.598126619232588	80.702
395.5	2.4610878388909683	50.214
396.0	2.495349921350684	80.603
396.5	2.1341736905533017	40.435
397.0	2.045536941581893	50.306
397.5	1.9445470214464051	21.138
398.0	2.233607178476122	30.461
398.5	2.0350268343866484	40.214
399.0	2.249066185086519	60.485
399.5	2.0487969668304196	60.505
400.0	2.5973342670767803	80.502
400.5	2.7051737180292244	20.196
401.0	2.8624979743733205	121.307
401.5	3.067002597283709	80.169
402.0	2.407636605807605	43.889
402.5	2.7415590706890893	38.786
403.0	2.0754701760242957	80.593
403.5	2.948099733353517	30.16
404.0	2.763238124544513	30.14
404.5	1.9612307695042612	80.566
405.0	2.949818094437804	20.108
405.5	2.8539248594329347	76.86
406.0	2.3384469618995527	40.475
406.5	2.039544430910541	70.852
407.0	2.6570452659222306	41.035
407.5	2.2396387856759796	60.446
408.0	2.8988697493074196	70.715
408.5	2.0829758065299355	60.503
409.0	2.5987525686428645	43.325
409.5	3.016197923200227	20.084
410.0	2.875273621529009	105.832
410.5	1.8694137083113498	83.975
411.0	3.0993276978491875	37.2
411.5	2.696491863951987	86.778
412.0	2.334864333710029	30.2
412.5	2.661040153906112	80.449
413.0	3.3599205464784716	50.446
413.5	2.2855457979465688	110.848
414.0	2.514337589022969	70.586
414.5	2.3105025927933434	20.106
415.0	2.7618261550751897	80.565
415.5	2.471100014411883	90.54
416.0	2.358962706818429	20.795
416.5	2.552852674724013	20.275
417.0	2.830894175765251	60.424
417.5	2.4778169300185455	110.688
418.0	2.48438624567072	50.288
418.5	1.9820393923431803	60.413
419.0	2.544185532708391	20.2
419.5	2.583532935662199	41.577
420.0	2.94709809367821	26.153
420.5	2.582167854821571	88.469
421.0	2.8999657074692435	60.534
421.5	2.38879471050357	117.95
422.0	2.1444206120053066	50.547
422.5	2.809477491462356	70.517
423.0	2.4376291906954233	40.246
423.5	2.736038777593089	30.299
424.0	2.0990066968331127	20.137
424.5	2.6355637758746666	28.206
425.0	2.120908295020098	50.353
425.5	2.8627455501197963	70.432
426.0	2.1596921208417155	72.042
426.5	2.297638329033983	120.797
427.0	2.846534114906593	119.605
427.5	2.6499625217820433	102.46
428.0	3.1592797516758884	99.41
428.5	2.510606316356173	23.342
429.0	2.047671403407675	40.156
429.5	2.3237137259542484	17.344
430.0	3.0819524610678752	30.235
430.5	2.9474757523126565	18.145
431.0	2.456110488171526	60.44
431.5	2.173726713138556	16.715
432.0	3.1728939606937283	80.67
432.5	2.4295081701474546	110.73
433.0	2.2897619616938436	101.179
433.5	1.9571621477056862	50.278
434.0	2.4003342701006285	19.283
434.5	2.1837837455907683	61.039
435.0	2.2077540207978923	30.072
435.5	1.933610923305205	21.891
436.0	2.830454110989382	40.215
436.5	2.6062356149147594	40.308
437.0	2.3505090043091674	36.25
437.5	1.7757917976325415	80.609
438.0	2.177228297388189	30.129
438.5	2.7435127787690092	60.456
439.0	2.282395668382421	58.566
439.5	3.128444518916375	21.438
440.0	2.455677051360136	50.449
440.5	2.272242115298441	30.407
441.0	2.1578862383442003	110.917
441.5	2.050160244696829	100.741
442.0	2.1409311571926097	80.952
442.5	2.088600844914457	110.572
443.0	2.722392898955709	15.079
443.5	3.1932418232281217	20.528
444.0	2.3650339345379856	21.311
444.5	2.203111999220837	70.528
445.0	2.3308582944338916	103.157
445.5	2.934052874894769	62.734
446.0	2.5448235330390117	70.585
446.5	2.0353887169169744	100.604
447.0	2.706999273447505	20.344
447.5	3.0093331767229254	20.173
448.0	3.0434615144103563	18.414
448.5	2.7887289226888354	67.848
449.0	2.3888359498363294	60.452
449.5	2.727381492513984	75.165
450.0	2.319006844220307	70.402
450.5	2.2910113998589456	50.343
451.0	2.1484383368213162	80.423
451.5	2.941293615969458	70.508
452.0	1.8965388159316172	50.428
452.5	3.164710171820219	15.937
453.0	2.0226192014467994	41.652
453.5	1.950695591642894	90.779
454.0	2.8630195058928547	40.987
454.5	1.6815327912536622	86.468
455.0	2.687074869900303	80.015
455.5	1.8960283238293913	22.865
456.0	2.624647340569072	40.302
456.5	1.9976019845689204	20.335
457.0	2.858792018933287	50.355
457.5	1.5927586670631142	90.756
458.0	3.368711586145043	50.307
458.5	1.7610950114632606	23.878
459.0	2.551855184592734	34.979
459.5	2.560204289327167	49.262
460.0	2.686461296798356	40.451
460.5	1.8183806094410613	82.516
461.0	2.6685630629215895	38.577
461.5	2.3804132955133834	100.862
462.0	2.669438229716532	30.16
462.5	2.0735634807492054	18.542
463.0	2.9564345939311787	50.457
463.5	3.199319500526007	20.221
464.0	2.1728543457660736	70.609
464.5	2.2285141698611843	30.179
465.0	2.7847755409568453	70.404
465.5	1.8623581530571516	80.751
466.0	3.0484077888003163	39.699
466.5	2.024350407014724	120.934
467.0	2.4178022620472173	90.664
467.5	2.2117649388411165	80.57
468.0	2.5596235156011486	60.928
468.5	2.588580234152562	100.733
469.0	2.5464559627082473	80.504
469.5	2.4813254217207144	23.204
470.0	2.7871649416071667	20.151
470.5	3.1633635321425086	40.873
471.0	2.301074789779943	21.018
471.5	2.7232438252909583	20.383
472.0	2.5157869215537967	30.384
472.5	2.84475690253313	100.493
473.0	1.7328631416103986	60.42
473.5	2.449442925536171	50.237
474.0	1.6723986441447931	100.832
474.5	2.844159568952624	39.314
475.0	2.277033729872339	60.488
475.5	2.191386936035198	60.276
476.0	2.914060666738729	16.913
476.5	2.564298320279004	70.535
477.0	2.3375934050644207	70.56
477.5	2.2555598618854504	82.005
478.0	2.536907752797638	20.133
478.5	3.238045757587772	23.137
479.0	2.277106836190598	25.434
479.5	2.4441008179056642	20.714
480.0	2.632948677976889	45.883
480.5	2.8115225031455098	42.675
481.0	2.2392770096962513	50.405
481.5	2.735156815107809	80.585
482.0	2.1246083972271923	19.339
482.5	2.6945298665512425	40.441
483.0	2.007811712393573	80.665
483.5	2.243909108578501	15.856
484.0	2.20714986628091	50.397
484.5	2.655586062577746	100.571
485.0	3.0477971905691343	70.464
485.5	2.3834130327224736	70.305
486.0	2.389457067435031	42.338
486.5	1.4223188690175539	61.955
487.0	3.296430676281035	49.825
487.5	2.1058486686158826	18.987
488.0	2.71186055464005	71.489
488.5	2.223370602796254	53.334
489.0	2.453798966815029	30.533
489.5	2.695833247745423	80.595
490.0	3.295240238645243	40.27
490.5	2.569815185592251	79.044
491.0	2.532179124966134	71.462
491.5	2.6707726140695924	22.525
492.0	2.7048402277410264	20.753
492.5	2.4738211546222972	90.425
493.0	2.875606044174886	16.837
493.5	2.0479684017386566	90.957
494.0	2.622588694570667	70.488
494.5	2.2786705510363645	50.374
495.0	2.2095144375702906	20.301
495.5	2.2963719075731777	120.881
496.0	2.290181504165527	16.201
496.5	2.1381800446157952	110.632
497.0	3.004732503882554	36.545
497.5	2.5789936655236825	80.441
498.0	2.4504357385638196	22.963
498.5	2.389072511378687	60.402
499.0	2.232983564593974	70.307
499.5	2.019059539613168	41.409
500.0	3.221041732148419	30.434
500.5	2.4234164992172387	115.162
501.0	2.7985565065587545	90.706
501.5	2.8588203990587853	18.151
502.0	1.8510682709166635	42.733
502.5	2.8422368269103018	90.62
503.0	2.7926966816735987	90.633
503.5	3.091437286628024	20.282
504.0	2.0225772553285313	50.386
504.5	3.0809959696742495	76.268
505.0	1.9690481020212016	40.569
505.5	2.2611206457011783	50.323
506.0	2.0459847101556368	43.841
506.5	2.892664054762205	21.66
507.0	2.263938836532796	20.053
507.5	2.7722122892906524	50.309
508.0	2.595006636605988	40.819
508.5	2.4595897028694442	39.591
509.0	2.373971670579149	40.254
509.5	2.179211941186573	40.443
510.0	1.9275042089975962	70.493
510.5	2.509072509844803	40.264
511.0	2.102980311955204	50.374
511.5	2.919360092123134	19.255
512.0	2.3127103648025886	70.477
512.5	2.2810734273298854	40.189
513.0	2.6612110742504202	60.533
513.5	2.8970209016252433	56.909
514.0	2.5053314412961765	20.042
514.5	3.631326053604533	25.787
515.0	2.378493366439238	40.112
515.5	1.8842482986950981	110.846
516.0	3.307875480293129	21.309
516.5	3.1610668029118223	40.594
517.0	2.9570458310285788	20.332
517.5	2.3740807235126673	20.109
518.0	1.918704841033538	40.444
518.5	2.057223462957534	70.571
519.0	2.451952338624144	36.055
519.5	1.9062170579488333	86.225
520.0	2.1026144657312957	110.821
520.5	2.631892949758585	19.57
521.0	2.4286905710014146	80.618
521.5	2.2591740173029664	50.415
522.0	2.418655625595779	113.381
522.5	3.5224858589801458	60.509
523.0	2.3770978312433932	70.471
523.5	2.5485096294311647	50.305
524.0	2.2509937703521823	40.239
524.5	2.329807712117215	50.581
525.0	2.4893333259409873	100.597
525.5	2.094742062146419	60.473
526.0	1.8675696161015032	70.548
526.5	3.321256019629272	70.949
527.0	1.8488135507241263	40.635
527.5	2.1844350800091052	44.905
528.0	2.676755745680011	80.253
528.5	2.40070355651129	32.768
529.0	2.3658523118473505	20.214
529.5	2.849022795418667	70.654
530.0	2.7277122339132984	24.19
530.5	2.1281712609875654	50.326
531.0	2.9141031070069356	40.346
531.5	2.736633126456085	59.343
532.0	2.7038319748870907	73.803
532.5	2.508814190608968	18.051
533.0	3.025718384564537	60.339
533.5	2.2384364050767935	80.895
534.0	2.8411778493248265	22.535
534.5	2.0737124055351424	22.143
535.0	2.507748234766166	41.513
535.5	2.051118772937028	131.131
536.0	2.5233452057087025	30.277
536.5	1.9695515066783802	90.666
537.0	2.0115137872766127	60.33
537.5	2.4744048312277855	100.574
538.0	2.2005407202232683	70.489
538.5	2.4911182251761694	70.598
539.0	2.0170628391867083	18.02
539.5	2.334712728650473	70.368
540.0	2.3723597850596696	50.346
540.5	2.8388899935770198	80.647
541.0	2.0585438136866463	120.636
541.5	2.469396083812265	38.358
542.0	1.7669531437327854	80.568
542.5	2.8616898669161968	80.503
543.0	1.8758075816036637	40.463
543.5	2.1481073843057676	50.465
544.0	1.5946218449260088	53.64
544.5	2.7333067144613445	60.179
545.0	2.8171302371605407	20.259
545.5	1.844343033397378	30.055
546.0	1.4690813465049548	22.689
546.5	3.1929959922120097	100.76
547.0	1.99441434988461	21.546
547.5	2.148939180510898	50.121
548.0	3.590658052158348	50.391
548.5	1.961651396746422	40.204
549.0	2.814358306137002	46.591
549.5	2.4034665452871287	50.387
550.0	2.5298749376004537	20.054
550.5	2.5977822321597164	70.483
551.0	2.4285255889072253	21.091
551.5	2.606951697103685	20.144
552.0	2.289510730667005	21.155
552.5	2.442166679002025	20.362
553.0	2.284540561825332	38.661
553.5	3.1311506121627186	20.245
554.0	2.671619021182584	39.596
554.5	2.4506251090819444	70.244
555.0	2.4558299796994225	40.441
555.5	2.168819126818677	50.356
556.0	2.3103673089714927	70.682
556.5	1.7376342553170354	50.435
557.0	2.294441836867994	27.073
557.5	1.7167255502020815	110.955
558.0	2.491442933050834	60.84
558.5	2.21128021660185	80.748
559.0	2.466112545474805	41.848
559.5	2.826022247831359	40.295
560.0	3.347625249327221	21.017
560.5	1.9932388500432876	120.772
561.0	2.8492979177793867	40.207
561.5	2.5809702749568086	46.631
562.0	2.0144178195353573	41.763
562.5	2.0978620062852094	70.844
563.0	2.3170637376079344	31.986
563.5	2.7196603930142564	60.303
564.0	2.1132677541744416	50.403
564.5	2.9177476750522624	70.628
565.0	1.9211216337901886	75.773
565.5	2.876359108625099	30.203
566.0	2.298396636026994	90.648
566.5	3.1123070280423057	40.558
567.0	2.0464178610495134	14.643
567.5	2.335874023934414	30.068
568.0	2.640398827705223	70.427
568.5	2.2345431398328253	80.495
569.0	2.326060931395211	99.787
569.5	2.1615553115470605	60.473
570.0	2.0498631780744283	50.45
570.5	2.6316641450592853	50.289
571.0	3.2426532646445567	20.149
571.5	2.5552678291015902	40.478
572.0	2.873110190096388	21.429
572.5	2.265385313986577	60.861
573.0	2.903689930634209	60.449
573.5	2.138963871899341	15.857
574.0	1.832178386744955	130.829
574.5	0.15811655971616398	49.976
575.0	5.252173369394499	40.249
575.5	1.9376922670338346	72.99
576.0	1.5521083497876857	70.354
576.5	1.7159126871292312	60.351
577.0	1.9838458214827757	93.914
577.5	1.7302411762916872	50.413
578.0	1.8599465613047084	80.649
578.5	1.4919638710542493	69.712
579.0	1.7586720260168252	78.439
579.5	2.221638149418092	95.286
580.0	1.7722653215446076	115.633
580.5	2.257279200449738	81.127
581.0	1.7473974000186907	20.179
581.5	2.1302544505837053	13.732
582.0	2.378746190917579	60.487
582.5	2.034091883182681	70.302
583.0	2.140404069037107	39.289
583.5	2.243718385187344	140.937
584.0	2.358874116499774	41.55
584.5	2.2360685511926475	70.343
585.0	2.265722670515741	124.767
585.5	0.15318646046884252	11.647
586.0	1.2453158759399674	50.413
586.5	0.16209704205398012	50.86
587.0	1.4769794669218723	60.444
587.5	0.9403364980503874	80.641
588.0	0.6780843912957774	40.701
588.5	1.8481677802930714	20.076
589.0	1.8170497474759746	50.203
589.5	1.87267801261699	80.601
590.0	2.3463797455276834	40.382
590.5	1.6104465269163568	20.137
591.0	2.361053418517352	83.002
591.5	1.7255326270227123	475.06
592.0	0.15863588912168197	475.06
592.5	4.3954282008622085	100.587
593.0	1.5063438918689005	74.333
593.5	1.5788134097962783	72.331
594.0	2.2492656642315962	80.665
594.5	2.1091791705326104	62.86
595.0	1.5217454921851445	67.667
595.5	1.58459492729428	20.164
596.0	0.7007860037834825	20.145
596.5	2.890752006433674	110.824
597.0	2.4212134510109498	20.188
597.5	1.8751905448028074	12.711
598.0	1.957761823249776	95.332
598.5	1.539529382147254	70.448
599.0	1.6497416266441534	73.316
599.5	2.090267329917635	72.977
600.0	1.5372025686540631	73.052
600.5	1.488662695028772	212.281
601.0	0.8611739902374506	444.766
601.5	0.8422563432028872	176.484
602.0	0.3189400334572975	380.236
602.5	0.6917645383720253	1500.037
603.0	1.1806752068858142	952.344
603.5	1.710738716744026	36.587
604.0	2.39426898234137	20.234
604.5	1.7209496837343592	60.499
605.0	1.5833063213645588	70.544
605.5	1.5749818970293379	475.407
606.0	0.17974351374335829	475.407
606.5	0.9171883852884314	430.576
607.0	0.4481001189484868	925.014
607.5	0.12987408303574205	10.849
608.0	3.6622957142197086	20.012
608.5	2.320360035555477	40.277
609.0	3.0132129851714002	50.201
609.5	2.4167806407952894	15.729
610.0	2.731617619056388	80.703
610.5	1.890815298859701	85.753
611.0	2.3248699219832347	70.54
611.5	2.862408538318417	60.669
612.0	2.4758072421819035	40.179
612.5	1.9866752484305927	20.208
613.0	2.0393877993956475	123.562
613.5	2.4106305903310976	60.423
614.0	3.008808258568798	80.485
614.5	2.012376885066347	80.612
615.0	2.7031402066395835	25.518
615.5	2.272310452456103	50.491
616.0	1.9386321591859375	50.199
616.5	2.9427947829266237	19.144
617.0	2.2297136355391745	19.981
617.5	2.874742693971056	30.294
618.0	2.253595580333441	40.192
618.5	2.113078986484501	80.678
619.0	2.094827860323155	34.541
619.5	3.287107479919024	40.408
620.0	2.320533160553996	100.778
620.5	2.3906006552257644	88.607
621.0	2.15400283868481	50.461
621.5	2.2987024242726237	88.146
622.0	2.4368850759544554	80.59
622.5	2.1338607357951656	41.181
623.0	2.498205392035296	90.419
623.5	2.4609996496632753	16.286
624.0	2.2071628491429465	43.972
624.5	2.3269264933817375	20.203
625.0	3.2088210853482124	40.351
625.5	2.1052219283255247	80.099
626.0	2.3518412702922142	20.107
626.5	2.7686539638619947	50.31
627.0	2.092518052543483	20.075
627.5	2.2071839907277733	121.538
628.0	1.3219463649362722	282.628
628.5	3.4297008276985523	202.208
629.0	2.5984893916083305	100.839
629.5	2.733339288417596	171.904
630.0	2.2954789122864225	70.586
630.5	2.3291748662304865	50.362
631.0	2.8124238169184506	20.268
631.5	2.006739510244945	37.478
632.0	2.3984555828006724	36.292
632.5	2.8125326633467354	20.273
633.0	3.395467970338925	30.676
633.5	2.2459381456727425	60.369
634.0	2.3231582134953648	60.364
634.5	2.3392217007107634	16.564
635.0	2.355023014157797	50.447
635.5	2.966953987448585	14.571
636.0	2.2748646666824643	60.45
636.5	2.156398461522037	121.423
637.0	2.159240555967145	80.68
637.5	2.751391360790651	100.349
638.0	1.9881736767507567	70.503
638.5	2.024449743654017	20.191
639.0	2.3679103008126665	80.606
639.5	2.049273882780569	90.676
640.0	1.8417245880592115	85.949
640.5	2.622450498454678	70.66
641.0	2.831758753782836	50.244
641.5	2.3588903816912077	56.343
642.0	2.6973260661683303	20.2
642.5	2.032399052244382	70.533
643.0	2.4623595138383045	40.392
643.5	1.470880260837287	35.127
644.0	2.7594651257631875	65.414
644.5	1.7423345364084004	45.555
645.0	4.715662161132301	40.542
645.5	1.9633980262926614	90.659
646.0	2.4336687626543965	35.534
646.5	2.1419612588366306	100.785
647.0	3.8154639057311033	100.442
647.5	2.9891653083231553	25.571
648.0	2.235410939422582	162.003
648.5	2.999058206283072	45.671
649.0	1.1431335731620769	222.149
649.5	2.534761186507278	50.565
650.0	1.6744934966361125	56.125
650.5	3.8691706393946808	70.538
651.0	0.1385115994602119	18.824
651.5	5.768825195100778	150.751
652.0	1.3747715335355637	90.691
652.5	2.0946140557370114	211.885
653.0	1.9210187336887456	37.961
653.5	1.8852005161900778	37.407
654.0	1.1863736138630285	50.349
654.5	1.602688420480239	110.922
655.0	1.61800191869227	57.78
655.5	2.644675923403495	70.614
656.0	1.7120585232859313	50.206
656.5	1.8180585138996608	100.558
657.0	1.7071332972291076	70.415
657.5	1.577018577025419	47.09
658.0	0.9466816994172734	70.441
658.5	1.9608875432914417	21.095
659.0	2.032969461722271	86.793
659.5	2.2407435165742666	18.924
660.0	1.2765700047985857	161.26
660.5	1.8446202396578193	90.81
661.0	1.693320306646563	110.763
661.5	2.0218931054774525	70.47
662.0	1.5735254111862012	126.712
662.5	2.3400758569393547	20.169
663.0	1.7137730931440767	110.465
663.5	1.56104225060286	60.425
664.0	1.801146874391122	37.225
664.5	2.1269663945459323	70.908
665.0	1.9362404287146242	91.887
665.5	1.653411293406785	67.214
666.0	1.8152106375641566	90.561
666.5	1.6011133449582835	30.254
667.0	1.80556610251896	76.362
667.5	1.949106115626565	97.384
668.0	1.2763417447581744	66.92
668.5	2.0609607754559867	100.684
669.0	2.170531755765605	24.761
669.5	1.6616577910082144	100.836
670.0	1.7451807127405372	40.389
670.5	1.6449487316497655	90.743
671.0	1.7713689419053913	161.088
671.5	1.9561943651618516	110.451
672.0	1.4377255575447268	16.511
672.5	1.4795333335498884	46.7
673.0	1.4280543360468423	60.75
673.5	1.6073078887801793	70.45
674.0	1.3620836244580417	110.81
674.5	1.9615229743682714	30.278
675.0	1.6298395675960702	37.21
675.5	1.0082097041336104	40.35
676.0	1.5649320127365403	50.311
676.5	1.3675855613970291	110.695
677.0	2.1675819973073533	30.403
677.5	1.8331917441883756	69.521
678.0	1.4132729226303304	130.94
678.5	2.1726556368033467	16.232
679.0	1.4688262262002525	120.944
679.5	1.2467470000642409	110.782
680.0	1.6512456199341432	100.513
680.5	2.005594316919062	90.426
681.0	1.7223340516290695	70.627
681.5	1.9915604375564806	60.513
682.0	1.7374660538016509	90.578
682.5	1.800266281130923	139.605
683.0	1.5439336290870136	29.913
683.5	1.7136896110063262	20.458
684.0	1.5248220236166505	20.142
684.5	1.42295536931278	70.776
685.0	1.6456439899459872	30.205
685.5	1.7386842964532478	100.688
686.0	1.950038682355738	90.85
686.5	2.28630523022018	40.355
687.0	0.7559002928010055	130.954
687.5	1.5225412460543315	20.167
688.0	2.022842032625769	80.619
688.5	1.4602779251504086	94.406
689.0	1.6433607765868583	60.549
689.5	1.2890372317707544	88.104
690.0	1.5981894638504353	48.06
690.5	2.9975844842119983	36.852
691.0	1.2019937715440203	90.49
691.5	1.8222729152523618	130.996
692.0	2.2789377106275825	110.788
692.5	1.5964720938278247	69.687
693.0	1.577392696625307	17.775
693.5	1.4167321109507989	100.778
694.0	2.2379289356176106	60.46
694.5	1.7038679445120808	44.553
695.0	1.2033948792611557	69.017
695.5	1.9576904677801321	91.139
696.0	1.2617403371319036	131.02
696.5	2.229767291156305	90.787
697.0	1.2248003567892332	78.828
697.5	1.7564332961063074	43.086
698.0	1.6313767159985444	37.062
698.5	1.9016467649571647	100.914
699.0	1.299192749032743	43.771
699.5	1.5635624618067927	100.702
700.0	1.6884657221894863	50.308
700.5	1.7932200395315159	36.919
701.0	1.7377352727603936	110.816
701.5	1.7840225819355537	30.227
702.0	2.7725098186471078	100.349
702.5	1.0190975665907203	80.56
703.0	1.7872215985920754	50.577
703.5	1.9292488129913035	24.971
704.0	2.2066013758920127	31.983
704.5	0.5362417885202764	80.531
705.0	2.6296041367927843	70.34
705.5	1.5207356444055764	100.643
706.0	2.0607948384873693	21.356
706.5	1.2058394588855819	20.206
707.0	1.9805988295111252	40.292
707.5	1.8797835819032886	19.825
708.0	1.9432293664792084	100.813
708.5	1.7121725122504965	40.641
709.0	1.6184167323372671	99.686
709.5	1.641786532494169	100.63
710.0	2.0596115665655694	124.027
710.5	1.1896196203227745	20.146
711.0	1.6171109241473143	80.312
711.5	2.6275858243821077	48.558
712.0	1.530303704523123	60.463
712.5	1.6283754009629512	29.142
713.0	2.14036424524104	60.502
713.5	1.4398139546521918	100.612
714.0	1.5920875952218474	27.341
714.5	1.3893218643777518	121.025
715.0	2.091620781301324	39.838
715.5	1.8321686504248949	38.888
716.0	1.378081658259809	60.484
716.5	2.102807651634171	60.269
717.0	2.49092945338521	41.076
717.5	1.5257432280962027	50.26
718.0	1.9008486400117344	80.782
718.5	1.2884821344905355	100.693
719.0	1.8333115151131663	20.13
719.5	1.624304315170984	100.638
720.0	1.7951764819042695	30.825
720.5	2.2460001788097426	18.3
721.0	1.6648043207726477	40.554
721.5	1.877120357240859	92.355
722.0	1.3887976970901306	90.667
722.5	2.04964616134032	100.967
723.0	1.5262406998183997	99.331
723.5	1.7357608354252725	90.899
724.0	2.002825995262299	90.77
724.5	1.4316461621771424	95.25
725.0	1.452673998748067	120.811
725.5	1.187652209189149	20.559
726.0	1.8682210026044512	100.915
726.5	2.2218686801004512	50.325
727.0	2.0896352255831445	60.244
727.5	1.9949284417375301	110.537
728.0	0.7502846110038995	110.858
728.5	1.9144515351556595	50.295
729.0	2.167108137634326	22.192
729.5	1.652836499723192	23.474
730.0	1.1534431037738968	90.564
730.5	2.1409051004463144	50.447
731.0	1.7623826228126958	200.266
731.5	2.079098875642567	80.609
732.0	0.873707021806092	90.794
732.5	1.8086151430890982	111.021
733.0	1.7558137763194677	40.308
733.5	2.1368660239138424	50.548
734.0	1.284106339561254	80.612
734.5	1.8678705538970095	90.674
735.0	2.177437867756871	80.39
735.5	1.6182363790235712	50.388
736.0	1.5326235508389445	18.891
736.5	1.6250257135832713	91.368
737.0	2.194362740676185	150.895
737.5	1.396218376040117	90.742
738.0	1.6966821465212525	121.023
738.5	1.9017243115886209	90.536
739.0	2.314154007015591	50.241
739.5	1.4229005268761008	96.103
740.0	1.3821998195466012	79.568
740.5	1.7672861300889198	69.629
741.0	2.149733375439328	50.323
741.5	1.1719720360471846	60.281
742.0	1.8929148957302526	84.372
742.5	1.9330536189114982	65.057
743.0	2.468021059043451	80.672
743.5	1.437850950164374	50.425
744.0	1.5844645359557883	140.87
744.5	1.6225503082333408	110.919
745.0	1.6201797982291342	100.649
745.5	1.4224492508176183	95.37
746.0	1.4807585498570945	50.421
746.5	1.644589545565657	22.456
747.0	3.2847911957261156	50.499
747.5	1.4854518881337302	43.058
748.0	1.818239420735088	50.446
748.5	1.934290555699146	49.828
749.0	1.5903842390953893	90.467
749.5	2.1238145236723103	74.812
750.0	1.7690572795207624	100.664
750.5	1.6629732540936588	80.566
751.0	1.9441613226942915	89.781
751.5	1.4633029661736292	100.707
752.0	1.7827757351952054	28.498
752.5	1.5442603417266056	80.573
753.0	1.4892376359980073	120.852
753.5	1.5786353812178104	95.569
754.0	1.6991919262669584	30.237
754.5	2.2381645562798127	30.213
755.0	1.0159390095793577	80.485
755.5	2.1959526358585904	70.526
756.0	2.032266371236086	87.83
756.5	1.4389310895856326	114.815
757.0	1.9907075904034413	20.17
757.5	2.1655871183599475	100.547
758.0	2.2654422302982513	61.375
758.5	2.0646695066799907	113.764
759.0	0.5713943170382653	90.665
759.5	1.6268378879086407	27.969
760.0	2.2001842924023056	151.238
760.5	2.655119401738342	70.577
761.0	0.49331141760861436	19.019
761.5	2.067992399330223	110.57
762.0	1.714531543273123	19.983
762.5	2.6207570172951775	27.474
763.0	0.8748628778777053	100.032
763.5	1.8668663372090597	50.483
764.0	2.133929131390024	18.876
764.5	1.652412415496171	141.032
765.0	1.412947162500318	100.768
765.5	1.9134005063566444	131.3
766.0	1.9207585738839306	16.448
766.5	1.985361009272743	80.604
767.0	1.5303097511179646	30.211
767.5	1.6054070809083107	40.15
768.0	1.363342499662248	45.598
768.5	1.8165525078147133	50.369
769.0	1.5303550572664208	130.867
769.5	1.77256591719071	70.436
770.0	2.3639956138241156	48.825
770.5	0.6631908013141805	30.195
771.0	1.9909181073613798	20.343
771.5	2.0339486666944273	107.699
772.0	2.272585238980705	20.153
772.5	0.7675703891819758	100.747
773.0	1.5395976717909936	48.757
773.5	2.134208409953876	88.572
774.0	2.7344254912928725	85.101
774.5	1.2166468720970647	60.457
775.0	1.7934307453486835	46.63
775.5	1.8104730556578896	110.697
776.0	1.7710222173869257	110.846
776.5	1.7129200590709406	90.603
777.0	2.3533858905248364	40.502
777.5	1.3640508785067975	47.79
778.0	1.4182538309238155	16.908
778.5	1.7889947795576104	100.358
779.0	2.2711686431972082	60.329
779.5	2.2075791122320894	30.395
780.0	0.6773893513635806	60.462
780.5	1.7762917415373494	90.843
781.0	1.326367058523149	30.212
781.5	2.7125738041997085	43.911
782.0	1.0884133180359934	50.408
782.5	1.9590645790400802	80.568
783.0	1.6120519367153672	80.514
783.5	1.6851500249534666	37.43
784.0	1.3502810618005316	46.995
784.5	1.6710484925694449	90.676
785.0	2.0759436391816166	16.277
785.5	1.6213861709802013	77.97
786.0	2.0988738817269996	121.103
786.5	1.4716042464456551	74.538
787.0	2.164414026361823	20.102
787.5	1.3351222690950801	38.895
788.0	2.188851999751067	103.165
788.5	2.0199723536313634	70.443
789.0	1.8277230161597449	39.064
789.5	1.8348126230417836	100.621
790.0	1.9970937062967418	40.246
790.5	1.551707211108792	56.821
791.0	2.498630302728141	27.963
791.5	0.6829832218600795	74.219
792.0	1.88181151366237	16.582
792.5	1.5483566905365398	76.016
793.0	1.990899831155111	100.36
793.5	1.3469742956339745	51.179
794.0	2.017644871631867	110.564
794.5	1.8942138384335558	20.2
795.0	2.2234448987411715	50.409
795.5	1.5253671745480994	110.653
796.0	1.9224725907373579	80.487
796.5	2.306629446362741	82.477
797.0	2.351762925080821	25.729
797.5	1.3370139856259158	90.575
798.0	1.7174622886238335	41.879
798.5	1.8628061230500175	20.137
799.0	2.0249017663102897	37.531
799.5	2.3679509522428503	80.084
800.0	1.725987824507226	60.493
800.5	2.412142625730852	57.685
801.0	1.5892993397541872	70.545
801.5	1.4878936421446678	78.037
802.0	2.1352231716577483	90.614
802.5	1.6972645454295843	138.699
803.0	2.3159176099831362	100.726
803.5	2.087645563371446	16.089
804.0	1.5868184480957694	18.774
804.5	2.7681223514281785	60.41
805.0	1.2210583900824326	16.357
805.5	1.319846641048116	110.984
806.0	1.7977480589369033	74.298
806.5	1.853427663323314	70.576
807.0	1.803138538776036	68.517
807.5	2.370604794639806	80.628
808.0	2.020780628267315	93.198
808.5	1.452971651797686	21.867
809.0	0.9691761680667546	123.136
809.5	1.5564673627002612	45.888
810.0	1.6245597409435553	90.897
810.5	1.5551859664296173	90.716
811.0	1.5182960653769315	87.547
811.5	1.7689859521840654	67.164
812.0	1.7871606212067859	50.322
812.5	2.1373490466795735	60.518
813.0	1.6529518754070514	100.606
813.5	2.237519082539184	30.246
814.0	1.7329889008814578	17.894
814.5	1.859494290822645	87.684
815.0	1.7331768390907154	50.468
815.5	2.381311218992906	100.759
816.0	2.25788808472112	65.754
816.5	1.4745671537116074	70.524
817.0	1.8522800475531307	69.194
817.5	2.518148970696156	50.37
818.0	2.2257195073509135	40.193
818.5	1.6925889833185834	20.126
819.0	1.6687704957247638	70.547
819.5	2.2062028349134297	121.275
820.0	2.0039322513365527	90.571
820.5	1.678176057593605	111.138
821.0	2.352067272493323	65.723
821.5	1.3554209709235852	110.678
822.0	2.199363891043977	100.666
822.5	1.2482465153471511	60.436
823.0	2.0827382868759217	38.309
823.5	1.94032214246399	90.438
824.0	1.9432896797315415	83.507
824.5	1.6596504630529385	16.745
825.0	1.4869231120562498	84.469
825.5	1.3583931722795404	130.845
826.0	1.660585737002481	25.211
826.5	1.6224046930872953	100.815
827.0	1.8995475702511306	110.798
827.5	1.4511461314057752	19.577
828.0	1.6154358296811286	20.531
828.5	1.5570145304377287	20.273
829.0	1.7610634018294649	40.159
829.5	1.3486131383969393	70.165
830.0	1.8614594486356058	110.96
830.5	2.3099744934327284	17.254
831.0	2.106389625213731	20.362
831.5	1.6452885932465935	130.938
832.0	1.7069940867402003	161.099
832.5	2.5681529609315676	102.183
833.0	1.2438089911151062	120.577
833.5	1.3979180366308344	75.122
834.0	1.7570089648013743	50.352
834.5	1.64046285549427	33.747
835.0	1.7787710807618684	50.614
835.5	1.5881793139235523	100.551
836.0	1.280132309990861	50.347
836.5	2.3199660123932864	89.457
837.0	1.932653957105718	80.458
837.5	1.9966366467912824	19.913
838.0	1.7710789604501604	21.124
838.5	1.9935732403122595	40.694
839.0	2.112323123050863	131.194
839.5	1.414320954337906	20.179
840.0	1.574032582194076	50.347
840.5	1.9180494336690062	110.816
841.0	2.230010529210452	133.734
841.5	1.7896982457342954	17.247
842.0	2.1436159888136697	80.597
842.5	2.0677873716573836	90.691
843.0	1.4962145104222981	140.96
843.5	2.3504640840820326	131.042
844.0	1.916078315167385	56.841
844.5	1.6588025589355289	114.862
845.0	1.8747412865462532	18.695
845.5	1.644665693478709	26.369
846.0	1.5556423845437937	53.658
846.5	1.6669407588770753	70.535
847.0	1.976973085294031	79.862
847.5	2.099242287986122	90.522
848.0	1.9972527392607324	16.857
848.5	2.722898448249803	81.084
849.0	1.078562632593561	120.64
849.5	1.7543222899289217	90.698
850.0	1.793109851226505	118.777
850.5	3.0174740361560994	70.714
851.0	1.315291607445041	90.503
851.5	1.799917105715808	117.542
852.0	1.9414072068845591	80.464
852.5	2.168354336142553	28.102
853.0	1.2939977758508565	120.896
853.5	2.0284512367502834	80.879
854.0	1.9321119518848318	92.178
854.5	1.7208741115504416	50.374
855.0	1.2072629110957314	70.662
855.5	1.9890729222760342	70.527
856.0	2.182203661233862	120.804
856.5	1.9037739943341108	83.639
857.0	1.4616321705476523	100.631
857.5	1.689786265759481	90.592
858.0	1.6597900764871982	62.954
858.5	2.1483248877947116	40.231
859.0	2.04373670437156	110.529
859.5	2.1294742090213084	30.404
860.0	1.2941380541837473	39.325
860.5	1.5918324797594958	16.554
861.0	1.9970243319439223	212.272
861.5	2.48138842432956	100.525
862.0	1.71150386674049	109.652
862.5	1.4348283261916266	130.891
863.0	1.5958107096091112	110.599
863.5	1.7616897543461716	30.174
864.0	2.2054816402301074	71.116
864.5	1.6844804489317828	41.963
865.0	1.6190906580326363	86.427
865.5	1.9483197851132048	20.271
866.0	1.8254658774474795	90.519
866.5	1.874339512672991	40.258
867.0	1.6072183529637483	60.284
867.5	2.2283302024236975	100.647
868.0	1.2712718476250047	56.627
868.5	1.8718195472330403	100.54
869.0	2.1832741980456216	68.778
869.5	1.9496802133697961	49.912
870.0	2.093024038179055	49.222
870.5	1.9304133245045438	80.423
871.0	2.145762620769775	35.482
871.5	2.120351041930329	40.272
872.0	1.4527573951504558	60.493
872.5	2.0370395974681665	110.707
873.0	1.8240964462737312	56.698
873.5	2.7781539996529205	120.782
874.0	2.23995817759424	18.916
874.5	1.9079460798099326	30.316
875.0	1.7600696980563804	80.53
875.5	1.6593791410748921	83.251
876.0	1.503232109992707	138.636
876.5	1.5686303763444767	50.381
877.0	2.19789816238723	46.275
877.5	2.3679221658404925	50.351
878.0	1.8078094193879184	82.856
878.5	2.1556940270440883	120.94
879.0	1.8865939085827932	102.916
879.5	1.5415105600894303	20.391
880.0	1.3555234769814106	100.642
880.5	1.590270418555399	110.711
881.0	1.9613098985894037	110.579
881.5	2.245410968026656	141.048
882.0	1.7160667699339505	80.642
882.5	1.4922939576650642	70.402
883.0	2.0907184505452996	20.648
883.5	1.9671307965336684	108.627
884.0	1.8536310891327477	47.016
884.5	2.105070587906849	30.245
885.0	1.9889987479771993	20.232
885.5	1.1401912474322244	50.392
886.0	1.7145686396730964	50.21
886.5	1.711949477465315	37.165
887.0	1.7374010576533188	39.238
887.5	1.8410865128421965	40.253
888.0	1.7989246919751267	40.664
888.5	1.3126470441207252	57.262
889.0	1.8661275905676087	40.335
889.5	2.0124619241351733	50.327
890.0	1.9553881656293934	42.705
890.5	1.6853702635885588	120.749
891.0	1.5918402073767788	90.462
891.5	1.4007983255301089	120.619
892.0	1.373864659784694	24.295
892.5	1.4264069887416477	67.164
893.0	2.143818834685284	19.305
893.5	1.964073268517842	77.861
894.0	1.8295703476888365	40.297
894.5	2.02901843880308	40.925
895.0	0.8074304264070166	16.318
895.5	1.792026093708982	50.377
896.0	1.8566909205709947	120.743
896.5	1.990816042229382	19.782
897.0	1.3565245436021265	60.449
897.5	1.4322135522933932	50.342
898.0	1.626400096431661	110.698
898.5	1.1876526223356825	145.713
899.0	2.117789084870485	39.152
899.5	1.5022882291792434	16.537
900.0	2.2024013208339257	80.402
900.5	2.569431000282469	41.824
901.0	0.9047296027576844	69.668
901.5	1.4335273991009372	30.214
902.0	1.5375019982600628	81.991
902.5	2.8527476333289554	77.014
903.0	1.5425506780824132	21.048
903.5	1.421309190668322	50.39
904.0	1.4754542453581585	120.962
904.5	2.003381507403916	60.442
905.0	1.5353905400608228	90.461
905.5	2.3655421393529523	91.31
906.0	1.4243590509405213	70.526
906.5	1.9862121339598824	40.372
907.0	1.4646812667410185	30.365
907.5	1.3926943010038113	40.279
908.0	2.090960859321042	121.038
908.5	2.0369342717942134	110.953
909.0	1.5141554979961585	15.89
909.5	1.7464293441028258	47.803
910.0	2.667582260453222	151.022
910.5	0.9186614101836358	44.379
911.0	2.457458613553264	40.179
911.5	1.6519210788551086	100.703
912.0	2.431600202735955	110.869
912.5	1.4328640220541702	50.324
913.0	1.307572110240852	120.855
913.5	1.6506098635305348	120.983
914.0	2.6200869205460386	38.351
914.5	1.0798430807273758	40.411
915.0	2.0556176490537936	81.687
915.5	1.9050379907227408	60.37
916.0	2.4355747147396047	121.045
916.5	1.3089583338702149	39.201
917.0	1.5295508422078028	50.471
917.5	2.073081222813806	62.354
918.0	2.036063853586085	40.447
918.5	1.329435243545862	72.023
919.0	1.5578972557966457	30.208
919.5	1.5735156301980981	25.707
920.0	1.787599622572197	20.482
920.5	1.4691807401443604	121.037
921.0	2.048109721927961	16.671
921.5	2.387789960064636	91.038
922.0	1.7151821073727629	70.363
922.5	1.7356414126536672	100.644
923.0	2.042076597284767	24.445
923.5	1.4762395232004526	18.552
924.0	1.9021584433379644	78.422
924.5	1.3673250400885983	39.585
925.0	1.4471587763400473	100.598
925.5	3.329554695180792	122.08
926.0	0.691270217191413	89.719
926.5	1.9514949461908506	80.542
927.0	2.1404806076456393	50.825
927.5	2.4115879537975387	97.989
928.0	0.5622877323732339	121.193
928.5	1.7746775624379407	100.774
929.0	1.4206490404449592	90.645
929.5	2.1354520997095046	152.106
930.0	1.0087842696741491	140.991
930.5	1.7688766918504388	110.852
931.0	2.29958019190432	56.203
931.5	1.8693387019673833	27.49
932.0	1.1228431392995002	70.574
932.5	1.8099372307204478	80.532
933.0	2.4222142081067912	17.897
933.5	1.8988259584968914	90.624
934.0	1.7862207071116776	19.346
934.5	1.821566181970096	16.497
935.0	2.2889832703307373	109.461
935.5	1.202005720843399	151.679
936.0	1.4905863711602647	24.873
936.5	1.9468531226970678	60.473
937.0	0.9637613045241014	106.373
937.5	2.276075324441945	50.37
938.0	1.7334109971133262	130.998
938.5	1.6489102483467293	80.477
939.0	2.312959294800689	120.926
939.5	1.8733297049911535	41.872
940.0	2.4052753568565812	126.388
940.5	1.642664318142736	101.58
941.0	1.7514292375004854	70.498
941.5	1.161613919616994	110.616
942.0	1.7784086393661755	100.647
942.5	2.0941598953838683	100.685
943.0	1.8979435835592713	46.875
943.5	1.5693538299784222	90.515
944.0	2.065608068095301	90.418
944.5	1.288631248347071	100.581
945.0	1.7313378264523465	110.804
945.5	1.9955079074053665	58.456
946.0	2.1155473250502537	110.69
946.5	1.9034131011486617	34.472
947.0	1.1193074650289814	20.123
947.5	1.9139334610819227	30.196
948.0	2.0153447280404686	30.265
948.5	2.4920400949387584	40.409
949.0	1.4926829749081025	20.179
949.5	1.5938273104212188	66.886
950.0	1.8682809054692504	50.362
950.5	2.039021942714836	135.906
951.0	1.0421491270581156	71.331
951.5	1.704641531538714	131.054
952.0	2.2156774085033533	16.282
952.5	2.833504745917371	90.684
953.0	1.51575217259931	98.699
953.5	1.5778861233122345	49.918
954.0	1.702160549939278	86.887
954.5	1.6994265272214255	100.751
955.0	1.2006816006220657	90.614
955.5	1.8562753528489193	50.32
956.0	2.1399393199495043	95.536
956.5	1.580769731262089	69.964
957.0	1.6117408474703019	110.709
957.5	1.7814685482755226	109.726
958.0	2.0482222602559848	81.354
958.5	1.992733005485335	90.76
959.0	2.0574890467253817	50.237
959.5	1.93784246137026	90.656
960.0	2.4962813506314965	22.015
960.5	0.8181848900898188	90.553
961.0	1.5040250898722936	192.063
961.5	1.8260229258983338	99.235
962.0	2.3956018474352323	80.816
962.5	1.9440041626629423	60.563
963.0	1.4541231879093528	141.026
963.5	2.004549351026741	100.73
964.0	2.0864706137860627	43.518
964.5	1.5941078575932985	21.39
965.0	1.7482246595082398	25.053
965.5	2.136634843567124	90.879
966.0	1.8581254098519278	70.927
966.5	1.6270803364662814	40.232
967.0	0.9573237114979789	120.92
967.5	1.4908502366337142	141.188
968.0	1.325470698891758	80.687
968.5	1.91261738209748	60.883
969.0	2.0115355075230523	131.182
969.5	2.7290867747967775	138.309
970.0	0.8304594242110661	60.383
970.5	1.699344944134642	83.169
971.0	2.111853464260025	20.167
971.5	1.622270895016235	107.982
972.0	0.8400875594398866	16.585
972.5	2.59984966729198	78.691
973.0	2.508405985927939	70.418
973.5	2.0697431419704917	30.982
974.0	1.7303177810367198	50.949
974.5	1.9083872587045603	67.821
975.0	1.620911756342122	117.291
975.5	1.873779459779289	80.697
976.0	1.9779274189357083	131.356
976.5	1.7569384909698493	90.475
977.0	1.0056022082062792	152.031
977.5	2.4482060722746795	122.825
978.0	1.0028711664708165	28.178
978.5	1.2034220942273377	72.257
979.0	1.2516357982491846	32.428
979.5	2.33746986956163	20.194
980.0	0.6485283737806407	141.626
980.5	1.433326287318046	70.461
981.0	2.081794773139165	97.042
981.5	2.924878753690408	90.692
982.0	1.5365713808851924	80.56
982.5	1.9298436080637533	60.407
983.0	1.7374239787387327	67.542
983.5	1.673614258105197	100.798
984.0	1.6584954569417212	152.735
984.5	2.369552700621013	121.031
985.0	1.3565226096248553	151.042
985.5	2.5135155963625144	100.69
986.0	2.2151258284182553	60.381
986.5	1.7080591691025884	174.176
987.0	1.9752494450779827	110.961
987.5	1.8960334956653788	120.91
988.0	1.5951720804761578	50.35
988.5	1.4564794996548174	110.738
989.0	1.7140389012195936	242.609
989.5	2.2978160334809425	171.866
990.0	1.5766136909881179	197.977
990.5	1.1083583053680268	463.606
991.0	1.2583705603001303	303.251
991.5	1.986085101176756	51.95
992.0	1.1310648154294518	18.084
992.5	1.5879321405246467	100.595
993.0	1.486889677627672	20.692
993.5	1.5375539596938173	141.002
994.0	1.3702317614082309	22.926
994.5	1.67058576200934	100.949
995.0	0.596347053427905	25.766
995.5	1.4426414972058244	96.947
996.0	1.541521357897164	91.21
996.5	2.404622937796548	34.473
997.0	0.8746329901376528	40.337
997.5	1.5627009819559239	70.418
998.0	1.5533090766280215	39.781
998.5	2.7623134486260046	28.684
999.0	0.553818780987783	90.186
999.5	1.3863797183819704	35.933
1000.0	1.8176219673732665	70.55
