0.5	0.12992594127220156	9.164
1.0	2.591044570471234	9.385
1.5	0.3377458961920492	24.685
2.0	0.1421762221288268	131.206
2.5	4.879994766464449	16.976
3.0	5.803321865740025	175.971
3.5	3.087207903075623	19.404
4.0	1.9451838042761995	15.639
4.5	1.0295926980260934	12.758
5.0	2.423692012039702	60.247
5.5	1.6465231258751982	80.617
6.0	1.97865155087851	12.311
6.5	1.51938781861036	46.985
7.0	1.3272315814944788	100.819
7.5	1.8961147685739448	30.199
8.0	1.9039995675793948	120.667
8.5	1.8200197536462794	44.787
9.0	1.930173130843346	100.584
9.5	1.7127330519034296	50.299
10.0	1.6316604253271292	110.823
10.5	1.9461794451902699	121.047
11.0	2.803406502539505	111.028
11.5	2.5168731885738973	303.162
12.0	3.150942387523932	282.293
12.5	2.003396609302165	13.396
13.0	1.842290016478369	70.385
13.5	1.9926255852056842	30.156
14.0	1.8095950292575	50.339
14.5	2.518002674092254	50.284
15.0	1.5163134023422715	14.704
15.5	2.2918066484585986	88.581
16.0	1.8243058983458997	70.488
16.5	1.3564909610849056	35.432
17.0	1.6793073362551487	140.237
17.5	2.039546014679748	70.606
18.0	1.618734953020688	73.888
18.5	2.476560548707217	23.025
19.0	1.4631916595599552	130.889
19.5	2.169907630205266	90.304
20.0	1.7751727865063243	60.34
20.5	1.9446178478105485	70.489
21.0	2.042494562832707	90.646
21.5	2.1777644139751993	30.194
22.0	2.2345973901782212	127.444
22.5	1.972232721145973	121.102
23.0	1.6320387816720014	209.825
23.5	2.3176330858430365	20.279
24.0	1.6880786619175079	110.635
24.5	2.0617743979072465	60.515
25.0	2.0831458298020293	131.414
25.5	1.7182661438784714	90.966
26.0	2.763210005136976	303.235
26.5	2.1803478526396853	13.207
27.0	2.182611548038526	151.832
27.5	3.4887600822603133	50.286
28.0	1.5918349843526023	80.57
28.5	1.6201843668898088	70.32
29.0	2.3428357128735096	20.204
29.5	1.4361560122542587	114.972
30.0	1.5216978897041264	30.15
30.5	1.4074485255725468	40.148
31.0	1.6367293651838506	120.828
31.5	1.1071220783558893	465.26
32.0	3.1899105841959385	30.234
32.5	1.5452512650317094	90.676
33.0	2.041000172030212	20.258
33.5	1.9081282423856547	60.588
34.0	2.915908533120676	30.242
34.5	3.166280660223631	30.298
35.0	2.321879143481286	40.409
35.5	1.5989132445155783	353.397
36.0	1.7680249150372114	134.271
36.5	2.611298409057796	234.907
37.0	2.2707977680570077	125.581
37.5	1.1225070030561637	17.339
38.0	1.6435553530142386	94.676
38.5	1.8188481971403596	90.672
39.0	1.4325424690228774	80.668
39.5	1.8968063620405553	19.978
40.0	1.2078689626306456	99.023
40.5	1.8196399870704858	90.273
41.0	2.343673020948363	14.377
41.5	2.2590183133558877	30.327
42.0	1.834125503130344	30.148
42.5	1.5125928502330108	50.413
43.0	1.7463284238403818	13.578
43.5	1.7175430716291382	251.982
44.0	2.8130432366543805	222.168
44.5	2.722711163341533	164.151
45.0	3.372930262449292	201.859
45.5	1.820022628251977	60.641
46.0	1.6937685844380355	37.661
46.5	2.202880773269477	50.443
47.0	1.9442601300935793	78.781
47.5	2.159405762469435	117.297
48.0	0.8566969455083666	130.923
48.5	1.90596532422371	90.61
49.0	2.3697561066703776	60.308
49.5	2.0296673142360535	70.175
50.0	1.2465001722697704	110.913
50.5	1.5441375400527078	70.544
51.0	1.791979585837299	110.509
51.5	2.4348985649495383	70.645
52.0	1.2805161778422498	110.631
52.5	2.2032785592685684	30.257
53.0	1.507258355042964	18.63
53.5	1.992262429495405	120.815
54.0	1.2232619318023854	90.415
54.5	2.0790184485640335	70.477
55.0	2.0002905992342686	90.534
55.5	1.9819759300564552	20.162
56.0	1.9256097674129282	60.78
56.5	1.727542497345334	80.445
57.0	2.637107012121066	70.703
57.5	1.6172214952387398	50.376
58.0	2.0724933981141507	20.215
58.5	1.5933490327136135	64.706
59.0	2.130629947117868	70.422
59.5	1.8745095909647236	110.638
60.0	2.5397719953897	17.063
60.5	1.892060295980347	66.525
61.0	2.1621529211264154	19.2
61.5	2.2033906679492077	20.202
62.0	1.7431841175002967	45.603
62.5	1.6664210825779089	90.544
63.0	1.7860658364943418	212.206
63.5	2.76089889578119	104.94
64.0	2.9561555716030457	120.951
64.5	2.034103807283546	138.514
65.0	2.390583994325381	37.489
65.5	1.6070817748347546	50.133
66.0	1.8331012228531633	70.497
66.5	2.2723934476255603	67.738
67.0	2.137502012590186	87.276
67.5	1.8861734931002576	60.453
68.0	2.308817001917655	114.773
68.5	1.4248501406525296	20.193
69.0	1.6164229470933473	59.421
69.5	1.8654677090506657	90.462
70.0	1.909093250614373	171.907
70.5	1.73461576700559	120.952
71.0	2.205611597109213	121.067
71.5	1.8622045672779115	30.04
72.0	1.3587735305372826	60.51
72.5	2.3735024075379023	20.189
73.0	2.1299649187288883	120.625
73.5	1.441734975751819	90.669
74.0	1.9101135965802525	46.351
74.5	2.031324243696709	26.844
75.0	2.070437305953819	20.303
75.5	1.3365676042576171	33.625
76.0	1.7418939545305858	50.421
76.5	2.010662910944762	80.723
77.0	2.1918666137568232	90.712
77.5	1.7516225962931111	15.322
78.0	1.6474819978293287	90.507
78.5	2.255734910850027	81.337
79.0	2.3181287986385732	138.782
79.5	2.524316935500112	117.716
80.0	1.5553179600248093	616.352
80.5	1.504985827047125	99.343
81.0	1.9114047642028384	40.291
81.5	1.9743427459318281	115.662
82.0	1.6884437919953925	80.561
82.5	1.5980142966907982	60.365
83.0	1.6679756098835896	60.565
83.5	1.9100016610997086	143.019
84.0	2.9508269837589682	86.868
84.5	1.877126099535774	140.604
85.0	1.9740574214141455	70.461
85.5	1.6652417176816352	20.099
86.0	1.6920066085732597	50.476
86.5	1.9767788829071624	66.527
87.0	1.9038818850763994	60.295
87.5	2.1726398543369276	111.249
88.0	1.6693598487033317	130.96
88.5	1.6936666927572182	13.366
89.0	1.9534122943812835	40.113
89.5	1.7668896858745844	13.952
90.0	2.037740996150313	70.646
90.5	1.3206966920953966	130.937
91.0	1.6381118730886768	30.083
91.5	1.4560019916732692	42.927
92.0	2.096843981298657	44.227
92.5	1.2283660560841014	30.237
93.0	2.319413747902212	13.283
93.5	1.6685970376313286	60.236
94.0	1.3690350427116258	110.627
94.5	2.1447686260761696	50.232
95.0	1.545938116164793	43.872
95.5	1.9764089929584239	83.746
96.0	1.8747159790052499	80.577
96.5	1.5277050336063969	32.446
97.0	1.9505679675048673	60.48
97.5	2.204598688392027	38.922
98.0	1.7137389235009144	110.791
98.5	1.7839196527317562	55.551
99.0	1.7522400246513856	110.613
99.5	1.8397964250925494	12.417
100.0	1.8300384765577964	80.497
100.5	2.037685931473331	60.506
101.0	1.76373383216442	80.286
101.5	1.9826362477652262	20.252
102.0	1.9251412492255437	60.967
102.5	2.09229484740792	281.038
103.0	2.097093688547379	324.365
103.5	2.9855507798392047	149.173
104.0	3.1666179506272933	99.19
104.5	1.7093836693465592	15.723
105.0	1.9651546185205766	70.464
105.5	1.804535291666395	60.407
106.0	1.687612725429389	63.549
106.5	1.7292822151481901	80.636
107.0	2.1713773142662047	30.225
107.5	2.5867450958231166	33.795
108.0	1.515689666791247	110.83
108.5	1.619579778205499	30.185
109.0	1.9498057451254514	50.174
109.5	1.9096132810237385	60.204
110.0	1.549260371967621	50.218
110.5	2.1428024546241264	110.698
111.0	2.143830742271206	80.358
111.5	1.979984928715839	90.75
112.0	1.4603767926909663	142.174
112.5	2.8040885219875133	78.16
113.0	1.7268518054461688	201.84
113.5	2.838245474955308	80.867
114.0	1.9474458756218738	80.55
114.5	2.288612532681758	80.654
115.0	1.466396785606113	70.511
115.5	2.5635212054233816	43.804
116.0	1.6883237304957428	50.301
116.5	1.2157397275730457	111.638
117.0	1.9534320613361158	60.396
117.5	1.922545780926866	83.54
118.0	1.125703553265693	80.401
118.5	1.9441898937579447	13.689
119.0	1.8894652329408537	116.956
119.5	2.3760430102557106	323.149
120.0	2.5036663966679216	31.957
120.5	1.7638985383846217	151.335
121.0	3.20255274929173	117.203
121.5	2.105811383571173	54.993
122.0	1.1878709899584068	80.682
122.5	2.102162382164695	44.812
123.0	2.0023981812942377	40.324
123.5	1.537520106308081	82.888
124.0	1.6152397857108585	14.499
124.5	1.618509034139503	64.086
125.0	1.8651997502571729	62.8
125.5	2.2667247238018033	14.938
126.0	1.847679535097806	87.096
126.5	1.648269608376709	80.462
127.0	2.0270929463936502	43.691
127.5	1.2807687267267303	100.668
128.0	2.062631851704176	80.457
128.5	2.424596729867673	30.231
129.0	1.2869408747753193	242.783
129.5	0.8077966535317576	495.314
130.0	2.9668681203526415	145.247
130.5	2.047839279258763	161.256
131.0	3.037061672168304	136.355
131.5	1.0883563529020222	80.556
132.0	1.7695355576178127	14.663
132.5	1.5245748342469654	40.334
133.0	1.7321517800595718	30.286
133.5	1.8644898696727248	64.203
134.0	1.4737204537303807	34.85
134.5	2.183257300948631	70.606
135.0	1.79955306451938	90.573
135.5	2.016676918606983	90.524
136.0	1.8624045259619584	53.331
136.5	1.6479972698570398	40.331
137.0	2.2180742821927555	211.911
137.5	2.8910285982063817	131.355
138.0	2.2342889143147264	242.948
138.5	0.8964802785801658	545.681
139.0	3.068695901673713	70.239
139.5	1.9609606087237166	14.798
140.0	1.5995698038096169	12.775
140.5	2.1377305274798073	50.356
141.0	2.314006152276343	50.04
141.5	1.2347304221604987	90.482
142.0	2.4191189757374727	20.223
142.5	2.0600562739067643	60.498
143.0	2.0243638767770284	80.603
143.5	1.6802781076217455	60.315
144.0	1.5232555810501414	120.65
144.5	1.6619493071824487	90.561
145.0	2.4821198473508588	374.258
145.5	2.2246368270473207	171.711
146.0	2.3004457309713096	20.239
146.5	2.664984743223502	143.53
147.0	1.8695171593675721	80.578
147.5	1.4558750998250953	93.574
148.0	1.6379239010964537	12.948
148.5	2.284109697840582	12.928
149.0	1.6664436560979885	12.927
149.5	1.717344000826829	80.508
150.0	2.4613794002452614	20.005
150.5	1.6221562618058942	141.021
151.0	1.9833572954227439	60.39
151.5	1.669484697785876	60.389
152.0	1.6409820619535829	130.702
152.5	1.6462174715361693	80.244
153.0	2.013187243732229	75.149
153.5	1.4889039316557415	43.345
154.0	1.779307991766249	60.42
154.5	2.0566425849808017	50.489
155.0	1.6705729405655247	70.623
155.5	1.890612813319866	60.585
156.0	1.5075769852627072	110.844
156.5	2.087397580182956	30.219
157.0	1.3374233422522361	40.245
157.5	1.8487018710833802	80.478
158.0	2.3446222808153077	60.471
158.5	1.8939075072836435	50.65
159.0	1.7493771829533964	80.578
159.5	2.003377634931568	90.605
160.0	2.055153931328246	12.292
160.5	2.565932023931765	40.001
161.0	1.0456174311532018	131.155
161.5	1.9311161657365183	100.483
162.0	1.7315149727607735	60.564
162.5	1.9789791153812055	73.542
163.0	1.4289855735987231	19.314
163.5	2.0921245864716447	53.313
164.0	1.8056541156027637	90.136
164.5	1.7479781297308459	22.082
165.0	1.83917856637312	40.269
165.5	1.7580746762500363	100.624
166.0	2.3218215444980097	90.142
166.5	2.2530266776647347	141.338
167.0	1.873903601741297	312.361
167.5	3.1571240619884793	40.262
168.0	2.406919799387897	30.231
168.5	1.9969897948315287	33.755
169.0	2.539849356857553	15.739
169.5	1.3617391920892001	60.522
170.0	1.8559470023055065	100.578
170.5	1.8421624325679802	100.698
171.0	1.5266776977540104	111.062
171.5	2.162693812615721	90.678
172.0	2.2998080374437504	16.129
172.5	1.3318175041553348	110.693
173.0	2.043875638491591	84.561
173.5	1.7580950039211272	60.43
174.0	1.7073894099052045	30.21
174.5	1.6526657803016795	20.346
175.0	1.3048757559086888	15.736
175.5	1.485881315660093	90.533
176.0	2.061623632040766	20.322
176.5	1.2720621737800286	65.461
177.0	2.2170161623425306	70.56
177.5	2.059797070962022	90.664
178.0	2.9350844606099646	20.592
178.5	0.8785843011139186	100.836
179.0	2.3002216870146244	141.901
179.5	2.364671993138142	232.572
180.0	2.2745784899941723	100.271
180.5	1.7455690732556104	70.361
181.0	1.5391870866837554	80.42
181.5	2.3299287775457698	24.088
182.0	1.9876973757994068	20.307
182.5	1.080383717902224	12.36
183.0	1.847176626740491	40.413
183.5	1.6117743004661167	112.759
184.0	1.5068372509901473	63.58
184.5	1.8554351415234962	121.297
185.0	1.6568877523664256	70.325
185.5	2.680216364362346	78.675
186.0	1.901345641501614	50.484
186.5	1.3082201410499092	60.236
187.0	1.949424860143927	120.666
187.5	1.6786515819874033	151.161
188.0	2.15263689919949	20.21
188.5	1.0074545725679842	140.881
189.0	1.8700969663994007	92.395
189.5	1.8409997839951995	45.523
190.0	1.8270804185199325	32.251
190.5	2.126908667362329	70.131
191.0	1.3775161909744418	232.349
191.5	2.2507088137658817	35.69
192.0	2.484651664667553	20.233
192.5	1.2383789146367818	80.59
193.0	2.2650858686942947	130.546
193.5	1.887229993200538	110.632
194.0	2.2850407290481694	20.223
194.5	1.7101103734246519	80.69
195.0	1.854629205252047	124.601
195.5	1.6547945939690742	74.251
196.0	0.15014243213052256	36.048
196.5	7.080832712313873	85.992
197.0	1.8259698032554255	30.332
197.5	2.44753009108753	192.057
198.0	2.0230217339861016	124.136
198.5	2.1860796730829968	45.044
199.0	0.881105407122288	150.787
199.5	2.0977251785577153	20.308
200.0	1.6317960693423235	30.601
200.5	1.9301399659463485	58.041
201.0	1.668023132811547	90.63
201.5	1.9437696271416163	150.928
202.0	2.169605083378348	40.33
202.5	2.126590689686087	60.523
203.0	1.662192026907249	110.774
203.5	1.7052950975912795	75.056
204.0	1.912026462631374	30.202
204.5	1.9208517203919504	151.106
205.0	1.9285772874795413	55.815
205.5	2.473346099324953	103.66
206.0	1.6946755847924615	110.764
206.5	1.6993953071092747	140.974
207.0	1.5507747697151524	141.119
207.5	1.975037496334516	141.093
208.0	1.3906791180126727	70.605
208.5	1.6256689816194063	82.629
209.0	1.539451936475811	130.793
209.5	1.6224346020082057	50.387
210.0	1.6414005469159056	48.754
210.5	1.8120389008824516	110.148
211.0	1.7532814136123984	100.623
211.5	1.9070730465121606	100.746
212.0	1.8313507768887274	70.619
212.5	1.9388786983028152	60.664
213.0	2.0808553831702326	110.62
213.5	1.8029615348034076	42.362
214.0	2.286767487505019	80.607
214.5	2.3135327661760647	151.46
215.0	2.141152508740283	60.38
215.5	3.130660533116496	80.43
216.0	1.5321350234784032	60.336
216.5	1.477103612025841	123.488
217.0	2.8293879156143205	94.138
217.5	1.7705338298218996	50.451
218.0	2.347591270070161	70.587
218.5	1.8154458421178532	110.794
219.0	1.9428924709539335	33.914
219.5	1.9313278492837822	30.304
220.0	1.9194184686941027	109.379
220.5	1.857517413892246	84.084
221.0	1.8209374910677418	60.506
221.5	2.0857185222095964	130.948
222.0	2.2196903670378245	60.383
222.5	1.8089587092662587	102.661
223.0	2.0253530372047432	59.245
223.5	2.1202143103258932	110.649
224.0	1.4526444359677615	30.268
224.5	1.1834455637858166	110.767
225.0	2.2478529243412284	103.341
225.5	1.658672796085486	20.212
226.0	1.7744001473175428	30.201
226.5	2.0294449159593975	77.242
227.0	1.5655316124786205	90.834
227.5	1.7485504221961483	36.319
228.0	2.0591325573705914	40.261
228.5	1.9756310204040841	40.303
229.0	1.800273500102179	50.367
229.5	1.5298978512902668	50.439
230.0	1.8978001170687446	70.576
230.5	1.92474938477192	367.29
231.0	3.0310229036410496	141.948
231.5	2.4497616675851313	81.533
232.0	2.1690445569982026	141.246
232.5	1.634082966296557	100.736
233.0	1.6477509841096238	90.372
233.5	1.5334445497479103	202.408
234.0	2.8416670377778512	108.643
234.5	1.5117203515633246	110.84
235.0	1.6340017621981957	120.671
235.5	1.60647963151796	13.933
236.0	1.7305687559615783	43.543
236.5	2.0788392588718723	90.431
237.0	2.0554562699279217	40.285
237.5	1.828190282769176	40.412
238.0	1.9643903466797814	85.486
238.5	1.8289167439748257	80.38
239.0	1.7882045184817794	122.227
239.5	1.53222382654596	95.921
240.0	1.77105515727481	37.875
240.5	1.6333916237775519	100.487
241.0	1.834875683192317	100.791
241.5	1.783459406552637	80.698
242.0	2.410304378590395	14.697
242.5	2.1951157100704832	99.412
243.0	2.2189803654304923	74.101
243.5	1.921004038018079	57.74
244.0	1.3711229562626452	73.467
244.5	1.5875771755295207	30.181
245.0	2.0846625453465695	30.143
245.5	1.6903215223811345	50.536
246.0	2.0328632784253298	50.477
246.5	1.992775660136199	50.511
247.0	1.8243606135681734	80.457
247.5	1.7009884974252831	102.908
248.0	2.03160137992206	90.584
248.5	1.427255069571066	52.406
249.0	1.6971583671313342	80.243
249.5	1.562551153907135	60.753
250.0	1.9618183573246297	30.198
250.5	2.332170685568426	60.776
251.0	1.56070680530252	12.993
251.5	1.6405358352746677	70.456
252.0	2.359553551599484	40.242
252.5	2.1911729407614	40.177
253.0	2.0977328220655496	110.66
253.5	1.8041897923459822	43.05
254.0	1.633237308548265	60.211
254.5	2.03125521678895	60.305
255.0	1.5291940512648337	134.632
255.5	1.501769768474588	90.384
256.0	1.496529248516562	80.376
256.5	1.6276598440378989	99.342
257.0	2.5530934377355967	55.094
257.5	2.354900441042503	103.649
258.0	1.2616821746954072	110.775
258.5	1.6102124396117556	60.755
259.0	1.6971864169389843	23.698
259.5	2.1169312731400476	35.82
260.0	1.8571382045735212	78.66
260.5	1.8626284863134044	54.112
261.0	1.656602120552533	80.338
261.5	1.6749035086589428	80.427
262.0	2.2699194917348966	96.347
262.5	2.244547582340431	60.302
263.0	2.1988826419012937	43.55
263.5	1.9685217141745162	100.955
264.0	1.356518264884798	80.416
264.5	2.1401884652608607	299.303
265.0	3.236901300741663	242.714
265.5	2.006341290305187	62.012
266.0	3.125694634837422	131.225
266.5	1.9647214712452596	70.546
267.0	1.2443445030369868	50.006
267.5	1.9077729733994417	407.91
268.0	2.9573268902055188	41.819
268.5	1.708504414145129	92.741
269.0	1.7066543630663074	80.595
269.5	1.5624890609468605	80.636
270.0	2.3865711988650173	70.094
270.5	1.8837419835001668	70.242
271.0	1.205601252073548	120.659
271.5	1.1458472082235602	120.671
272.0	2.0012568569065023	28.504
272.5	1.7407017779266176	13.306
273.0	2.7050334896049266	60.695
273.5	2.3672919772100025	104.044
274.0	1.3587486182943878	110.893
274.5	1.4784857098060398	110.855
275.0	1.6595922808495378	80.529
275.5	1.4436242195210662	80.457
276.0	2.3552757481731628	60.525
276.5	2.14647079093157	17.13
277.0	1.844068010728401	120.9
277.5	1.5788804225749156	112.012
278.0	1.962242231407059	110.679
278.5	1.807158043312882	45.254
279.0	1.3202097808498776	31.157
279.5	1.8616642840919888	33.288
280.0	2.5051818895648807	14.303
280.5	2.0693722147824554	100.532
281.0	1.5574194363317602	84.022
281.5	1.5732751403881435	66.094
282.0	1.424202524781424	30.217
282.5	1.7841096906132428	42.529
283.0	1.871080594045282	100.576
283.5	2.013911847561111	100.506
284.0	2.5560837412710375	112.606
284.5	2.4893368156273428	116.344
285.0	1.8256862308261295	100.806
285.5	1.785935915243893	100.704
286.0	2.158118128084788	117.518
286.5	1.582674633372784	20.214
287.0	1.8879813598265789	70.808
287.5	1.704255221155152	68.65
288.0	2.08515995389028	70.465
288.5	1.730923145233038	70.32
289.0	2.08638717984973	110.862
289.5	2.369735673572544	110.761
290.0	1.6778061087842115	40.188
290.5	1.5274248614140886	40.341
291.0	1.4458641228576932	80.445
291.5	1.7175426882973583	80.31
292.0	2.303619347810966	110.655
292.5	1.6590551103909759	171.667
293.0	2.1971256167415554	144.375
293.5	1.8573097485060563	80.732
294.0	1.6672752809316485	151.294
294.5	1.5896192420484665	120.673
295.0	2.726172387485258	91.08
295.5	2.210191808110902	70.59
296.0	1.3398111064579628	80.55
296.5	3.1514817756193065	44.619
297.0	1.9392613819416684	100.719
297.5	1.860046284692963	100.787
298.0	1.3825599412422267	25.449
298.5	1.9882501314940852	80.885
299.0	1.7131252897919609	73.67
299.5	2.154037296987692	89.525
300.0	1.9216102914682678	130.831
300.5	1.7536037423998565	43.338
301.0	2.417122212264284	20.599
301.5	2.6731108752436694	100.831
302.0	1.5965723807145247	90.684
302.5	1.2862613545835555	90.669
303.0	1.8436918365690533	30.165
303.5	1.9678599620330886	70.62
304.0	2.3041623345730198	80.505
304.5	2.3547692923672634	81.389
305.0	2.165706774117969	70.508
305.5	2.00646253060504	70.568
306.0	1.3686916721178117	16.378
306.5	1.341819506283328	50.572
307.0	1.5413244991465234	80.613
307.5	1.881185697032183	50.376
308.0	1.841076386595398	90.45
308.5	2.2728982198973804	30.2
309.0	2.141605284916713	70.623
309.5	2.234510846505256	105.161
310.0	0.8507799252916338	60.514
310.5	1.0100655317650755	60.511
311.0	2.0898032163773252	100.553
311.5	2.262962561244842	100.571
312.0	1.7205451120049386	81.849
312.5	2.127626424905507	70.342
313.0	2.4310176922608853	90.627
313.5	2.4805796949864236	130.994
314.0	1.5154431405927542	83.796
314.5	1.2415991459533287	80.293
315.0	2.3340873686563284	110.896
315.5	1.739532994074933	111.015
316.0	1.9006932046332516	15.568
316.5	2.4457476382285783	80.451
317.0	1.8788247832972862	100.81
317.5	1.5916223981139657	100.791
318.0	2.025244662200072	70.491
318.5	1.8582907339274808	101.481
319.0	1.7267185776984666	37.032
319.5	1.7170405361273913	80.537
320.0	2.014395698104723	110.679
320.5	1.7754284943131824	110.717
321.0	1.6977890162307778	100.819
321.5	2.2595547437845416	100.86
322.0	1.5312027419577854	43.532
322.5	1.6219131378994947	131.064
323.0	2.3327345962610964	29.964
323.5	2.3979041306468627	60.898
324.0	1.9875930215806188	20.038
324.5	1.6088024971289545	141.181
325.0	1.4810259043429468	90.457
325.5	2.0038435469119693	90.525
326.0	1.8617418757403774	40.358
326.5	1.8246142048602125	59.013
327.0	1.6933830648035386	120.819
327.5	1.895418384141499	57.066
328.0	1.8701531910809044	32.725
328.5	1.9457607367260308	51.31
329.0	1.7631328655055456	90.808
329.5	1.7417076737652781	90.591
330.0	1.536186086298159	69.116
330.5	1.7648625859660858	130.963
331.0	1.942725058372184	70.402
331.5	1.6336336189629992	70.404
332.0	2.429395439152088	60.34
332.5	1.9864233878730408	60.416
333.0	1.8920587285445272	92.933
333.5	1.482305314231273	40.451
334.0	1.7388282785914253	70.589
334.5	2.043943564202376	70.582
335.0	1.6600897908744023	42.94
335.5	1.9406978056130784	63.034
336.0	1.682595682573943	80.35
336.5	1.8547331051132667	80.452
337.0	1.9450166920449423	101.422
337.5	1.6290221762772423	30.038
338.0	1.4978025774841883	56.109
338.5	1.8677892404091367	100.733
339.0	1.6974075319710116	34.832
339.5	1.4448521245802695	55.291
340.0	1.7390283805099882	38.778
340.5	2.2738087983158857	20.279
341.0	1.8261326456111298	120.896
341.5	1.3326463371486634	66.164
342.0	1.7011198923162612	34.88
342.5	1.4514412293573604	80.453
343.0	2.584733383414968	80.342
343.5	2.170147873982481	20.076
344.0	1.4673503154902126	124.849
344.5	1.4252569045891947	130.894
345.0	1.3719212453425669	75.201
345.5	1.9128527533742616	90.612
346.0	1.8660856382763498	20.054
346.5	2.635668069880665	101.772
347.0	1.7525535508694179	42.583
347.5	1.8476823745290971	58.869
348.0	2.067365872429607	13.592
348.5	2.471573564347414	100.276
349.0	1.709582501444957	62.984
349.5	1.6089659630572672	100.603
350.0	1.6895681641670768	30.303
350.5	1.9290476060786936	111.099
351.0	1.7068044677643741	80.331
351.5	1.5445291283151747	30.181
352.0	2.046383051375485	110.807
352.5	2.45202583116138	110.371
353.0	1.5926179433699776	69.419
353.5	1.5919624271240749	50.158
354.0	1.469301223049295	178.448
354.5	1.556144242171668	130.657
355.0	2.8516929386664085	171.466
355.5	2.267496263988426	100.637
356.0	1.61685790850342	120.676
356.5	2.13451072888325	137.303
357.0	2.2059904979050082	462.833
357.5	2.2502995247776685	70.438
358.0	1.8088401117209179	110.579
358.5	2.7741249516601063	43.394
359.0	2.0330662403298017	60.303
359.5	2.501629296205745	60.277
360.0	1.8402558423673836	50.351
360.5	1.6486750484475627	30.469
361.0	1.9738198580955137	70.593
361.5	1.7190855925161599	70.574
362.0	2.2406021918862145	66.996
362.5	1.6484022617731562	61.846
363.0	1.9382752006024293	25.747
363.5	1.7639283574578444	161.089
364.0	1.2382009067728312	100.471
364.5	1.186932100433648	100.481
365.0	1.793627953231285	103.637
365.5	2.3285317745452594	60.356
366.0	2.2306376930718534	70.111
366.5	1.5842418965743816	70.575
367.0	1.9232246090432987	100.661
367.5	1.8185503576698463	100.679
368.0	1.7211013292778516	116.48
368.5	1.9496155087929745	92.144
369.0	1.435820310442997	120.672
369.5	1.8714334951501062	47.602
370.0	1.6857936865869034	90.37
370.5	2.0608535199341023	90.455
371.0	2.1996432328361526	30.284
371.5	1.632616189353208	30.155
372.0	1.6617071558778869	70.426
372.5	1.6233670619446288	70.343
373.0	2.6386356971425204	20.22
373.5	1.9539304377660314	50.51
374.0	1.8557489973148613	51.084
374.5	1.5998693072391412	20.502
375.0	1.7680302291482228	60.38
375.5	1.9610390784867455	35.865
376.0	1.594451914827073	29.536
376.5	1.5791909602792857	20.256
377.0	2.1618123803521825	90.661
377.5	1.6944757600022498	90.644
378.0	2.5421619030998626	50.232
378.5	2.1430495893622847	108.178
379.0	2.0821997168895177	70.546
379.5	2.4352400409755663	70.566
380.0	1.611739967573486	60.47
380.5	1.8104364098629908	30.242
381.0	1.9114541774594118	30.144
381.5	1.6984520969087706	100.445
382.0	1.9223481934423938	29.896
382.5	1.7218917999319248	83.426
383.0	1.9906804270060643	80.553
383.5	1.47920160380081	120.883
384.0	1.4037124257032523	130.982
384.5	1.571774542337197	120.038
385.0	1.6554177609803025	63.111
385.5	1.8966729475065718	100.495
386.0	2.4183400830450803	50.125
386.5	1.825855542835826	100.375
387.0	1.8067099663137214	106.469
387.5	1.791065203326636	40.574
388.0	2.1209536170325167	90.446
388.5	1.9352612264037778	30.194
389.0	2.3731256352071566	97.612
389.5	1.9955332793701832	16.689
390.0	1.6203656443888588	30.351
390.5	1.3204656745726158	80.67
391.0	1.626224860896024	14.025
391.5	1.764433266971751	30.281
392.0	1.4624961689326843	50.54
392.5	1.6994856157076557	93.147
393.0	1.5269982974803702	71.293
393.5	2.0984635310765465	60.35
394.0	1.3086721751920611	262.997
394.5	1.6887924768070315	131.135
395.0	2.1818584679909354	81.632
395.5	0.542221983483451	435.527
396.0	1.4503120190137138	93.153
396.5	1.4415525341483464	53.916
397.0	1.876185895394141	30.678
397.5	2.7128335336530602	45.892
398.0	0.8890784800809522	30.285
398.5	1.9695864966189187	28.352
399.0	1.9266815110133626	70.395
399.5	1.7699377715569837	52.014
400.0	1.829637267297938	93.22
400.5	1.9107640651167679	90.648
401.0	2.246039548629132	120.744
401.5	1.815616376968433	90.952
402.0	1.5828979126896818	60.367
402.5	1.1695800108310785	80.6
403.0	1.3107606308873796	131.184
403.5	1.6835403233369393	80.407
404.0	1.7882971265751737	70.45
404.5	1.993413062960894	101.578
405.0	1.9633265019322652	182.252
405.5	2.4447779552309954	67.423
406.0	1.7277701383839172	161.461
406.5	1.601798028784419	80.476
407.0	3.584503302199929	121.337
407.5	1.7843490010397036	110.371
408.0	2.5835799183598938	272.861
408.5	1.770001019824462	80.308
409.0	1.7534249906649753	90.631
409.5	1.5234574095867321	120.87
410.0	2.018178822992621	21.475
410.5	2.109006583134068	90.529
411.0	1.6041160007503552	20.177
411.5	2.1992483326606433	77.18
412.0	1.4511185837657963	70.386
412.5	1.794726784504644	80.621
413.0	2.2135159963058677	30.241
413.5	1.8410552027497267	90.55
414.0	1.4293414663009014	20.258
414.5	2.066319885555033	70.359
415.0	1.706927782898612	55.763
415.5	1.9998383651597704	110.762
416.0	1.8875961428462733	30.276
416.5	2.076935600715376	100.54
417.0	1.8669849622023766	50.704
417.5	1.474847509684991	60.501
418.0	1.3483323790610457	70.469
418.5	1.9461873442377957	50.681
419.0	1.9526437212824623	80.678
419.5	1.9820505253343936	30.22
420.0	2.089679614808088	141.242
420.5	2.2413417783739837	59.98
421.0	2.6776075382871323	70.361
421.5	1.3331359951185582	36.259
422.0	1.3080199596906927	202.236
422.5	1.736332218899998	35.376
423.0	2.569983036562445	384.05
423.5	1.5352366164023596	67.101
424.0	2.539114228367992	90.535
424.5	2.679133823840719	30.161
425.0	2.650225943209915	60.482
425.5	1.0789640469364776	32.12
426.0	1.2218149151217008	160.903
426.5	1.6137245352730725	13.163
427.0	1.9552518723345764	90.675
427.5	2.137576549122013	104.307
428.0	2.029350038888029	94.528
428.5	1.6809909631059115	70.567
429.0	2.2203522105753497	57.818
429.5	1.8628039193818575	80.426
430.0	1.4662489415063846	80.39
430.5	1.9214797499779728	30.291
431.0	2.036010718007037	35.976
431.5	1.5837161150512151	130.775
432.0	1.687011658837448	60.316
432.5	2.0356246782206533	69.236
433.0	1.8973748196523088	30.177
433.5	1.412043430933555	79.031
434.0	1.5142641271508235	90.991
434.5	1.5601902905539964	80.587
435.0	1.95460585390546	80.505
435.5	1.8727769118619653	100.593
436.0	1.743494240668919	100.556
436.5	1.7707666395987836	80.633
437.0	1.643712470923759	151.099
437.5	1.6294681110944786	110.73
438.0	1.6888033253844859	110.85
438.5	2.294167072525353	19.833
439.0	2.2121842559401275	59.443
439.5	1.707018424594896	90.615
440.0	1.5933246346600618	90.604
440.5	2.3111524019058245	50.566
441.0	1.8660593569974067	102.539
441.5	1.5631161804891778	62.873
442.0	1.507870693588522	40.348
442.5	1.9117464723411761	30.357
443.0	1.9044748265231113	30.363
443.5	2.0625115367574995	60.372
444.0	2.1974313721049192	60.328
444.5	1.6194369682290755	90.565
445.0	1.6138278346876165	90.565
445.5	2.154362752145613	79.103
446.0	2.15404735021538	107.234
446.5	1.6878009070763984	131.545
447.0	1.9085364605125057	84.551
447.5	1.64533431777383	188.387
448.0	1.5760197927869148	60.399
448.5	2.2059623733693563	222.176
449.0	2.18268922527635	141.35
449.5	1.864740920753117	60.496
450.0	1.925317722205445	272.731
450.5	3.556623626368555	262.77
451.0	2.255847764808705	110.335
451.5	1.3468478187000412	130.826
452.0	1.5860960546265803	70.951
452.5	1.9505972522736337	14.904
453.0	1.8332690082970866	70.479
453.5	1.6698977248840239	20.603
454.0	2.248869898899113	96.36
454.5	1.2441694480934216	50.408
455.0	1.4543613669585338	52.954
455.5	1.660348208217952	67.961
456.0	1.8619057812272746	80.852
456.5	1.6443768470767195	130.817
457.0	1.6596111254078296	130.916
457.5	1.751956619299422	42.752
458.0	1.834885606377639	30.646
458.5	2.4710442090168017	50.285
459.0	1.7041762693744127	50.396
459.5	1.6192183805220646	90.632
460.0	1.7538915348375053	90.685
460.5	1.7080618331370248	34.455
461.0	2.0623980995433	90.455
461.5	1.5563320165224495	90.568
462.0	1.6765891289152746	93.037
462.5	1.8855067739605815	90.869
463.0	1.519148518023743	125.867
463.5	1.4237855566977942	120.699
464.0	1.6811243782159035	120.712
464.5	1.346878250800589	70.45
465.0	1.4078345757495594	70.472
465.5	2.0028313118454277	114.689
466.0	2.608856947714375	236.344
466.5	1.5790000078921347	62.179
467.0	2.8489347327346524	130.922
467.5	2.4766386225950274	63.852
468.0	2.4226096485812647	262.953
468.5	1.0775921031093938	91.115
469.0	1.8377945074371926	111.505
469.5	2.4033607845352107	80.339
470.0	2.195989011194018	80.33
470.5	1.6443291200983532	60.306
471.0	1.8284152339312256	60.197
471.5	2.3412713787711543	116.77
472.0	2.0216675630743928	100.892
472.5	1.0667970903240562	80.585
473.0	1.4663169978927901	80.464
473.5	2.241954499287623	124.958
474.0	1.9350223934035042	50.264
474.5	1.9059105530177611	30.714
475.0	1.5196209841265413	111.174
475.5	1.7869985142915428	30.184
476.0	1.8915702371040752	33.2
476.5	1.56212576788836	120.279
477.0	2.1468069317001066	30.285
477.5	1.7057946922037555	130.828
478.0	1.7328605889062931	130.849
478.5	1.6315033378214192	98.001
479.0	1.6057086966503118	70.473
479.5	2.0132089182059874	120.94
480.0	1.7415109873427126	120.967
480.5	1.52348877224248	80.491
481.0	1.4394783179057324	151.145
481.5	1.8651286983055386	71.018
482.0	3.1285227531442024	91.237
482.5	2.4709210384964218	161.4
483.0	1.9202586473975651	110.657
483.5	1.779716771852411	134.212
484.0	3.031432974179364	181.447
484.5	1.4214392489515528	50.307
485.0	1.8544196268877933	130.848
485.5	1.873301442961614	36.957
486.0	2.065978030971409	59.009
486.5	1.7619227518722862	90.581
487.0	2.167911295784236	90.64
487.5	2.1855121313671053	20.113
488.0	2.193032156934215	90.841
488.5	1.8837959778773536	110.871
489.0	1.79720495348979	58.15
489.5	2.5140749187391016	15.621
490.0	2.2073793190638455	88.476
490.5	1.4294426105147813	107.47
491.0	1.6289664333741547	50.261
491.5	1.9988651996870979	40.349
492.0	1.8994154907784655	40.365
492.5	1.957373419478228	130.664
493.0	1.8489665784707623	44.371
493.5	1.9197252869254546	80.444
494.0	1.9856200853670638	80.86
494.5	2.1087346851850737	60.467
495.0	2.262027126073518	60.522
495.5	1.7538259571728771	120.438
496.0	2.151175680660483	14.442
496.5	1.4766109337604314	28.384
497.0	2.7122639907324824	60.514
497.5	2.2414203651694296	151.883
498.0	1.375240551988449	80.589
498.5	2.324798770534559	142.676
499.0	1.7846983365436553	100.589
499.5	2.3820104618339206	70.458
500.0	2.2936427126332593	70.273
500.5	1.9305815424171928	98.708
501.0	1.7006664553794848	130.822
501.5	2.212448771369582	80.34
502.0	2.3581012891942477	103.054
502.5	1.5620790256760482	79.82
503.0	1.5402277317307667	90.915
503.5	1.527427872194952	60.488
504.0	1.188866842938915	70.429
504.5	2.0473473678503034	70.277
505.0	1.6704637482634757	80.104
505.5	1.7320394218028037	90.541
506.0	1.3951079444750603	90.521
506.5	1.760730717617232	20.163
507.0	2.2326457552175967	70.429
507.5	1.6690953277602836	64.52
508.0	1.405945907852536	80.074
508.5	1.703612629687565	32.955
509.0	2.0717589860122856	121.171
509.5	1.8698593789371873	60.341
510.0	1.79894746171925	35.341
510.5	1.457119238956415	110.757
511.0	1.3194196364038542	110.784
511.5	1.973304270069674	221.684
512.0	1.578392074506045	100.469
512.5	2.326134610009771	262.72
513.0	2.179368381696188	90.586
513.5	1.9592657438165075	62.16
514.0	2.517950702937263	133.89
514.5	1.961024443701391	151.282
515.0	1.9650585010751545	130.843
515.5	2.4734472009406487	50.351
516.0	2.0601118972256396	91.927
516.5	1.6494023804412272	81.305
517.0	1.8082054698782593	70.298
517.5	2.0078357136519727	115.855
518.0	2.308479759044223	50.195
518.5	1.2684309313146263	131.012
519.0	1.677271226851425	131.07
519.5	1.2885592774972756	30.222
520.0	1.398579932165	32.289
520.5	2.039538487135182	15.213
521.0	2.2602468606070403	90.603
521.5	2.3449616610202253	80.331
522.0	1.6807291344034432	80.441
522.5	2.1287026042957806	20.245
523.0	2.1022440326718446	30.085
523.5	1.102079063405493	14.03
524.0	1.0757102215707808	60.567
524.5	1.8345404060121435	52.694
525.0	1.8848892553169838	140.792
525.5	1.6367754418510456	38.298
526.0	2.234158853494922	70.576
526.5	2.4878471001064453	30.699
527.0	2.65335614767777	14.366
527.5	2.4447616677253596	90.399
528.0	1.746881614461105	31.59
528.5	2.9194305879207394	70.624
529.0	1.9709350119055022	70.269
529.5	2.5549954766324965	70.556
530.0	2.0283680751307904	70.606
530.5	2.261703858798924	90.665
531.0	1.7056298748100562	90.646
531.5	1.8031156399764046	90.415
532.0	1.971225050968336	90.439
532.5	1.9332185821383732	50.232
533.0	1.847095061961087	50.359
533.5	1.5503430168246508	46.566
534.0	1.886523162080176	80.415
534.5	1.9690462839091787	93.238
535.0	1.7392871418728395	101.843
535.5	2.057994520532825	60.827
536.0	2.047975030047496	131.38
536.5	1.5721658231805324	76.027
537.0	1.9438512900667935	80.367
537.5	1.857353033674484	65.0
538.0	2.310645128406143	90.627
538.5	2.0445283177810825	70.384
539.0	1.9404716134521403	70.383
539.5	1.6311742230639408	70.458
540.0	1.4038173067190296	84.368
540.5	1.7556250212736753	32.228
541.0	1.3792087798604638	150.943
541.5	2.344420811055359	30.153
542.0	2.2296796423727905	60.091
542.5	2.6822986658823784	133.282
543.0	1.8172454291262639	34.585
543.5	2.2869886868830047	40.274
544.0	1.7333361545821362	40.314
544.5	2.9759164796161905	80.564
545.0	1.6598162018362614	60.727
545.5	2.735620090376584	181.843
546.0	1.962493689695511	151.032
546.5	1.6406365310011615	110.687
547.0	2.629685324154187	80.566
547.5	1.8768242902195846	80.634
548.0	2.1154741680377582	30.286
548.5	1.6853051152360223	130.686
549.0	1.5376662008709123	130.687
549.5	1.7966675750954668	31.233
550.0	2.112506637345199	30.282
550.5	1.7346326500686173	60.329
551.0	1.872880099083689	60.35
551.5	2.1855803900319706	90.585
552.0	1.7066468031835396	100.867
552.5	2.0376095282422484	90.399
553.0	2.083134517190667	90.519
553.5	2.061716693051292	20.228
554.0	1.9334789852084582	86.978
554.5	1.4027830175099691	80.577
555.0	1.270548707742797	80.527
555.5	1.6964902645399729	40.331
556.0	1.4450265749481888	58.868
556.5	1.8079483391837723	47.303
557.0	1.8478608639306748	61.314
557.5	1.7193541645903994	70.117
558.0	1.9276610453676828	70.108
558.5	2.0753542468436126	363.278
559.0	2.3229317060328976	60.345
559.5	1.96626060432277	70.346
560.0	2.7790871319617456	90.99
560.5	1.9495138245558044	161.741
561.0	1.6191877114915634	31.202
561.5	2.2992534114575873	293.159
562.0	1.4079372655057127	81.508
562.5	1.9231967727943062	40.289
563.0	1.8087885257769496	29.013
563.5	1.603107009860274	51.337
564.0	1.5725770383115116	63.704
564.5	2.1088603917524513	60.268
565.0	1.9361746137175848	60.332
565.5	2.8801468498347473	30.291
566.0	3.361981440712765	36.468
566.5	1.412156591862438	70.249
567.0	1.0249434861566398	70.137
567.5	2.0231134956824675	20.207
568.0	1.8782012413276479	85.331
568.5	1.634441008977983	13.081
569.0	1.5467994103184528	60.382
569.5	1.9832148889994279	52.089
570.0	2.4910123544016707	60.395
570.5	1.4442054979622414	70.423
571.0	1.680645820527797	82.353
571.5	2.0451798258334546	80.389
572.0	1.7021199851644067	80.427
572.5	1.6957716880071234	63.072
573.0	2.385645731147771	110.54
573.5	1.9551715510442207	80.408
574.0	2.067790527943114	80.457
574.5	1.207873762390431	61.695
575.0	1.231252364150911	96.466
575.5	2.071122041647161	49.946
576.0	1.6929391423823972	110.889
576.5	1.6437885620230708	30.195
577.0	1.663356216091578	30.217
577.5	1.8554889702633544	110.812
578.0	1.7679977559007223	12.366
578.5	2.291682611693921	161.687
579.0	1.919466700848231	104.964
579.5	1.460459597019746	30.201
580.0	1.350288065772675	90.584
580.5	2.710167868243947	99.913
581.0	1.891578199121567	80.392
581.5	1.7163723590703488	70.429
582.0	2.0164731406348277	18.212
582.5	1.7076483983383572	33.707
583.0	1.9602143075398768	70.576
583.5	2.2718750848568683	15.901
584.0	2.518029869862745	99.078
584.5	1.4459858770851242	39.452
585.0	1.8076069701337873	90.539
585.5	2.1293071419723906	13.447
586.0	1.6059522078403665	80.386
586.5	1.601557822565074	40.343
587.0	2.102015606780153	53.731
587.5	1.6960449895859255	43.309
588.0	1.985386438597627	90.548
588.5	2.2635073661747156	113.095
589.0	2.3935211501513165	80.367
589.5	1.3712589057631408	70.605
590.0	1.4112434029827907	61.741
590.5	2.102151457607244	29.852
591.0	2.1210574703461957	90.635
591.5	2.2170752551349393	16.767
592.0	1.9099462618253071	31.69
592.5	1.7307236628529235	48.397
593.0	1.8343558642708475	50.869
593.5	2.114512862832978	30.202
594.0	1.569302020854981	32.391
594.5	1.8077688411437158	50.393
595.0	1.5264625562017011	50.443
595.5	1.3532027492531813	90.514
596.0	1.521636993432698	90.54
596.5	1.8731702077512262	80.625
597.0	2.0097112183853323	80.718
597.5	1.9798094430868363	84.829
598.0	2.126825516062346	20.064
598.5	1.7812576087565477	13.22
599.0	1.4515735488258281	90.475
599.5	1.3945003798761095	68.34
600.0	1.6028192319367225	93.005
600.5	1.6601614554504633	40.414
601.0	1.7157724542176185	40.408
601.5	1.3444029481861932	90.458
602.0	1.4423525979681604	101.47
602.5	1.673925002637945	60.356
603.0	1.6981846865323074	60.358
603.5	1.6260184850417878	63.182
604.0	2.0290105854055245	94.353
604.5	2.179669775691794	33.059
605.0	1.8938441366844836	90.619
605.5	1.3006783524399697	23.532
606.0	1.4257913132814515	102.957
606.5	1.7992767139744457	13.271
607.0	1.6483301527394492	80.607
607.5	1.602085503148728	60.418
608.0	1.6961520729585113	60.434
608.5	2.312840332464396	50.95
609.0	2.2328526541205957	28.44
609.5	1.3460073353033892	45.363
610.0	1.5332275518970822	140.998
610.5	2.5187503982111323	14.562
611.0	2.0323151385978426	122.125
611.5	1.4620821554755703	63.961
612.0	1.894986862671079	100.692
612.5	1.9612197803802462	93.069
613.0	1.5068527602483759	110.983
613.5	1.3852418927123114	70.723
614.0	1.238850105513605	34.206
614.5	1.8246833049494318	131.0
615.0	1.8756581766648615	70.671
615.5	2.0766737035806218	90.525
616.0	1.5062137529447768	30.229
616.5	2.4437111689820963	81.099
617.0	1.879638843604556	20.277
617.5	2.0811551708008427	402.34
618.0	1.6732521993179248	31.004
618.5	1.8471475511590836	135.122
619.0	1.3499384297820805	34.296
619.5	1.9939657627845875	339.825
620.0	1.798525075496954	38.499
620.5	1.873043684047675	52.447
621.0	1.0141081044627631	987.337
621.5	1.4218247678352074	32.846
622.0	3.5511493596390467	51.031
622.5	2.0847775067206076	110.073
623.0	1.472313758730707	120.812
623.5	2.1918312593656295	120.867
624.0	1.8852957946430355	60.344
624.5	1.708829303151012	35.42
625.0	1.4362578904076708	85.775
625.5	1.0975180627069303	71.341
626.0	1.719396284855259	70.347
626.5	2.1560802593557984	102.265
627.0	2.098949215518069	80.652
627.5	1.2657171013712516	71.437
628.0	2.1143698616132176	90.511
628.5	2.8810973365379717	141.044
629.0	1.7267768657923037	32.961
629.5	2.772607565942649	161.453
630.0	1.9300751387511432	150.842
630.5	3.4551637859487445	30.33
631.0	1.7258331429406073	90.426
631.5	1.686070376419459	54.153
632.0	1.2738400404107177	100.542
632.5	1.805802992202118	15.662
633.0	1.9443383928164353	92.001
633.5	1.8741182397259935	131.008
634.0	1.6720291613664249	60.111
634.5	1.9010587027176118	60.328
635.0	1.6298222080716955	60.801
635.5	2.0113023880673584	55.321
636.0	1.4559385001505292	60.99
636.5	1.6299378519621308	110.684
637.0	1.5381579241061751	60.446
637.5	1.9649425940140175	39.863
638.0	1.9370430287951879	70.761
638.5	1.9236234188289547	86.821
639.0	1.6006863020275257	76.003
639.5	1.7387401525298147	90.636
640.0	1.4958011847724824	100.584
640.5	1.6764228752216812	60.573
641.0	1.6255990810548084	119.65
641.5	1.8577623212695724	120.769
642.0	1.8328350078740896	65.159
642.5	1.6068810731090297	70.328
643.0	1.8693162922070694	90.749
643.5	1.9103397438944762	242.635
644.0	1.3681456928677456	110.597
644.5	2.3454076202779186	232.006
645.0	2.072359936943443	96.044
645.5	2.605710638557625	161.683
646.0	1.3793578688070671	110.626
646.5	1.8381393545383753	677.69
647.0	1.5402768780888851	133.992
647.5	2.218008722674457	106.924
648.0	1.7879595457550588	62.489
648.5	1.9991396532172443	37.334
649.0	1.9885364209784904	60.492
649.5	2.1755067229074907	110.674
650.0	1.9866642593672046	63.951
650.5	1.15717070735809	80.582
651.0	2.261227177345718	118.938
651.5	1.6273006508325196	80.213
652.0	2.136056801078379	106.43
652.5	1.68820072485161	110.595
653.0	1.9537936187779505	113.969
653.5	1.8522519059780898	141.095
654.0	2.0493353483647674	94.188
654.5	1.337938403286892	80.521
655.0	1.827664477052627	171.559
655.5	1.3613380261941852	90.594
656.0	2.89116357574871	192.444
656.5	1.8691456677857243	80.442
657.0	2.888499379513234	191.874
657.5	2.0488490909870585	49.473
658.0	2.4470028911864072	30.3
658.5	1.054382274646393	40.303
659.0	1.8185457109033547	88.041
659.5	2.1903825895753344	100.67
660.0	1.5738661913944423	45.629
660.5	1.9245140264421199	70.474
661.0	2.3582478813952847	30.394
661.5	2.537207558241642	40.36
662.0	1.5751585678784978	40.355
662.5	1.5582949194667017	80.423
663.0	1.797462759399647	12.886
663.5	1.5461694662075731	60.829
664.0	2.3085859395089914	56.348
664.5	1.5785059172786127	119.132
665.0	1.9226564626041913	20.201
665.5	1.5289443863176015	40.542
666.0	1.6692181641145911	70.389
666.5	1.4558954096494037	30.018
667.0	2.1451018247704168	30.208
667.5	2.383271581266728	120.933
668.0	2.1674662466255037	20.095
668.5	1.6679075842642324	27.897
669.0	1.4440984396423397	40.384
669.5	2.2275741672125213	93.664
670.0	1.5466858445650185	53.283
670.5	1.3455154295547422	97.513
671.0	1.7494082998582525	30.109
671.5	2.0559755891020406	120.865
672.0	1.6633539052621784	90.5
672.5	1.9235917456267624	80.517
673.0	2.1367874082149103	80.594
673.5	1.4422976037014452	90.495
674.0	1.4418411708592072	90.519
674.5	1.5162284827417494	113.136
675.0	1.7580682937429482	70.504
675.5	1.4060417845024171	121.016
676.0	1.5910694185394583	121.012
676.5	1.4506166077515674	33.467
677.0	1.6095410559535728	15.531
677.5	1.8642603941346911	60.464
678.0	1.637802739489237	60.494
678.5	2.208275159755553	50.33
679.0	1.612452984722735	50.321
679.5	1.7327706513825079	20.182
680.0	1.5199477645208312	90.44
680.5	1.9889229872078424	34.871
681.0	1.4593827915019095	30.267
681.5	2.126915376020458	95.86
682.0	1.925153535112561	100.925
682.5	2.01742758614914	85.37
683.0	1.5935287605455926	111.057
683.5	2.1310239338031822	60.412
684.0	1.8133462800691906	102.445
684.5	1.505765428715821	90.761
685.0	1.3985542418079262	70.522
685.5	1.394022119390025	91.28
686.0	1.7563875127110153	18.003
686.5	1.588847567605407	85.526
687.0	1.5850100235958855	40.316
687.5	2.0162454795305766	40.118
688.0	1.9705429358489408	40.159
688.5	1.4920220561594473	100.925
689.0	1.7595592053008517	131.017
689.5	1.3592137161766888	16.843
690.0	1.2353916279102335	42.332
690.5	1.3538353923706006	36.741
691.0	1.2136936113926602	12.409
691.5	1.9314412712835116	70.27
692.0	1.3902537650675715	70.221
692.5	1.5376221598204178	120.932
693.0	1.7355191464245385	120.954
693.5	2.0139558263931394	15.847
694.0	1.8791395754316509	56.948
694.5	2.179252452974378	109.651
695.0	2.254286292512663	108.566
695.5	1.7243856218045652	62.829
696.0	1.8207352398500525	64.409
696.5	2.3440295521298697	100.136
697.0	2.608464802750147	41.67
697.5	1.4513785527141108	96.003
698.0	1.2533161847000949	11.79
698.5	2.1599851913239543	110.84
699.0	2.1347712433502064	50.352
699.5	1.8162193004209577	40.247
700.0	2.199444485070697	124.476
700.5	1.5332846044283739	110.643
701.0	1.5245229933627722	110.552
701.5	1.516763198257766	80.625
702.0	1.9527250884845462	80.613
702.5	1.9896194251566377	60.368
703.0	1.8275808425402764	130.81
703.5	1.852231617561841	54.871
704.0	1.83736194507891	111.02
704.5	2.5722376107586076	54.437
705.0	2.3649841003435297	57.913
705.5	1.2506833494468101	43.735
706.0	1.4422005098534412	80.668
706.5	2.170267505427127	80.492
707.0	1.7332857261646883	38.777
707.5	1.8168691444557903	70.424
708.0	1.8812529741795336	13.58
708.5	1.5935572835693914	70.073
709.0	1.658797825899958	80.538
709.5	2.015746803602976	139.077
710.0	1.9870172235057737	42.973
710.5	1.5512655063742138	60.211
711.0	1.746322250451046	92.207
711.5	1.933450432110765	74.94
712.0	1.7104033618302552	51.032
712.5	2.339937495642212	30.651
713.0	2.1526772563384258	68.336
713.5	1.2779377253004272	60.425
714.0	1.4792816831000306	38.925
714.5	2.0118219257784946	60.605
715.0	2.000031747563197	60.58
715.5	1.5684552551796325	15.574
716.0	1.6362118298023185	99.162
716.5	2.0210822020689654	60.51
717.0	1.8357202193440583	120.206
717.5	1.5802578704426347	90.548
718.0	1.164090934567641	90.662
718.5	2.268576361758164	60.471
719.0	2.3930626857865294	28.879
719.5	1.5231758514024496	130.762
720.0	1.474854795084797	70.497
720.5	1.8012881016204096	14.688
721.0	2.2077163301983376	91.015
721.5	1.4100196657328765	101.001
722.0	1.38067421473904	60.69
722.5	1.6406962721622496	85.49
723.0	1.5477459320820437	82.43
723.5	1.9758110063401153	102.373
724.0	2.0202210663543205	40.705
724.5	1.6452403073918571	42.665
725.0	1.6398115328506826	59.613
725.5	1.5822925749840444	60.255
726.0	1.4609429661715008	60.271
726.5	2.3146942347436985	103.836
727.0	2.261358816050623	111.078
727.5	2.1066885588983686	82.188
728.0	1.9406181326261758	93.476
728.5	2.1458696805081963	110.798
729.0	1.792735239313676	110.759
729.5	1.8953412731703918	121.605
730.0	2.0581932686540387	58.543
730.5	1.689572133677544	30.231
731.0	1.7182857664758813	70.175
731.5	2.18969339808894	111.453
732.0	2.1449468827462486	111.03
732.5	1.3665427081043844	30.242
733.0	1.1748772194209236	110.892
733.5	1.9096927858991752	12.81
734.0	1.6072550856504455	109.443
734.5	1.8025664536307116	50.245
735.0	1.6914555889438965	50.571
735.5	2.1046962964020555	30.18
736.0	2.1505882063358497	34.946
736.5	2.185604582138055	111.165
737.0	1.5614648659693977	33.898
737.5	1.3561920895227628	36.976
738.0	1.2776078314851238	110.591
738.5	2.251198885745919	80.543
739.0	1.9558251027474454	83.814
739.5	2.0630102007086837	122.174
740.0	1.7030403620519659	75.002
740.5	1.6609098135659355	60.294
741.0	1.6131457511241567	60.404
741.5	1.8005417586399022	30.325
742.0	1.4603211657557285	30.263
742.5	1.3235055536370075	80.488
743.0	1.7413728296182935	80.427
743.5	2.1112605856896183	40.199
744.0	2.1724432126609354	113.651
744.5	1.903897295400023	42.35
745.0	1.7515349390311397	141.142
745.5	1.645646001834987	42.805
746.0	1.7823120997941713	80.488
746.5	2.1224310562715125	50.254
747.0	1.8996081644941873	50.248
747.5	1.9059361151062704	90.501
748.0	1.8548141773498494	90.435
748.5	1.847049692979285	100.69
749.0	1.5242022944528884	100.608
749.5	2.3082085675724238	60.439
750.0	1.5737258117914554	80.498
750.5	1.6029823675128188	110.719
751.0	1.8500614140220046	110.653
751.5	1.7779596479469508	90.418
752.0	2.2347740422235307	30.21
752.5	1.964040893078438	90.91
753.0	2.236314471405403	97.795
753.5	1.4513126372299052	12.549
754.0	1.6715390206778737	110.674
754.5	2.5873849093434673	70.097
755.0	2.246182176573994	70.077
755.5	2.109072462905036	120.743
756.0	1.8358470211140252	120.821
756.5	1.7858019236132643	24.028
757.0	1.5064191752665101	100.535
757.5	2.1266340152785443	93.625
758.0	1.606881353979478	13.227
758.5	2.3819194784370636	38.251
759.0	1.0594628113799673	70.451
759.5	1.3815480250465577	13.964
760.0	2.5273905104894325	30.167
760.5	1.608981390999723	14.615
761.0	2.056426315584648	80.492
761.5	1.93121911861916	120.843
762.0	1.8408583133535397	39.177
762.5	1.948048661204264	100.132
763.0	1.3160085220770208	80.364
763.5	1.6455289755570257	40.294
764.0	1.7666317127607694	44.625
764.5	2.8104313822873763	30.309
765.0	0.9831038882480606	100.73
765.5	1.709719413137609	70.435
766.0	1.9609959124004022	20.092
766.5	2.2286117599585467	19.469
767.0	1.0899153130424526	30.204
767.5	2.401660846629674	30.295
768.0	1.4076743479201794	110.625
768.5	1.8343750583570606	30.286
769.0	1.4170294105145975	140.855
769.5	1.6150624395500766	90.495
770.0	2.129209148282583	20.22
770.5	2.124073402336889	15.148
771.0	1.4563245309471884	30.214
771.5	1.8308043138435783	50.33
772.0	2.0986170790865253	12.57
772.5	1.3927200934949715	80.522
773.0	2.068612391160653	50.126
773.5	1.6646605939078325	43.184
774.0	1.6479477526043238	60.364
774.5	1.5764952165284265	100.755
775.0	1.7187001281900405	104.7
775.5	1.8708112811634197	100.635
776.0	2.0944071448959862	53.139
776.5	1.6439535260581752	121.199
777.0	1.8892267459663274	90.682
777.5	1.8550359778155854	90.659
778.0	2.288371600033592	52.819
778.5	1.7528088188714583	94.631
779.0	1.8191301156099104	130.768
779.5	1.7210192420348431	30.208
780.0	1.92235229079471	80.82
780.5	1.4868185084287606	30.212
781.0	1.6031632760962318	70.342
781.5	1.8357787286512413	13.77
782.0	1.3749763498473446	100.76
782.5	1.4624035771119719	19.658
783.0	1.734442685848373	90.578
783.5	1.9329143904796136	68.258
784.0	3.013091491940739	14.754
784.5	0.7927776111937571	27.666
785.0	1.8132142740013841	21.255
785.5	1.4352041646170033	112.52
786.0	1.7808719941066866	36.864
786.5	1.519767310709067	33.127
787.0	1.8802321949079253	30.246
787.5	1.9675950340706214	60.508
788.0	2.111562466996938	30.281
788.5	0.953133792387139	12.075
789.0	1.9781095921052012	12.503
789.5	2.2597129273821777	75.573
790.0	2.285181441131877	80.658
790.5	1.7180420745823286	60.37
791.0	2.222216559451547	90.453
791.5	1.7479816481834816	70.408
792.0	1.3810648129730154	62.975
792.5	1.8887836530299826	60.397
793.0	1.7854451783076368	87.606
793.5	1.5123131033904076	90.408
794.0	1.8362121302432544	20.143
794.5	1.223074773561293	110.855
795.0	1.9184317254617689	430.508
795.5	2.5202570907335335	20.189
796.0	1.7559256064524607	100.676
796.5	1.439647353465202	85.606
797.0	2.3310645326225643	80.333
797.5	2.0658469811129905	100.765
798.0	1.5236117423382005	80.554
798.5	2.025750927225754	44.71
799.0	1.9891277523438742	21.304
799.5	1.5931474786057664	53.679
800.0	1.4393857559188696	40.274
800.5	1.8361005283028775	130.936
801.0	1.965567210841907	51.898
801.5	1.8657146775733906	104.927
802.0	2.2166021465714545	20.223
802.5	1.7684079945649986	51.977
803.0	1.5282221682952417	88.592
803.5	2.255638851264824	40.399
804.0	1.3698037164082495	35.773
804.5	2.3992544685187	30.136
805.0	1.3408699274463454	60.244
805.5	2.4239416612496187	20.141
806.0	1.0610091491594518	40.312
806.5	1.9016657149584946	30.206
807.0	2.447312078715163	65.842
807.5	1.9091812556851142	70.067
808.0	1.4737691908906911	63.385
808.5	2.209071530922312	44.187
809.0	1.7255086177879708	60.408
809.5	2.8821798114732746	52.43
810.0	1.276196088684044	90.71
810.5	1.493512219431358	90.339
811.0	1.7947762506003984	50.311
811.5	1.6088573986804553	49.198
812.0	2.054601495340764	60.342
812.5	2.0621850903924948	50.409
813.0	1.8495388222616727	80.35
813.5	2.1204762265690813	60.637
814.0	0.9148924112151416	30.337
814.5	2.3631110759378187	222.46
815.0	2.684065535976892	303.274
815.5	2.240310352504133	733.111
816.0	4.120062097942591	202.589
816.5	2.2284694164452277	110.727
817.0	1.6093908534444854	130.876
817.5	1.9278806476811265	13.791
818.0	2.2731334151583558	76.031
818.5	2.1837035645521525	100.675
819.0	2.148502911108155	131.307
819.5	2.265639619768369	60.39
820.0	1.8805038083411405	20.171
820.5	1.5804072278302232	70.538
821.0	2.621637425651244	50.262
821.5	1.7778753828031284	70.603
822.0	1.7587136926110902	141.551
822.5	2.3023731699782406	202.873
823.0	2.415265156586907	111.231
823.5	2.9777547648875444	140.889
824.0	1.9113965171703498	44.018
824.5	1.701533350281311	12.802
825.0	1.5310508273911156	130.963
825.5	1.7160974567153333	90.588
826.0	2.3987692865340033	60.453
826.5	1.8299322362016381	90.419
827.0	2.2607812423908378	14.478
827.5	1.738730638363156	95.624
828.0	1.9888817069603708	42.111
828.5	2.5488054776977	50.214
829.0	1.6027533285854842	40.304
829.5	1.6923392474817827	12.803
830.0	2.152904874969491	202.083
830.5	2.5834937145612926	323.134
831.0	2.681371864796411	353.917
831.5	2.1976685021945457	181.67
832.0	2.105250018017762	60.464
832.5	1.3818597400082433	120.83
833.0	1.7761015553181068	43.3
833.5	1.353289362249832	100.63
834.0	2.6179038586657035	40.27
834.5	1.856067552004287	100.747
835.0	2.2504132093169646	113.804
835.5	1.1141890568968216	130.886
836.0	1.9558785975436355	80.405
836.5	2.347319416108115	70.77
837.0	2.0483074957595178	60.464
837.5	0.9884864787052786	101.247
838.0	2.0043592774947427	597.447
838.5	2.1052055745294407	238.082
839.0	1.9139826275541556	109.459
839.5	2.621118221106938	101.015
840.0	2.3133063459263665	60.646
840.5	2.1535848113834204	272.582
841.0	2.592310161649335	273.053
841.5	1.6371866489559501	459.933
842.0	0.461928795333674	808.12
842.5	2.5567019470383	115.969
843.0	2.056350130503046	19.98
843.5	1.838542890615721	103.789
844.0	1.5481401246997122	17.8
844.5	2.3643863902950892	82.338
845.0	2.202121553693833	37.484
845.5	0.8012844519472063	90.761
846.0	1.901028592228331	47.885
846.5	1.6273998272354286	98.663
847.0	2.664473046731347	19.913
847.5	0.7855795492286157	20.807
848.0	1.5682347617380827	80.51
848.5	2.765408021026944	60.575
849.0	2.335245174868377	60.476
849.5	1.5008271168703449	45.275
850.0	2.2351488391425196	90.421
850.5	1.9729207536319955	30.259
851.0	1.7506082911820975	80.656
851.5	1.443977426774605	80.598
852.0	1.735305822121553	90.523
852.5	2.687834815420454	30.304
853.0	2.005442892654391	95.802
853.5	1.5640622122805432	52.61
854.0	1.9191922305079663	60.264
854.5	1.805580841898098	30.502
855.0	1.2684807565072524	70.458
855.5	2.107188411280821	40.309
856.0	2.210005146597501	70.473
856.5	1.8667351592105876	60.445
857.0	2.2598290243932504	108.308
857.5	1.7957748415052706	107.33
858.0	2.593292520378771	70.432
858.5	1.5243306371483714	28.512
859.0	1.38167210909873	14.255
859.5	1.3482760535014695	13.485
860.0	1.6426068289439002	100.736
860.5	2.2649690483889313	34.279
861.0	1.6838286133074742	50.5
861.5	1.558525033688564	30.316
862.0	2.1432681188687503	60.356
862.5	2.012378590270665	70.557
863.0	1.643990713483348	70.439
863.5	1.814766519342397	212.26
864.0	1.5428145166535143	30.175
864.5	2.9469236311398275	74.729
865.0	1.171244973125874	172.436
865.5	2.562004823757427	141.573
866.0	2.2547356507227256	222.394
866.5	3.688557811896955	67.437
867.0	1.1284785754258502	90.246
867.5	1.9316350105022386	50.227
868.0	1.3400522064867788	41.441
868.5	3.0680474150195787	30.225
869.0	0.9415221396852369	94.435
869.5	1.5554545701577391	90.569
870.0	2.3054934631168043	45.188
870.5	3.0232424354506073	70.512
871.0	1.7475596494438728	20.133
871.5	1.8100270175827131	20.164
872.0	1.6294167901151642	86.889
872.5	3.1210698448063856	171.711
873.0	1.310272594330624	110.89
873.5	2.417821952909696	172.24
874.0	2.8604540753933576	212.117
874.5	1.8636266530240486	90.244
875.0	1.411280831354659	40.261
875.5	2.137188354840671	90.513
876.0	1.9005781349635678	42.525
876.5	1.6971219894864573	56.816
877.0	1.9767569340531752	13.41
877.5	2.035301396819634	100.673
878.0	1.9747114024193724	138.96
878.5	2.205052856052756	30.198
879.0	1.78700078880692	12.96
879.5	2.2276171561310636	70.486
880.0	2.348841151566836	90.78
880.5	1.736283160430367	151.45
881.0	3.067492526538035	115.899
881.5	2.6023510025173886	12.642
882.0	2.5500769532782313	28.212
882.5	2.0432276105235827	20.099
883.0	2.0060720367939515	42.553
883.5	1.7516680819175978	90.215
884.0	1.9909308948421005	70.737
884.5	1.5807156312317125	55.822
885.0	1.9507415922102649	90.551
885.5	2.2624409159005476	151.576
886.0	1.6885651596127254	61.106
886.5	1.5646316250462853	15.935
887.0	1.5689303223875786	100.707
887.5	1.8252904041771014	100.671
888.0	3.0409110964700528	40.219
888.5	2.086456544525584	15.539
889.0	1.897459996752309	40.334
889.5	2.3083931747014126	81.281
890.0	1.8575710759401431	50.386
890.5	1.7222353310259813	70.565
891.0	1.6870150061918623	21.16
891.5	2.14225781375705	60.453
892.0	1.8666561970732494	80.548
892.5	1.6458307597133615	14.942
893.0	1.9147250726220173	47.602
893.5	1.8296063334134045	13.235
894.0	2.176906684042734	121.049
894.5	0.9198012868667887	30.075
895.0	1.594405533399393	44.163
895.5	2.63563381662873	161.575
896.0	3.498447665522161	222.053
896.5	3.0407756904254164	201.959
897.0	2.2575251106369225	141.296
897.5	2.9210208725657303	60.549
898.0	1.633234353999276	110.913
898.5	1.6725111379403932	70.332
899.0	1.9583692884734123	40.374
899.5	1.830346635322659	105.138
900.0	2.1892595425238635	90.509
900.5	1.643732327315065	60.389
901.0	1.757603327541694	130.837
901.5	1.7800185773239774	105.803
902.0	1.5039505342619404	100.562
902.5	1.779811287410915	50.284
903.0	1.94158501897729	151.516
903.5	2.4996514021272898	152.633
904.0	2.1988858756711425	136.889
904.5	2.773135320020855	90.636
905.0	2.356100775641118	20.26
905.5	1.9907440831686052	43.316
906.0	1.553267135255888	30.007
906.5	2.011850256811893	30.165
907.0	1.3728685746099094	33.042
907.5	2.416983682870531	130.509
908.0	1.485976966148144	45.686
908.5	1.8390998202224615	74.315
909.0	1.3558625337645693	80.499
909.5	1.7308537328247962	110.828
910.0	1.5342162186997452	40.666
910.5	1.9434133910771694	60.198
911.0	1.6210596271740996	90.618
911.5	2.0505905963466935	119.548
912.0	1.7303623609883245	161.551
912.5	2.836456873033538	80.786
913.0	2.2797057993771	323.094
913.5	1.6367064758879797	12.413
914.0	2.0356028028241084	13.213
914.5	1.47229822477074	92.736
915.0	2.0513343287939585	60.281
915.5	1.6845030618310246	120.972
916.0	1.7974830759766456	90.547
916.5	2.4634388727986423	70.563
917.0	1.8383510232494493	50.397
917.5	1.842759736865671	83.594
918.0	1.5127335178782437	120.873
918.5	1.8619092163525568	15.774
919.0	2.1513823772235035	50.185
919.5	1.5575408809783753	48.465
920.0	1.7634661723017986	60.528
920.5	1.8399494851415683	30.2
921.0	1.7581543001629174	12.877
921.5	2.1996198931904893	80.381
922.0	1.4984175915230948	131.823
922.5	2.2615699278257377	105.858
923.0	3.0721620680706847	13.01
923.5	1.7984645688629406	191.7
924.0	2.289026665717811	110.732
924.5	1.6046257515181401	70.345
925.0	2.6338041251411206	100.75
925.5	1.4878170723796216	90.858
926.0	1.4470376395036453	12.954
926.5	2.4438300857265203	50.355
927.0	1.4867739604917631	104.786
927.5	2.4875348211690387	43.064
928.0	1.6097300278133952	100.576
928.5	2.1207954147900714	81.048
929.0	1.6978729115437694	100.79
929.5	1.8477813015950069	171.909
930.0	1.6717467260688612	422.021
930.5	2.764863206498721	32.953
931.0	2.4620231852226535	349.313
931.5	2.2962875635531894	13.61
932.0	1.608608510207912	20.18
932.5	1.8268968205883773	70.353
933.0	2.282758871111181	93.441
933.5	1.3719512170546082	103.642
934.0	2.397263960601179	16.635
934.5	2.1209562712874344	68.067
935.0	1.783075102480147	68.917
935.5	2.423522281540191	134.073
936.0	0.9729466296678639	20.324
936.5	1.2479004575383796	90.481
937.0	2.4155957672210007	17.755
937.5	1.9752263794633893	62.373
938.0	1.0869819994317698	11.873
938.5	1.9205335405668091	30.272
939.0	1.8970743453019931	47.392
939.5	2.0112700743602434	90.64
940.0	1.7650401211498328	90.718
940.5	1.9210732414054998	60.447
941.0	1.9711502712234819	100.563
941.5	2.537138302262829	101.067
942.0	1.2252209318390883	100.489
942.5	1.72481443384276	70.425
943.0	1.8839895124262538	90.569
943.5	2.3575117385963567	90.674
944.0	1.964407960795176	30.227
944.5	1.7421364226367038	110.572
945.0	2.3301410178895585	80.707
945.5	1.5138365199792863	191.53
946.0	2.569674441780917	171.707
946.5	2.620154039882464	212.049
947.0	2.2495192649583324	40.407
947.5	1.95946550274032	13.988
948.0	1.937341653101039	50.656
948.5	1.8516606082387859	70.575
949.0	2.263219528517446	60.504
949.5	1.8102268991969521	30.333
950.0	1.7257103623606276	27.548
950.5	1.9780293167753171	12.125
951.0	2.4995903348517143	20.123
951.5	1.3179216397180604	13.025
952.0	1.6951264750401687	20.437
952.5	1.541201569015459	36.905
953.0	1.698895708990427	12.256
953.5	1.622730083051218	47.849
954.0	1.9428173681749668	90.48
954.5	1.8937233301984249	80.631
955.0	1.8049301592237998	100.601
955.5	1.8967528227814385	60.472
956.0	2.114975280589417	125.037
956.5	1.7374523155677688	43.949
957.0	1.7877381286121106	111.006
957.5	2.8266819729996593	155.528
958.0	2.3697017269238456	140.647
958.5	2.174531943145074	303.012
959.0	1.7486532554664012	242.629
959.5	0.22261426081677882	566.316
960.0	3.2016788124368376	191.452
960.5	2.4683035227299124	104.788
961.0	2.522018255387736	182.318
961.5	2.500557247861024	70.536
962.0	1.4056441645860036	30.257
962.5	1.9883858359171231	102.375
963.0	2.2053871090816015	80.436
963.5	1.9080719262190045	13.601
964.0	1.9429656487287874	80.502
964.5	1.8766356284408061	37.063
965.0	1.9706319276151378	30.142
965.5	1.7026551197595043	80.556
966.0	1.6076899623200664	90.652
966.5	2.268496792095756	23.715
967.0	2.0135700845582467	70.476
967.5	1.2969418044026313	63.037
968.0	1.8539395005610213	20.224
968.5	1.9726003071359233	110.823
969.0	1.9026494129142313	90.54
969.5	2.282589387388075	60.458
970.0	1.8524198159903351	34.481
970.5	1.6705634025512774	125.853
971.0	1.6394420161151768	90.691
971.5	2.2601769969466883	323.678
972.0	1.3273016609318817	959.988
972.5	1.3220322034353975	70.542
973.0	2.092926521082909	50.384
973.5	2.2044791537938413	90.508
974.0	2.076485622192278	70.465
974.5	1.269257646270878	120.747
975.0	1.6119305404797026	20.097
975.5	1.5522635783346213	43.878
976.0	1.838734317682638	100.617
976.5	2.1429168182564236	30.082
977.0	1.8219191152314194	120.87
977.5	2.0729367544866353	14.282
978.0	1.4524201701939965	110.784
978.5	2.249322776726234	145.276
979.0	2.3567682064661883	132.582
979.5	2.962862464288581	192.04
980.0	2.0108258286009915	55.626
980.5	1.4297112592873864	20.169
981.0	1.6839468378575289	20.258
981.5	1.7736751939687994	30.208
982.0	1.9936046760431507	13.457
982.5	2.020939112863532	30.147
983.0	2.1027445957638657	70.407
983.5	1.6306240022607434	17.382
984.0	1.360870399482496	14.989
984.5	1.76131990171008	90.483
985.0	2.3698909443935943	15.531
985.5	1.6098284465416108	42.837
986.0	2.612917844901766	80.518
986.5	2.4394727722200873	30.301
987.0	2.3891238771507015	40.763
987.5	2.71454949221573	137.64
988.0	1.6258451510270922	50.898
988.5	1.6708323170050838	12.798
989.0	2.1538438128304254	60.258
989.5	1.7172450438090472	107.58
990.0	1.8692650119240592	93.946
990.5	2.0557103121542366	12.519
991.0	2.4051776695523523	14.921
991.5	1.5723897642333697	50.566
992.0	1.645634607013765	30.056
992.5	1.7495490813901142	40.291
993.0	1.7305634668567644	74.032
993.5	2.6470435198740225	181.621
994.0	2.709018168018077	182.198
994.5	2.0457845599237587	110.862
995.0	2.9724821687221445	137.957
995.5	2.38311479859546	38.631
996.0	1.5670258932265473	110.645
996.5	1.974085879320343	70.472
997.0	1.4893390618460738	60.259
997.5	1.45988491170981	80.482
998.0	2.204995269453385	16.414
998.5	2.039023976479654	120.989
999.0	2.2320091080584135	80.51
999.5	2.1411444812739244	12.972
1000.0	1.378634528506762	70.383
