0.5	5.372038901801391	30.148
1.0	0.7399072886459207	120.773
1.5	0.46841554805251123	120.964
2.0	0.3503486804380753	23.456
2.5	0.05614841004348221	589.229
3.0	0.37568414114140486	22.767
3.5	0.24011328680370808	25.816
4.0	0.12204847026885471	44.446
4.5	0.1684866713237631	44.446
5.0	0.02157075878459973	685.305
5.5	1.3463339509746524	121.053
6.0	0.4829611491541059	20.361
6.5	0.5868104037970175	20.595
7.0	0.7289979286554544	42.801
7.5	0.6305157031878489	31.648
8.0	0.5926590127699651	144.347
8.5	0.6075775348733972	110.63
9.0	0.5630616413344113	26.102
9.5	0.5301295389834684	22.578
10.0	0.5265034328453142	177.477
10.5	0.403834764264176	120.864
11.0	0.7468242595131369	27.472
11.5	0.5258755662521493	70.57
12.0	0.4974884815489233	98.094
12.5	0.7170528756421328	120.874
13.0	0.44425425666508134	38.49
13.5	0.4920730019042735	16.732
14.0	0.7872864833767907	70.49
14.5	0.6299991793994771	60.513
15.0	0.5817677788176221	141.16
15.5	0.6689427904946987	91.161
16.0	0.6095765043479812	141.55
16.5	0.9612371570808165	151.411
17.0	0.4863207617435647	140.965
17.5	0.6284326636111695	60.497
18.0	0.4627940443718145	109.151
18.5	0.5730086400316888	120.817
19.0	0.517327308353199	90.772
19.5	0.5995031278648021	80.798
20.0	0.6558056110143742	111.012
20.5	0.5610458233710583	60.482
21.0	0.5768862207735286	20.225
21.5	0.39902896369431884	120.823
22.0	0.5097686368931302	176.922
22.5	0.6360948594864679	18.436
23.0	0.36246986755426	113.923
23.5	0.16168571737886417	14.761
24.0	5.161350460308444	37.345
24.5	2.1240256973267364	36.558
25.0	2.060987422079077	37.387
25.5	2.50381009695293	24.853
26.0	1.8033143092344808	65.616
26.5	1.6829381937956218	27.419
27.0	1.8529689040524777	90.548
27.5	1.2946593683554042	34.714
28.0	1.8064187695890004	90.599
28.5	2.0970028099153826	35.604
29.0	2.301391052604141	100.838
29.5	1.7857003590343115	70.32
30.0	2.3720841263529686	40.24
30.5	2.3264868900289706	110.623
31.0	1.762993702199229	30.164
31.5	1.6897891571326804	56.24
32.0	2.121346690476069	50.257
32.5	2.0482554218122315	24.941
33.0	1.9742533617674212	139.032
33.5	1.507138468871073	100.648
34.0	2.1226172442102156	70.462
34.5	2.0182986978049606	60.35
35.0	1.8575086286718472	54.641
35.5	1.6033686639852607	50.375
36.0	1.4232940130615765	80.763
36.5	1.978758814052534	120.788
37.0	2.0519545640756918	151.656
37.5	2.201286936021317	86.802
38.0	1.5116630573545262	55.348
38.5	1.8910384447615147	50.329
39.0	2.5408438193944387	20.174
39.5	1.9733653791998638	80.533
40.0	1.4817957214871509	90.888
40.5	1.97483386279533	67.012
41.0	1.9626127368558541	30.232
41.5	2.678426163422098	20.265
42.0	1.4832298406142137	70.546
42.5	2.0962558602659436	60.352
43.0	1.9911125914195864	76.573
43.5	1.7408365128127294	161.431
44.0	1.7997520840728145	90.487
44.5	2.0587667500594	80.49
45.0	2.759165092302036	14.457
45.5	1.8048207146974407	70.416
46.0	1.9282228467797855	30.242
46.5	1.5625179469273	85.662
47.0	1.8145444945704312	46.189
47.5	1.7547713767184558	40.374
48.0	2.130735593352646	45.498
48.5	1.3334235563919141	67.038
49.0	2.0749503417875923	49.087
49.5	1.6843318958050115	149.153
50.0	2.03734804716185	16.878
50.5	2.547158840760613	15.785
51.0	1.459465351475066	110.767
51.5	2.07124155673228	70.661
52.0	2.0239055981523784	100.855
52.5	1.7114891138083517	70.439
53.0	2.112662675791508	50.431
53.5	1.5737729981756672	120.994
54.0	2.2188268183546813	60.438
54.5	2.0334622623649667	80.416
55.0	0.1401629427596108	10.408
55.5	7.616757598826345	58.617
56.0	1.8441422604830728	50.479
56.5	0.12957275411767483	16.618
57.0	5.657210542980518	100.505
57.5	1.643423904971869	13.412
58.0	2.362718631014463	80.619
58.5	1.6864999250563777	30.295
59.0	1.5634898959456902	36.819
59.5	1.6105542363760768	50.302
60.0	1.5577168753117026	15.427
60.5	1.6678569031997519	86.929
61.0	2.2734955851434506	22.599
61.5	0.7031537161516194	120.788
62.0	2.1152149001016802	57.001
62.5	1.3265743722626961	97.292
63.0	2.2758900292605206	100.75
63.5	1.8371230469889024	131.313
64.0	2.1590954314489976	100.561
64.5	1.5792591048358826	110.568
65.0	2.5238881819496486	121.4
65.5	1.1242705433189115	644.122
66.0	0.17656767549746305	644.122
66.5	0.14970468824682914	12.912
67.0	3.0653799488585016	90.808
67.5	1.7590974433500108	50.446
68.0	1.3183606480429562	150.519
68.5	2.0956081534164075	32.483
69.0	1.7709438239512512	12.788
69.5	2.535629897878655	27.673
70.0	1.8278408854619197	113.324
70.5	0.9795042870980132	80.499
71.0	2.0478953823840294	30.303
71.5	1.624630010720966	43.069
72.0	2.2629327498303073	17.096
72.5	1.4784507309015769	39.341
73.0	1.5634117218745958	16.309
73.5	2.296169319272994	17.565
74.0	2.045911322930286	36.344
74.5	1.877488656825631	90.113
75.0	2.141614968133534	50.274
75.5	1.4190044316215675	24.016
76.0	2.358853657531459	80.562
76.5	0.9189416466997253	52.465
77.0	1.6386367309871075	100.587
77.5	1.46191448476639	50.369
78.0	2.1751732423254073	12.528
78.5	1.523960325690993	32.261
79.0	2.3593256320290195	33.113
79.5	0.940457568159622	40.307
80.0	1.6657717647296375	110.661
80.5	2.204995138013062	40.219
81.0	3.0116031457523964	70.696
81.5	1.029125215988489	21.6
82.0	2.4785132296159076	16.082
82.5	2.1584906937275994	89.471
83.0	2.0351460767431178	63.364
83.5	1.5334441510486214	40.354
84.0	1.6015910719218134	60.421
84.5	2.6211208038108125	40.275
85.0	2.5279613384725765	60.663
85.5	1.4331943592392247	65.54
86.0	2.284635509520773	20.169
86.5	1.8134613621895566	90.51
87.0	1.9421877338627047	80.629
87.5	1.2364012145075436	40.354
88.0	1.9742583979525123	120.447
88.5	1.7661382707155298	21.661
89.0	1.7676831807086602	110.644
89.5	2.141952754582575	32.128
90.0	2.2759727667692418	40.423
90.5	2.160112692387249	93.959
91.0	1.7421684711098575	41.635
91.5	1.6434501396218597	40.391
92.0	2.1793550965963475	20.0
92.5	1.635073323214361	70.528
93.0	2.1756519585180114	80.799
93.5	1.3393004137969742	100.672
94.0	2.0552467892299107	40.24
94.5	2.5030781181280313	57.158
95.0	1.6418517317019528	80.594
95.5	1.8032502755655115	36.164
96.0	1.8991391778858402	100.507
96.5	1.9294721036607663	70.341
97.0	1.8876508265894503	100.623
97.5	2.132627301590488	90.415
98.0	1.9490043206677845	20.005
98.5	1.5853048540011387	80.414
99.0	2.3401645642677154	127.466
99.5	1.6210868413959671	30.262
100.0	2.1335062045547364	40.119
100.5	2.190067311729113	47.012
101.0	1.6923293619720412	64.697
101.5	2.4885894721043162	40.32
102.0	1.5747409964372487	70.564
102.5	2.0740741219338097	40.263
103.0	1.7796891731124365	77.138
103.5	1.6749992708367187	50.387
104.0	1.9874731407383754	40.247
104.5	1.6030261324375752	13.872
105.0	1.6919438267516174	90.437
105.5	2.264956750762167	20.215
106.0	1.5798710364637947	100.494
106.5	2.5157722365190143	40.533
107.0	1.7665570489057736	50.404
107.5	1.5506973448205097	15.318
108.0	1.9116997751448181	114.354
108.5	2.4908972644083907	70.403
109.0	1.4851179289765033	110.619
109.5	2.407370188084763	90.621
110.0	1.6102573125535722	90.678
110.5	2.0730887027041844	90.605
111.0	1.4651088311749005	20.138
111.5	1.497019879381624	42.812
112.0	1.899425107999181	12.778
112.5	2.1613129733851064	79.77
113.0	1.3686629445256469	13.624
113.5	1.8988105451486628	88.923
114.0	1.8788286655712352	62.156
114.5	1.2699222041952867	30.197
115.0	1.759003824649061	20.147
115.5	1.6541536505700878	20.409
116.0	2.4740391200337677	20.088
116.5	2.1084120506762702	72.235
117.0	1.407544156583855	84.716
117.5	2.004590237486275	53.051
118.0	1.9077070894064099	13.14
118.5	1.8885871633766655	132.518
119.0	1.4709651750518564	13.221
119.5	1.8213473901082984	121.16
120.0	2.514732785692808	65.269
120.5	0.9523367078829628	103.725
121.0	2.127657216458178	125.946
121.5	1.888569740398086	60.574
122.0	2.4291779188222593	110.85
122.5	1.1502999797256255	20.159
123.0	1.4573845548710302	110.85
123.5	2.1632800919812234	110.625
124.0	1.9578525555333106	76.492
124.5	0.8231120302171454	83.583
125.0	1.770063659598376	60.175
125.5	2.6004659656087012	12.258
126.0	1.6907195124541943	94.915
126.5	1.0962976975212932	30.187
127.0	2.2571675439518883	130.812
127.5	1.6774717396243608	90.591
128.0	1.4887001262888677	80.581
128.5	1.7136219826273824	30.214
129.0	1.3950366240897711	90.857
129.5	1.758712203670055	100.756
130.0	1.8281825999663486	122.676
130.5	1.1787948202215035	60.246
131.0	1.6190983408505912	135.899
131.5	1.4703864204754662	110.884
132.0	1.4407536606433722	39.135
132.5	2.2692685736047102	12.031
133.0	2.231340367952052	94.979
133.5	1.7382067315071767	66.872
134.0	1.3595062017195498	60.516
134.5	2.8119384958392217	66.415
135.0	2.1752459731827267	30.189
135.5	1.7965303114882327	16.349
136.0	1.1103916509953906	50.406
136.5	2.1814533477764826	121.725
137.0	1.5794743226396284	78.321
137.5	2.2892693762829475	54.203
138.0	1.8164101009579776	36.041
138.5	2.5785737024177355	14.77
139.0	2.4444692434878657	56.257
139.5	2.0672867272327706	34.964
140.0	1.2777707186603806	40.276
140.5	2.03614375937222	31.257
141.0	2.5962691562066733	66.298
141.5	1.1263524850897861	45.087
142.0	1.869249783489702	23.723
142.5	1.415669609885802	85.039
143.0	2.5372355286913995	20.232
143.5	0.8840403614848774	55.571
144.0	1.6747230879826984	60.567
144.5	1.7417677036894867	20.7
145.0	2.1003075210551403	80.669
145.5	1.45076913752402	60.515
146.0	2.037208649178896	50.446
146.5	1.438372527968991	94.993
147.0	1.8488323320333593	130.835
147.5	1.4702858918956845	100.744
148.0	1.5852808886956093	100.7
148.5	2.0222942329198226	94.069
149.0	1.4466101076487976	22.373
149.5	1.1310672915143436	13.218
150.0	1.6678142267603633	30.217
150.5	1.783071077793229	14.795
151.0	1.7763534462962252	60.552
151.5	1.2465511446394186	80.451
152.0	1.664970120152919	20.094
152.5	2.108620520241614	40.38
153.0	2.114964964963302	11.683
153.5	1.8949150106177284	20.163
154.0	3.182891024132732	58.815
154.5	1.5483120275954088	20.309
155.0	1.7228545475274832	140.951
155.5	1.5241165647514878	90.648
156.0	1.9804981914170054	100.847
156.5	1.7033552452337892	42.032
157.0	1.729816186809739	30.237
157.5	2.4004741854589198	20.107
158.0	2.362438325032957	35.062
158.5	1.8551929128618168	20.104
159.0	1.5655278237015153	56.074
159.5	1.6495298050853506	26.889
160.0	1.9271141236032294	45.506
160.5	1.6289909684603694	41.873
161.0	2.0156145735169377	40.251
161.5	1.3798935929023772	120.91
162.0	1.5744689332216284	50.339
162.5	2.4955836454635087	83.413
163.0	1.8366534715763694	99.382
163.5	1.7155053723606581	19.075
164.0	1.8758001799549862	75.511
164.5	1.4657140617806117	131.218
165.0	1.6853728259161227	80.389
165.5	2.2234551908331635	80.437
166.0	2.270030646351812	90.665
166.5	2.3257040516115732	72.379
167.0	1.2216349802072133	78.533
167.5	2.159939240205403	80.454
168.0	2.2076218272144916	96.725
168.5	2.404809229069723	30.199
169.0	1.2489982172709961	80.362
169.5	1.8198373936462047	70.544
170.0	1.4326603225206611	63.25
170.5	2.374237937290569	130.872
171.0	1.274369108092607	50.924
171.5	1.8857641315849458	30.235
172.0	1.9616155021730046	70.548
172.5	2.0612936865407274	40.5
173.0	1.9266142205267598	29.154
173.5	1.8004296949295704	76.161
174.0	2.521990728798513	58.147
174.5	1.5524051818837155	88.208
175.0	2.2590152158696655	80.594
175.5	2.5121680633344785	27.269
176.0	1.6706305967908697	80.585
176.5	2.132887944033769	40.237
177.0	1.6070046064286343	52.739
177.5	1.6713264021558047	43.775
178.0	1.8127150814833524	40.374
178.5	2.2164165358090933	80.677
179.0	1.4966883986592119	50.351
179.5	1.9114111076404197	70.477
180.0	2.194870309274158	130.995
180.5	2.4130062875512928	85.222
181.0	1.8666079317200566	31.345
181.5	1.7379817025220083	32.821
182.0	2.195917519948116	40.169
182.5	1.4635787578012003	34.9
183.0	1.535798028059315	30.202
183.5	2.1090050823571724	50.737
184.0	1.7088991215672298	110.745
184.5	2.103197544542376	57.54
185.0	2.073383580709341	40.391
185.5	2.1958662167970515	87.148
186.0	2.1073228359961664	60.448
186.5	1.616007344919455	15.19
187.0	2.185732497080843	60.406
187.5	1.3553338721219221	18.053
188.0	1.9223339332341693	30.191
188.5	1.85390200781696	50.387
189.0	2.140218669609991	49.872
189.5	1.7404593396929817	32.564
190.0	1.7403306844776747	100.723
190.5	1.8565003288012705	90.389
191.0	1.8551623651468674	100.563
191.5	1.5227748448524578	50.4
192.0	2.313977489227089	30.209
192.5	1.7145817569622412	140.91
193.0	2.286522553412053	83.313
193.5	1.701962397104548	60.484
194.0	1.6814609066088269	41.98
194.5	1.522255304173782	90.676
195.0	2.159992255306193	90.74
195.5	1.804555298258753	110.719
196.0	2.059273528944949	81.164
196.5	0.9431687827997096	23.114
197.0	2.3110158339652336	82.999
197.5	1.498559695392978	40.33
198.0	1.833113135783616	110.952
198.5	1.9767823901209292	14.084
199.0	2.035418709173554	50.321
199.5	1.8052140213124448	20.112
200.0	2.5467996864077183	50.476
200.5	0.742909778683353	60.373
201.0	2.574683390116407	50.33
201.5	1.850509691800713	30.303
202.0	2.1185121665510254	50.326
202.5	1.6234642362982954	30.315
203.0	1.83922511570483	90.694
203.5	2.3431610325049896	68.132
204.0	2.735125981839834	50.513
204.5	1.9004792578817278	70.46
205.0	2.2225365071087078	19.997
205.5	1.4433336579165994	100.781
206.0	1.8051878488586324	60.364
206.5	1.9542430548509542	50.269
207.0	2.1086186118247805	34.454
207.5	1.3892747831347436	30.178
208.0	1.7290077445348406	12.853
208.5	2.2085931884651098	80.505
209.0	1.7665401213172418	41.599
209.5	2.2532891871756364	64.918
210.0	1.76380329100327	74.452
210.5	1.8109819249589454	90.676
211.0	2.346505078284463	48.246
211.5	1.6390413930950687	115.989
212.0	1.604594561560835	40.222
212.5	1.6109397073735297	90.697
213.0	2.381016094439123	90.563
213.5	2.2261644693422165	100.927
214.0	1.360086335744879	50.455
214.5	1.5208317312360087	80.632
215.0	1.7853709926280807	60.437
215.5	2.495764957070302	60.516
216.0	1.389301831203858	120.702
216.5	1.626516426625523	12.285
217.0	2.451694118778599	63.123
217.5	2.1908516249403167	30.372
218.0	1.8966788127882885	32.897
218.5	1.9438694971494352	20.282
219.0	1.852603856741572	102.515
219.5	1.8076679832524563	49.908
220.0	2.5666952189486314	70.816
220.5	2.1960996975853355	90.509
221.0	2.099326756740961	12.213
221.5	1.7877003379293461	110.644
222.0	1.961781784220073	30.23
222.5	1.7679296550914347	90.563
223.0	1.9239575791345418	121.344
223.5	2.024207217210055	50.377
224.0	1.1866065041198572	64.784
224.5	2.2170116662907646	25.18
225.0	2.259753453940049	64.628
225.5	1.816961863510596	91.67
226.0	2.1533281921855023	50.264
226.5	2.302961556180752	20.05
227.0	1.7475897637936886	40.275
227.5	2.1619488077639746	20.094
228.0	2.2158583977023163	50.576
228.5	1.7609668562396747	50.119
229.0	1.8927281744123157	40.509
229.5	1.6391736692369712	73.106
230.0	1.630873530598797	424.545
230.5	2.6819368926578666	90.587
231.0	1.745438713222779	18.178
231.5	1.7725073337918484	95.616
232.0	1.4997673821888688	80.674
232.5	1.956998690385567	13.847
233.0	1.7485975280541055	123.496
233.5	1.6261203279594352	74.655
234.0	1.4454107936453893	100.728
234.5	1.87787992734391	72.854
235.0	2.7712433055815184	20.221
235.5	0.768995097314667	40.409
236.0	2.321203847766292	12.097
236.5	1.8572292370995431	110.888
237.0	2.0472381031320785	30.211
237.5	1.2617790963379658	50.219
238.0	2.3847704028437695	97.07
238.5	1.7977420958962744	54.147
239.0	3.1006515032264264	41.913
239.5	1.3203221574520145	130.904
240.0	2.206896266494107	100.756
240.5	1.4948794644008314	40.407
241.0	2.329694048255123	50.336
241.5	1.1738867714776038	50.35
242.0	2.1322348232915256	100.824
242.5	1.790921217026945	70.404
243.0	2.140323695246622	50.313
243.5	1.785454157777956	104.062
244.0	1.993769839251897	60.494
244.5	1.884511166638967	20.129
245.0	1.556752915135801	30.184
245.5	1.2734432624820953	90.817
246.0	2.184289852335839	30.167
246.5	2.588914785109742	24.929
247.0	1.5917676778076464	15.47
247.5	1.8394910518580019	90.544
248.0	1.6044801379234324	109.914
248.5	1.3844370028397621	127.877
249.0	2.1608209541605254	110.686
249.5	2.2332149072742618	80.468
250.0	1.9022315804502525	15.076
250.5	2.2285512263028773	20.842
251.0	0.7380249495023531	70.555
251.5	1.8051145286807775	22.223
252.0	2.174849464672692	20.151
252.5	2.4221118196482583	100.896
253.0	1.0508902097006438	110.876
253.5	2.046308705606353	20.16
254.0	2.338919820026855	90.494
254.5	2.2212196293036697	80.584
255.0	1.7478196520649854	90.625
255.5	1.8508091825665909	110.443
256.0	2.3729365123109973	30.195
256.5	1.6405239548453288	45.034
257.0	0.9786791064887376	50.85
257.5	1.881123916210109	20.146
258.0	1.3662886703546873	100.505
258.5	2.0285084627016587	60.469
259.0	1.6358768817131129	110.624
259.5	2.1526417207953106	82.943
260.0	1.517383083139844	110.834
260.5	1.853129806183186	100.77
261.0	1.7261776284427894	20.327
261.5	2.024083787421789	62.617
262.0	1.8736028057876306	87.461
262.5	2.296738919973784	54.151
263.0	1.1487691955231847	80.471
263.5	1.9960110596521732	90.598
264.0	2.4310115930596434	14.481
264.5	1.9650441949504782	68.13
265.0	1.5855493205853934	104.311
265.5	1.7046410353127042	79.642
266.0	2.1442851202725106	63.488
266.5	1.7134313726767292	123.869
267.0	1.7299968617661676	42.821
267.5	1.8651104144323876	90.618
268.0	1.8038513432148038	65.164
268.5	1.9559107110654337	80.634
269.0	1.3069350844746215	20.197
269.5	2.1824862862565904	61.708
270.0	2.5283564924830775	110.478
270.5	1.6322859410679473	124.789
271.0	1.4748148809707864	11.449
271.5	1.8455046011323513	80.603
272.0	1.5251900975610344	80.462
272.5	1.7772172282020673	16.829
273.0	0.8891328304213473	120.785
273.5	1.883607331718637	110.788
274.0	2.0377491815536697	14.729
274.5	1.4505435674428362	52.98
275.0	1.952634314441732	89.082
275.5	1.5785879575657624	40.321
276.0	1.6121111250599214	14.991
276.5	1.4615642479695978	60.288
277.0	1.7651064541751984	73.939
277.5	1.6484684804564498	80.655
278.0	1.3583732051998338	40.632
278.5	1.8778827555675013	110.832
279.0	1.6156190148462122	110.737
279.5	1.744729586907142	20.047
280.0	2.0687576901126112	13.945
280.5	0.6602231041436954	80.558
281.0	1.2277489744357586	40.347
281.5	1.501525445976546	70.564
282.0	2.1776535079319124	20.218
282.5	0.6654438361400975	20.154
283.0	2.0165512320056544	45.924
283.5	1.5652159339982665	60.555
284.0	1.8840445194883126	37.713
284.5	1.3249730546574487	38.818
285.0	1.4072062495788438	26.877
285.5	1.9907860493071559	13.287
286.0	2.375195880826268	50.395
286.5	1.4342208421885059	54.366
287.0	1.422671996046184	11.422
287.5	2.053803371878876	50.326
288.0	1.9728554718576856	80.437
288.5	1.755646898223561	62.989
289.0	2.3830985241233096	84.181
289.5	1.5232664511011538	100.747
290.0	1.9884850122744047	50.334
290.5	2.1223534147655694	83.364
291.0	1.8835423160951243	40.25
291.5	1.6948662291673684	50.349
292.0	1.8414498189951636	120.871
292.5	1.451854831979189	41.772
293.0	2.353129002708855	60.406
293.5	2.4699933959473728	12.994
294.0	1.2852107769487182	29.426
294.5	1.5752675808139405	50.3
295.0	1.4004766211339772	53.757
295.5	2.5392042928664984	82.449
296.0	1.0835998898293056	60.524
296.5	2.0912547038345735	63.128
297.0	1.9159026218922277	60.511
297.5	2.772172735863756	13.987
298.0	1.4133645048021208	54.553
298.5	2.252407297054954	50.407
299.0	1.752979410285386	100.542
299.5	2.4938419509182017	50.539
300.0	1.6447260753952857	52.907
300.5	1.4101466196845616	102.71
301.0	2.3768677841449164	100.871
301.5	2.1818103518525476	131.083
302.0	1.4156742466658263	70.466
302.5	2.258567991697235	42.46
303.0	2.1334844947963254	45.519
303.5	1.6891913578264541	20.447
304.0	2.171117634803732	70.414
304.5	1.798639207025727	61.911
305.0	1.6839187793596115	12.844
305.5	1.8140925727580735	67.057
306.0	1.0996541774845083	171.356
306.5	1.5480516049520139	20.43
307.0	1.3818273656856181	130.915
307.5	1.986553011456333	103.611
308.0	1.3183719366386575	66.67
308.5	1.8889460374330813	40.365
309.0	1.816935165291079	60.404
309.5	1.1430216488556084	60.763
310.0	1.482343084373904	20.175
310.5	2.4892374969144644	84.07
311.0	1.5961837845136198	130.791
311.5	1.5999064918727697	110.698
312.0	1.522644135881959	56.255
312.5	2.0338113299125986	120.884
313.0	1.827214106964977	90.564
313.5	1.7720084313638196	90.734
314.0	2.105689095768779	20.156
314.5	1.9007092504293006	50.28
315.0	2.161784329735954	33.988
315.5	1.7024649889863277	30.17
316.0	2.479428735597124	80.603
316.5	2.0155618599551306	50.402
317.0	1.6311351960752076	70.402
317.5	1.4307822416475982	64.347
318.0	2.2639379350395505	40.181
318.5	1.6814402077991706	44.731
319.0	1.4761658781729199	66.434
319.5	1.5487531707194158	35.084
320.0	1.5778517509486887	30.234
320.5	1.8522715464667088	56.091
321.0	1.925679874746347	63.387
321.5	1.407751146918019	80.511
322.0	1.491217594470407	100.756
322.5	2.344019146486746	111.566
323.0	1.553283660485906	94.975
323.5	1.5536049922897146	30.303
324.0	1.8280560233705994	90.471
324.5	1.2246116569586232	40.371
325.0	2.592104540629988	45.416
325.5	1.6579952334163215	36.383
326.0	1.3675459661863485	106.925
326.5	1.7785932344127025	80.493
327.0	2.0439886878023823	56.55
327.5	0.8731167489535013	52.726
328.0	1.7816113812767373	53.398
328.5	1.8090990220409935	120.803
329.0	1.9359697636594069	110.887
329.5	1.3775335164782714	60.466
330.0	2.264221493608449	20.178
330.5	1.8069107982368429	12.946
331.0	2.7382793758974855	63.553
331.5	1.8746334365478363	65.52
332.0	1.830491807936196	40.316
332.5	1.597067318493999	48.224
333.0	2.2916654139237345	88.123
333.5	1.3771793919308266	33.326
334.0	2.5124962888206843	80.585
334.5	1.8898074963162044	33.977
335.0	2.100946277239823	60.418
335.5	1.729472157263451	60.258
336.0	1.4186704212342738	90.645
336.5	2.200242548129206	74.39
337.0	1.5051814923236468	93.935
337.5	2.1564177361675463	40.09
338.0	1.2875763556603705	140.963
338.5	1.6977103046208388	133.178
339.0	2.0587699180988976	70.618
339.5	2.384162403050633	20.063
340.0	1.6549089835803816	50.306
340.5	2.727290615319373	80.771
341.0	1.306648485863753	90.523
341.5	1.5683205644096414	15.315
342.0	1.9443217313449037	90.566
342.5	1.9583706746067682	107.477
343.0	1.2910588889143897	50.303
343.5	1.3972284875624295	44.614
344.0	1.9665107549814969	32.413
344.5	2.2760047879836196	30.319
345.0	1.253755935942385	50.222
345.5	1.7098087066342809	50.349
346.0	2.2452386910190367	40.71
346.5	2.1347008434304917	40.266
347.0	1.3573695082583923	32.033
347.5	1.7663523210170684	79.418
348.0	2.1370444051606206	12.709
348.5	1.7210990905943795	80.538
349.0	1.5386821434826852	100.806
349.5	1.619575249435639	12.254
350.0	2.526675944334001	40.19
350.5	1.6711053018742903	30.212
351.0	1.8569017523489777	80.464
351.5	1.8189374820568474	55.153
352.0	1.518817474617924	100.648
352.5	1.4226713236647144	121.066
353.0	1.8731385121527284	23.437
353.5	2.533007693707768	30.205
354.0	1.3667393794331084	108.904
354.5	1.966109049132206	60.475
355.0	2.032385667779033	15.363
355.5	1.8454418518855271	70.58
356.0	1.9806613060159455	94.36
356.5	1.8501571415048108	70.652
357.0	2.1598959669295814	111.154
357.5	1.716541102694944	100.581
358.0	1.8718341626780604	100.976
358.5	1.7997738899118572	30.199
359.0	2.4503003227091895	53.387
359.5	1.6925907641685152	50.172
360.0	1.5068969218540198	20.443
360.5	1.6716862595764426	100.51
361.0	1.5764688072038382	36.237
361.5	2.018822393681442	104.843
362.0	2.4121441438402877	16.271
362.5	0.7300134866956085	49.736
363.0	1.68414643143951	64.939
363.5	1.786762989736211	30.226
364.0	2.0111966603037397	87.592
364.5	0.9180760961334066	17.421
365.0	2.236660083985899	60.29
365.5	1.8614169691032894	90.906
366.0	1.7971849543940814	81.362
366.5	1.3897005407603524	60.391
367.0	2.058522925182492	90.74
367.5	1.7643047239229546	50.344
368.0	1.9552342741701778	80.575
368.5	1.6029759518354991	40.205
369.0	1.8391114573853573	20.141
369.5	1.5213965062681227	90.563
370.0	2.871515245441436	80.71
370.5	1.5924817397611835	120.879
371.0	2.0516090420596513	65.759
371.5	2.268609195111238	80.335
372.0	1.8673705410412766	70.518
372.5	1.5704096480685767	90.569
373.0	2.1667843860799567	80.559
373.5	1.6206558266311832	27.511
374.0	2.5105494056503406	87.896
374.5	1.5912815565671543	15.148
375.0	1.959775363943742	60.498
375.5	1.6486268569302132	120.627
376.0	1.6247232469725317	22.674
376.5	1.9484505047171923	110.916
377.0	1.8834998698791756	60.44
377.5	1.8221367046054746	20.128
378.0	1.8875255626528846	63.914
378.5	1.437646684024645	90.495
379.0	2.393249663393212	42.77
379.5	1.3702394875123736	11.283
380.0	2.050719631631727	97.065
380.5	1.916871161330317	80.556
381.0	1.373996207091856	15.526
381.5	2.1353451909391064	20.406
382.0	1.346135359600094	75.09
382.5	2.1964842942490197	40.261
383.0	2.3308987763129316	20.113
383.5	1.7255396429012821	80.726
384.0	1.653231550450431	11.704
384.5	2.6244402681836565	40.119
385.0	1.9313707671411509	20.123
385.5	2.2725691078990815	80.704
386.0	1.2464333585574798	131.279
386.5	1.7272018277205752	44.704
387.0	1.710175264955853	110.757
387.5	2.08709704329556	83.981
388.0	1.0019838308886535	20.108
388.5	1.8484264179462808	54.274
389.0	2.1595090907670946	18.678
389.5	2.326621825126701	49.157
390.0	1.0476532462527655	90.533
390.5	2.127622712457589	103.214
391.0	1.680456113859318	20.235
391.5	2.4796555732028187	16.981
392.0	1.2276386149562146	51.059
392.5	2.071923913788045	36.021
393.0	2.7289674836705333	115.557
393.5	2.0555983344424433	90.567
394.0	1.5400536169038719	50.323
394.5	2.74650880517649	20.033
395.0	1.9137567180686688	12.934
395.5	1.7343899802185565	80.538
396.0	1.552352464222014	20.111
396.5	1.4743696721686075	52.503
397.0	2.3965519184116513	73.945
397.5	1.7252367840106573	40.348
398.0	1.6633545270272456	53.747
398.5	1.3883743236753832	80.607
399.0	2.1474876229448414	85.711
399.5	2.549053360912414	26.057
400.0	1.3302974174091682	69.348
400.5	1.924111558182252	30.173
401.0	1.9228226221362195	17.837
401.5	1.9554978756828585	80.57
402.0	1.2496818628313844	100.551
402.5	2.1997530770622746	50.248
403.0	1.768510414844497	90.401
403.5	2.1618452662449674	100.69
404.0	1.740106734326551	40.369
404.5	1.654254107502332	90.598
405.0	1.7799447740911223	34.543
405.5	1.6213898821851325	11.49
406.0	1.7226051410891061	121.028
406.5	1.7690240644578614	25.462
407.0	2.2779764891175764	139.12
407.5	0.8751428370840582	30.227
408.0	1.849931297497918	17.12
408.5	1.7830391679946505	60.46
409.0	1.9423783785501012	21.373
409.5	0.7733702292143702	68.593
410.0	1.7636571240497771	40.58
410.5	1.8857627582464616	30.133
411.0	2.551341168120202	18.995
411.5	0.8966588949227262	30.08
412.0	2.200398822211173	40.313
412.5	1.6200224353316999	40.279
413.0	2.6462391704280583	90.66
413.5	1.3640937739014096	69.698
414.0	1.9861502464636642	70.537
414.5	2.014416329043087	85.788
415.0	2.020790057587512	98.77
415.5	1.3771060198962464	90.344
416.0	2.0213998310987513	15.19
416.5	1.6139126200878857	72.528
417.0	2.206684330795892	120.81
417.5	1.3998969704034343	107.456
418.0	1.8880896651950265	41.066
418.5	2.346502426518117	30.339
419.0	1.7512182519500812	20.168
419.5	1.9006639027525818	110.732
420.0	1.663234930369372	23.312
420.5	2.409214303028121	121.254
421.0	0.35634551510246604	126.962
421.5	1.4957403411231245	40.413
422.0	2.404845187173461	60.458
422.5	2.2496740788809824	14.96
423.0	0.7952521970643915	130.809
423.5	1.8316684721271816	70.516
424.0	1.781022249171089	73.235
424.5	1.5387117693027286	90.957
425.0	1.5865369406436138	11.806
425.5	1.8939629394940953	53.601
426.0	1.521416833722473	137.054
426.5	2.6526834413747986	20.225
427.0	1.0298023783275627	120.845
427.5	1.993481200571249	20.188
428.0	2.2867219031256996	84.608
428.5	1.8212145411380027	50.353
429.0	1.213043139502429	30.603
429.5	1.7598616690714368	43.929
430.0	1.857825131742898	90.485
430.5	2.390979849991446	80.545
431.0	1.806817858025841	20.462
431.5	1.621766779257516	14.588
432.0	1.9163525625888964	80.62
432.5	1.4684538152571431	34.389
433.0	1.5249606422131734	100.826
433.5	1.8440384755648542	110.846
434.0	1.7130836010506858	100.612
434.5	2.072470230177769	121.13
435.0	1.6776606009022055	100.654
435.5	2.3672401594109265	111.079
436.0	1.6370394847475453	54.321
436.5	2.606643253157204	50.265
437.0	2.2190505081641385	31.5
437.5	1.6035498228936373	110.648
438.0	2.506062759135095	85.924
438.5	1.4968855970547013	90.629
439.0	2.1868129292357157	70.48
439.5	2.426435843785956	20.143
440.0	1.950345987956248	11.986
440.5	1.153882789990088	101.886
441.0	1.7918854922136467	90.66
441.5	1.966252368756865	30.223
442.0	2.6175126637534567	80.461
442.5	1.637986486522204	78.038
443.0	1.975124724465237	110.723
443.5	1.872790339367886	80.532
444.0	1.804509560792358	110.842
444.5	1.7787189593345445	130.899
445.0	1.9246952864329887	80.509
445.5	2.2078993463378316	45.717
446.0	2.6825599202474786	30.286
446.5	1.012281287516892	30.285
447.0	1.7063300415277496	40.322
447.5	1.4071486031987708	90.666
448.0	2.140980172365773	105.367
448.5	0.8214199172397934	109.336
449.0	2.184678598638786	70.567
449.5	1.943237111419688	95.033
450.0	2.0879282988023955	36.936
450.5	1.7603339236409388	20.221
451.0	2.030967692518062	90.393
451.5	2.046023866678373	42.171
452.0	2.154755509052867	56.089
452.5	1.4196860823762723	20.203
453.0	1.9656186351499132	60.838
453.5	1.618888506926983	90.522
454.0	3.0270318398856104	20.191
454.5	1.2671034939932337	111.829
455.0	1.5886405788945879	90.464
455.5	2.644850798180546	30.136
456.0	1.9298190661727517	120.81
456.5	1.6822170258481832	90.569
457.0	1.8508430936989801	60.488
457.5	1.6266581980165535	110.783
458.0	1.7100301961951996	90.574
458.5	1.6341644283396835	19.333
459.0	1.4214926489483182	32.986
459.5	2.3938874159748766	96.657
460.0	1.8590284967554986	80.607
460.5	1.6886064188393213	34.248
461.0	2.57792740513142	50.23
461.5	1.8985676754706557	60.577
462.0	1.1904849300034084	100.711
462.5	1.7143598257386554	80.523
463.0	1.7634569318749886	130.822
463.5	2.2732395919411625	50.436
464.0	1.4786856853922636	30.465
464.5	1.4329287381739952	61.883
465.0	2.151083546504031	93.655
465.5	1.798498932989086	19.03
466.0	1.3523520727724867	50.302
466.5	2.1131427967701377	101.15
467.0	1.9755599732384668	40.19
467.5	1.7417010503617325	100.71
468.0	1.8265830558773832	121.06
468.5	1.6624041651829586	74.621
469.0	1.8906690143968172	30.193
469.5	1.27082931218325	100.614
470.0	2.0777608643684324	40.505
470.5	2.176290532686941	80.548
471.0	1.675971008866205	41.54
471.5	1.5992514049914255	30.334
472.0	1.5879374029313598	73.447
472.5	1.9920127255982016	54.148
473.0	2.4313881183611263	60.464
473.5	1.1594864643161467	140.89
474.0	1.953961654453227	14.427
474.5	2.1258397935555826	100.646
475.0	2.333795199513912	43.509
475.5	1.8728422935412703	13.323
476.0	1.5946396703596928	43.15
476.5	1.4745160069798564	50.466
477.0	2.220630737450902	60.474
477.5	1.4924991281073592	52.917
478.0	1.5973591359897574	80.552
478.5	2.6638615153413667	79.652
479.0	2.496108928732037	110.827
479.5	0.9676699942897347	90.635
480.0	1.9799222289705098	40.309
480.5	2.0154767019210036	50.457
481.0	1.9193388726682532	50.442
481.5	1.3215740558386706	110.655
482.0	2.2652407550405176	50.254
482.5	1.5388921008600849	102.544
483.0	1.8628365143788392	55.218
483.5	1.1960431975665304	16.283
484.0	2.1606643639951058	130.815
484.5	2.3048530753032646	100.732
485.0	2.6735171373769475	20.119
485.5	0.8857872713233909	110.606
486.0	1.9879989562311842	74.877
486.5	1.8386074418830727	139.473
487.0	2.6091605768068944	74.508
487.5	1.483158541381715	70.458
488.0	1.5852415657301515	100.703
488.5	2.048666901598443	62.539
489.0	2.569083828891703	44.514
489.5	1.0718324047749392	80.537
490.0	1.6144566892031862	14.491
490.5	1.410401364533729	111.022
491.0	2.2296887868577793	85.04
491.5	1.6842223010765505	30.13
492.0	2.166236511435154	110.683
492.5	2.1540448804478176	80.476
493.0	2.44519640322664	61.711
493.5	1.5463315528322699	40.166
494.0	2.1478007996062316	42.864
494.5	1.9946783624448374	93.48
495.0	2.0315698042871073	120.804
495.5	1.232031193506169	94.565
496.0	1.9475548072636797	20.131
496.5	2.252644123145506	33.985
497.0	1.9340747484049317	60.48
497.5	1.7345986575685124	104.513
498.0	1.4310089588227077	80.584
498.5	1.8471842749130825	70.513
499.0	1.8246195605265996	50.485
499.5	1.9913508672903761	16.319
500.0	1.460646252443042	90.661
500.5	1.7056067748573875	17.697
501.0	1.54838866413876	51.779
501.5	1.354035306696745	90.519
502.0	2.140251144572956	40.702
502.5	1.4493445083951113	110.6
503.0	1.6289090725217585	60.49
503.5	1.639573298133628	97.651
504.0	1.8979154857254104	90.398
504.5	2.62920830109228	100.353
505.0	1.3419188183139885	110.877
505.5	1.5272407499450047	80.531
506.0	1.9597986039605406	40.155
506.5	2.6192924670629165	72.655
507.0	0.9663453596321613	102.752
507.5	1.3774169392795537	40.159
508.0	2.249147225007534	67.79
508.5	2.0368504044313815	31.975
509.0	1.0594275873629704	62.442
509.5	1.8611529425059519	16.167
510.0	2.1912892844933474	35.062
510.5	3.0005965151182363	60.489
511.0	1.323472866645029	19.567
511.5	2.0619905913501437	40.279
512.0	1.6475627038385163	90.547
512.5	2.6809704222085546	79.477
513.0	1.0294329962362352	64.403
513.5	1.9635155829630007	16.479
514.0	2.1361041548828568	60.369
514.5	2.8318294343799546	40.652
515.0	1.1589849780069976	50.335
515.5	1.8886252807103978	62.14
516.0	2.0073577843720796	80.633
516.5	2.030032114230217	62.23
517.0	1.5461776275044137	12.445
517.5	2.0171264196799124	90.623
518.0	1.8863021910652285	90.63
518.5	2.173975967514518	49.256
519.0	1.6334860845904513	40.271
519.5	2.3798743297232057	20.271
520.0	1.7561417801945147	40.345
520.5	1.6524873741755166	65.619
521.0	1.9001200270067853	42.925
521.5	2.284363200153412	110.662
522.0	1.9777935975990093	100.657
522.5	1.757136043896324	80.515
523.0	1.6386464568098	40.458
523.5	1.7168622276419667	13.198
524.0	2.645785614246922	109.584
524.5	1.6867210917010946	20.139
525.0	1.8137042152165745	20.325
525.5	1.8103428646190982	100.525
526.0	1.8500065123499048	86.551
526.5	1.2061775812590327	20.136
527.0	2.147632460055061	90.732
527.5	1.639100547541472	40.262
528.0	1.5116210199057454	130.963
528.5	1.5514127751989208	18.728
529.0	1.9447396831162975	30.064
529.5	1.9976488272808002	60.428
530.0	2.9256033488138775	26.056
530.5	1.0199378829647177	33.683
531.0	2.051464295149001	40.437
531.5	1.650605866126479	90.745
532.0	2.9255710365804166	74.664
532.5	1.3166364842476836	90.727
533.0	1.7184270443272815	80.401
533.5	2.3676528538393504	40.261
534.0	2.2313392692882608	104.189
534.5	0.9670503764328742	90.374
535.0	2.2337497259296373	40.807
535.5	1.9434308132920914	50.321
536.0	2.210826611203807	80.579
536.5	0.6705683661269838	77.699
537.0	2.1333395185121065	80.56
537.5	1.7355878417019128	100.817
538.0	2.779035402383886	24.524
538.5	1.1051170138139816	103.502
539.0	1.8132848595966844	73.959
539.5	1.760000764086394	83.65
540.0	2.2994887077236483	43.539
540.5	1.056673609126654	90.445
541.0	2.338867079553937	30.242
541.5	1.9667980322638021	73.513
542.0	1.6848807752087822	54.436
542.5	1.32705762749287	30.239
543.0	1.7917328440611444	70.467
543.5	2.2248381495996497	40.238
544.0	1.4891516093788992	16.474
544.5	2.1700496488024124	80.639
545.0	2.1719973953258727	41.021
545.5	1.7930562850492584	70.529
546.0	1.882210616414422	21.874
546.5	1.673836400020101	39.169
547.0	1.6966130386942262	90.431
547.5	1.4072496235863425	45.918
548.0	1.9491288456629914	51.61
548.5	1.9926362388912222	25.012
549.0	1.5419868886801888	60.239
549.5	2.3332930555774447	20.219
550.0	1.0195361484099048	50.435
550.5	1.851815806610476	100.583
551.0	1.1402958128253453	120.275
551.5	2.5974884681282635	14.234
552.0	1.6560855888071646	72.358
552.5	2.2805025807700736	60.418
553.0	2.3575691459251766	50.263
553.5	1.8060659248343947	46.854
554.0	1.6117514275313203	20.163
554.5	1.5438451401599522	130.768
555.0	2.1856063456575843	80.47
555.5	1.606214675108773	110.831
556.0	1.6828152134651833	43.252
556.5	1.4458647115220111	90.697
557.0	1.7703476428620009	133.946
557.5	3.5580779464891963	355.738
558.0	1.7048791998168837	66.617
558.5	1.2727534165121674	12.386
559.0	2.47177277559426	137.187
559.5	1.374461270499387	64.981
560.0	1.8788529937220146	80.591
560.5	1.9111940026793066	60.592
561.0	1.5008021489154502	94.061
561.5	1.7130225800004115	80.484
562.0	2.1939748995390005	40.329
562.5	1.6052783045246275	20.097
563.0	1.9448768458699321	70.406
563.5	2.2413820913641604	84.134
564.0	1.711049683040544	80.595
564.5	1.546541469128481	80.559
565.0	2.1010711927930807	14.658
565.5	1.5082342101367983	80.542
566.0	2.0007373869699374	60.25
566.5	1.8419015366626919	30.276
567.0	1.6605394065060475	60.434
567.5	2.619241741556513	38.976
568.0	1.575451168163982	110.941
568.5	2.039167877526333	16.032
569.0	1.8229496210021492	130.897
569.5	1.8332620817932055	92.476
570.0	2.049379461269716	70.608
570.5	1.5493975834817624	131.042
571.0	1.6704773714961316	11.671
571.5	1.8035621086412055	53.901
572.0	1.9189303391420196	19.687
572.5	1.2343371630529851	121.008
573.0	1.4536843859714104	80.536
573.5	1.9052700635322428	60.462
574.0	2.4634024266797923	42.894
574.5	2.1336399911265573	100.92
575.0	0.9990152288410166	32.084
575.5	1.7489958543133992	20.272
576.0	1.6763655617432434	12.448
576.5	1.9680966571291225	117.884
577.0	1.701415993540754	15.308
577.5	1.2998273937300302	56.488
578.0	2.1244966593111307	60.204
578.5	2.4445583910924427	50.302
579.0	1.3377570406835693	90.647
579.5	2.4129792831138595	40.247
580.0	1.7001722148426122	100.492
580.5	1.7672141424199874	120.8
581.0	1.8602504983583732	90.548
581.5	1.4899705146727944	60.296
582.0	1.8324107979302409	55.453
582.5	2.3970054897472397	124.194
583.0	2.228479284583636	62.437
583.5	1.5577487999311572	40.389
584.0	1.8885820586226578	50.421
584.5	1.541751188756838	52.695
585.0	1.675276891599752	60.42
585.5	2.26392976977988	75.817
586.0	2.5624472731035723	20.134
586.5	1.5765513947958625	33.605
587.0	1.5391236320742663	40.477
587.5	1.5335096344656536	70.612
588.0	2.147422494854428	80.412
588.5	2.0950254915401048	33.174
589.0	1.4964193238732149	84.673
589.5	1.7404143799312235	100.578
590.0	1.627845218571849	40.171
590.5	1.719184679886329	94.927
591.0	1.7538127063624345	14.073
591.5	2.1535069573763996	40.369
592.0	1.658871500061048	100.716
592.5	2.288641500215905	90.56
593.0	1.7899584723656503	70.692
593.5	2.0654853376358373	97.907
594.0	1.8952471391825538	40.35
594.5	1.9568118558405887	90.542
595.0	2.275621330694039	74.776
595.5	2.33974712679522	58.553
596.0	2.1895611428459008	72.267
596.5	1.7404383812840658	30.201
597.0	1.8402892955939418	44.694
597.5	1.69258485117051	60.408
598.0	2.5556943109588097	20.305
598.5	1.662650914732726	60.381
599.0	1.496426184170313	49.65
599.5	2.1798755635115605	70.754
600.0	1.5297347163094284	130.971
600.5	1.60716217597009	90.514
601.0	2.3765593669720437	20.419
601.5	1.7159354464094279	101.239
602.0	1.7024707692680243	129.846
602.5	1.8641384310313471	94.111
603.0	2.371412456187057	130.894
603.5	1.551258006468961	21.915
604.0	2.058955329330792	18.086
604.5	1.74290312144069	100.67
605.0	1.858460758962889	21.731
605.5	1.9924299215365975	53.575
606.0	1.76524492614052	93.742
606.5	1.2040739295966547	130.947
607.0	2.1131185073632497	100.632
607.5	1.64750245906032	110.481
608.0	2.0562847058970486	32.081
608.5	1.5320225484646428	60.531
609.0	1.99505060378664	55.879
609.5	2.2967520018358174	13.666
610.0	2.33703164800249	93.337
610.5	1.5602574475575297	62.326
611.0	2.4785366677541787	11.715
611.5	1.793423906748633	64.612
612.0	2.4152914065409363	12.162
612.5	1.593568758892699	52.522
613.0	1.877654459744268	33.657
613.5	1.9675963617718526	80.49
614.0	1.6433747139999524	60.423
614.5	1.7695557461532583	15.307
615.0	1.5535370195916607	70.551
615.5	1.6336236936642015	80.562
616.0	2.738279132669986	30.394
616.5	0.8376729487776436	11.392
617.0	1.8261887354835729	110.654
617.5	1.5804883390447912	80.57
618.0	1.8204025716524088	41.267
618.5	1.6102255102862533	40.192
619.0	1.7218564609562035	100.435
619.5	2.142590266214506	100.691
620.0	2.126340284007835	90.647
620.5	1.733240356571282	90.607
621.0	2.3165976777304853	100.658
621.5	2.2741173831102013	57.224
622.0	2.089035391115039	70.61
622.5	1.3297335310208838	31.481
623.0	2.112574858327434	30.196
623.5	1.9827576243581035	80.482
624.0	2.0841435628521	50.392
624.5	1.420961726491614	81.012
625.0	2.054594171450351	88.901
625.5	2.0004232611816364	50.364
626.0	2.2502016246163583	21.225
626.5	1.652034197628737	100.589
627.0	1.8315300174279898	50.255
627.5	1.612047132323258	111.032
628.0	2.2196745415514982	96.116
628.5	2.065384119373407	90.623
629.0	2.346824689933026	100.686
629.5	1.8455006241633507	107.751
630.0	1.7434323303638024	24.214
630.5	2.340388086900108	60.414
631.0	1.7296930625773244	96.844
631.5	1.6450723168062038	141.072
632.0	2.2220704194291523	72.63
632.5	1.5341916669862525	30.209
633.0	2.6588876349343007	23.611
633.5	1.838714248835559	65.166
634.0	1.7371039096570433	50.322
634.5	2.020506034426185	100.766
635.0	1.7282840874371028	11.108
635.5	2.6307977365428474	73.717
636.0	1.1753048978743759	50.376
636.5	2.2781208239733552	20.211
637.0	1.9023507243987352	54.73
637.5	2.0883403015400006	80.578
638.0	0.8929339962400252	90.813
638.5	2.193844357108993	26.302
639.0	1.8917269549892721	30.337
639.5	1.9229213095349793	17.982
640.0	1.033919048233831	80.461
640.5	2.088116290580276	11.366
641.0	2.1029321985289338	111.055
641.5	2.7864738456678158	30.265
642.0	1.732510435828266	90.836
642.5	1.6566435902492338	20.179
643.0	2.1127228235871054	20.115
643.5	2.383459148387324	110.852
644.0	1.9035488511418537	12.385
644.5	1.997755643765747	40.321
645.0	1.353805225895997	120.737
645.5	2.6153641761177604	20.262
646.0	1.2735778047487254	86.0
646.5	1.957253118027068	40.286
647.0	2.241613325874892	40.903
647.5	2.1684029550386055	50.331
648.0	1.784574242086102	124.355
648.5	1.5388001861491303	40.468
649.0	1.7764790426051649	62.489
649.5	2.2660207174637357	90.681
650.0	1.78170945936842	120.917
650.5	2.1379907798037543	90.754
651.0	1.701788572711828	80.843
651.5	2.0434103023384798	90.678
652.0	1.6340273492369364	30.203
652.5	1.5410275567791405	30.191
653.0	1.842556449087392	111.028
653.5	1.4986036963939315	109.513
654.0	1.6262017311011412	30.717
654.5	1.968150791455681	80.628
655.0	3.114715755161997	60.522
655.5	1.3852453965080864	67.943
656.0	1.635601518311956	30.196
656.5	2.1701836675375152	120.83
657.0	2.564179738081552	95.268
657.5	1.13637320207928	17.901
658.0	2.1302090602591317	34.356
658.5	1.7123734788221583	90.553
659.0	1.5988792304002903	110.837
659.5	1.5394689761143876	40.264
660.0	2.1024962223142514	20.127
660.5	1.8449197289046653	50.491
661.0	2.011823613977215	64.47
661.5	1.4863121347062398	50.382
662.0	2.248656925561509	35.302
662.5	1.600639578614507	30.216
663.0	2.2500741138374236	70.384
663.5	2.362937928498785	65.537
664.0	1.524474942003782	80.442
664.5	2.4085724257791843	84.259
665.0	1.4739440138381639	58.098
665.5	2.04461496707741	100.669
666.0	1.7371734693468477	70.435
666.5	2.50735282400144	37.909
667.0	1.331601059894497	90.664
667.5	2.6605116039443986	40.345
668.0	1.4755649063721938	110.776
668.5	1.7895242115079768	111.119
669.0	1.7120665417872645	90.613
669.5	1.7677606368902365	80.471
670.0	1.5857259032744677	90.478
670.5	2.9272058650364734	80.738
671.0	0.7923170824152905	23.062
671.5	2.2685502462620257	85.061
672.0	1.741967738418149	30.17
672.5	2.4003794000273415	30.274
673.0	1.640128902287062	50.211
673.5	2.0661890912640803	60.286
674.0	1.8775174634359126	27.821
674.5	2.204884354853837	32.57
675.0	1.4439967720668754	100.691
675.5	2.1221879667998125	68.61
676.0	1.7376125271941638	90.48
676.5	2.275016407102775	12.965
677.0	1.4799833845544372	70.599
677.5	1.9636803432683996	30.202
678.0	1.7172536908578835	60.428
678.5	2.155415773443758	80.487
679.0	2.047266412880241	50.301
679.5	1.913738376102698	90.696
680.0	2.1924075280694155	32.231
680.5	1.6507351659911726	70.202
681.0	1.7977896133200857	90.652
681.5	1.8675020212856062	90.541
682.0	2.3893918963157006	90.462
682.5	1.51596852252032	20.191
683.0	1.7714551362946869	25.499
683.5	1.6511179018669042	110.591
684.0	2.3752457495663752	91.083
684.5	1.5114994769192678	120.946
685.0	1.9464311635651061	40.299
685.5	2.2543606739586464	110.695
686.0	2.0473346035396696	100.507
686.5	1.9936665053880271	110.766
687.0	1.5858785366298196	61.785
687.5	2.3851668213686343	20.238
688.0	1.6761621696458668	43.397
688.5	1.6460502581957293	110.847
689.0	1.5316596561420213	23.848
689.5	1.9829790086976868	30.209
690.0	1.9017811438833487	15.971
690.5	1.4427185306581078	60.454
691.0	2.7707952430049296	20.25
691.5	1.850242332606184	90.67
692.0	1.9091198347085696	80.402
692.5	1.6557632702617224	62.36
693.0	1.831654094915144	14.795
693.5	1.9693933550170062	40.215
694.0	2.647115764054827	80.66
694.5	0.9617355097736997	100.657
695.0	2.352807381419705	62.768
695.5	2.0691597067095944	30.2
696.0	2.280955473393576	20.162
696.5	1.5555969675313142	98.069
697.0	1.8567063485034803	100.65
697.5	1.9960169575474367	24.43
698.0	1.9590051177979377	90.746
698.5	1.512645575586201	76.55
699.0	1.0890195345067286	19.366
699.5	1.396465473687537	90.458
700.0	2.0210593826216563	80.494
700.5	1.3240572850886028	90.881
701.0	1.3514534020803906	40.338
701.5	0.8788292760237564	38.533
702.0	2.4654677266108016	120.865
702.5	1.1818264507577452	34.296
703.0	1.6033251195270264	50.244
703.5	2.1813281700052327	110.955
704.0	1.7999572301077456	27.51
704.5	1.2987384291704196	20.234
705.0	1.9877993684054827	20.139
705.5	1.30433916306994	76.57
706.0	2.009556288851994	80.638
706.5	1.9784136634787992	30.281
707.0	2.292333299491854	114.301
707.5	1.479930605134961	40.504
708.0	2.0391935184767647	110.822
708.5	1.5707282514651766	90.696
709.0	1.3879743774721318	120.955
709.5	1.7404457317248299	20.115
710.0	1.6198684352821058	50.34
710.5	1.8550152392297974	35.402
711.0	2.015713756680663	42.846
711.5	1.124177811608491	50.402
712.0	1.682654512007875	70.571
712.5	1.3252860060733014	24.93
713.0	1.5575894581347665	80.601
713.5	2.706992800895483	19.997
714.0	0.6580353924046206	100.66
714.5	1.9532009062296376	64.338
715.0	1.437611836554466	30.2
715.5	2.4771201703088117	20.182
716.0	0.737850022559127	118.992
716.5	2.1766052180946516	23.905
717.0	2.0717733598955803	40.524
717.5	1.8510862111672801	27.829
718.0	1.033120353582981	130.782
718.5	1.8842646456313286	110.669
719.0	1.7037991334967268	19.986
719.5	1.8507733491806992	33.465
720.0	1.390034444094674	64.338
720.5	2.428337932895877	36.734
721.0	2.104539837731602	80.367
721.5	2.553332875547267	80.85
722.0	1.3998926279294646	80.369
722.5	1.340978927219316	69.571
723.0	2.3929403709301496	30.187
723.5	1.8860917726110313	60.393
724.0	0.9856164966717226	120.638
724.5	2.0872280288363636	80.415
725.0	2.313369673868039	40.037
725.5	1.5597985729760449	43.836
726.0	1.4493679605998804	89.191
726.5	1.874014240549582	23.892
727.0	1.803815183017536	20.372
727.5	1.4644839218548125	32.182
728.0	1.5078961671032693	60.489
728.5	1.7437635811532222	92.082
729.0	3.4128020022018153	60.439
729.5	0.8241655953518168	11.687
730.0	2.4513875341201397	29.999
730.5	2.523562364094779	55.345
731.0	2.298514883310629	110.669
731.5	1.2851971673743163	20.169
732.0	2.350316418840938	68.124
732.5	1.9404042466974036	80.488
733.0	2.94833137074177	79.523
733.5	1.0051608842539894	60.484
734.0	1.689083644258397	90.674
734.5	1.7491498004279942	96.881
735.0	1.6529241173561313	90.66
735.5	1.1262617656864768	70.502
736.0	1.684978163663467	70.471
736.5	1.8748858561069597	90.689
737.0	2.4767821835530244	30.759
737.5	1.7109747180904034	94.529
738.0	1.5420460399050666	80.696
738.5	1.9284410674780095	100.694
739.0	2.3469170767617986	40.24
739.5	1.7908263243050886	76.851
740.0	1.5231642969748158	12.403
740.5	1.9886499987219501	20.143
741.0	1.7363883557351356	49.749
741.5	1.756653636732684	60.458
742.0	1.699386680387543	80.456
742.5	1.4283008964759671	100.704
743.0	1.8266618650967874	70.392
743.5	2.3488072769504376	16.633
744.0	1.8512399848114234	70.669
744.5	1.4862326117546558	33.678
745.0	2.219829814590967	80.642
745.5	1.8693398800255896	70.487
746.0	2.0836440037400736	30.199
746.5	1.4720687304478184	82.909
747.0	1.7475221971829278	70.403
747.5	1.666468641710628	120.947
748.0	1.7615090021494644	70.587
748.5	2.876805888238882	40.358
749.0	0.9976243218129515	40.385
749.5	2.047884008796726	90.604
750.0	1.6154956714869761	23.94
750.5	2.3872938064882234	12.898
751.0	1.0848775748653263	41.664
751.5	2.0283976430063757	56.112
752.0	1.8185556883470466	30.222
752.5	1.8429669164612104	107.248
753.0	1.7443727942486398	53.238
753.5	1.6100174193427277	52.247
754.0	1.6410063667648178	56.448
754.5	1.7835705858929884	70.644
755.0	1.6991055767235643	30.229
755.5	1.9023804970781324	40.373
756.0	1.3820933000722424	30.252
756.5	2.317210756459148	85.963
757.0	1.3646101425877655	47.753
757.5	2.2230642698001835	70.617
758.0	2.1454837407826104	60.417
758.5	2.3936195976843107	100.657
759.0	1.8675256001857214	80.693
759.5	1.9172587288623932	70.449
760.0	1.9061627521088145	110.836
760.5	2.271660459095629	40.201
761.0	1.9454998874838756	50.404
761.5	1.609685049757472	60.26
762.0	1.514098432153556	131.093
762.5	1.467941423168843	35.966
763.0	1.7262545069274537	90.517
763.5	1.8273376928988572	20.158
764.0	2.5338240674111816	15.277
764.5	1.2440754447134965	30.222
765.0	1.8152632126124295	82.855
765.5	1.9609292074190727	66.307
766.0	2.4164149872219007	23.088
766.5	1.0025962684906604	54.925
767.0	2.190172021155753	60.254
767.5	1.7342749718596093	52.822
768.0	2.7951239444910754	79.968
768.5	1.0750937959660518	41.744
769.0	1.9964795360348526	45.974
769.5	1.6108340728627897	50.427
770.0	2.3672914131957175	90.648
770.5	1.59196051505447	100.872
771.0	1.980432771882663	80.523
771.5	2.112438716311278	121.355
772.0	1.391570160383612	100.696
772.5	2.0956576287436337	82.931
773.0	1.7168709950941663	90.792
773.5	2.1178780831738697	17.601
774.0	2.9226411825253122	30.406
774.5	1.2214671317727739	57.435
775.0	2.403560660029487	20.181
775.5	1.8399651254980578	43.501
776.0	1.6190372467577714	34.015
776.5	1.8317189218143701	80.471
777.0	1.9988229088957734	11.791
777.5	2.3015368553462174	35.154
778.0	2.040555926095137	111.18
778.5	1.3066169704056327	62.644
779.0	1.881123247745943	40.283
779.5	2.0785092864750094	100.763
780.0	1.547294199341935	53.904
780.5	1.6117812609598245	94.651
781.0	2.3349032430311705	30.101
781.5	1.9881560853042424	90.514
782.0	1.5696739498092747	97.292
782.5	2.002115496354118	60.489
783.0	2.3297073977711524	120.637
783.5	1.798131578534842	120.978
784.0	1.9758841519920083	80.689
784.5	2.346174896513525	13.664
785.0	1.9161213908153056	92.798
785.5	1.8555492924666488	105.495
786.0	2.3941539809097794	40.331
786.5	1.595652757027347	20.115
787.0	1.6800198748455046	42.286
787.5	2.2437241051156525	36.494
788.0	1.5844210809604835	90.626
788.5	1.4088917925085438	130.97
789.0	2.5354968850896538	60.353
789.5	1.180970260213699	78.033
790.0	1.6190674576543371	90.752
790.5	1.563087372774555	126.107
791.0	1.677212820843219	65.367
791.5	2.9668055906772515	84.084
792.0	0.6218061896823289	90.576
792.5	2.1902968578760245	22.783
793.0	2.262243448361523	16.369
793.5	2.2236594185008873	86.134
794.0	0.7375288715104693	12.885
794.5	1.9639579936072844	20.245
795.0	1.627917133989112	64.899
795.5	2.707347345239751	60.49
796.0	1.3765992447937783	71.655
796.5	2.0524859507283346	80.577
797.0	2.1958748778617756	40.331
797.5	2.4472960180302334	105.071
798.0	1.2317764565574434	90.581
798.5	1.5881565134030982	87.418
799.0	1.4890659887790425	30.504
799.5	2.80939401337445	36.484
800.0	1.0387782130683585	120.951
800.5	1.973245905994235	56.515
801.0	2.003176964710318	104.832
801.5	1.8497075662116997	97.843
802.0	1.337053650300176	50.5
802.5	2.0222041771347263	74.912
803.0	2.04660225278412	120.861
803.5	2.504487607616483	22.399
804.0	1.2467684292911818	76.794
804.5	1.6738214454017755	60.564
805.0	1.8606501025479631	30.174
805.5	2.30955959573939	19.565
806.0	1.5880519733985554	12.085
806.5	2.4300173537909675	42.062
807.0	1.4880698974860203	70.558
807.5	2.0454312465556295	70.487
808.0	1.2564893724844495	131.084
808.5	1.8724334232361184	50.277
809.0	2.317998289526809	50.345
809.5	1.8597913974726685	127.466
810.0	1.414001514853063	70.485
810.5	1.9032341076591939	70.504
811.0	2.17930649533604	44.907
811.5	2.1981055521498063	92.496
812.0	2.0838559939466905	108.912
812.5	1.589668511859638	32.364
813.0	1.3937450417274886	74.35
813.5	1.7341660687788725	50.369
814.0	1.8416212686300726	90.426
814.5	2.0001736062760225	30.196
815.0	2.17927643237263	100.652
815.5	2.3300109483012883	28.083
816.0	2.0115790001503546	117.602
816.5	2.0752103430999163	80.444
817.0	2.202029296048083	44.063
817.5	1.7780323662653947	100.704
818.0	1.7910208415877324	90.738
818.5	2.0318053335269273	82.067
819.0	2.020792312214984	31.025
819.5	1.7704113123194012	70.42
820.0	2.003526617032822	25.335
820.5	1.8123754273143242	89.471
821.0	1.5563998645076087	63.7
821.5	1.6485029438145413	11.763
822.0	1.7027789137907807	60.348
822.5	1.9491459769924746	80.393
823.0	2.1002547313308186	110.819
823.5	1.5786265255673178	110.672
824.0	2.3504376893626864	70.463
824.5	1.782290622717993	60.444
825.0	1.845302426999857	60.436
825.5	1.669167257742812	14.736
826.0	1.4194552229510509	100.69
826.5	1.8367913071167752	19.219
827.0	2.1898376054867823	100.654
827.5	1.5821577546810366	73.577
828.0	1.790197428145463	120.636
828.5	1.920101143770779	29.17
829.0	1.851064891815581	63.3
829.5	1.4964174848222076	77.861
830.0	2.355806063921381	30.216
830.5	1.5876075818831261	30.784
831.0	1.887224471919384	43.471
831.5	1.7389234562345248	20.197
832.0	1.7293230580077543	30.183
832.5	1.8837938854857532	120.964
833.0	1.6039742108439445	90.463
833.5	2.0309792924463537	100.716
834.0	1.817650749679532	14.074
834.5	1.821223210160658	80.53
835.0	1.067580245596173	92.709
835.5	1.5721303907352453	77.762
836.0	1.994550084674224	80.593
836.5	2.2631612231168257	100.75
837.0	1.0814932865782632	44.874
837.5	2.6385712461927606	30.213
838.0	1.7656587983963807	90.665
838.5	2.176835566357568	12.898
839.0	1.7053181709908711	40.068
839.5	2.0329165629431816	110.727
840.0	1.9984827680256598	80.592
840.5	2.0249961587380305	15.782
841.0	1.7223961615982877	56.776
841.5	2.1666620989874787	32.947
842.0	1.8669823317928926	80.355
842.5	1.958355621459638	114.865
843.0	1.5109565723223581	30.15
843.5	2.050679574826163	50.182
844.0	2.3650239673801092	107.822
844.5	1.2422021522075424	80.544
845.0	1.8957112286521365	11.724
845.5	1.4888973850435234	110.689
846.0	2.4029347801949252	130.849
846.5	1.0943911203103467	90.459
847.0	1.3699094426589178	64.193
847.5	2.161909116790141	19.258
848.0	2.3108295800642624	19.971
848.5	1.434278299037838	90.295
849.0	1.6125049716887006	77.611
849.5	1.5803033059846658	60.369
850.0	1.537250938661904	79.068
850.5	1.105633774748343	60.228
851.0	1.269756955733817	15.505
851.5	1.3455015671798485	70.59
852.0	2.0276164223325255	20.293
852.5	0.9325369743293214	43.52
853.0	2.2725693548005994	20.202
853.5	2.3776810960336374	26.696
854.0	1.968540744824304	139.062
854.5	1.353595154715097	91.616
855.0	2.1636626271048045	112.704
855.5	2.37707937280438	90.242
856.0	1.608010680251478	112.124
856.5	1.4731912810978958	50.507
857.0	2.311136529581	90.55
857.5	2.2089100618419155	80.48
858.0	2.450172694809274	80.573
858.5	2.6361416197737664	84.001
859.0	1.5212064301787074	100.55
859.5	1.7345762211086728	91.592
860.0	2.114777880120674	40.356
860.5	1.454433957238745	90.838
861.0	1.4617881164044961	120.874
861.5	2.778284700580905	100.788
862.0	1.3867103260919922	131.005
862.5	1.655994620700485	110.644
863.0	1.8593054655093062	13.711
863.5	1.5738449357220123	14.753
864.0	1.9811724997388582	80.689
864.5	2.1503465317004715	60.246
865.0	2.4475744659135605	100.611
865.5	1.8540278123831921	40.064
866.0	1.3247275825535307	110.871
866.5	1.4850650971846904	13.512
867.0	2.156201586760897	40.376
867.5	1.4029557725238349	110.809
868.0	2.3668278653258543	20.11
868.5	1.6553559070934467	120.729
869.0	1.6650514331771042	40.234
869.5	2.564560286052613	74.445
870.0	1.4045930664763888	50.393
870.5	1.3812934413924796	80.556
871.0	1.7768346395889272	50.296
871.5	2.093515636499954	60.486
872.0	1.532602038350083	50.446
872.5	2.114442793589107	20.242
873.0	1.6542709136153333	90.455
873.5	2.1806562189617416	70.786
874.0	2.0257075396986153	80.881
874.5	1.3647373412152475	65.014
875.0	2.1808279785595	50.29
875.5	2.0468111616726747	110.716
876.0	1.3998842522356199	30.183
876.5	1.719687892802665	99.418
877.0	1.6724591271494262	80.546
877.5	2.8503641014311376	127.632
878.0	0.7151688511301713	70.655
878.5	1.902928842105449	60.447
879.0	2.4153637064220446	20.162
879.5	1.7474480878850476	141.313
880.0	1.9134303000956359	116.694
880.5	1.7215527919084652	63.943
881.0	2.0949068559350206	70.429
881.5	2.0462546972274973	120.734
882.0	1.205824175611131	12.814
882.5	1.7611167150991096	138.547
883.0	1.6599104788883248	41.586
883.5	1.6474461210824298	104.97
884.0	1.8567549376174914	74.447
884.5	1.8303847357930754	70.475
885.0	2.3590169560359304	81.859
885.5	2.107471985407309	120.957
886.0	1.856082854628542	90.599
886.5	2.2578868879897986	97.058
887.0	1.7982166131790855	30.196
887.5	1.8076318291320383	52.171
888.0	2.0169086463390467	12.602
888.5	1.7938102575746302	20.239
889.0	2.0720285316498264	11.423
889.5	2.117372167418032	50.559
890.0	2.003272546804113	34.16
890.5	2.0280004795132265	100.597
891.0	1.78836992728283	105.831
891.5	1.551623695124415	40.403
892.0	1.9544295728762864	80.655
892.5	2.2823851130112818	95.653
893.0	1.7067771919351031	61.408
893.5	1.9431767546455483	80.637
894.0	1.853401177279019	26.805
894.5	2.227105017845741	80.363
895.0	2.486356070386848	125.105
895.5	0.9250074961264885	56.284
896.0	2.497757847983078	12.25
896.5	1.949682697367667	20.356
897.0	1.9878365522423809	70.479
897.5	1.4983041081178143	20.278
898.0	1.3656715930473895	57.569
898.5	2.0115612912900427	17.878
899.0	2.273988505228992	40.385
899.5	1.3152094410633328	80.609
900.0	1.4905955406281166	90.474
900.5	1.6013445263364245	20.273
901.0	2.110700091565095	40.497
901.5	1.2730176452131226	141.732
902.0	1.9364136258504365	60.429
902.5	1.8059927523784507	110.326
903.0	2.1970091645047014	97.133
903.5	1.8565237385863071	65.53
904.0	2.6731779349982987	36.775
904.5	1.6341686280950045	45.052
905.0	1.8108831447367812	70.394
905.5	1.8325858717347794	15.435
906.0	2.458304528040787	20.067
906.5	1.567413455843453	70.503
907.0	1.971212748922147	50.429
907.5	1.9871069666867913	100.788
908.0	2.017185446716301	34.07
908.5	2.3222704747052685	13.371
909.0	1.7243022524736604	90.651
909.5	1.9542820367528393	50.357
910.0	1.522578557329358	90.519
910.5	1.991968990777498	110.776
911.0	1.6878988080798527	90.512
911.5	2.2788219906415885	40.389
912.0	1.5222253383079103	30.226
912.5	1.8801941980767365	120.917
913.0	1.6602576637784925	80.497
913.5	1.7758078357876448	93.064
914.0	1.4891303267724172	100.769
914.5	2.1249522782714654	40.298
915.0	1.2576341557695783	18.449
915.5	1.53045252699684	45.235
916.0	2.192403237795508	110.705
916.5	3.243079040219877	20.181
917.0	1.0062955588212048	80.441
917.5	1.6386579832719816	53.683
918.0	2.045187828262741	140.913
918.5	1.9885287138562193	80.605
919.0	1.2462491460650402	14.745
919.5	1.6587400829446315	70.501
920.0	1.9516345973432656	60.369
920.5	1.8605938671673228	70.65
921.0	1.1974768720679967	60.331
921.5	2.303528905599947	20.02
922.0	1.5705122431712257	63.113
922.5	2.6319083316746714	132.676
923.0	0.9838434196969913	80.76
923.5	1.7794988593617915	60.424
924.0	1.575437175462448	50.385
924.5	1.880491352684542	100.725
925.0	1.8835293992992388	60.441
925.5	1.7155860147439883	30.055
926.0	1.849935914751699	100.476
926.5	1.775581859722843	33.752
927.0	1.0752833017824448	90.646
927.5	2.022609571833756	120.855
928.0	2.208198219221484	100.551
928.5	1.940667772324287	79.03
929.0	1.7815293817917983	20.255
929.5	1.8579726635646483	131.23
930.0	1.8152237060144272	50.285
930.5	1.7318017912480759	79.084
931.0	1.2861867012701815	30.224
931.5	1.639731580191844	70.362
932.0	1.6982309496335208	110.787
932.5	2.689870975408468	82.087
933.0	1.7654152413256687	80.69
933.5	2.50606393967128	20.209
934.0	1.6408152202905288	110.516
934.5	2.1237108507342097	100.542
935.0	2.3702000058044685	20.143
935.5	1.9326881009536108	14.753
936.0	2.1648149303839554	30.088
936.5	1.5293016996691462	108.717
937.0	1.5430634215120302	40.242
937.5	1.7968277708403788	80.474
938.0	2.314480626171956	107.659
938.5	1.625797927356979	60.481
939.0	2.032105054214219	20.09
939.5	1.6635415745487327	31.862
940.0	2.313480492867105	67.561
940.5	1.1933135349136144	14.617
941.0	1.8330672371875776	31.942
941.5	1.742253700183367	40.111
942.0	2.799461165504124	21.992
942.5	0.8783053343853465	80.578
943.0	1.6924404058278846	90.622
943.5	1.7276780113411263	57.676
944.0	2.384860595515854	64.858
944.5	2.034756981634164	12.787
945.0	1.7754956470134178	140.873
945.5	1.730223771545943	52.107
946.0	1.8974286046196462	60.481
946.5	1.5381340668738839	17.171
947.0	1.671593857730613	30.233
947.5	1.4671763129889823	42.347
948.0	1.69729455317242	41.95
948.5	2.3088297312919948	60.863
949.0	2.106157840590336	36.035
949.5	1.8696683956698552	110.754
950.0	1.6212058962181808	42.746
950.5	1.3497863720052927	110.77
951.0	2.1029801763380034	70.659
951.5	2.109099863555528	60.395
952.0	1.6829709514803182	74.889
952.5	2.09133654671715	70.583
953.0	1.593729244087727	14.544
953.5	1.6816723229439414	50.374
954.0	1.4375546944009274	19.364
954.5	1.698927113425964	100.743
955.0	1.9322124083237249	50.343
955.5	1.8745813730934415	105.503
956.0	1.7571032399973063	40.254
956.5	1.927863744129517	20.91
957.0	1.7527571802218667	41.598
957.5	1.5867289571118985	100.439
958.0	2.362870904097921	33.953
958.5	1.3295756736705882	33.166
959.0	2.0954872032757845	30.222
959.5	1.110087531117525	58.02
960.0	2.3731280974385296	100.441
960.5	2.32374234406186	53.595
961.0	1.6030416000650145	110.728
961.5	2.077111532312127	70.477
962.0	1.374039529523502	75.177
962.5	1.7822539710676715	100.665
963.0	1.8743374020114305	85.677
963.5	2.2540307610014234	82.541
964.0	0.9964474793153227	30.216
964.5	2.5089310328446492	90.36
965.0	1.8201702826910144	34.12
965.5	2.50990778411712	110.465
966.0	1.3995208277372533	120.971
966.5	2.119186919519373	54.054
967.0	2.719554981472121	40.274
967.5	1.8838197550735103	15.114
968.0	1.6720357183397119	30.211
968.5	1.6219940365806906	30.21
969.0	1.6984761335637704	80.611
969.5	1.443085999895045	91.689
970.0	1.5574041084141488	120.729
970.5	2.1551045482647884	50.443
971.0	1.770395619092584	14.374
971.5	1.6299021217453726	60.483
972.0	1.7832276752302236	90.598
972.5	1.8379244961921297	90.784
973.0	2.0966155080043496	71.94
973.5	0.8556779379832453	70.712
974.0	1.7828836440774827	50.168
974.5	1.437543774103191	80.609
975.0	2.2654058339270184	110.857
975.5	1.3959807592110494	18.858
976.0	2.553336122340974	20.264
976.5	1.7919070754111657	49.3
977.0	2.3192163505435066	40.26
977.5	1.2964121603866159	20.143
978.0	1.4082550595310488	80.438
978.5	1.9485929980142562	50.225
979.0	2.5515989343705567	40.265
979.5	1.2313146405940645	40.207
980.0	1.3412417801784962	80.662
980.5	1.7091806184786624	60.481
981.0	1.9511513615439868	107.871
981.5	1.6282576882617188	20.124
982.0	1.883936164616584	55.847
982.5	1.7779252740705107	100.689
983.0	2.101899235712376	80.711
983.5	1.4082945762826302	19.98
984.0	1.549848844972852	40.035
984.5	2.010172052800019	60.301
985.0	1.5409732021674734	80.969
985.5	1.8076119988462918	20.22
986.0	1.929599447519129	20.328
986.5	1.7810544933195205	110.574
987.0	1.8172910144978094	80.59
987.5	1.9580097212127925	20.413
988.0	2.0962966140290695	50.313
988.5	2.140471641578576	94.602
989.0	1.2011142939906665	70.404
989.5	2.523450993437623	90.562
990.0	1.5218486316771085	40.298
990.5	2.2221672938794335	30.203
991.0	1.8320945050771122	110.931
991.5	1.566754012418084	22.138
992.0	1.903589945386678	57.678
992.5	2.604000897077599	102.533
993.0	0.7553257198278481	70.567
993.5	1.9586007413814017	20.219
994.0	1.817778999436793	30.129
994.5	2.0663093696905337	30.18
995.0	1.0797927159406038	19.963
995.5	2.3843317030414686	33.908
996.0	2.0679277825279216	20.034
996.5	2.201928416533535	56.317
997.0	1.7353813820201505	90.535
997.5	1.8181187026371837	110.785
998.0	2.470061146364198	70.785
998.5	2.1217338775949126	84.596
999.0	1.7545172179659523	80.589
999.5	1.9954672083642404	110.819
1000.0	2.3102290791435784	44.759
