0.5	0.12576576066387568	11.527
1.0	1.8405911941764916	100.286
1.5	0.12504336156694842	9.075
2.0	10.727171181264662	112.138
2.5	2.338938257336701	50.425
3.0	2.1210877739768197	9.47
3.5	2.650363400306434	82.058
4.0	2.0994473440257173	40.314
4.5	2.7283087403349464	20.124
5.0	2.016295023260631	29.746
5.5	1.9040386651140058	15.004
6.0	1.7048493006108427	103.862
6.5	2.3861983647732683	9.468
7.0	2.209299213978401	50.331
7.5	2.009985992456431	28.672
8.0	1.5058519030084156	111.516
8.5	2.8479629636772175	100.391
9.0	2.031044222724844	59.825
9.5	2.338326725796896	60.327
10.0	1.882290323112914	70.405
10.5	2.4040746233329333	50.411
11.0	2.210913428550669	60.312
11.5	2.28895480617601	13.78
12.0	1.3364140107880493	50.38
12.5	1.3921936392472822	100.699
13.0	1.4988891629854864	42.484
13.5	1.7842551293876943	15.718
14.0	2.276428329566543	60.814
14.5	1.4812993712355247	89.277
15.0	1.8195925713596715	20.213
15.5	2.0353572833382336	121.226
16.0	2.6634664302268565	20.164
16.5	2.050129199717355	83.695
17.0	1.5165568264295632	30.508
17.5	1.5327758469314565	60.237
18.0	1.8413674976397234	96.598
18.5	1.7875058021541528	60.407
19.0	2.1313616756316702	70.595
19.5	2.060549203463455	91.516
20.0	2.0274637774289626	8.762
20.5	2.2591453591449535	20.203
21.0	1.9359940322216367	73.159
21.5	1.8093427083126299	21.063
22.0	2.0871080810935814	90.364
22.5	2.132339580947724	20.188
23.0	1.6753159768250485	31.411
23.5	2.2075470482375272	80.511
24.0	2.403280459417311	40.245
24.5	1.978877896988472	50.399
25.0	1.5018999443888927	50.364
25.5	1.9717420750010388	30.612
26.0	2.219678078645191	80.538
26.5	2.5459447823740273	100.538
27.0	1.7609156093211322	100.446
27.5	2.3428621603376807	20.224
28.0	1.966167064000779	120.761
28.5	1.845511662202101	80.653
29.0	1.7299471298402238	60.438
29.5	1.6695526283954083	20.077
30.0	1.4282811052873188	90.476
30.5	2.1652278451901354	20.264
31.0	2.075641096061698	30.07
31.5	1.5538332553914398	20.116
32.0	2.338850296050744	23.632
32.5	1.6792050350831482	20.115
33.0	2.148842633632912	10.17
33.5	2.272383398136761	81.438
34.0	1.6866200181278372	20.155
34.5	2.0555124001495857	20.069
35.0	1.4307306849583472	30.718
35.5	2.069352455269287	13.241
36.0	1.9277753589298667	50.331
36.5	1.865279705153878	30.178
37.0	2.215074801780321	60.38
37.5	1.6772386761250766	80.525
38.0	1.9583393579340964	60.432
38.5	1.9480505560556958	80.635
39.0	2.171449080575415	90.549
39.5	2.138753784765145	60.398
40.0	1.5419182627098393	34.478
40.5	1.8488649743031873	60.4
41.0	1.8272585332526656	29.279
41.5	2.0208186479823467	80.384
42.0	1.9059001098161124	100.663
42.5	1.680715902120527	69.514
43.0	1.9746776082144688	38.526
43.5	1.9529226920755527	20.192
44.0	1.6064127118642726	130.774
44.5	1.8888392843479358	100.913
45.0	1.8656843350898362	40.327
45.5	1.4816978962084295	39.065
46.0	2.0160123904149647	80.221
46.5	1.4316246778605157	108.74
47.0	1.8409954783168327	130.874
47.5	1.8794366972905892	70.433
48.0	1.7094914703356845	10.717
48.5	1.7243582815994964	123.686
49.0	2.1612069447887854	157.228
49.5	1.7362932391853707	110.894
50.0	1.6334740318016525	80.569
50.5	1.6606564840510964	11.637
51.0	1.7874956097875527	140.788
51.5	2.2311931977720465	80.55
52.0	2.2530958951688302	110.547
52.5	1.5943761899469044	20.034
53.0	1.7149247609667606	20.162
53.5	1.6674445384380516	40.324
54.0	2.013317089895486	71.341
54.5	1.3856306527468134	40.02
55.0	2.538741434493023	70.549
55.5	1.8679106232721496	35.13
56.0	2.468955589182216	60.407
56.5	1.7541572331446817	33.547
57.0	1.742802769130309	70.33
57.5	1.9553615395638935	23.005
58.0	1.483479040494328	25.202
58.5	1.6475422868769194	82.329
59.0	1.8442758340821164	80.607
59.5	1.7994956811596712	80.826
60.0	2.7079848203709527	40.396
60.5	1.6969944890566462	80.596
61.0	2.2296124353583933	70.093
61.5	1.9570090375202096	100.662
62.0	2.1687146681526284	100.722
62.5	1.578154889550057	90.555
63.0	2.3161649626275267	9.101
63.5	1.577634320620442	80.605
64.0	1.9356808352025616	23.813
64.5	1.7171450625619022	20.142
65.0	2.190858680490384	20.201
65.5	1.9064394952791925	84.689
66.0	1.8223059469895908	90.541
66.5	1.6342927374217362	63.19
67.0	1.6987068394197558	90.455
67.5	2.001492433268807	80.705
68.0	1.6145320044468376	80.64
68.5	2.492220877455573	50.288
69.0	1.5979518956379817	100.668
69.5	2.5696399351217667	20.196
70.0	1.7279958938298288	50.263
70.5	1.769151793470317	9.806
71.0	2.1063672151515593	90.62
71.5	2.3616215547534596	182.116
72.0	1.7554530587897752	100.585
72.5	1.8717808707029688	97.321
73.0	1.629610102752911	60.532
73.5	1.6800033030429862	20.154
74.0	1.6320920261365979	97.552
74.5	1.5504938380369844	14.806
75.0	2.412533743665135	50.2
75.5	1.6235446925040669	11.517
76.0	1.4890528092117938	60.465
76.5	1.8364209284173802	8.006
77.0	2.1036536189001898	40.305
77.5	1.0392532675255441	130.895
78.0	2.0276261198454684	20.174
78.5	1.7955035851411945	33.129
79.0	1.7856667248871	12.069
79.5	1.9256561292512908	10.862
80.0	1.7806128306264846	35.754
80.5	1.8298849252460156	60.316
81.0	1.9811833498951568	78.099
81.5	1.535568968217844	60.401
82.0	2.2631951179902514	33.913
82.5	2.3847406375630276	73.293
83.0	1.6489512417179597	32.218
83.5	1.876038807823669	30.971
84.0	2.089017471861477	44.236
84.5	1.6259567705192532	110.815
85.0	1.782178443415503	20.341
85.5	1.2000827012945163	32.028
86.0	2.0343402651766884	12.113
86.5	2.1299749747727574	40.226
87.0	1.546516173226278	70.541
87.5	1.9888035735130716	30.177
88.0	2.2279283012001736	20.144
88.5	1.746304146420216	60.439
89.0	2.4423412668566025	20.278
89.5	1.4637957746490295	70.347
90.0	1.5915032714903474	59.853
90.5	1.5462280602470673	40.372
91.0	1.9594159833920595	100.648
91.5	1.6176883282085859	60.483
92.0	2.7339165864645634	40.362
92.5	1.7756686550820397	60.373
93.0	2.4496635917240535	20.176
93.5	1.087195048853556	80.665
94.0	2.3323236239253062	50.239
94.5	2.1704655271368525	75.33
95.0	1.7159630823867857	21.386
95.5	2.1156364753505015	96.945
96.0	1.787282461271068	120.791
96.5	2.030852657518852	80.519
97.0	2.0721491863299457	30.184
97.5	2.083689758010967	52.647
98.0	1.5244752197172535	80.552
98.5	2.179163746968598	21.534
99.0	1.6073031907579842	80.479
99.5	1.6947292993322052	110.658
100.0	1.5996726589292796	40.311
100.5	2.6779391270127153	80.972
101.0	1.2959965755413825	60.425
101.5	1.7860005421552387	50.32
102.0	1.8029065743733845	60.34
102.5	1.5138267201853473	34.681
103.0	1.4619518379270207	40.322
103.5	1.5921513732600194	60.506
104.0	2.0145981155492088	100.838
104.5	2.258319365618108	127.438
105.0	1.8281260284236622	135.222
105.5	1.523527524734127	201.058
106.0	1.3751239736541458	110.711
106.5	1.9051619445576145	90.614
107.0	1.8235114605615594	80.77
107.5	2.0498881487239924	14.878
108.0	1.6821222061208405	20.117
108.5	2.149717837403068	50.403
109.0	1.165882472255386	141.045
109.5	1.926130117326153	41.98
110.0	1.9810881110483405	10.309
110.5	1.7170817315911229	20.505
111.0	1.329175993986902	20.239
111.5	2.2518998030377975	20.25
112.0	1.4673772038090391	39.175
112.5	2.335581893227836	60.738
113.0	1.3592916375827049	116.98
113.5	2.0946714656698293	10.339
114.0	2.0476089505102255	38.928
114.5	1.983949854214704	34.76
115.0	2.0411736705086727	50.27
115.5	1.7651932296201527	50.525
116.0	1.677109735319213	15.307
116.5	1.4903463439974038	60.43
117.0	1.712465378683017	60.353
117.5	1.811012085076886	70.354
118.0	2.114130775648733	80.706
118.5	2.180811576961233	20.167
119.0	1.6948065628818165	60.35
119.5	1.9081710726260717	70.485
120.0	1.636154486967284	25.662
120.5	1.6769049601003383	20.176
121.0	1.5059996994291456	20.17
121.5	1.8820412963421584	107.245
122.0	1.5429701507020803	120.718
122.5	1.9152951707358263	11.096
123.0	1.770551788289603	11.303
123.5	1.8642486406382157	69.597
124.0	1.9575632810827532	84.96
124.5	1.6334724591896095	124.546
125.0	1.4338296043492686	100.744
125.5	2.2154266230118296	60.467
126.0	2.3406904534317903	11.857
126.5	1.779424946856556	120.818
127.0	1.9280291117825852	119.261
127.5	1.9101651084942035	131.384
128.0	1.928581631881576	30.303
128.5	1.8316824916432586	120.766
129.0	1.46344785806789	60.394
129.5	1.6238884099542659	117.054
130.0	2.2254972024864745	34.329
130.5	2.2568945289019684	14.555
131.0	2.322581277865567	15.21
131.5	1.984242413947651	70.569
132.0	2.2834644040380465	100.589
132.5	2.1179963071396632	82.785
133.0	1.7632046407248705	70.56
133.5	1.8881061952055371	50.277
134.0	1.8907694155444874	20.288
134.5	1.344601550735447	91.628
135.0	1.8056979315331325	20.288
135.5	1.9823367537793082	120.832
136.0	2.2064263742322114	77.506
136.5	2.0651555842165075	90.573
137.0	2.109668174197563	90.641
137.5	2.3842920493728106	81.116
138.0	1.6312983787274082	80.643
138.5	1.3287079048605817	72.786
139.0	2.1871637110055784	60.31
139.5	2.045808330201896	90.713
140.0	1.7783359434091217	60.354
140.5	1.9787211329692274	70.252
141.0	1.392009688775206	58.731
141.5	2.0460436647112537	20.141
142.0	1.7733636794200882	70.442
142.5	1.7143457963868518	16.76
143.0	1.9466697910458808	10.602
143.5	2.1265818349494277	60.44
144.0	2.0548717230745868	70.45
144.5	2.073543345622055	60.446
145.0	2.2635377335389486	90.578
145.5	1.4984745209101562	90.502
146.0	1.9023228544477508	80.904
146.5	2.2112810191029144	40.338
147.0	1.5785276199602465	60.377
147.5	2.340050297265264	60.313
148.0	1.747329877745793	80.475
148.5	2.195205382307769	60.382
149.0	1.743717082334819	130.98
149.5	1.9467069339353957	80.47
150.0	1.5283782836049014	40.305
150.5	1.9935985560400615	80.551
151.0	1.7333779100249318	20.061
151.5	1.9389635118849835	76.95
152.0	1.9819681118785248	60.048
152.5	2.367661615130273	40.102
153.0	2.030199565524968	80.561
153.5	1.9313129065637746	60.381
154.0	1.786629757476022	16.651
154.5	2.06333957996336	10.066
155.0	2.1558932999524356	60.347
155.5	2.606338855735216	91.987
156.0	1.1500899441257892	171.441
156.5	2.2260968916384725	204.533
157.0	2.6114277750900246	79.073
157.5	1.846353588193374	10.478
158.0	0.13182574525232255	8.752
158.5	1.6793818248762513	9.744
159.0	10.31956756597855	100.581
159.5	1.4767652069005692	60.317
160.0	2.179540160591379	16.191
160.5	2.7068920599269655	14.873
161.0	1.1917250069558565	8.466
161.5	2.3435352769145563	84.522
162.0	1.8623271904426206	141.318
162.5	1.7351283208100294	120.799
163.0	1.5347455091956375	50.504
163.5	1.5438169697218387	50.414
164.0	2.0522306685905285	110.528
164.5	1.9154760807681386	60.436
165.0	1.2059089956580136	33.564
165.5	2.2925679290332672	60.299
166.0	2.509580697252572	134.53
166.5	1.8620732557972024	120.817
167.0	2.160559677953731	23.775
167.5	2.472999442049405	76.629
168.0	1.931014879245663	20.163
168.5	2.0086942197255278	40.343
169.0	1.8618592954159934	50.423
169.5	2.2680125439405403	17.157
170.0	1.7782248422301068	140.944
170.5	1.5202648172038917	80.566
171.0	1.9227231876020152	50.349
171.5	1.468235898292839	50.39
172.0	1.6515278970618	92.532
172.5	1.3199639260563634	131.063
173.0	1.9688436388301647	60.434
173.5	2.0415999294681226	40.016
174.0	1.5204276281623803	60.992
174.5	1.6714994516317596	101.762
175.0	1.4987525949384906	31.368
175.5	1.6689701128533492	31.499
176.0	2.607186177995842	40.35
176.5	1.8496700150333654	100.632
177.0	1.7600943793606922	60.458
177.5	2.040571160979566	62.03
178.0	2.0082073509066025	120.796
178.5	1.7551899723041653	80.539
179.0	1.7318595168189246	20.1
179.5	1.6484733195698407	61.092
180.0	2.138516346559469	18.498
180.5	1.6069114511672729	15.67
181.0	1.3963380788656532	57.027
181.5	1.9908768829254122	80.528
182.0	2.022290536737648	94.62
182.5	1.1551242772061683	55.716
183.0	2.4508963882584522	40.239
183.5	1.6349299198562934	60.458
184.0	2.2336318844393026	110.804
184.5	1.483935644344196	20.138
185.0	2.4049129347054117	96.389
185.5	1.8042270393168796	11.417
186.0	2.729765487427833	20.204
186.5	1.7525385305292762	60.391
187.0	1.595381375687988	80.617
187.5	2.0498066190231303	20.253
188.0	2.3308669820374512	90.386
188.5	1.5900794264852738	31.468
189.0	2.6189619256949794	20.179
189.5	1.5224586426567557	121.365
190.0	1.7755255964427707	70.485
190.5	1.9252726331947594	11.68
191.0	1.8915709532752227	30.201
191.5	2.6951417922775582	72.954
192.0	2.1438350838989497	94.96
192.5	1.6067003510731483	9.172
193.0	1.9767606737783712	100.568
193.5	1.810798752325608	141.172
194.0	2.1528538004666604	73.557
194.5	1.8465521434532666	80.552
195.0	2.1296171953144984	73.051
195.5	2.027139766913818	90.86
196.0	1.8853126791565933	13.635
196.5	2.054156771123058	32.319
197.0	1.985337758841571	24.679
197.5	2.3188033201912535	40.396
198.0	1.3302205968603045	58.344
198.5	1.9911442935108508	11.28
199.0	1.9535091096570283	61.572
199.5	1.9022938936860663	32.841
200.0	1.6357826502663968	12.719
200.5	1.7607455090388708	30.284
201.0	2.0993662288558537	20.143
201.5	1.9753317144334301	50.498
202.0	1.3277055593386518	60.5
202.5	1.6336608939308535	60.321
203.0	1.8908685305033457	70.564
203.5	1.6969449067623703	80.631
204.0	1.9268770117805474	120.963
204.5	2.1550405655026146	60.37
205.0	1.873106980529158	60.378
205.5	1.4176661956050158	80.583
206.0	1.6826954596980495	10.516
206.5	2.4459667847652478	60.288
207.0	2.0718082309428714	60.482
207.5	2.2392150346694333	110.781
208.0	1.4344303138552	9.077
208.5	2.246333647386342	70.421
209.0	1.5648727551055406	15.708
209.5	1.8599421000236447	33.151
210.0	2.0707254230536467	20.28
210.5	1.6578354340619967	70.569
211.0	1.684686418718657	21.774
211.5	2.07594158539378	80.47
212.0	2.0615697374143673	90.591
212.5	1.9502081922997088	60.365
213.0	2.0903895284296743	72.849
213.5	1.3681938048238445	60.392
214.0	2.2161782446371374	9.24
214.5	1.8415002769007809	32.411
215.0	2.3812590230768844	40.278
215.5	1.4371538608292027	120.925
216.0	2.446481166116081	9.986
216.5	0.13028528177012133	44.745
217.0	2.371756774774699	10.04
217.5	14.278397900608446	50.293
218.0	1.7039199509112355	12.374
218.5	2.28259768796096	23.328
219.0	1.8864038941359202	40.191
219.5	1.5777264651054639	100.487
220.0	1.4270493186221862	87.067
220.5	2.221481753452639	19.937
221.0	1.445878191149742	202.324
221.5	1.6668650499950166	120.729
222.0	2.7802661753551163	112.776
222.5	1.734577573802382	141.237
223.0	2.7164554865645556	70.403
223.5	2.0115468839933834	100.6
224.0	1.7752027622391129	222.29
224.5	2.1724689875486094	40.597
225.0	1.162266937113016	80.552
225.5	1.799597251028505	83.456
226.0	1.5411822128653627	535.883
226.5	0.5161656885868361	712.309
227.0	3.9054815536977743	123.683
227.5	1.2554541146478204	21.799
228.0	1.7736569244393567	30.338
228.5	2.2721992294276356	10.463
229.0	1.5357379475842905	40.308
229.5	1.7123868079823537	120.816
230.0	1.6908261224958974	70.352
230.5	2.253491035383629	69.73
231.0	1.7297687119657106	100.543
231.5	1.7248792712755994	90.458
232.0	1.225351152917506	110.743
232.5	2.159576820823994	80.505
233.0	2.0903425745072743	80.521
233.5	1.6193151306208344	90.134
234.0	1.6107005211339627	11.578
234.5	2.4005481617624733	60.27
235.0	2.3977762738292503	60.28
235.5	1.8500263488540076	110.708
236.0	1.9246374964029636	42.28
236.5	2.0222936446076885	9.772
237.0	1.8341950221783125	100.514
237.5	2.0042968996746744	20.24
238.0	2.3254354382879168	80.721
238.5	2.0223554170741416	20.221
239.0	1.893658452714242	101.084
239.5	1.840280865587651	85.757
240.0	1.9325704777878923	20.223
240.5	2.083221989101964	140.809
241.0	1.8657986214800324	80.585
241.5	1.9912767574912227	10.269
242.0	1.7433352828800286	70.514
242.5	1.8345690961581742	10.189
243.0	2.1589803478154947	80.647
243.5	1.499059422579516	100.71
244.0	1.5346722396123704	120.755
244.5	2.3715706407747867	10.979
245.0	1.92870253729783	101.019
245.5	1.7397316339205668	80.294
246.0	2.1243250425832025	88.565
246.5	2.72146170944362	32.624
247.0	2.25831423586394	121.43
247.5	1.3142102833775566	100.849
248.0	1.1928274459557489	100.847
248.5	2.041066630942457	90.52
249.0	1.6580669188680843	90.389
249.5	2.0670551777677404	50.179
250.0	2.051015704765858	100.461
250.5	2.1127790108992945	40.281
251.0	2.219263503990226	100.367
251.5	1.6572161380354424	70.449
252.0	1.3176470804327975	70.293
252.5	2.2255001042594835	60.302
253.0	2.1777274184383812	83.248
253.5	1.9102485636305406	120.99
254.0	1.9509376864379362	121.012
254.5	1.9772317920698619	70.462
255.0	2.398653835375841	96.201
255.5	1.4167228303688433	40.269
256.0	1.6113413004887016	49.94
256.5	1.7586353170261262	80.553
257.0	1.7092785299762248	38.409
257.5	2.215443617850315	19.993
258.0	2.4454418197271384	20.008
258.5	2.356362471580901	70.489
259.0	1.9455125865278322	42.212
259.5	1.37171578637112	80.411
260.0	1.57886919444282	99.792
260.5	1.9363419719068813	50.468
261.0	1.7391892142199978	50.51
261.5	1.922900542868881	80.5
262.0	1.4541554307958418	80.451
262.5	1.9670333702578	23.127
263.0	2.387124928752026	88.625
263.5	1.532407791536217	100.632
264.0	1.5760189491775494	19.878
264.5	1.8062334167588592	51.068
265.0	2.1977241016268763	80.451
265.5	1.5141047561540422	191.732
266.0	1.67497749039273	31.88
266.5	1.926452545076531	80.562
267.0	2.557835985013429	596.068
267.5	3.1781113779351906	120.159
268.0	1.711760474597381	10.969
268.5	2.146360793394203	76.051
269.0	1.8999544045644217	80.669
269.5	2.274840371042889	80.682
270.0	2.4028641886554554	80.633
270.5	2.1270587513721537	151.087
271.0	1.8054163744457827	11.91
271.5	1.452976861375561	20.145
272.0	1.6132874368641272	141.205
272.5	2.585798750271818	25.434
273.0	2.3437432250234815	80.469
273.5	1.4041695683749715	231.418
274.0	1.646050163874521	70.626
274.5	2.2918851484102998	196.45
275.0	1.666047943594819	40.489
275.5	1.7809235842384898	30.635
276.0	1.3281243491192483	47.508
276.5	2.0331668313554347	60.335
277.0	2.079373778879945	60.295
277.5	2.1348833808963548	11.596
278.0	1.8813226759394972	80.372
278.5	1.9358582071698087	80.675
279.0	1.8486512913407962	60.368
279.5	1.4386985310209854	20.199
280.0	1.7516500891285844	20.233
280.5	2.425494252335853	80.891
281.0	2.407243760931586	100.034
281.5	2.005919929838948	40.579
282.0	1.6653187807810865	20.349
282.5	1.7468792338761676	139.959
283.0	1.84369271278398	60.489
283.5	1.3580622861787075	19.713
284.0	1.7819197754126141	60.504
284.5	2.262121682143857	60.37
285.0	1.9426089414692982	95.218
285.5	1.708835709011996	70.617
286.0	2.1174708915606204	70.617
286.5	1.882160719787505	32.474
287.0	1.683400959267527	60.475
287.5	2.124009521322654	60.432
288.0	1.7900309303681146	14.522
288.5	1.607961511022083	70.575
289.0	1.9505767214445897	40.439
289.5	2.286408870423069	33.013
290.0	2.28620977069854	70.596
290.5	1.7299702084557376	130.936
291.0	1.3792480047350089	91.539
291.5	1.930033486266887	20.126
292.0	1.683035876799335	60.29
292.5	2.181147698293135	60.445
293.0	2.3324345057216656	60.578
293.5	2.1186624518474266	35.603
294.0	1.422850299953414	80.369
294.5	1.9132128816181229	70.609
295.0	1.9503389101078459	70.505
295.5	1.6196936768361425	60.465
296.0	1.9328532824064075	130.945
296.5	2.1805990468244674	60.441
297.0	1.8829133817856574	84.223
297.5	1.6585864141114843	60.369
298.0	1.7106032289861102	60.385
298.5	1.4367988880990734	60.449
299.0	0.8705615543979697	122.337
299.5	2.056449325248638	20.193
300.0	3.5707508545316036	20.196
300.5	1.6424912243677874	78.408
301.0	1.4079310114643642	140.887
301.5	2.1929913338437137	10.246
302.0	2.145780824292006	80.54
302.5	1.917909388737882	262.458
303.0	1.7341372198360676	80.641
303.5	1.8979832241771837	30.258
304.0	1.7698290630644864	29.309
304.5	2.5176493375527906	60.514
305.0	2.1435490943631432	103.582
305.5	1.7733997114458242	80.64
306.0	1.602304922463397	100.597
306.5	1.3983082622677518	130.95
307.0	1.260333461273921	40.554
307.5	1.9517778433066946	99.066
308.0	1.6489846115808413	80.541
308.5	1.7974009228755206	50.212
309.0	2.29993814538474	71.805
309.5	1.9432070987418808	471.661
310.0	1.6669387919485925	154.691
310.5	1.4579323503242938	110.861
311.0	2.6782359860010696	201.877
311.5	1.193307161367837	414.78
312.0	2.117215421170707	188.702
312.5	1.80317348376126	49.132
313.0	3.446652244574238	141.535
313.5	2.2094611881586044	60.235
314.0	1.4969950210998455	222.546
314.5	1.2052431373702113	80.345
315.0	1.7443787482710982	80.464
315.5	2.349297356033691	249.048
316.0	2.340993347065016	10.374
316.5	2.2375669037571027	60.424
317.0	2.4119565077600997	16.544
317.5	1.5333239127027407	120.725
318.0	1.772525213409497	40.461
318.5	1.5724263856193514	20.232
319.0	2.0432885394992852	20.249
319.5	1.4217998217259413	80.262
320.0	1.6257617549132848	109.552
320.5	2.2549825420116885	118.603
321.0	2.0939457502252465	21.03
321.5	2.1987124670605565	80.774
322.0	2.018490140391478	31.344
322.5	1.8405634726584255	100.686
323.0	2.0662490075066953	100.707
323.5	2.16807479489895	30.266
324.0	1.504188963576613	50.43
324.5	1.8711274288466992	30.117
325.0	2.4247375946380325	35.047
325.5	2.2148982962742134	59.019
326.0	1.8303852264530736	40.329
326.5	1.731828072059954	80.586
327.0	1.8257669139018031	35.949
327.5	2.491604767669623	190.441
328.0	2.4966729817447977	40.456
328.5	1.5062021328313406	80.658
329.0	1.7414230439583038	80.683
329.5	2.6703414995746426	20.247
330.0	2.771547219268775	20.27
330.5	1.533090480418195	20.23
331.0	1.6131217110388214	91.211
331.5	2.0220543666794892	32.671
332.0	2.181778245667034	70.351
332.5	1.8889425138412528	32.05
333.0	2.1764231712227193	50.407
333.5	1.6937906583887588	70.58
334.0	1.8158387259224533	50.57
334.5	1.8963820363218629	61.083
335.0	1.7608138624600167	50.254
335.5	1.7845540437480072	70.512
336.0	1.4819888735453943	50.396
336.5	1.7103550293299816	39.784
337.0	1.8492318525793983	50.552
337.5	3.2519230509122985	50.614
338.0	3.1640379127449307	30.536
338.5	1.1085745838333416	36.32
339.0	1.0788038164826228	42.262
339.5	2.069638327187693	60.412
340.0	2.217805605938504	60.412
340.5	1.605790432797232	80.638
341.0	1.7157094166713243	40.222
341.5	2.3040451760665794	42.334
342.0	2.078781029204939	59.975
342.5	1.3502213733294572	60.277
343.0	1.4547580543305578	60.244
343.5	1.3416111199535237	142.225
344.0	2.056052108359523	272.223
344.5	1.422521411079194	130.779
345.0	1.705608182319667	130.618
345.5	1.3096272982797825	50.093
346.0	1.7465497453219079	50.138
346.5	1.2217644148812938	292.424
347.0	0.8753388640078975	80.294
347.5	2.105246735236003	60.241
348.0	1.7477311683529082	60.348
348.5	1.9069761202569884	50.362
349.0	2.4851494265322165	52.537
349.5	2.1340963484808575	94.725
350.0	2.257309282602664	58.596
350.5	1.4754226777022033	60.051
351.0	1.5626142706901882	60.035
351.5	1.8737638865014914	51.19
352.0	2.12508746458928	37.047
352.5	1.9365514134206678	31.871
353.0	2.336092029401411	42.888
353.5	2.2306413761952313	60.434
354.0	2.3982277191492125	60.447
354.5	1.2466824361808808	81.857
355.0	1.4634352350702269	33.3
355.5	2.216024375202495	60.321
356.0	2.725270859982803	60.343
356.5	1.6600839702705361	90.736
357.0	2.171283036522177	130.958
357.5	2.4011070806351373	120.631
358.0	1.848616776368841	27.211
358.5	1.5709327597478606	80.557
359.0	1.7018384465046785	60.443
359.5	2.270561088476779	30.334
360.0	2.0525170654475335	55.256
360.5	1.6765062882267843	70.44
361.0	2.080631408984547	70.448
361.5	2.024242127862347	60.323
362.0	1.6367694862685305	60.24
362.5	2.0113222563602418	110.843
363.0	1.722383279121734	110.894
363.5	1.8602769696425945	80.471
364.0	2.3008047019123543	13.443
364.5	1.9485475085546191	50.362
365.0	1.7894392554878984	106.53
365.5	1.841831301798997	120.818
366.0	1.5438108200941993	50.323
366.5	1.5137548361873778	90.445
367.0	1.4651379050316697	90.747
367.5	2.202653906038014	26.132
368.0	3.0737729533627767	19.943
368.5	1.4556192781193795	70.618
369.0	1.8645761664311316	91.997
369.5	2.1003493684195047	120.975
370.0	1.983983763949212	20.082
370.5	0.1430657911857188	9.424
371.0	2.1975092564094623	59.932
371.5	1.5428512440279967	52.921
372.0	12.4928139523023	101.386
372.5	1.9221925076569548	70.381
373.0	1.479505086725993	70.368
373.5	1.9814295569963545	11.929
374.0	2.5660340514867883	20.187
374.5	2.250671289715937	60.659
375.0	2.15580780765388	42.096
375.5	1.3364402340742667	20.927
376.0	1.6302638461960597	130.966
376.5	2.3577133569883544	11.287
377.0	2.428422000865509	60.507
377.5	1.510418288304043	80.501
378.0	1.860140581486865	80.515
378.5	1.7179542429888517	50.411
379.0	1.696070926307968	50.447
379.5	1.0767255229219106	126.495
380.0	1.354356100370329	140.953
380.5	1.883648532947018	23.965
381.0	2.5366724506628517	15.764
381.5	2.1562035833550377	70.523
382.0	1.8682494598935846	70.585
382.5	1.9133340511560866	20.265
383.0	2.2969059704004398	83.235
383.5	1.6442795635314953	131.076
384.0	1.769982362569809	63.036
384.5	1.9725344294438962	80.552
385.0	2.166548203622516	80.561
385.5	2.283263072961954	60.378
386.0	2.5735417871697805	83.262
386.5	1.4828098046215084	70.35
387.0	1.671135586466166	70.426
387.5	1.9543754283631642	13.241
388.0	1.7750868357929643	60.39
388.5	1.9703993533447854	70.521
389.0	1.9561478973042148	70.517
389.5	1.8818678848708121	90.454
390.0	2.2281803075759727	90.381
390.5	2.3218808033963314	60.617
391.0	2.1778996650903313	60.635
391.5	1.4190081041594549	31.645
392.0	1.2707735571036545	45.514
392.5	2.3396275232547716	50.397
393.0	1.9053974325842722	50.352
393.5	1.9226098298322838	32.073
394.0	1.8094769884387913	120.887
394.5	2.16360348371616	40.473
395.0	1.592847235699275	141.125
395.5	1.4585539826410105	60.408
396.0	1.923096014970344	80.355
396.5	2.0231397474414665	60.265
397.0	2.0405701233043567	62.702
397.5	1.5973099339648331	140.985
398.0	1.3429984283496255	120.878
398.5	2.2792587486882403	37.054
399.0	1.778199523993487	61.23
399.5	2.3263841790404785	55.796
400.0	1.4753287516903069	27.275
400.5	2.5834882249993836	30.418
401.0	1.4775239359704073	41.133
401.5	1.8621363417843233	60.286
402.0	2.547386893762161	40.236
402.5	1.4443794959992429	110.747
403.0	1.7440257120192575	90.571
403.5	2.1824814774130927	60.29
404.0	2.158804519762755	110.811
404.5	1.9491927317873625	99.679
405.0	1.6558179731674822	84.974
405.5	1.1570187251495319	50.237
406.0	1.6307343860962702	120.889
406.5	1.4376990936108753	60.355
407.0	1.409122448781004	135.012
407.5	1.2517653227256744	39.211
408.0	2.5465019148197956	88.385
408.5	1.547824821468701	51.927
409.0	1.636018360804521	16.229
409.5	1.314940817907449	60.519
410.0	1.2392751907289559	9.251
410.5	1.8649094464317095	40.197
411.0	2.2102124297695163	29.366
411.5	1.5891211071854316	20.101
412.0	2.7605291161874272	11.17
412.5	1.8453751567269934	61.982
413.0	1.4492921641201033	110.791
413.5	1.5442461169765305	70.281
414.0	2.222099098256311	50.026
414.5	1.0147761875929457	70.526
415.0	2.324275146982832	120.685
415.5	1.613734432830905	12.213
416.0	0.8069356061433344	53.02
416.5	1.6884331986268908	40.197
417.0	1.3791817209798132	29.505
417.5	2.1396148438677196	80.43
418.0	1.706449065452229	70.655
418.5	2.2061013670848655	120.939
419.0	2.3008697529970394	20.235
419.5	2.028838256292143	120.921
420.0	2.391170044819855	135.772
420.5	1.5975077797143526	60.447
421.0	1.7697010761441048	40.21
421.5	1.8526357854115763	60.389
422.0	2.292216591670496	21.554
422.5	1.458422052509834	13.008
423.0	2.623076067011187	9.592
423.5	2.078638541642697	80.591
424.0	1.9108800576122487	69.359
424.5	1.4968486553303608	60.444
425.0	1.995663364903322	9.276
425.5	2.345989174978072	40.179
426.0	1.745270069763911	15.815
426.5	1.5660419270224908	201.843
427.0	1.927947710295605	60.454
427.5	1.6329202525566862	60.25
428.0	2.3364402115209884	60.49
428.5	1.6290695801507513	39.156
429.0	1.7216870600108047	80.357
429.5	2.068585978079755	53.12
430.0	1.8219260224465261	20.167
430.5	1.6879079546344733	10.875
431.0	1.7209024311906462	90.514
431.5	1.981621763126505	70.639
432.0	1.462974684613099	91.632
432.5	1.538553673309811	90.093
433.0	2.188887182586429	72.911
433.5	2.12860845492245	60.472
434.0	1.454440940174996	110.844
434.5	2.2135059466608658	20.279
435.0	1.4246030416204665	100.824
435.5	2.066973783592515	80.481
436.0	1.5909851542856528	100.592
436.5	1.8868686558186123	28.783
437.0	1.935493004996241	90.371
437.5	2.53807474077096	60.413
438.0	1.8306790406582618	70.525
438.5	1.813289127394973	20.189
439.0	2.3721071910302665	83.787
439.5	1.6495172720923605	100.548
440.0	1.9462990763411203	82.065
440.5	1.5375524095197206	120.804
441.0	1.6928518511627455	90.717
441.5	1.8739693947409	80.634
442.0	2.025314647812162	20.228
442.5	1.5523670916279522	98.118
443.0	1.7561960754031096	34.255
443.5	1.7813163477914198	50.333
444.0	1.6175160613826274	12.326
444.5	1.6488403888568202	80.486
445.0	2.3604526175163802	50.261
445.5	2.4022138765235512	60.285
446.0	1.1668131402775592	80.242
446.5	2.3781441953822475	93.826
447.0	1.9474655649740824	80.579
447.5	2.437615734906026	60.43
448.0	1.506618808748761	120.599
448.5	1.5021244365004731	19.344
449.0	2.2575052046486426	53.223
449.5	1.5336123529696033	30.31
450.0	1.8967822911178858	20.15
450.5	2.557052864509204	60.542
451.0	1.446129209583571	31.976
451.5	1.9667947967657229	60.458
452.0	1.5903251979399384	30.215
452.5	1.5359602541504782	120.694
453.0	1.7057645978494498	10.354
453.5	1.776276883432305	80.655
454.0	1.6871225323228676	80.61
454.5	2.096075382263104	21.197
455.0	2.1060930759475456	70.535
455.5	1.798865858020135	11.761
456.0	1.742833514816571	34.074
456.5	2.021987557735245	60.127
457.0	1.960115727984666	54.489
457.5	2.009364821178181	90.748
458.0	1.7327025359829706	90.586
458.5	1.880043907600817	70.476
459.0	2.6109256099857054	111.194
459.5	1.6662296210231282	145.363
460.0	2.386180409740192	19.987
460.5	1.6689336981920724	116.199
461.0	2.250972191258714	20.18
461.5	2.1271364472154173	20.23
462.0	2.1053625995828544	110.654
462.5	2.3293005202993746	20.108
463.0	2.098207784418276	82.234
463.5	1.3798830161988656	70.52
464.0	2.087430725644922	20.136
464.5	2.204176671943864	40.366
465.0	1.676199691953874	51.771
465.5	1.4475959050860459	10.878
466.0	2.066372203500295	60.3
466.5	2.0356091036531683	30.246
467.0	2.0715575712923155	80.687
467.5	1.2564370831420466	10.141
468.0	2.2243739016163944	110.802
468.5	1.837103172159844	70.407
469.0	2.1142923824662927	120.653
469.5	2.081061532993554	100.622
470.0	2.012773193649335	70.492
470.5	1.5383519480702605	38.471
471.0	2.2356858407750373	81.336
471.5	1.6009546211252375	56.035
472.0	2.0848098780713915	40.154
472.5	2.483509162126034	50.341
473.0	1.599924746092027	40.383
473.5	1.3954998219632733	12.829
474.0	2.2658707306881793	13.286
474.5	2.1128413199272567	28.678
475.0	1.9977344480451684	32.981
475.5	1.842594651062336	20.098
476.0	1.3486824858655657	131.084
476.5	1.883073335411383	60.476
477.0	1.49474234760942	49.91
477.5	1.1556267046788093	80.462
478.0	2.3591076216917513	60.15
478.5	1.5232866476421072	75.104
479.0	1.6851430119086794	24.219
479.5	1.8325136867827094	72.004
480.0	1.9306070823258166	132.392
480.5	2.4631750620659907	150.082
481.0	1.6494862923672229	40.408
481.5	1.620309886512451	60.532
482.0	2.2441289894891767	40.271
482.5	1.8496288564741552	35.429
483.0	2.240421048343306	80.58
483.5	2.1282646157846044	80.949
484.0	1.6993750793853766	20.125
484.5	2.0430177774043905	16.706
485.0	1.6471346750920712	72.709
485.5	1.6119406569403438	20.277
486.0	1.7473639073375824	120.713
486.5	1.816913059038867	70.328
487.0	2.3280884198786453	60.447
487.5	1.520949982904769	110.891
488.0	1.930233159314961	60.331
488.5	1.7302672430425927	82.509
489.0	1.659340920532919	80.511
489.5	1.7183602410650278	85.075
490.0	1.9112647812040646	12.053
490.5	1.6159082778352651	10.154
491.0	1.7950319620776198	11.73
491.5	1.8092722776417063	70.407
492.0	2.193244138555621	80.363
492.5	1.9056216289507755	80.4
493.0	1.5801807441112408	70.499
493.5	2.4156836327321165	80.453
494.0	2.032724710500001	130.77
494.5	1.9826815844301595	60.386
495.0	1.8503553824302996	50.41
495.5	2.035282944276436	80.477
496.0	2.1208413942433992	60.509
496.5	1.94672147112355	39.109
497.0	2.016254481203121	80.518
497.5	2.5569716847058563	80.519
498.0	1.6205930241066846	90.679
498.5	1.9538242556145242	15.075
499.0	1.4975054942334523	10.816
499.5	2.0755666830866546	33.7
500.0	2.071237283032868	19.434
500.5	1.4874880797565098	99.091
501.0	1.8567063035443698	22.75
501.5	2.173920214854439	60.338
502.0	2.037963516532059	60.517
502.5	1.8440067050956732	49.258
503.0	1.5983862858964035	110.68
503.5	2.2778355145510476	62.703
504.0	1.5558499029494959	90.736
504.5	2.6857171889485194	151.285
505.0	1.732358994575685	80.539
505.5	1.9211146348381438	40.335
506.0	1.4261438081334976	80.56
506.5	1.5635390422424364	80.425
507.0	2.084627393300221	60.321
507.5	1.7994496214994746	120.769
508.0	2.006003074281823	80.532
508.5	1.8191300860930038	60.372
509.0	1.6163799836107429	80.403
509.5	2.3705944528110874	40.303
510.0	1.7680923293868223	90.755
510.5	1.3736391169342834	65.66
511.0	2.17263911560698	13.892
511.5	2.4113155531428987	70.492
512.0	2.037972684518136	120.774
512.5	1.8847783574195374	120.925
513.0	1.8228379909023849	60.451
513.5	2.6142908499018844	60.352
514.0	2.0290500640893843	60.55
514.5	2.403964892773351	80.465
515.0	2.116285493270578	73.486
515.5	1.7319974208525621	25.382
516.0	2.978492263688216	20.144
516.5	1.3314605728859878	60.54
517.0	1.970859585107905	90.647
517.5	1.802895690922581	24.888
518.0	2.124156600789514	110.696
518.5	1.4270159137798786	39.174
519.0	1.6565126571182747	32.183
519.5	2.2087899367011308	60.505
520.0	1.6437849786593712	30.083
520.5	1.7059217268990017	20.128
521.0	2.0283873350731243	70.536
521.5	1.3949370875296168	80.596
522.0	1.7625454382285968	70.55
522.5	2.005833198742237	63.006
523.0	1.8991816330534042	20.135
523.5	2.0411039922408145	20.11
524.0	1.9217391814473541	63.88
524.5	1.8661718629673698	80.481
525.0	2.1343766453194646	70.349
525.5	2.0855756636060643	35.059
526.0	1.961554098423869	70.407
526.5	1.922195098015291	50.382
527.0	2.3457395519526103	60.532
527.5	1.8878573474474452	37.658
528.0	2.0309098687863387	9.735
528.5	1.7851917102397998	90.496
529.0	1.5789687034195834	120.875
529.5	1.7419934971624158	110.651
530.0	1.8274150518599894	60.291
530.5	1.7318098694424635	50.111
531.0	1.7973310775678943	47.27
531.5	2.637289275519861	69.626
532.0	1.4157663719728109	30.003
532.5	1.9837085551215694	21.542
533.0	2.5663098727376554	40.257
533.5	2.1665552302293656	10.56
534.0	1.4185607514032785	14.224
534.5	1.9893426564061065	60.528
535.0	2.214923929277829	69.618
535.5	2.1235479418344627	20.18
536.0	1.5275848885525634	40.284
536.5	1.9629148539486276	90.513
537.0	2.1406639034384414	96.564
537.5	1.972992867881719	87.045
538.0	1.8718882161390016	80.354
538.5	2.629314768301402	20.212
539.0	1.5054292248443641	74.243
539.5	1.8481492960856922	82.199
540.0	2.2914409461727145	20.119
540.5	1.9198512645904684	39.603
541.0	1.5640279748130779	20.131
541.5	2.18338490442838	142.736
542.0	1.7956790722432103	120.7
542.5	1.6013190617525983	10.194
543.0	2.1713295841295603	127.575
543.5	1.3393989352003277	60.454
544.0	1.6633133539279006	100.103
544.5	1.669109004727413	120.926
545.0	1.8769086126668495	81.712
545.5	1.9732558657337875	96.43
546.0	1.899461037182574	35.785
546.5	1.8094391747270087	90.684
547.0	2.3474909408886036	11.328
547.5	1.2699585879823827	30.313
548.0	1.9928615031674117	60.438
548.5	1.9368663303815434	40.121
549.0	1.9033909563803793	14.346
549.5	1.1506544241764514	120.696
550.0	2.3011973279081013	110.737
550.5	1.842185177396753	9.532
551.0	1.9122459332863746	70.295
551.5	1.464726647821169	86.814
552.0	1.9442579213790447	38.697
552.5	2.184462798770266	20.065
553.0	2.291933912832599	141.405
553.5	1.1447319888344167	298.12
554.0	2.6247627040984844	50.516
554.5	1.3884649778713054	20.137
555.0	2.0264407105370736	40.194
555.5	1.2508928618619066	49.387
556.0	2.4406307569120034	70.248
556.5	1.7472735434702895	70.51
557.0	1.9945696912139586	70.341
557.5	1.5602794999328726	88.286
558.0	1.8998547134884398	60.233
558.5	1.6437088263685504	12.849
559.0	1.861349238274748	60.506
559.5	1.6466457061806463	132.492
560.0	1.6697253546446826	118.378
560.5	1.978512481049061	80.445
561.0	2.008762177482812	29.102
561.5	1.759400553575579	130.82
562.0	2.0641712806126558	21.528
562.5	2.1519224298089736	24.382
563.0	2.1294612000395	12.55
563.5	2.005644455818225	80.63
564.0	1.6965278249253892	40.107
564.5	1.9502144789514335	60.553
565.0	1.9702653528454601	20.194
565.5	2.126424847774979	10.643
566.0	1.6855662845682604	31.39
566.5	2.4720344931380596	30.226
567.0	1.323067940786324	70.453
567.5	2.16374682008879	20.294
568.0	1.8090510870912093	120.788
568.5	2.011423864867968	90.495
569.0	1.7725048443003122	82.676
569.5	1.5858067250415664	32.757
570.0	2.2507274053867037	60.427
570.5	1.8638459629775381	56.362
571.0	1.9639077654382455	70.394
571.5	1.9858657865583562	60.332
572.0	1.7188949976779726	70.53
572.5	2.0486243268293145	88.36
573.0	1.5518903639219868	80.673
573.5	1.6031349338730385	21.207
574.0	2.6221720472847374	80.602
574.5	2.041218253507468	33.312
575.0	2.0515546669383036	20.253
575.5	1.946558161391507	40.352
576.0	1.7416324984870708	50.317
576.5	2.3018539215609315	102.597
577.0	1.498207438829313	120.759
577.5	2.1783379159208627	27.074
578.0	1.553788606201888	40.736
578.5	2.1763733989643916	80.501
579.0	1.5115380745106552	50.212
579.5	1.8341819871448062	32.159
580.0	1.8902751958211212	60.298
580.5	1.9527238236531812	35.903
581.0	1.429991671076461	80.448
581.5	1.9469967557937322	60.39
582.0	2.1400667471415376	80.515
582.5	1.9429507256565037	79.382
583.0	1.7074816770480103	90.715
583.5	2.1569443672975597	20.283
584.0	2.636851977080885	80.471
584.5	1.8437928316122325	90.559
585.0	1.6013442466449292	60.297
585.5	2.414976014954273	18.362
586.0	1.622593437906972	108.698
586.5	2.0276255616952708	14.195
587.0	1.5431417074132163	65.061
587.5	1.702620431314643	46.662
588.0	1.6887563415843303	81.801
588.5	1.5047946517655841	40.513
589.0	1.6443790044958424	19.945
589.5	1.834181093606484	30.166
590.0	1.7754286399195272	80.392
590.5	2.7482052759354527	110.839
591.0	1.3924957568925385	15.323
591.5	1.9572782767453831	70.578
592.0	2.049732132736582	90.491
592.5	2.187310921693488	40.508
593.0	1.5169068837594646	40.397
593.5	2.2556070722271255	12.732
594.0	2.5405805902963094	50.273
594.5	1.6336796778237261	31.758
595.0	1.9379112866652382	9.926
595.5	2.0135523690349637	131.208
596.0	1.479949777095326	60.379
596.5	1.9823370462342975	20.213
597.0	1.7886491671400735	120.514
597.5	1.9097726748009587	80.527
598.0	2.0386276470174414	10.814
598.5	1.7217533973556463	80.623
599.0	1.8476134682217231	20.171
599.5	1.8733347234857538	40.119
600.0	1.9143809054827348	70.406
600.5	1.2851127097411492	20.229
601.0	2.0070464856579813	80.829
601.5	1.6540732272725878	60.297
602.0	1.9310228451445828	60.364
602.5	1.2532209297958778	90.558
603.0	1.627861646811157	65.891
603.5	2.0516115097516736	141.526
604.0	2.139339610765953	60.525
604.5	1.307504192790496	120.833
605.0	2.930612619663568	12.864
605.5	1.462096823202339	17.327
606.0	1.9419813693016892	60.417
606.5	1.5182437918523513	80.47
607.0	2.0321894762955015	120.709
607.5	1.9546226079811917	80.985
608.0	2.016378045986444	81.972
608.5	1.1418703707927744	80.598
609.0	2.305289882218505	102.298
609.5	1.46118853721819	20.105
610.0	2.444857488221168	80.531
610.5	1.9598665575136913	96.542
611.0	1.9130880916246078	91.118
611.5	2.0559338046257456	130.865
612.0	1.9942717886312433	70.449
612.5	2.1104478502399537	85.624
613.0	1.576231719825244	70.473
613.5	2.3101892205152916	80.636
614.0	1.6429436527613934	130.868
614.5	1.4736263764391455	65.845
615.0	1.8780237779953186	90.151
615.5	2.0850032221124617	11.428
616.0	1.8117315553049915	85.348
616.5	1.6392679681694051	40.347
617.0	2.2808639569705673	90.624
617.5	1.8877021475623013	40.311
618.0	1.6558287890206942	90.696
618.5	1.5119088675894916	20.001
619.0	1.911549033008549	50.381
619.5	1.9976226132053263	60.296
620.0	2.162208838107726	50.467
620.5	1.2656701750809691	72.486
621.0	1.925684035818632	60.255
621.5	1.9426453460450264	120.839
622.0	1.7632956527299801	70.582
622.5	1.992636907100599	60.327
623.0	1.6124357761293704	80.503
623.5	2.164971398390106	60.285
624.0	1.8296120565058276	120.866
624.5	1.532205482941776	73.756
625.0	2.4566932545370874	80.355
625.5	1.6970209398954432	60.514
626.0	2.16959132762705	40.282
626.5	1.7446723148019403	80.704
627.0	1.956009821857253	42.451
627.5	2.351861224088166	29.115
628.0	1.7820656732209306	31.107
628.5	1.499154765625141	70.252
629.0	2.003766524523628	60.225
629.5	2.2412535580963127	60.498
630.0	2.0869777326159276	90.574
630.5	2.4044211982786123	20.145
631.0	1.4496432212645198	80.349
631.5	2.7029692073244678	40.285
632.0	1.4571629751791333	120.983
632.5	1.6745728701584788	80.535
633.0	1.7445350041465875	11.143
633.5	1.7568252650773628	120.787
634.0	1.5368053107950606	130.884
634.5	2.0417745720519855	100.612
635.0	2.0665609196247186	70.526
635.5	1.8136903287866817	90.682
636.0	1.6670974280699025	70.436
636.5	1.6767724304943064	12.261
637.0	2.0212221388337803	29.446
637.5	2.027956636941609	11.002
638.0	1.608295243706239	10.213
638.5	1.8060825136287904	82.073
639.0	1.946321999895891	60.36
639.5	1.8692192130707366	80.651
640.0	1.6425834831403983	20.118
640.5	1.8153593133339783	28.049
641.0	1.953243014866383	50.076
641.5	2.33871181763514	19.415
642.0	0.9876658788497447	81.75
642.5	1.5756438086187163	12.849
643.0	2.605368747560965	80.267
643.5	1.9076186111838336	30.388
644.0	1.3379584859578029	60.38
644.5	1.9624735480620328	34.422
645.0	1.9006815566450341	35.201
645.5	2.5497034794486604	80.59
646.0	1.3986547709368031	30.372
646.5	2.3276733939175265	50.343
647.0	2.032349263029664	40.294
647.5	2.0660554491035334	100.682
648.0	1.4154919574246019	80.502
648.5	1.740155493539573	30.13
649.0	1.4553498352969916	73.428
649.5	1.9717303640643888	80.39
650.0	1.8631029541802264	40.311
650.5	1.5529176280576649	60.466
651.0	2.1771565052511357	80.39
651.5	1.812122274560734	50.325
652.0	2.2220058735121166	100.71
652.5	1.9703034284581342	100.629
653.0	2.2783762251213115	11.518
653.5	1.7113368886461007	130.83
654.0	2.233338375525306	80.509
654.5	1.780371139757658	120.65
655.0	1.6026507222192523	20.102
655.5	2.058111501505819	20.254
656.0	1.4657095427675346	110.847
656.5	2.3748885538875606	8.843
657.0	2.6018642378999	11.678
657.5	1.5319725243978897	50.322
658.0	1.8785239798199247	11.8
658.5	1.7706384483595816	40.286
659.0	2.278864530605945	30.352
659.5	1.584872722732334	21.926
660.0	1.6196282429365474	70.593
660.5	2.1896678349491694	20.159
661.0	2.3642218745529853	22.453
661.5	1.625128579178409	90.559
662.0	2.2565075703076887	110.734
662.5	2.0490774935115	60.449
663.0	2.2386090344113505	70.59
663.5	1.782336778418538	20.166
664.0	2.15317039165347	70.369
664.5	1.9580153656548773	59.498
665.0	2.04698205016797	60.148
665.5	1.2257688264035127	80.613
666.0	1.7022111987794928	32.266
666.5	2.152872962356023	80.641
667.0	1.9738069554664968	72.681
667.5	1.672210623645361	29.744
668.0	1.931603814446585	80.492
668.5	2.5188416255782022	9.537
669.0	1.6816554828897943	110.85
669.5	2.045184209602582	80.487
670.0	2.170695420623451	60.396
670.5	1.693903173351646	30.496
671.0	2.242897492079399	20.215
671.5	1.6135134803316338	20.004
672.0	1.710130611978339	29.259
672.5	1.6431471487246165	70.557
673.0	1.6663564456821631	95.97
673.5	1.8280025275002878	20.152
674.0	2.3780398597204204	20.217
674.5	1.4205383628653092	90.622
675.0	1.9254551120628807	60.374
675.5	2.3705079061146344	40.187
676.0	1.713867811580126	140.905
676.5	2.0646999290989334	15.747
677.0	1.6337479719779358	91.468
677.5	1.739884465654435	120.869
678.0	1.6551568325460808	80.442
678.5	2.2658504294308934	60.754
679.0	1.2448077133336837	29.427
679.5	1.889973666279307	20.153
680.0	2.4728200137611775	60.463
680.5	1.6284308701963761	151.211
681.0	2.1766735751443784	70.461
681.5	1.9514070799903587	100.58
682.0	1.8862195250812257	121.877
682.5	1.9551252241466366	16.571
683.0	1.513686599248928	224.598
683.5	2.2413402119247747	31.231
684.0	1.8307299152516225	13.779
684.5	1.9789337574852257	60.478
685.0	2.2688677198062077	60.382
685.5	2.060659672025005	100.795
686.0	2.0111723866747333	24.5
686.5	1.5535260859243396	60.361
687.0	1.513902674287192	60.449
687.5	1.7750597503378014	130.953
688.0	2.4232446616705405	140.872
688.5	1.642373304908865	70.336
689.0	1.7830573055185825	99.031
689.5	1.861608354162334	13.716
690.0	2.1316496531791023	10.15
690.5	1.70677189505143	80.578
691.0	2.578527616996905	80.712
691.5	1.9549080497359625	80.776
692.0	2.0384906781646213	60.45
692.5	1.6792388593477077	97.154
693.0	1.7179409683107212	70.385
693.5	2.002331176998673	40.219
694.0	1.9099830586625384	60.486
694.5	1.373715703592671	80.586
695.0	1.5639773070921494	28.952
695.5	1.882242496696836	80.507
696.0	1.535860832960953	60.4
696.5	1.9774928127629425	40.303
697.0	1.6689507074945003	151.278
697.5	2.9509279311676355	14.084
698.0	2.0943915027368445	60.452
698.5	1.9116875518007943	80.423
699.0	2.580361973784751	60.446
699.5	2.009267891219293	60.328
700.0	2.296194793756739	54.816
700.5	1.4114028204188445	33.902
701.0	1.695171763662546	30.144
701.5	2.884096048953552	20.135
702.0	1.4788130314791914	95.264
702.5	1.7326733324632284	60.47
703.0	1.7464871884417466	131.122
703.5	2.17286598825899	61.366
704.0	1.749296135627611	107.019
704.5	1.5933877452712146	9.622
705.0	1.7823099524256243	92.248
705.5	2.114315457391151	88.991
706.0	2.073861877183351	20.166
706.5	1.7881919182875363	50.254
707.0	1.6581711996998345	30.11
707.5	2.205201799951203	60.382
708.0	1.910252779921264	40.166
708.5	1.5975174885453791	40.328
709.0	1.5011054681264233	50.386
709.5	1.9223641060551682	52.837
710.0	1.6434119520973591	80.578
710.5	2.5523492606530627	50.278
711.0	1.4425889085442236	120.863
711.5	1.695692045694575	140.739
712.0	1.552790474238243	10.105
712.5	1.9948861037284384	44.815
713.0	1.837455250157233	80.578
713.5	1.8372525229444436	60.566
714.0	1.6087010365094274	70.497
714.5	1.9335361485303866	40.234
715.0	1.812282978913408	60.438
715.5	2.0893855226467126	80.537
716.0	1.2455185704074634	80.654
716.5	1.7629755679029062	15.965
717.0	2.5941292489774432	20.082
717.5	1.9751784854255752	90.362
718.0	1.3960356537294385	70.345
718.5	2.1372650625034453	60.311
719.0	2.116905563288608	20.234
719.5	1.6772588609932337	73.884
720.0	2.129871616207877	60.457
720.5	1.4577593923352317	31.626
721.0	2.073877459319395	80.457
721.5	2.010285168542137	20.17
722.0	1.5673726384846975	123.975
722.5	1.6030030660984915	32.863
723.0	2.447775874537299	31.433
723.5	1.4187281891296655	80.509
724.0	1.8613326788588322	131.266
724.5	2.1196232064467995	72.362
725.0	2.3302231380126317	80.569
725.5	1.4957839056125461	32.156
726.0	1.7045630320482514	50.286
726.5	2.2368519197074455	30.323
727.0	1.809074786079646	120.781
727.5	1.7718089072047962	32.271
728.0	1.6555913755463318	69.837
728.5	1.980301230333141	34.865
729.0	1.9236505542281905	60.32
729.5	2.23169200003575	40.459
730.0	1.806551195257462	130.979
730.5	1.7833265769425395	80.531
731.0	1.5298296389585624	80.619
731.5	1.941825901788086	9.305
732.0	1.8626700928493938	25.108
732.5	1.8921457325584814	130.871
733.0	1.8332907450564735	50.353
733.5	1.5760714594707708	20.144
734.0	1.8452099738545003	60.352
734.5	2.549941848434018	97.41
735.0	2.096154831393603	37.585
735.5	1.678961437848956	60.441
736.0	2.2619983322932806	34.815
736.5	1.8827774560972024	70.286
737.0	2.4486203833906868	40.284
737.5	1.3966060246363372	80.638
738.0	2.4311225398122076	14.382
738.5	1.7800180275499615	110.636
739.0	1.8540743091073242	41.383
739.5	1.9094836632438876	17.369
740.0	2.0301588731947184	60.415
740.5	1.804383149975275	80.568
741.0	1.9186704812840327	60.441
741.5	1.7456385134335646	40.391
742.0	2.1743664846515003	60.376
742.5	2.5120722459672353	16.289
743.0	2.0097855255523798	90.666
743.5	1.6047410537881415	30.081
744.0	2.0464548428610247	60.518
744.5	2.272941144152209	80.499
745.0	2.383746902510991	40.088
745.5	1.3696689937554378	90.552
746.0	1.840876466210391	100.766
746.5	2.2866059792590043	29.75
747.0	2.104674995575056	48.585
747.5	1.375001584292405	70.473
748.0	1.8736496394080644	103.037
748.5	1.769871716228595	9.284
749.0	2.385178762221062	60.511
749.5	1.3474844232185437	70.566
750.0	2.0836051917657685	21.874
750.5	2.2717969653916192	93.825
751.0	1.775126417873063	60.471
751.5	1.9021508397258184	40.252
752.0	1.732854937066615	40.345
752.5	1.7248164741943328	120.567
753.0	2.3847489390499	90.663
753.5	1.8354662454757908	64.849
754.0	1.3619666320623114	9.131
754.5	2.587266122373605	60.55
755.0	1.801435884938188	70.535
755.5	2.4687792893877973	62.751
756.0	2.0382387302245926	52.8
756.5	1.8847034951107688	120.844
757.0	1.645653372959767	120.739
757.5	1.6541528353498103	110.638
758.0	1.8087090045337164	20.115
758.5	2.118163894309794	20.402
759.0	1.592769741480877	80.66
759.5	2.2397275786749598	70.265
760.0	1.7208673459243502	60.243
760.5	2.5642052792270262	19.832
761.0	0.43864873294025003	131.075
761.5	1.3142981406577396	117.621
762.0	1.1659909265916442	20.167
762.5	2.3819522440321013	56.107
763.0	2.070354768616576	70.795
763.5	2.2235901614779268	76.287
764.0	2.3434352009751898	111.456
764.5	2.1737120413438538	222.149
765.0	1.3153665088031798	433.589
765.5	2.784832692517549	50.562
766.0	2.173161714085878	100.465
766.5	2.2648376884829577	80.58
767.0	2.149020042667034	140.658
767.5	2.0166900687564424	86.056
768.0	1.8685828241252864	153.77
768.5	1.7056031774216245	60.35
769.0	2.0965379399592163	91.11
769.5	1.4973163281481243	47.328
770.0	1.8891786258140322	101.463
770.5	1.2902556660960536	50.474
771.0	1.7202262531088723	70.457
771.5	2.3135818404661657	110.658
772.0	2.143390249671397	60.356
772.5	1.756594322150827	41.739
773.0	2.15262286595348	84.36
773.5	2.160932430029285	86.426
774.0	1.8197557610861417	90.704
774.5	1.9776794833045246	20.155
775.0	1.6102617523028555	87.035
775.5	1.551262028176112	90.461
776.0	1.664226351174808	130.884
776.5	0.8497830190186485	90.507
777.0	1.8145873993224844	95.841
777.5	1.5225838816392592	12.066
778.0	1.669812614809619	70.815
778.5	1.695347840023921	20.192
779.0	1.6286692646096363	20.207
779.5	1.6186257829918687	283.138
780.0	2.3359716729110427	29.722
780.5	1.763243246454236	110.548
781.0	1.8948115206993483	34.813
781.5	2.0711300152385386	19.229
782.0	1.2612538934438986	16.142
782.5	2.0142891040782307	24.025
783.0	1.275476850953101	21.851
783.5	1.7415860735149749	70.331
784.0	1.7362450683537685	123.535
784.5	1.893209339123429	60.471
785.0	1.5807487700821234	10.108
785.5	1.6447462569649218	114.652
786.0	1.9989014515072325	151.148
786.5	1.570340762688932	19.275
787.0	1.8857364520480016	120.98
787.5	1.7516824685707808	130.77
788.0	1.502750506939039	130.781
788.5	2.471208191144065	110.665
789.0	1.6989552759379642	20.147
789.5	1.7871150449692301	120.537
790.0	1.2551637250294216	60.49
790.5	1.277527702405681	98.14
791.0	1.87302549399834	31.499
791.5	1.6099886965923371	80.452
792.0	1.4437086600006426	60.442
792.5	1.8720909122058416	100.616
793.0	1.7258011277657577	22.7
793.5	1.8135912958960445	35.334
794.0	1.111080577599561	130.627
794.5	1.8572330960028223	110.811
795.0	1.7490567262128156	16.968
795.5	1.9662067914713013	69.64
796.0	2.3996480753217937	40.91
796.5	1.8113255450108803	120.485
797.0	1.8341172444030573	60.411
797.5	1.6566556411957463	70.536
798.0	1.5135366727315607	130.835
798.5	1.6535176806667085	40.224
799.0	1.8783051939079878	40.653
799.5	2.0240983405813178	60.236
800.0	2.308368140446127	62.256
800.5	1.6430498402181282	35.228
801.0	2.343331748655651	100.6
801.5	1.8807110056088883	120.797
802.0	2.206380277512606	90.604
802.5	1.9742597173565322	100.528
803.0	1.5795181755300385	87.744
803.5	1.9860051491952984	10.672
804.0	2.613169586717375	25.117
804.5	1.3496862526382767	47.6
805.0	2.3494155647853003	20.224
805.5	1.549839490299237	94.512
806.0	2.342446658105328	22.925
806.5	1.4928082129851934	60.384
807.0	1.9880343852032754	62.536
807.5	1.6655299144795115	61.864
808.0	2.2290361723062646	43.783
808.5	1.86499989451165	89.639
809.0	2.8090152143868288	34.04
809.5	1.318974316009708	60.516
810.0	2.0215613282190854	91.388
810.5	2.3167668439198867	40.197
811.0	2.08406329401268	50.127
811.5	1.2980672468255188	60.389
812.0	1.6048088618345655	70.491
812.5	1.9467290516960702	20.113
813.0	2.7165473861628904	60.183
813.5	1.1307187253105448	120.947
814.0	1.8476496010239374	80.521
814.5	2.0272133098609117	70.375
815.0	2.2598236333492387	90.613
815.5	1.2656244182375376	90.449
816.0	2.72552998418611	80.484
816.5	1.7555122663533294	12.109
817.0	1.373962932133091	60.462
817.5	1.3886977053649578	40.15
818.0	1.4073782003703035	73.615
818.5	1.8015566250310002	20.064
819.0	1.6446992363272028	60.491
819.5	1.3220090593939222	60.36
820.0	2.285326191181964	40.215
820.5	1.8102984213151196	60.334
821.0	2.545589022680564	20.18
821.5	1.245431848087373	120.956
822.0	1.533986410613268	8.933
822.5	1.6576921806460538	181.167
823.0	1.703635856920161	80.566
823.5	1.639402389045705	10.063
824.0	2.0732249491456707	10.852
824.5	1.7680210403170062	59.834
825.0	2.141266425918962	30.257
825.5	1.8883514197704891	52.812
826.0	1.521130282688659	60.471
826.5	2.300524273220472	70.334
827.0	2.1330708599672046	30.345
827.5	1.5496601526733658	30.578
828.0	1.9564204626704456	11.378
828.5	1.7395838788508116	121.254
829.0	1.2698668109246183	13.8
829.5	2.031142166137657	20.237
830.0	1.5991903251686501	35.862
830.5	1.8664685568890174	9.623
831.0	2.1252298012974014	101.007
831.5	2.6799179475721195	141.049
832.0	1.7073709070752954	80.456
832.5	2.0826583360917432	60.476
833.0	1.246215442148465	90.836
833.5	2.245499735692148	20.197
834.0	2.2412319913565875	30.051
834.5	1.9973313312500582	33.938
835.0	1.8520949326825291	50.361
835.5	2.250106519055932	50.532
836.0	1.9556096758582184	88.283
836.5	1.98894530015731	31.266
837.0	1.3718371519377692	60.654
837.5	2.118370846776324	18.429
838.0	1.5149056052267942	20.135
838.5	2.0280026142118466	80.624
839.0	1.7296802660922908	60.458
839.5	1.7382735797177562	9.053
840.0	2.086002544105627	70.338
840.5	2.137470601105243	80.502
841.0	1.3708280555894834	80.39
841.5	2.545400262416946	26.061
842.0	2.54467728764555	40.279
842.5	2.157194485087149	80.336
843.0	1.7219973846691274	86.303
843.5	1.9692332837329223	80.486
844.0	1.7223276104363945	70.374
844.5	2.5854399499964384	25.527
845.0	0.9821391970426466	15.298
845.5	2.2348224748313474	91.163
846.0	1.430160326090687	80.531
846.5	3.049184307196308	62.484
847.0	1.076494915323033	79.456
847.5	1.9883175752013136	32.593
848.0	1.6584344319504076	10.364
848.5	1.6829946425119764	37.678
849.0	1.3412374905954072	40.235
849.5	1.2314581203546866	60.459
850.0	2.0625976553978522	80.488
850.5	2.1765107877010355	39.97
851.0	1.1591289374533158	80.485
851.5	1.7473884944996887	40.287
852.0	1.86810301409587	100.665
852.5	2.285865714357378	35.526
853.0	1.6963287252593275	40.366
853.5	1.6285213033388242	307.15
854.0	2.0078411023256457	181.89
854.5	1.2775914308690826	60.628
855.0	1.4573521241606424	70.16
855.5	1.9433084804160747	20.308
856.0	1.5984984495803825	30.64
856.5	2.1815401458604344	33.356
857.0	2.373099023667322	20.446
857.5	1.3300056567943983	60.551
858.0	1.9942947600934793	80.973
858.5	2.1440531696617438	20.16
859.0	1.6945763597348753	90.864
859.5	2.2416738235164697	9.581
860.0	2.237943295023947	60.32
860.5	1.5595942551727435	70.516
861.0	1.7699867383969714	9.403
861.5	2.118456144007709	80.481
862.0	2.125513655925183	60.381
862.5	1.8422149838835016	8.917
863.0	1.7792721939208698	70.463
863.5	2.3352078225026163	55.399
864.0	1.5505903755231258	92.159
864.5	2.6755028679744206	11.198
865.0	1.2393056886045761	12.904
865.5	2.59819343809642	20.289
866.0	2.390576687573307	141.461
866.5	1.6570443879889833	40.486
867.0	2.179985931509813	44.367
867.5	1.7041727253791297	40.346
868.0	2.0227835986379774	100.79
868.5	1.7741823596927013	20.218
869.0	1.7497165630279445	80.636
869.5	1.6796885098048215	80.482
870.0	2.6745484328097344	89.332
870.5	1.262556054502337	17.177
871.0	2.417719347063269	60.347
871.5	1.8098091119648243	80.599
872.0	2.029578208378292	90.592
872.5	1.8328939555186543	20.129
873.0	1.8669979500269505	9.262
873.5	1.9986471379604753	80.527
874.0	1.8250618112434556	40.404
874.5	1.984775787031561	100.76
875.0	2.321570726187001	103.902
875.5	1.6049998271038741	90.773
876.0	1.967095219438284	141.03
876.5	1.6096560022844104	90.572
877.0	2.336062242466293	100.61
877.5	1.6452757604084451	79.612
878.0	2.297929199643061	70.12
878.5	1.0332284266412426	72.696
879.0	1.6797983459589294	47.662
879.5	1.9762838629728126	92.284
880.0	2.458260234996474	50.395
880.5	1.7019228581502672	30.186
881.0	2.4612551622209873	30.259
881.5	2.0496477940304345	95.781
882.0	1.5706318209583527	110.852
882.5	1.7671413688679634	9.794
883.0	2.4014960578957436	96.928
883.5	1.619903220752485	110.665
884.0	1.7909684757579936	63.846
884.5	2.299676114713775	60.358
885.0	1.9211866859806006	30.362
885.5	2.50883277202679	20.075
886.0	1.2660238838173992	110.831
886.5	1.8859800896827517	44.837
887.0	1.9216641131527046	80.573
887.5	1.6395924901551904	40.34
888.0	1.9508581607736355	38.028
888.5	2.1952303061335185	50.387
889.0	1.7603155334854756	50.314
889.5	1.504036833276924	10.193
890.0	2.1626201212786618	100.679
890.5	2.166547924886905	64.685
891.0	2.000792278382469	43.624
891.5	1.8504621586472938	61.487
892.0	1.2457844579325632	20.402
892.5	1.5743228788738592	60.322
893.0	2.3726574292837035	120.747
893.5	1.867307071328603	15.189
894.0	1.130704900257915	110.591
894.5	1.8127743271094683	9.897
895.0	2.6576953981043094	101.268
895.5	1.7837027709525248	120.818
896.0	1.8113691780455423	9.854
896.5	1.7043696483065587	70.452
897.0	1.5487260195478616	20.133
897.5	1.843128496902895	80.561
898.0	1.4834305252310933	40.245
898.5	1.5753606816794845	10.393
899.0	2.1819981689676076	60.296
899.5	2.01591725047581	50.402
900.0	1.522780512505444	90.59
900.5	2.4265479795593103	101.012
901.0	1.557622998477692	21.238
901.5	1.3898051703004637	131.303
902.0	1.4793348635436379	100.571
902.5	1.5760404363912233	84.239
903.0	1.500807096918495	120.534
903.5	1.9040291204940738	40.321
904.0	2.1635497498745795	70.4
904.5	1.9784729417988924	12.054
905.0	2.632242114136239	20.185
905.5	1.3580520493723633	112.213
906.0	2.0370370562228195	128.038
906.5	2.076230938144074	130.739
907.0	1.660505388868679	30.206
907.5	1.8884633404716125	60.503
908.0	2.2271873851507076	16.576
908.5	2.3139061474124567	90.348
909.0	1.72931604317695	110.658
909.5	1.416840300138778	57.954
910.0	1.8253158229756943	122.572
910.5	2.132122214983804	80.38
911.0	1.5692359976446968	86.159
911.5	1.6856067032256832	60.272
912.0	2.403881246287111	11.87
912.5	1.6639180025519544	60.372
913.0	1.819928489606499	40.081
913.5	1.4379991319692949	117.125
914.0	1.787026938865958	80.389
914.5	2.095562193157602	60.233
915.0	2.480637507027982	90.355
915.5	1.634479971689171	81.643
916.0	1.8992872559389775	120.714
916.5	2.033706477294945	60.475
917.0	2.6698886109474738	70.418
917.5	1.4026077076557364	12.19
918.0	1.6651427882770016	161.613
918.5	2.0874792776404614	120.686
919.0	1.819150321678318	70.664
919.5	1.5565266043215265	70.329
920.0	1.4294510575906338	22.635
920.5	1.8943692184872993	60.333
921.0	2.1738377263269153	140.57
921.5	1.7414892910679742	70.422
922.0	2.605896474957106	161.66
922.5	3.0898990631258663	88.528
923.0	1.8649576149511709	89.212
923.5	1.6700451496077546	80.612
924.0	2.251266309506861	100.657
924.5	2.7044629833573994	123.606
925.0	1.5241958872121038	110.583
925.5	1.809288939482461	60.299
926.0	2.3612897503253563	120.298
926.5	1.8516259086771993	140.864
927.0	1.5573534536509241	90.64
927.5	2.3565031666254614	78.766
928.0	1.9038299785230035	19.12
928.5	2.5621234885744952	27.035
929.0	1.909504478904715	30.236
929.5	1.5276771161336662	21.554
930.0	2.496941130768939	201.695
930.5	1.7733263840202882	29.525
931.0	1.7150595847830377	70.398
931.5	2.336089336554477	66.147
932.0	1.854611204868147	31.221
932.5	2.123096601367321	60.459
933.0	1.8400505027938696	70.495
933.5	1.6353641034229327	100.659
934.0	2.2353212007822245	11.23
934.5	2.8214681157496457	124.504
935.0	1.850075649832718	216.287
935.5	1.7048907187591276	60.321
936.0	2.2344555563859383	80.685
936.5	2.0577264594006643	50.199
937.0	1.7972205867591207	46.421
937.5	2.0216882074954166	90.696
938.0	2.0660224327940524	11.164
938.5	2.567439006741511	128.923
939.0	1.6932910911767667	40.303
939.5	1.8170918194854935	60.367
940.0	2.879109606907007	102.918
940.5	2.1213876038180115	14.533
941.0	1.499554187504732	20.238
941.5	2.323732935869513	31.511
942.0	1.4755465572157027	60.318
942.5	2.094610836929175	20.123
943.0	1.3876557817493642	80.581
943.5	2.298973142341926	50.42
944.0	2.933897194809827	40.403
944.5	1.8729323883078488	80.38
945.0	1.3321513919832444	17.864
945.5	3.0009504597149737	60.329
946.0	2.397297621179157	40.615
946.5	2.030691888330053	49.903
947.0	2.0867793929670078	94.595
947.5	1.678845420590339	40.362
948.0	2.600082347830159	20.319
948.5	2.023385776694385	17.367
949.0	1.4167123035144034	39.703
949.5	2.2687293644297055	49.826
950.0	2.05913305676288	91.188
950.5	2.3312356774694543	22.134
951.0	2.0804944397297733	132.108
951.5	1.7204769017506818	32.447
952.0	2.0947367982470824	130.132
952.5	2.4909238589214926	60.493
953.0	1.978972491799803	11.978
953.5	1.7212804870882792	80.294
954.0	2.316967823377565	20.2
954.5	1.4018387877271197	90.595
955.0	2.020512839933631	40.379
955.5	2.2553299004285288	70.262
956.0	2.497114857232692	121.362
956.5	1.6048407463873142	110.795
957.0	2.555129857915271	60.342
957.5	2.10371886657137	100.931
958.0	1.4845072035496032	23.8
958.5	2.0511428068676225	100.787
959.0	2.390560668394605	202.027
959.5	2.064960748030998	218.221
960.0	1.982851474121425	201.854
960.5	1.5026777188784168	25.49
961.0	1.7465996932134804	36.309
961.5	1.9110102112950262	34.211
962.0	1.7702637953835438	80.572
962.5	1.9703821697058488	60.531
963.0	1.7337053495784835	70.347
963.5	2.8328251880960518	141.412
964.0	1.9917390559920574	12.957
964.5	2.055051523977654	40.185
965.0	2.113336689679168	80.591
965.5	1.885906109891985	35.108
966.0	2.0765225313379263	80.372
966.5	2.281887371728458	50.381
967.0	1.7889830207022666	9.87
967.5	2.172871473567029	90.107
968.0	1.3923012640092383	80.628
968.5	2.124421545743196	40.253
969.0	1.9278497215252215	70.395
969.5	1.9506678006645537	80.448
970.0	2.0387458622042396	20.188
970.5	2.2143747593951564	141.427
971.0	2.2859364437227576	108.695
971.5	1.7001990023493383	9.576
972.0	1.66037254264811	60.295
972.5	1.7216534641008394	37.765
973.0	1.7715903608204997	20.234
973.5	1.7146955564949018	72.753
974.0	1.28302708105741	60.398
974.5	1.5121158977403777	100.823
975.0	2.503312747048225	26.078
975.5	2.6637651686732315	60.26
976.0	1.4896170304316987	72.427
976.5	2.3779641535257214	90.562
977.0	2.0446414645470115	30.139
977.5	2.018625399536887	70.677
978.0	1.518671240212808	13.801
978.5	2.1039547530288405	80.772
979.0	2.0210495436114857	80.784
979.5	2.8641570567751735	91.247
980.0	0.9805000271060508	434.973
980.5	3.053630205074079	104.815
981.0	2.879221252922284	40.23
981.5	1.8975489505210033	120.815
982.0	1.8043645447634602	100.7
982.5	1.8439573495359465	9.523
983.0	1.5362267551295437	50.492
983.5	2.091124723369138	20.142
984.0	1.9386268091597274	50.144
984.5	1.5868903766488833	50.409
985.0	2.482205576559019	70.458
985.5	1.9396805124446705	70.572
986.0	1.3360104917451092	70.248
986.5	1.9328124531919442	80.6
987.0	2.0332179166840225	34.718
987.5	2.9013505522582763	20.395
988.0	1.6519730963591608	81.057
988.5	1.8333220276543927	158.221
989.0	2.410267179229395	171.808
989.5	1.838247123442429	28.584
990.0	1.9701380545973561	50.218
990.5	1.4096266099895585	37.005
991.0	2.0896485334971	19.988
991.5	2.290871988550056	60.398
992.0	1.4310127054114883	80.514
992.5	2.1919927042193756	20.174
993.0	1.5537190595136898	80.673
993.5	2.461166078709599	40.513
994.0	1.7414209793815245	60.535
994.5	2.2245785331031356	60.105
995.0	2.4596352843753806	60.41
995.5	1.5727011096763914	60.56
996.0	2.3696406322556967	64.161
996.5	2.0692723194846696	80.588
997.0	2.189974873324987	75.679
997.5	2.100703689173219	82.17
998.0	1.5211236604368394	43.654
998.5	2.333892841654559	60.464
999.0	1.6315657196363589	30.347
999.5	1.8254677713014322	50.462
1000.0	2.0191722735434587	64.565
