0.5	1.969815062583036	80.602
1.0	2.2745467373078423	161.835
1.5	2.0967373354682537	30.382
2.0	1.8156829994723105	47.943
2.5	2.1497057368776717	30.186
3.0	1.8556462652587873	83.899
3.5	1.5736833062002364	30.205
4.0	2.2723005660425106	18.238
4.5	2.287693479327904	48.143
5.0	1.4237680569884312	80.666
5.5	1.5244217441957906	17.23
6.0	1.8247106543870317	110.814
6.5	1.7123764894174929	40.264
7.0	1.8475285903415535	92.019
7.5	1.1614475602928402	110.892
8.0	2.1271009033152217	60.463
8.5	1.8272316025419437	94.322
9.0	1.7855541879802803	78.33
9.5	2.023937039165317	123.568
10.0	1.361276419444308	79.572
10.5	1.3452899633076034	49.794
11.0	1.3333600069596594	101.492
11.5	1.631688941559246	20.017
12.0	1.7681796358977555	80.581
12.5	1.3426237560201955	30.198
13.0	1.5954367845933322	30.242
13.5	1.2464186713052585	70.403
14.0	1.2761699234935728	90.681
14.5	1.789094501435955	97.891
15.0	1.4658771985197272	108.261
15.5	1.2567849140732776	17.963
16.0	1.3472656499509734	30.329
16.5	1.4515366289381282	67.995
17.0	1.3938620172678908	100.754
17.5	1.3102578148864257	103.379
18.0	2.313852211019919	30.08
18.5	1.888508533262717	120.797
19.0	2.0093851638161384	27.51
19.5	1.3863631026095866	119.836
20.0	2.2290195867776506	28.313
20.5	1.4651687737807357	110.43
21.0	1.981806962493042	24.287
21.5	1.9817096550544713	46.067
22.0	1.6791452400474822	30.184
22.5	1.4503988656298366	43.899
23.0	1.472799510517328	70.659
23.5	1.8907312780221956	90.396
24.0	1.615407819306314	30.241
24.5	1.7963618485664794	90.436
25.0	1.4649982219201099	18.137
25.5	1.4382602976922503	30.23
26.0	1.9459857940327663	80.474
26.5	1.5685976898719174	86.325
27.0	1.1644208324282819	110.283
27.5	1.396504709173299	67.755
28.0	1.4321449070693109	70.511
28.5	2.254905102600465	100.981
29.0	1.6668420516145963	34.911
29.5	1.999617299994368	30.132
30.0	1.856483774757352	40.244
30.5	2.3575542895625827	50.482
31.0	1.9539136511485815	80.679
31.5	1.6956334031673728	90.771
32.0	1.9247165551501113	17.354
32.5	1.6137902295921032	110.828
33.0	1.549681212216808	80.446
33.5	1.6663080551864176	77.964
34.0	2.0778675657925265	25.989
34.5	1.5921105608914594	70.433
35.0	1.52919782709653	68.595
35.5	1.9377678595893468	40.355
36.0	0.9917409277843954	429.65
36.5	2.9236042610657735	16.241
37.0	1.3406905656601578	70.6
37.5	1.753072805816141	100.53
38.0	1.7839419950524964	80.664
38.5	1.5103346936158242	90.486
39.0	1.6733884093779245	77.156
39.5	2.554623520383039	30.212
40.0	1.4760565351038886	70.574
40.5	1.6262865661735972	96.919
41.0	1.4282096876561474	84.615
41.5	1.7716722748512659	90.505
42.0	2.318077631851679	30.249
42.5	1.264844346152162	28.921
43.0	1.280601321902046	18.214
43.5	1.9398617216296083	80.458
44.0	1.8714611301193151	20.18
44.5	0.9717877939013672	108.488
45.0	2.5448070537734853	15.25
45.5	2.2462822329491146	17.6
46.0	1.090923795256921	18.972
46.5	1.5753131570160575	26.567
47.0	2.7063526708766275	30.301
47.5	1.7726753685516767	30.191
48.0	1.5080112603337714	50.406
48.5	2.274806106154261	47.087
49.0	1.8485754830112409	60.461
49.5	1.9811272480001632	60.395
50.0	1.3774921089703198	47.069
50.5	2.057388406355298	15.359
51.0	3.1470325307178344	39.265
51.5	1.1366480125751117	80.401
52.0	1.6996482039701364	50.367
52.5	1.4654836318250417	19.662
53.0	1.2001366588030107	19.369
53.5	2.2220823118059654	90.62
54.0	1.3561398242623293	20.653
54.5	1.850345257847425	90.541
55.0	1.9902436113773134	57.508
55.5	1.6354482457137163	87.102
56.0	1.6095840271213848	120.945
56.5	2.433819667112437	70.664
57.0	1.6437035296432367	90.582
57.5	1.879830969769159	16.479
58.0	1.8025277246959688	18.602
58.5	2.2453902672804817	80.489
59.0	1.7330777372568318	50.073
59.5	1.2747379161559729	70.429
60.0	1.9640298735474901	17.283
60.5	1.5784626981017895	80.648
61.0	1.7516147882889637	100.565
61.5	1.5378461676737734	18.438
62.0	2.2038695675989675	57.23
62.5	1.4315730537931517	52.228
63.0	2.0844895426142216	30.143
63.5	0.9468635847987225	124.208
64.0	2.5094271183169523	18.41
64.5	2.2620267964046286	39.976
65.0	1.3606366048036713	17.643
65.5	1.4478317832809906	60.389
66.0	1.5973367517642	50.522
66.5	1.8838248574339596	80.378
67.0	1.6307413095291619	40.553
67.5	1.4894483410564887	17.33
68.0	2.1203016003714064	20.274
68.5	1.7241046879512756	56.341
69.0	1.5025409250087838	30.25
69.5	1.279727261802986	92.814
70.0	1.4807291393363111	90.537
70.5	2.2348411541425977	68.429
71.0	1.896674010352991	70.551
71.5	1.665804433899875	110.674
72.0	1.9257664757476263	16.094
72.5	1.5997543334449256	77.152
73.0	1.9428953252105532	90.677
73.5	1.8210431648149406	60.171
74.0	2.0701138135953547	30.362
74.5	1.8286497861284787	48.414
75.0	1.7427686034497092	29.94
75.5	1.3103115795752236	120.87
76.0	1.9126442017240128	79.409
76.5	1.8115829267409613	120.888
77.0	2.423669549628786	80.321
77.5	1.6211013776245031	28.556
78.0	1.8503205957007398	59.339
78.5	2.172468707759833	57.622
79.0	1.4314833546824237	30.264
79.5	1.2112322762973564	16.756
80.0	2.2045201682457503	97.638
80.5	1.8439685871231755	19.872
81.0	1.8329552152548598	17.176
81.5	2.004895478260146	70.508
82.0	2.1865785371961857	77.89
82.5	2.014556674346301	30.359
83.0	2.2452602908513533	70.669
83.5	1.0112146100202515	110.806
84.0	2.394072209730225	81.104
84.5	1.8605154641410162	70.331
85.0	1.4269255745679392	56.366
85.5	1.4832916555652806	46.754
86.0	1.3801088138081066	30.087
86.5	1.518778243234125	110.802
87.0	1.4294478909785693	30.352
87.5	1.4627895062188425	30.216
88.0	1.3699189995198873	120.716
88.5	1.1554233438281971	79.28
89.0	1.3611224257288774	30.174
89.5	1.367870700277585	47.415
90.0	2.0220660726608672	30.214
90.5	1.7743531208762142	50.656
91.0	1.469461009295432	60.307
91.5	1.8028736104053344	40.468
92.0	1.274496652667825	25.193
92.5	1.7542280439409423	47.582
93.0	1.1818471470209828	49.071
93.5	1.4029359009156552	47.849
94.0	1.2182867563962476	30.175
94.5	1.6443591811613094	60.41
95.0	1.0387315381845603	100.632
95.5	1.6891928394432758	60.296
96.0	1.594094215012967	17.315
96.5	1.7531537250274927	121.231
97.0	1.5330684079007049	40.252
97.5	1.6907967645665518	30.215
98.0	2.006360286320373	57.781
98.5	1.8185628337078625	75.523
99.0	1.2085956457477052	69.236
99.5	1.3860257310279438	17.909
100.0	2.1470866432332754	100.89
100.5	1.7838113944520588	60.15
101.0	1.4393704469639268	80.424
101.5	2.160159510259727	131.135
102.0	2.310432138557131	80.574
102.5	1.8525094589886268	30.286
103.0	0.8746077571710563	55.952
103.5	2.0144183955343378	20.122
104.0	1.9031859961205464	17.594
104.5	1.7933558337449047	90.648
105.0	1.7905164427060458	30.121
105.5	1.3867554062325038	60.459
106.0	1.6246973141444714	80.465
106.5	2.1289076064693004	90.633
107.0	1.0515331378517678	67.875
107.5	1.9225720643982789	15.95
108.0	2.2284460894168037	48.875
108.5	1.999067529740777	17.927
109.0	1.3043261244335747	83.24
109.5	2.1777629090101884	81.721
110.0	1.7938188973140454	80.506
110.5	1.6909616432825672	80.552
111.0	1.5936476622790445	80.603
111.5	1.6661604133153607	24.566
112.0	1.5858150192162546	46.52
112.5	1.48517101180268	90.788
113.0	1.6929904181719828	60.362
113.5	2.7126905306256743	17.42
114.0	1.82115787566507	70.508
114.5	1.5023006781352228	30.248
115.0	1.6710334724090201	30.193
115.5	2.2569612526472644	38.121
116.0	2.4679846846399043	50.386
116.5	1.3498225758979685	57.083
117.0	0.946070750035653	122.422
117.5	1.9717570619287006	41.434
118.0	2.1026233312529343	18.784
118.5	1.3182651266453531	70.429
119.0	1.1190128228353988	110.827
119.5	2.501833169218281	18.035
120.0	1.5686368378230506	90.404
120.5	1.3142630213092283	66.916
121.0	1.6536683231657703	80.553
121.5	1.2996544963785048	70.676
122.0	1.7806650644320616	67.723
122.5	1.9510641904490231	39.827
123.0	1.5864121988282767	49.813
123.5	1.7177383386477867	80.625
124.0	1.687613255145323	93.922
124.5	1.6159281549131705	90.51
125.0	1.779718905611079	98.484
125.5	2.3439431841564056	16.983
126.0	1.799565241289369	38.53
126.5	1.5299891715303453	86.739
127.0	2.656292779700998	295.773
127.5	1.4803916656786371	122.03
128.0	2.2148384697562125	30.489
128.5	1.2616782972066194	70.309
129.0	2.006153342133234	70.648
129.5	1.9352928650027101	59.778
130.0	1.3061016828226961	120.852
130.5	1.276071246814762	30.203
131.0	2.635647219600236	48.165
131.5	1.829285273753787	20.232
132.0	2.4026900718744906	47.84
132.5	1.4300196738301418	78.592
133.0	2.1609174152632495	80.581
133.5	1.7935778572396608	100.714
134.0	2.113982032642692	100.875
134.5	1.1529316057642718	100.857
135.0	2.025307183233549	50.314
135.5	1.878893548751095	30.209
136.0	1.8365004339906734	96.371
136.5	1.5590073354844307	16.472
137.0	1.6941321507811777	70.547
137.5	1.9419124736458815	120.818
138.0	1.4538700921487349	17.07
138.5	1.7373893923611674	17.798
139.0	2.2023197633757268	20.97
139.5	1.8391844160260964	41.539
140.0	1.8573478413506488	50.407
140.5	2.034237535834898	50.716
141.0	1.8634321484128984	98.865
141.5	2.1076070389349826	30.243
142.0	1.7436385261215255	17.712
142.5	2.3301844239012235	30.08
143.0	1.4055922759688477	30.076
143.5	2.101964025716508	50.535
144.0	1.508637102956587	17.669
144.5	1.6013600878734864	77.876
145.0	2.326108342809951	50.463
145.5	2.125683698404944	67.22
146.0	1.0491038105048212	90.7
146.5	1.6820296778295374	74.933
147.0	1.5313139042002821	73.439
147.5	1.8783799489952144	18.977
148.0	1.7764604651536349	90.496
148.5	1.4345771915199896	60.306
149.0	1.960641696295599	80.61
149.5	2.3875989147548697	120.467
150.0	1.9051654198064	90.399
150.5	1.4918472486574397	16.82
151.0	1.8555752329934194	40.192
151.5	2.0014283390862397	70.412
152.0	1.7002005030965597	30.367
152.5	1.6401928506745262	90.75
153.0	1.8421620499977516	42.945
153.5	1.7942090771993726	79.725
154.0	1.1958258661527692	60.536
154.5	1.8633939552459042	20.154
155.0	1.6270297440994257	90.567
155.5	1.8012766965865932	50.343
156.0	1.8460293144617645	80.59
156.5	1.5198651048013079	90.581
157.0	2.250904469578378	70.463
157.5	2.2915610956333867	60.368
158.0	2.098650521499049	110.6
158.5	1.8377310722875637	90.686
159.0	2.1870346315393348	50.449
159.5	1.701894114683733	94.485
160.0	1.7954166701673668	16.72
160.5	1.4703948653501273	50.314
161.0	1.6170038683492363	30.346
161.5	1.2903049906411013	80.584
162.0	1.4265863585294865	90.27
162.5	1.5649072572081146	90.665
163.0	1.9369595368509087	30.425
163.5	1.5663397160611594	36.985
164.0	1.9316190382495297	80.504
164.5	1.8954751108441694	78.383
165.0	1.9917739018532483	27.822
165.5	2.0957119777460234	42.787
166.0	1.9364842884224278	20.774
166.5	1.5739863511692729	30.2
167.0	1.8668384426314324	88.392
167.5	1.5422277924277552	67.816
168.0	1.4677883552394742	30.23
168.5	1.9406708990611294	95.056
169.0	1.6128027225327883	70.484
169.5	1.6382508643632512	109.064
170.0	2.1504503942973265	20.268
170.5	1.8343510023963319	80.593
171.0	1.7045531418378959	110.893
171.5	1.483166342669387	80.413
172.0	1.9805466958250844	30.222
172.5	1.9376379044292704	17.2
173.0	2.0143611343181043	30.222
173.5	1.7282085951135924	70.394
174.0	1.5921579386383835	75.848
174.5	1.841774624167001	37.147
175.0	1.450434697758984	90.586
175.5	1.4409979734511102	110.705
176.0	2.156269354031951	110.596
176.5	2.419180859424174	30.098
177.0	1.2114913249379593	85.515
177.5	1.8057776274413273	80.522
178.0	1.7050219053258784	40.356
178.5	1.8993453429617153	93.522
179.0	1.849618744813464	22.176
179.5	1.4377694179981033	19.979
180.0	2.2478356882015245	70.839
180.5	2.093346112330657	80.565
181.0	1.5925165720699739	80.481
181.5	1.8602258194841947	35.264
182.0	1.5779949826340764	24.346
182.5	1.7966865285262774	40.426
183.0	1.408695136784896	20.002
183.5	1.630574586183896	54.782
184.0	1.5625221860660727	60.297
184.5	1.4854444811215815	110.892
185.0	1.7276306460871416	80.555
185.5	1.7527948030138183	46.651
186.0	2.3483906947770743	17.097
186.5	1.6689952988801866	40.349
187.0	1.4949469624832659	110.721
187.5	1.3742424892512548	90.519
188.0	2.2154249172358917	30.245
188.5	1.7874055085269065	80.489
189.0	1.919070531925225	21.697
189.5	1.3014798421407159	120.807
190.0	2.1801894820973255	90.488
190.5	1.4954055760233191	79.561
191.0	1.565873593375198	110.65
191.5	2.1707966515811616	58.006
192.0	2.364260311977958	86.392
192.5	1.8749735289532725	70.529
193.0	1.4650900780855551	46.744
193.5	1.7184884468962307	90.561
194.0	1.4980731234558404	25.601
194.5	1.7455650399282616	49.566
195.0	1.7895616836524468	18.935
195.5	1.7804227004722786	89.092
196.0	1.8445290622174357	17.881
196.5	1.3009402717598846	51.082
197.0	1.1630077496246087	90.573
197.5	2.053755475970055	100.581
198.0	1.8627692901486725	120.719
198.5	1.7264713585591562	50.342
199.0	2.0955428576395496	47.43
199.5	1.4545901701719481	192.202
200.0	3.3836411947960348	40.394
200.5	1.715514667603599	100.761
201.0	1.6803230371228444	37.734
201.5	2.6229679651036246	20.087
202.0	1.3811580686191425	130.897
202.5	1.3613645955440585	20.147
203.0	1.9838370407626602	82.969
203.5	1.6427371702440219	141.264
204.0	2.2416875186183076	296.5
204.5	0.16403072919423065	296.5
205.0	3.9876645463444014	69.407
205.5	2.499730801934199	60.478
206.0	1.9577643061226435	20.477
206.5	1.2431596980251496	17.203
207.0	1.821301935592866	80.313
207.5	1.9242883522750147	50.386
208.0	1.3082052182844885	121.098
208.5	2.114702029030547	100.935
209.0	1.459468876192823	90.274
209.5	2.0437635092995485	90.54
210.0	1.747545896055161	80.544
210.5	1.5972570015098657	15.886
211.0	1.5881591314986556	17.438
211.5	2.1133618251893447	60.637
212.0	1.867312771383557	98.292
212.5	1.6541719842668774	50.397
213.0	2.104535897232437	20.252
213.5	1.7154933878423442	16.747
214.0	1.8945609262423952	80.561
214.5	1.570366322956924	17.764
215.0	1.6491415142007182	61.214
215.5	2.214501036317473	100.958
216.0	1.4873478968426255	60.425
216.5	1.8686222723861703	90.605
217.0	2.180261117748553	79.95
217.5	1.9336845193833094	73.36
218.0	2.0852953023242544	70.473
218.5	1.7140044107472743	73.318
219.0	1.8971207035355113	60.528
219.5	1.394424846252593	27.256
220.0	1.7924031312190487	87.946
220.5	1.9639670737887533	121.377
221.0	1.5632472551216805	16.456
221.5	1.4625010450704434	79.366
222.0	1.9676461001411072	21.318
222.5	1.8281607840438554	70.079
223.0	1.7030554834662004	99.085
223.5	2.1178430834204813	30.087
224.0	1.358576552076697	80.496
224.5	2.196942679471735	19.143
225.0	1.578131501372554	17.345
225.5	1.5717592840603167	102.379
226.0	1.872398364934687	70.355
226.5	1.7757700644664682	30.216
227.0	1.5285741789178273	17.297
227.5	1.9053816720536203	60.43
228.0	1.6632069796152076	60.362
228.5	1.5084949837183734	60.5
229.0	2.267137314461441	110.605
229.5	2.555793634810602	40.383
230.0	1.5117113834897076	110.761
230.5	1.8576831539005094	70.554
231.0	1.9694404555338783	60.367
231.5	1.5852543411316788	120.851
232.0	1.8176653065874955	14.597
232.5	1.6993359526070888	40.298
233.0	2.309026909575632	30.249
233.5	1.9241009713491473	30.204
234.0	1.388980117717726	15.755
234.5	2.0196106400927047	90.671
235.0	2.106237057406362	78.166
235.5	1.8584272860188815	40.264
236.0	2.1019046314155334	46.086
236.5	1.7871269453780314	29.306
237.0	1.983964298726377	18.591
237.5	1.3398708549905631	23.113
238.0	1.5914499311706334	37.666
238.5	1.5504673797624742	80.581
239.0	1.5687318980088263	100.644
239.5	1.9179179795913424	16.062
240.0	1.8495111945236813	48.74
240.5	1.592926821828503	37.459
241.0	1.7840045140621417	30.443
241.5	1.2353587891202327	93.505
242.0	1.2778732107756794	70.391
242.5	2.4612104907663404	70.492
243.0	2.006947594116771	80.699
243.5	1.6680817101007963	110.319
244.0	1.6723046722341355	100.562
244.5	1.8347220552165404	110.78
245.0	2.080201620209011	50.374
245.5	1.2902472999650882	60.51
246.0	1.8223665147595924	100.505
246.5	1.5991809749090302	20.085
247.0	2.275199651879559	120.553
247.5	1.3361790584306392	66.558
248.0	2.2115189577222294	96.275
248.5	1.6975665747966695	100.612
249.0	2.0086532619047253	35.492
249.5	1.259800186944209	48.593
250.0	1.5217834546520035	50.28
250.5	2.0760031504757697	40.208
251.0	1.645261641206729	23.382
251.5	1.960952193003854	30.257
252.0	1.2811703475266676	14.63
252.5	2.0582078858357162	60.483
253.0	1.54623876678059	100.587
253.5	1.703840400623705	40.317
254.0	1.8243406668121716	120.826
254.5	1.9026908963894484	80.59
255.0	1.9734488672605426	18.979
255.5	1.3857705728998928	100.66
256.0	1.9494421955369388	30.255
256.5	1.9756791316878106	77.563
257.0	1.1941154596097499	171.992
257.5	3.900408608826208	16.259
258.0	2.0001333120551332	66.978
258.5	1.8237554873462893	30.199
259.0	1.7325252072955475	70.477
259.5	1.6626800060209792	77.031
260.0	2.629359855176924	30.419
260.5	1.7687232304734488	60.386
261.0	1.1987824970181262	109.73
261.5	1.3016829433563508	87.164
262.0	1.58595624935718	30.225
262.5	1.8424434921964041	60.332
263.0	0.9134161888007735	76.7
263.5	1.559313699052514	19.063
264.0	1.5696690057309197	95.653
264.5	1.494781254898095	66.841
265.0	1.856906814246172	48.163
265.5	1.6577654550223597	50.559
266.0	1.72712700924822	78.438
266.5	1.8435876438703735	45.605
267.0	1.6055991122742284	100.562
267.5	1.6938547396450012	95.686
268.0	1.9347487921776105	80.499
268.5	2.0184282139911454	20.215
269.0	1.287379413652989	120.702
269.5	1.934384991157743	95.509
270.0	1.9368843236298001	47.566
270.5	2.145092808309009	15.088
271.0	1.3796772971334743	120.806
271.5	1.6184723884851042	90.69
272.0	1.905898073626384	20.367
272.5	1.2910293554729328	33.998
273.0	1.661647839228368	35.347
273.5	2.3076623693171743	60.331
274.0	1.4063677798640966	110.747
274.5	1.9273068213015887	30.258
275.0	1.9502791142512113	99.261
275.5	1.648442556317755	41.927
276.0	1.5119228685113295	100.648
276.5	2.23129597099129	30.212
277.0	1.7160464891257017	30.309
277.5	2.118722107858237	60.341
278.0	1.2850619015264622	80.521
278.5	2.0291736661555038	70.391
279.0	1.594637243613061	15.986
279.5	1.817698066551074	78.159
280.0	1.9954355841661042	80.356
280.5	1.547896551734652	50.385
281.0	2.1496367544195647	20.225
281.5	1.9333361571111838	50.302
282.0	2.2804744947790283	60.494
282.5	2.132814716463638	47.15
283.0	1.4307287481371997	50.704
283.5	1.8773776818143908	20.093
284.0	1.7929890697460649	16.05
284.5	1.415214952521956	46.274
285.0	1.970765417498571	110.717
285.5	1.9523596015648987	90.658
286.0	1.6064442090296702	80.496
286.5	1.6630349156059063	66.332
287.0	1.5712357079576942	90.537
287.5	2.552149767750603	80.675
288.0	1.1381600826332445	100.778
288.5	1.318359307551003	60.332
289.0	1.7390355862056701	18.44
289.5	1.767272709149657	80.521
290.0	1.9859727046939588	40.304
290.5	1.362613995877919	70.616
291.0	1.7319463701580218	100.561
291.5	1.5395364248609738	47.303
292.0	1.459193758207796	46.957
292.5	1.6480443331656889	16.129
293.0	0.9337957555012564	16.036
293.5	3.3669078430996113	42.306
294.0	1.863592154590349	80.435
294.5	1.947362285816076	30.102
295.0	1.4256070426038583	70.531
295.5	2.2125905761087616	17.474
296.0	1.8652692686828174	30.252
296.5	1.3369234578318046	100.817
297.0	2.28512487687128	100.67
297.5	2.098543367550038	70.531
298.0	1.6035510172058485	68.451
298.5	1.9084172533499786	30.209
299.0	2.198935032443065	121.306
299.5	1.8039584183553155	50.478
300.0	1.4718969031373748	70.406
300.5	2.1401038466255087	90.566
301.0	2.06011924413255	79.978
301.5	2.1571225209769644	70.52
302.0	1.5744415394465894	110.724
302.5	2.043642474583551	21.023
303.0	1.9084143845674026	30.143
303.5	2.1234057449856336	26.238
304.0	1.2692889208151026	17.206
304.5	2.3276339635371337	16.173
305.0	1.6421941423311843	60.41
305.5	1.6907085786902978	58.498
306.0	1.6965827688575117	20.032
306.5	2.0971033823534424	100.668
307.0	1.9877127711129028	20.199
307.5	1.6948952934089647	104.788
308.0	0.17528040526710414	14.066
308.5	9.641699044573688	60.537
309.0	1.4715857116745894	78.226
309.5	1.7494875540955679	89.045
310.0	0.14928552846014878	13.923
310.5	8.665834583045102	80.476
311.0	2.2204543943009405	104.857
311.5	1.8215107155701822	17.636
312.0	2.090348664446267	15.956
312.5	1.476223235407335	110.764
313.0	1.9508975306891347	17.496
313.5	2.1783611008556494	110.645
314.0	2.225800999661198	30.337
314.5	1.1914812770144814	45.179
315.0	1.6128433937231992	46.589
315.5	1.6623734806538253	90.579
316.0	1.7424865613298783	80.653
316.5	1.60405718986522	77.376
317.0	2.297822747021972	38.218
317.5	1.7433979751994362	21.246
318.0	2.251961544704109	30.211
318.5	1.2824782850427792	30.223
319.0	1.9844177249878547	50.391
319.5	1.649744494329466	15.435
320.0	1.8092388394598855	60.441
320.5	1.2714134084921167	58.063
321.0	1.76389192641309	80.609
321.5	1.9920848267236586	83.986
322.0	1.7802960809736124	70.483
322.5	2.032401621255037	30.196
323.0	1.4504635511561377	30.042
323.5	2.0805596742312047	15.608
324.0	1.8784307251086403	80.487
324.5	1.8768548881440286	110.806
325.0	1.6829308775287783	47.073
325.5	1.696474952291734	15.066
326.0	1.3173148623971433	60.536
326.5	2.165569252732089	100.566
327.0	2.1238113831749126	40.392
327.5	1.4512902771669756	100.896
328.0	1.8888424065025664	16.149
328.5	1.7562678743334645	30.236
329.0	1.458167420290222	51.913
329.5	2.461656735494949	90.393
330.0	1.6995474122786358	77.72
330.5	2.173890347318399	80.589
331.0	1.7037145151669602	110.813
331.5	2.2339991013236786	80.514
332.0	1.0615889159929444	30.253
332.5	1.697725669100642	100.799
333.0	1.8344884315990067	30.201
333.5	1.8263801350253095	100.822
334.0	2.0216847034894716	111.019
334.5	1.905108527725901	70.457
335.0	1.5852144260497638	90.41
335.5	1.5662121174827397	117.879
336.0	1.5002565572560904	45.92
336.5	1.7079602740612403	90.56
337.0	1.6160729330021957	77.414
337.5	2.296572171811827	46.181
338.0	1.6031062710020383	47.851
338.5	1.7620122601178807	80.496
339.0	1.4549136540609195	30.239
339.5	1.8525260075711376	46.173
340.0	1.3285283085099557	60.296
340.5	1.6758532327052382	48.191
341.0	2.53313847191984	90.535
341.5	2.0239566373123696	77.83
342.0	1.204958254311884	80.341
342.5	2.1239789071143953	120.937
343.0	1.8443869487619033	100.585
343.5	2.210245360861429	117.207
344.0	1.040720973537046	90.57
344.5	2.1100018569925	60.481
345.0	1.8294021931762479	110.74
345.5	2.0464886882468716	48.599
346.0	1.9444984005922696	80.437
346.5	2.4403487870548775	70.606
347.0	1.8392281611910057	76.436
347.5	1.528064476927894	50.33
348.0	1.9338961596299413	20.232
348.5	1.8632650211295065	30.205
349.0	1.7983467693296977	123.553
349.5	1.2758971210698438	30.14
350.0	1.9194898879869675	20.211
350.5	2.167653631114816	30.19
351.0	2.2542334276327005	47.998
351.5	0.90413893824483	100.706
352.0	1.916948497722326	73.028
352.5	1.9018385566206284	40.311
353.0	1.9881253629380409	90.554
353.5	1.8735748080942884	78.519
354.0	1.9023871594286856	60.359
354.5	2.2456798275342216	90.531
355.0	1.5739048773683582	182.102
355.5	2.131483506766405	100.633
356.0	1.9565914788249712	90.657
356.5	2.1372878378182474	40.516
357.0	1.4950016554471275	50.332
357.5	1.450776387143743	60.465
358.0	1.987071962114555	110.81
358.5	1.726059999180759	59.983
359.0	2.084181087733872	47.778
359.5	1.6595611851204033	30.376
360.0	1.757119828452719	70.192
360.5	2.270878233023342	60.44
361.0	1.876869503527541	60.458
361.5	2.438853122196918	60.424
362.0	1.7399508925710434	110.762
362.5	1.7541082771974528	80.454
363.0	1.476125780798787	78.355
363.5	1.824361510816946	90.666
364.0	1.947023760317365	60.313
364.5	1.748365834177688	46.498
365.0	1.2493378729062137	90.609
365.5	1.9619972539989314	30.147
366.0	1.9874619803338118	83.076
366.5	1.9948276494130472	50.264
367.0	1.4691135460222398	18.153
367.5	1.9018439890899266	80.591
368.0	2.3691135308270885	20.057
368.5	2.1662698774709535	121.091
369.0	1.8071445470395338	108.398
369.5	2.000712985374507	90.542
370.0	2.245601917307401	55.248
370.5	1.9832252442381262	60.313
371.0	1.1967624082235573	110.796
371.5	1.5699302004041915	30.204
372.0	1.89264895145769	102.869
372.5	2.132909043651096	90.545
373.0	1.2999561423239039	90.54
373.5	1.804857559952984	38.762
374.0	1.9178987193706876	70.513
374.5	2.0230320487476114	88.086
375.0	1.3866601135717052	18.011
375.5	1.8384706534276578	232.289
376.0	2.186736224830075	37.539
376.5	1.3584630603520136	60.443
377.0	1.9235305168385801	90.635
377.5	2.1024357688777875	88.506
378.0	1.5458409209302018	87.023
378.5	1.9643859225237585	50.626
379.0	1.922193845556372	86.359
379.5	1.8474440667206706	50.371
380.0	2.05353067243293	48.733
380.5	1.8622486326502001	40.501
381.0	2.123811365033038	68.03
381.5	1.4719059906815835	76.049
382.0	1.4195444862785291	70.525
382.5	1.6711212979690386	80.388
383.0	2.2086842155691877	63.105
383.5	1.8715109007155113	40.267
384.0	1.6975900120980019	110.685
384.5	1.8753679077186511	100.425
385.0	1.9383021199994828	56.468
385.5	1.0696828869976303	30.228
386.0	1.9399862976091946	80.473
386.5	1.9797416732186948	60.173
387.0	1.8296038057999127	60.45
387.5	1.8331904990425858	30.198
388.0	1.532208264399492	51.545
388.5	1.9677709140455164	20.431
389.0	2.009537422046829	18.378
389.5	1.4755331982658595	80.444
390.0	1.468278813176438	80.601
390.5	1.511612189819836	100.908
391.0	2.2145411844773464	90.796
391.5	1.6830269346823237	50.413
392.0	2.0102743294104117	80.596
392.5	1.5259429087589598	30.251
393.0	1.9616121669900655	78.129
393.5	1.303383852585026	17.879
394.0	2.476603915020408	212.261
394.5	1.6861882735022737	90.706
395.0	1.6593651030932368	47.684
395.5	1.6236630696413916	88.574
396.0	2.0273074159587567	47.637
396.5	1.7505694802550007	110.782
397.0	2.011583818881939	97.231
397.5	1.6642774581675428	18.36
398.0	1.4556654777762084	62.053
398.5	2.703816815665807	30.306
399.0	1.3759066125675183	50.374
399.5	1.2678039509668275	109.828
400.0	2.290299792730935	30.183
400.5	1.4727592894804085	89.126
401.0	1.3479079169576373	46.621
401.5	1.6408122725363128	20.076
402.0	1.3342907296587303	90.884
402.5	2.3904385193354596	50.242
403.0	1.4698990320837817	30.201
403.5	1.5603394752374742	40.266
404.0	1.6715108063401516	57.283
404.5	2.3059712689544316	50.311
405.0	1.2201944461399674	68.764
405.5	1.7573858629941284	60.528
406.0	1.4048176627188131	130.949
406.5	2.008030170654314	23.341
407.0	2.1499173780404317	30.399
407.5	1.9438410555349923	89.643
408.0	1.3410528191263233	111.613
408.5	3.035306365173007	21.449
409.0	1.9159347806991387	30.196
409.5	2.295001218389772	30.21
410.0	2.0201734760420984	15.655
410.5	1.5201282183181322	90.475
411.0	1.690959292818838	95.996
411.5	1.6719412355580268	47.522
412.0	2.1575958743146155	76.827
412.5	1.6539013267547524	50.742
413.0	1.8983431941819866	16.836
413.5	1.5789695563928823	120.707
414.0	1.6066093240820445	110.808
414.5	1.6766006354036709	80.374
415.0	1.684576762199117	67.012
415.5	1.6519575756003697	20.246
416.0	1.8669549563126548	80.603
416.5	2.352002122455853	90.666
417.0	1.6327501447571204	68.008
417.5	2.061395386737398	80.449
418.0	2.187747306252386	88.019
418.5	1.779794087635075	80.453
419.0	1.464725981773841	20.054
419.5	2.078697715754778	58.654
420.0	1.2484416837198866	70.432
420.5	1.6320046983260135	80.562
421.0	1.1627756634392552	50.37
421.5	2.2680625859630386	30.084
422.0	2.012966513217861	70.407
422.5	1.8136238801525346	70.27
423.0	2.0046503926361705	110.967
423.5	1.6832225270018584	90.567
424.0	1.529629859408954	80.434
424.5	2.419398999085604	30.378
425.0	1.165194442791108	90.483
425.5	2.0795847670383605	90.404
426.0	1.653523610253014	99.017
426.5	2.031625063553989	38.777
427.0	1.9196815194207975	70.461
427.5	2.2930169168271965	20.138
428.0	2.073647516216179	90.472
428.5	1.8199457554354577	30.143
429.0	1.4584338663568654	87.85
429.5	1.740438863585745	60.717
430.0	1.712839657534161	70.406
430.5	1.9378230394979212	107.836
431.0	1.7374438193521702	80.516
431.5	1.8170595498896485	80.786
432.0	1.961476776507908	60.275
432.5	2.2824570579320467	33.465
433.0	1.5484637679993012	120.824
433.5	1.7534738982469014	50.589
434.0	1.6976526721408354	48.899
434.5	1.608977563294073	77.844
435.0	1.4840317578949207	56.144
435.5	1.4386921789962637	47.765
436.0	1.5949728865068071	90.498
436.5	1.3665803306316306	60.318
437.0	1.9297675588799497	71.254
437.5	1.5187126479857587	90.555
438.0	1.724131567192371	100.749
438.5	1.2736018799617845	39.244
439.0	1.3007153511455813	30.15
439.5	2.017737608090571	99.581
440.0	1.8761116905271642	70.416
440.5	1.1566034938043266	90.581
441.0	2.117283177556945	73.181
441.5	2.261481783590839	30.168
442.0	1.9731736495578347	20.2
442.5	1.1245694709070293	78.14
443.0	2.88801696211192	19.468
443.5	1.8064315833116833	90.578
444.0	1.6611956469431262	60.477
444.5	1.22651807552606	17.558
445.0	2.072453237722659	108.756
445.5	2.014546716731948	70.365
446.0	1.641315747425324	30.275
446.5	1.63918882069577	90.583
447.0	1.8531975489253312	59.73
447.5	1.4729478770839033	60.382
448.0	1.2836458689766221	101.001
448.5	1.811505956776158	70.549
449.0	1.634659630576981	75.21
449.5	1.885104474090634	50.349
450.0	1.2899983026381432	100.835
450.5	2.0279357537961458	90.631
451.0	1.6682507826168427	80.673
451.5	1.8113336641738464	30.181
452.0	1.2064167183937802	90.485
452.5	2.2794093498804764	60.258
453.0	1.855543738348904	95.443
453.5	2.3041965262576407	93.34
454.0	1.609401039586345	22.44
454.5	1.4118804805188976	15.235
455.0	1.7626230405144483	119.782
455.5	2.5647596940521047	68.191
456.0	1.7872757855583947	90.504
456.5	1.8676106955326477	112.697
457.0	2.2457872677829793	131.026
457.5	1.5879301706173756	47.94
458.0	1.7887506989652584	40.159
458.5	1.9540099214744453	80.71
459.0	1.4887651561253916	37.991
459.5	2.281089579964436	93.379
460.0	2.086844328549819	19.423
460.5	1.6358877842520656	90.528
461.0	2.308754918683337	30.222
461.5	1.821558162840206	20.225
462.0	1.4218858618495749	128.231
462.5	1.5152095452100205	74.813
463.0	1.7409680856085565	57.302
463.5	0.8160732918131871	126.33
464.0	1.199892970357863	17.469
464.5	1.1125253213767232	113.434
465.0	1.8713572730737242	120.807
465.5	1.6393516140646556	20.794
466.0	2.13337993117461	30.079
466.5	1.4650264110970832	77.544
467.0	1.6247077061705792	67.751
467.5	1.2875837633138512	33.138
468.0	1.377637834276162	100.793
468.5	1.5496973039454756	90.621
469.0	1.6401866004394854	125.418
469.5	1.7331190368431875	40.283
470.0	1.8308576839952253	46.446
470.5	1.474416046655059	90.593
471.0	1.7173075657800096	48.003
471.5	1.5852182063756233	30.262
472.0	1.5438380088908423	20.34
472.5	1.3966432311624077	70.577
473.0	1.5988754430495233	30.195
473.5	1.5413113069188504	16.377
474.0	1.7287935575397473	82.574
474.5	1.9710526214583481	18.734
475.0	1.647623594722634	80.551
475.5	1.6754396537097678	97.69
476.0	1.6689564352581094	90.657
476.5	1.6893516815179548	123.784
477.0	1.4449618079118742	77.262
477.5	2.0115204914328704	60.41
478.0	2.0615760764306286	80.434
478.5	2.2234486874872696	89.182
479.0	1.7721935287686985	30.277
479.5	2.245541854604251	60.378
480.0	1.7951349337160694	16.281
480.5	2.3162589200775017	25.014
481.0	1.070081825646683	110.645
481.5	1.6531574221734473	17.748
482.0	1.823922031055625	69.943
482.5	1.706610343268506	20.155
483.0	0.770782893095336	80.606
483.5	1.4145187581804455	50.313
484.0	2.057430650023978	40.805
484.5	1.3471026784191231	30.29
485.0	1.3347296580464514	81.173
485.5	1.8917753938156887	30.428
486.0	2.01540698353916	90.357
486.5	1.5716616989066556	20.266
487.0	2.0774077819702885	77.414
487.5	1.8597005388818324	39.51
488.0	2.237458413325063	30.227
488.5	1.554222952378137	30.229
489.0	1.4888616118130542	30.192
489.5	1.2818142756143227	169.29
490.0	1.557072243168939	161.267
490.5	2.0802384128302847	60.373
491.0	1.605259353390267	48.944
491.5	1.7772876013419674	48.272
492.0	1.4583151405173842	147.98
492.5	1.5334545283391454	20.224
493.0	1.4301462854159874	60.507
493.5	1.759119215091552	107.3
494.0	1.6247770049178827	30.232
494.5	1.183470266023421	100.794
495.0	1.6700854814364665	110.464
495.5	1.5145177354389274	70.534
496.0	2.100379240226212	76.999
496.5	1.8529446806773713	30.047
497.0	2.1245966717824745	91.944
497.5	1.3593836500705951	89.56
498.0	1.8050890259941392	36.84
498.5	1.3660383552783284	121.08
499.0	1.3949857130846712	23.72
499.5	1.7092177268102966	232.661
500.0	1.6813005790073825	28.322
500.5	1.309068289742224	100.726
501.0	2.6646427663214087	47.368
501.5	1.7506552369344413	80.649
502.0	1.761803886796226	100.465
502.5	1.2184269158184953	37.535
503.0	2.003509226244113	73.635
503.5	2.267243464973743	60.702
504.0	1.4956165712778127	30.188
504.5	1.3218451291508067	75.975
505.0	2.094034803662836	30.228
505.5	1.6204950402131266	29.992
506.0	1.2946621711946942	30.198
506.5	1.307470427388446	120.823
507.0	1.2732121481146685	127.513
507.5	1.4713274991828122	90.996
508.0	2.2020103641167443	100.581
508.5	1.8605036230027823	28.432
509.0	1.9564324186897144	40.124
509.5	1.9577952908065472	30.229
510.0	1.5179928267400509	74.514
510.5	1.1663832608826892	78.369
511.0	2.0527850201748996	30.222
511.5	1.8088586211630988	80.525
512.0	1.9934310227891114	80.382
512.5	1.8477955865629683	70.433
513.0	1.7469396718412866	130.882
513.5	1.845914037981285	30.354
514.0	1.9997144559580093	71.613
514.5	1.6675477484758696	17.244
515.0	1.9251680847246984	30.124
515.5	2.239130487290673	100.7
516.0	1.8204903243631176	110.841
516.5	1.8842803053598596	70.508
517.0	1.8731515169264896	97.949
517.5	1.4529169664530728	88.658
518.0	2.2953684271747914	70.12
518.5	1.9276635337858654	222.34
519.0	0.5514625948551161	434.383
519.5	2.7702435624190187	40.691
520.0	1.196093917701672	100.764
520.5	1.8051295277978154	90.629
521.0	2.2396289653698567	100.117
521.5	1.596289442146408	80.036
522.0	2.050712588856657	60.45
522.5	1.50474792162398	70.512
523.0	1.9752664649401204	60.291
523.5	2.2062830817339574	28.223
524.0	1.476202305989948	40.353
524.5	1.5779409841661913	17.733
525.0	1.5728981579999386	76.613
525.5	1.862378879945835	40.365
526.0	1.667112678322741	90.386
526.5	1.88169476524933	22.508
527.0	1.514379759357142	89.099
527.5	1.4782610719916027	121.013
528.0	1.4591803399673144	15.845
528.5	2.3840384439369884	50.408
529.0	2.187686565885423	30.243
529.5	2.1009090450934025	90.49
530.0	1.7224113624111348	30.265
530.5	1.136957631195698	21.592
531.0	1.440966567876516	49.352
531.5	1.8046648220229013	18.461
532.0	0.9895008957707656	30.222
532.5	2.0926215458785715	48.568
533.0	0.6461799310262127	58.531
533.5	1.1886295864173966	30.225
534.0	2.122092938441485	60.119
534.5	1.119565959477553	120.151
535.0	1.5006850353599779	60.471
535.5	1.6319861787193475	66.388
536.0	1.4621532631157943	20.112
536.5	1.8807960102876378	30.286
537.0	1.3801349793184958	100.69
537.5	2.166014667066607	120.898
538.0	1.116074048002093	48.802
538.5	1.9670670219304156	120.9
539.0	1.8045198099873876	17.08
539.5	1.5554887820388954	30.218
540.0	1.365005544850329	90.615
540.5	1.999770115731191	90.701
541.0	2.1670880465550706	110.555
541.5	1.7856455890678926	30.311
542.0	2.115442516650387	100.158
542.5	2.1333816424048386	37.855
543.0	2.029788827399767	30.35
543.5	1.1324125135421854	16.432
544.0	1.9333226941258277	80.545
544.5	2.1348142674261936	50.374
545.0	1.4890573920846957	70.558
545.5	1.1354262289369803	50.436
546.0	1.3760334574058741	30.236
546.5	1.5527305821247557	90.517
547.0	2.7209326443342183	26.542
547.5	1.4072864976336295	80.495
548.0	1.582349092377422	70.22
548.5	1.6742361849275114	67.596
549.0	2.0142784006079872	50.453
549.5	1.1734389416009796	95.124
550.0	1.2640668066638705	30.325
550.5	2.1752720331109936	70.39
551.0	1.6340960062787264	100.772
551.5	1.9049647524209805	80.491
552.0	1.8328654230691432	18.891
552.5	1.7440883705679453	77.173
553.0	2.4435442621888215	37.369
553.5	2.2740453576066586	90.528
554.0	1.6100016454601203	100.714
554.5	2.0877082388158223	70.46
555.0	1.4878922210985437	120.738
555.5	1.5104670798112434	100.49
556.0	1.9949234532085016	90.651
556.5	1.6142966644445456	30.173
557.0	1.91266611939996	109.72
557.5	1.5985800527425642	59.866
558.0	1.5155411348598558	80.595
558.5	1.2781587989557799	120.85
559.0	2.0566150826953487	120.919
559.5	1.4988148076778904	30.121
560.0	2.1474591552687006	70.484
560.5	1.5910129281247751	66.324
561.0	2.2523230586839436	30.278
561.5	1.181284687321614	96.073
562.0	1.6414624067649537	90.588
562.5	2.032139848627961	100.697
563.0	2.308858740779898	60.458
563.5	1.0415363933952302	80.52
564.0	2.075402841237464	30.302
564.5	2.117427093953082	17.2
565.0	1.7856888212152624	80.448
565.5	1.5670060501154846	19.241
566.0	2.115066966764496	47.104
566.5	1.998695121338795	49.243
567.0	2.134928085416913	120.749
567.5	1.7508052812569759	30.22
568.0	1.8989825187495541	90.535
568.5	2.2971922562210243	101.018
569.0	1.8466516329650045	50.564
569.5	1.3377042749758874	30.967
570.0	1.5169300163976704	120.838
570.5	1.7962416881499457	60.559
571.0	1.382194823818253	110.835
571.5	1.9009585514008351	70.677
572.0	2.0955670054694564	90.453
572.5	2.4696326158993442	78.185
573.0	1.6711924510542744	70.443
573.5	1.3988857062599198	110.971
574.0	1.70695924554483	80.614
574.5	1.8151700972780291	80.422
575.0	1.7158079569012812	108.873
575.5	1.806447981648204	48.864
576.0	1.6000730471126543	15.508
576.5	2.010403087652793	70.383
577.0	1.7148240321229449	30.026
577.5	1.4900767064224267	65.307
578.0	1.9674689255363211	30.182
578.5	1.476712299921764	46.695
579.0	1.7225743985360538	20.213
579.5	1.628665777563733	30.079
580.0	1.5223060218967117	60.384
580.5	2.1495142359581574	80.403
581.0	1.6310413190445943	101.318
581.5	1.4135445086495655	96.39
582.0	1.8837066813630932	30.225
582.5	1.700765138305655	78.535
583.0	1.7972838017113926	58.381
583.5	1.7048074758950214	60.475
584.0	2.168609436052222	47.119
584.5	1.5576496524270806	59.723
585.0	1.1341752784741863	90.549
585.5	1.7566791735967295	120.843
586.0	2.1424635472203613	30.119
586.5	1.2847951267190252	130.905
587.0	1.5191822754830286	90.382
587.5	1.734268612258216	100.616
588.0	1.3580909812562156	120.874
588.5	1.891823882791582	90.623
589.0	1.8984494506971061	60.427
589.5	1.3622365624768447	100.567
590.0	1.8281614605505299	20.922
590.5	1.987636141718137	30.178
591.0	1.5317585525327537	40.231
591.5	2.1825788771801395	60.227
592.0	1.4635512404241326	70.327
592.5	1.8029818651051461	82.351
593.0	1.6523818561993215	90.626
593.5	1.8964630880291786	181.8
594.0	2.687057780045447	100.645
594.5	1.9468665641561114	16.723
595.0	1.7575914812199667	80.568
595.5	1.9499373636769972	90.624
596.0	1.9618337378733233	90.763
596.5	2.1667208133772546	103.926
597.0	1.6467181606083021	70.486
597.5	2.0548074258176214	48.147
598.0	1.748661072220709	18.656
598.5	1.5641224441003487	60.406
599.0	2.242956174272911	20.837
599.5	2.2478191744398	38.654
600.0	2.186868673551943	20.043
600.5	1.1829794644777256	38.166
601.0	1.5693781832548181	30.366
601.5	1.738336787765617	30.4
602.0	1.921410694220162	16.914
602.5	1.3062870821513557	70.44
603.0	1.9447056958767333	126.022
603.5	1.9467751733262442	110.674
604.0	2.0309947319891535	79.178
604.5	1.1565234749622026	50.336
605.0	1.6127165054164188	272.781
605.5	3.0463945947277318	49.195
606.0	2.161343308316427	45.842
606.5	1.8264107001447243	90.231
607.0	1.564791717535987	100.605
607.5	1.730205104747537	47.485
608.0	1.8702310174197654	83.456
608.5	1.1716903122924702	107.432
609.0	2.2733297840847646	60.344
609.5	1.9446377896333895	30.061
610.0	1.3551155241120578	80.55
610.5	1.8080441692745655	38.558
611.0	1.3781973082747327	120.693
611.5	2.311107804067703	20.258
612.0	1.6923576375390872	90.704
612.5	1.5293390844209052	53.706
613.0	1.898473307611755	20.154
613.5	2.1891955896336226	29.811
614.0	1.5526244437342152	47.807
614.5	1.6483655184812291	90.494
615.0	1.9478298990285239	57.611
615.5	1.340830285012105	70.528
616.0	1.483648578029602	80.451
616.5	1.9328071574371584	89.128
617.0	1.6269197086821938	60.935
617.5	2.514357242949764	30.273
618.0	1.7420035431169896	47.104
618.5	1.744177094813527	50.396
619.0	1.6173221734621785	49.032
619.5	2.390481795431684	68.223
620.0	1.8671027601869896	20.199
620.5	1.54199748715458	90.77
621.0	1.9124593389315312	38.432
621.5	2.030162087362663	60.275
622.0	1.5376026591399454	40.282
622.5	1.4144356988906464	87.792
623.0	1.951221596369119	47.56
623.5	2.6134718931886156	23.026
624.0	2.0374919803244347	40.144
624.5	1.4587820805254557	30.217
625.0	2.068309651758308	80.632
625.5	1.674860996353029	121.47
626.0	1.9106837868104658	30.258
626.5	1.6805506508256811	20.258
627.0	1.8118075429410074	20.252
627.5	1.6618553096113529	100.716
628.0	1.558067563533124	15.628
628.5	2.0174218889836055	30.197
629.0	1.5158785426114616	77.329
629.5	1.9376327716615682	29.989
630.0	1.203588718989013	40.378
630.5	1.387896608558204	90.518
631.0	1.8349506468442751	60.462
631.5	2.1050138090230344	40.323
632.0	1.4828611941644558	49.642
632.5	2.0917325800657602	30.332
633.0	1.6651721286744356	49.341
633.5	1.904893350754156	77.619
634.0	0.7980658897074839	263.06
634.5	2.4273437304468377	90.601
635.0	2.0685509234147874	36.292
635.5	1.7557174193683422	100.771
636.0	1.4228747851586598	30.234
636.5	1.7458665583682311	129.476
637.0	2.0307487360719882	93.313
637.5	2.122360634073902	20.123
638.0	2.0109001961382433	40.242
638.5	1.848062870797964	100.846
639.0	2.197004722975369	110.375
639.5	2.0539987159748536	90.603
640.0	1.5568753126735904	17.231
640.5	2.01681698787664	30.222
641.0	1.6415507881395386	76.385
641.5	2.0729310851023857	78.311
642.0	1.8702585898732225	90.616
642.5	1.8912660564448143	110.645
643.0	1.7124118029985493	21.675
643.5	1.3419998694564663	17.966
644.0	2.114831164576853	106.927
644.5	1.4456518220143257	75.896
645.0	1.988962582247126	60.296
645.5	1.6562183741512115	70.498
646.0	2.0021034092442154	60.729
646.5	1.843502786317989	17.591
647.0	1.328983856677905	110.835
647.5	1.8223155340790378	45.706
648.0	1.8561328585131052	71.794
648.5	1.8561773403035102	20.223
649.0	1.7662498423941901	27.175
649.5	1.0735532535755465	86.986
650.0	1.7493348084530664	50.372
650.5	1.8249673948362368	26.775
651.0	1.7617461479957446	48.111
651.5	1.5355928487441322	80.431
652.0	2.0443093821408453	98.335
652.5	1.9728827466800798	90.77
653.0	2.606665148886638	50.459
653.5	1.0245828385931828	97.566
654.0	1.9719606614635665	100.592
654.5	2.2843879650376016	90.656
655.0	1.6843084558911916	100.715
655.5	1.0443319757702494	100.61
656.0	2.360234132827256	80.375
656.5	1.878667022875845	30.264
657.0	2.089295092319645	65.353
657.5	1.0079712471711015	322.893
658.0	2.220270872163433	15.729
658.5	2.006184638784914	30.288
659.0	2.1974517359920918	18.228
659.5	1.3314105698087815	47.952
660.0	1.315153210848402	29.473
660.5	1.9419244464539551	20.241
661.0	1.7965459464091567	46.742
661.5	1.402024495621848	19.39
662.0	1.9490722540662693	15.907
662.5	1.251322898445863	94.564
663.0	1.9241600818744928	70.991
663.5	1.4682279029271328	99.276
664.0	2.627033451735799	39.801
664.5	1.8799492504800255	18.303
665.0	1.6872442339375249	54.295
665.5	1.6467505441879093	17.894
666.0	1.8466355972522326	50.707
666.5	2.0576551691731106	80.529
667.0	1.7472500615650388	18.048
667.5	1.88908537827351	40.304
668.0	1.55978253924933	98.644
668.5	2.1237761537289055	20.178
669.0	1.4823880804302585	110.735
669.5	1.8704668466865868	77.813
670.0	1.412490404851042	90.388
670.5	2.2010784137066084	20.184
671.0	1.5762045941961969	70.45
671.5	1.6274504053262624	80.569
672.0	2.0753257832840166	110.902
672.5	1.552786731103483	80.699
673.0	1.764074458528138	30.184
673.5	1.6387408142653637	90.708
674.0	1.7684042984722237	72.435
674.5	1.5545513473513277	105.397
675.0	1.2097279764955513	30.29
675.5	1.9726506761059452	20.201
676.0	1.3660481199898038	40.347
676.5	1.6886456312713032	70.332
677.0	1.6977798427133683	110.889
677.5	1.5234091678351016	30.277
678.0	1.9982973483906314	20.123
678.5	1.778172629959909	26.845
679.0	1.156950376845004	40.278
679.5	1.9271373143111854	50.411
680.0	1.640929513098989	84.007
680.5	1.9697933777871364	20.045
681.0	1.5282539473540393	70.418
681.5	1.682663378579689	60.195
682.0	1.5760267255619238	90.384
682.5	1.7665709473502123	15.134
683.0	2.254018015103542	30.222
683.5	0.16717434327462188	15.29
684.0	11.053921606660307	49.354
684.5	1.4034109172677487	95.185
685.0	1.858408467881188	40.273
685.5	0.12398029317807174	14.03
686.0	10.938082170537632	31.834
686.5	1.478319413523961	14.979
687.0	2.077158282980349	70.541
687.5	1.3903878690085898	98.512
688.0	2.279856449681642	70.514
688.5	1.4554096203399092	84.272
689.0	1.8284751484143162	30.048
689.5	1.676407661725164	20.169
690.0	1.7823329930874323	70.608
690.5	2.4391170406266025	16.203
691.0	1.7862513248111567	120.84
691.5	2.4928813242366625	45.937
692.0	1.294851158335168	100.724
692.5	1.8206224044552484	84.016
693.0	1.156741894692403	60.463
693.5	1.6397441558724073	66.942
694.0	1.2392018596471088	60.492
694.5	1.5617248494132998	50.41
695.0	1.7659420040409064	53.474
695.5	2.1196822741227606	50.41
696.0	1.9757500523255327	55.818
696.5	1.7758770795933754	37.182
697.0	2.244995155011398	35.009
697.5	1.7322098931362908	15.895
698.0	2.159286641848353	100.362
698.5	1.637959715970159	110.758
699.0	1.559883189183134	252.309
699.5	2.886429437993297	100.649
700.0	2.0958972165718635	90.501
700.5	2.1925209631574325	50.148
701.0	1.2862138925089592	50.267
701.5	2.0049280529079345	90.661
702.0	1.684210411875117	47.578
702.5	2.241952143446256	17.196
703.0	1.8342917441067654	30.197
703.5	2.2766133597566753	40.393
704.0	1.7095768910063835	80.529
704.5	1.5520295918678821	110.907
705.0	1.7969685598329024	106.215
705.5	1.4401332287028796	37.032
706.0	2.1692132348407536	80.441
706.5	1.584698469491027	110.636
707.0	2.112797987237572	60.298
707.5	1.8297716178351087	50.26
708.0	1.5922511103969177	30.324
708.5	1.4968234739138528	21.433
709.0	2.011911452285739	20.13
709.5	1.3657548999532703	47.855
710.0	1.7482350558563013	50.405
710.5	1.6307880906524668	70.567
711.0	2.192645230702914	16.92
711.5	1.6112365728051679	110.568
712.0	1.8602761862236818	80.602
712.5	1.5129376499062113	38.441
713.0	2.178847086920286	20.608
713.5	1.4387534759215432	17.615
714.0	1.7822124916164785	71.619
714.5	2.104162203824929	70.394
715.0	1.7120009421878832	97.188
715.5	2.3051731198758207	17.871
716.0	1.4138200008948807	90.729
716.5	1.5386524695243735	90.48
717.0	1.657737773928695	70.569
717.5	1.971107255281431	38.443
718.0	1.7397410059554297	17.082
718.5	1.684607227852435	40.555
719.0	1.6174589854971053	19.093
719.5	1.8195398449447948	30.181
720.0	1.7772049939723202	20.178
720.5	1.6232606429853065	18.759
721.0	2.016071828818182	100.755
721.5	1.6481894304596596	70.427
722.0	1.4846581372340104	90.643
722.5	2.2414384503078684	50.257
723.0	1.8814423002393714	60.552
723.5	2.1776268853630576	36.442
724.0	2.15475507620461	37.068
724.5	1.947882379673102	90.678
725.0	1.987953369285978	37.771
725.5	1.8478436441367474	47.95
726.0	1.471788731009558	70.443
726.5	2.19771688192741	46.417
727.0	1.8222704570692543	80.462
727.5	1.7053971609949208	50.308
728.0	1.4390057134653518	40.414
728.5	2.1406739593605426	80.459
729.0	2.0213734579498657	28.621
729.5	1.3574663702887937	107.794
730.0	1.9645059464677472	70.486
730.5	1.5448091750629556	20.203
731.0	1.7255191876809939	70.68
731.5	1.9135302437668327	79.951
732.0	1.3755364939881947	80.745
732.5	2.018781691672408	80.491
733.0	1.7861238004772182	30.208
733.5	1.4251423137521497	67.907
734.0	1.7113982405726	70.563
734.5	2.1287767250255767	100.584
735.0	1.9974354232567524	96.702
735.5	1.9576241442082603	90.454
736.0	1.4855920376168252	103.63
736.5	1.9421934532624254	100.654
737.0	1.8603977113778585	100.534
737.5	1.7158169439586093	70.6
738.0	1.4505047172828844	107.973
738.5	2.142581849673805	50.274
739.0	1.846909200494456	120.862
739.5	2.2190844771144578	60.934
740.0	1.6805305025187929	60.335
740.5	1.7803822913642355	27.351
741.0	1.1839208298424564	17.721
741.5	1.7344275140161107	37.53
742.0	1.4611260790178822	49.166
742.5	1.7359448551732442	88.773
743.0	2.139903517461644	20.175
743.5	1.3030648142866563	60.386
744.0	1.8726665060318188	20.166
744.5	1.6710355781224868	58.975
745.0	0.821157683981214	70.646
745.5	1.9456222742424087	42.127
746.0	1.3387689979904358	100.557
746.5	1.4668338325822592	60.431
747.0	2.0036465854469045	126.364
747.5	1.699567698572881	100.645
748.0	0.7656778462640134	45.183
748.5	1.6745073590497674	60.432
749.0	1.2992561482097635	120.672
749.5	1.3506687892859264	50.374
750.0	1.9205075843929122	110.558
750.5	1.4487187477799293	123.43
751.0	1.800968102869649	30.129
751.5	1.5439664749619577	39.209
752.0	1.8120183952128952	90.646
752.5	2.0144976604337765	18.832
753.0	1.8759872486549067	56.732
753.5	1.203966432088853	51.221
754.0	2.1535256967948118	23.445
754.5	1.672422640015348	90.428
755.0	2.189785612889213	49.348
755.5	1.124809247910797	107.361
756.0	1.726336814852952	50.321
756.5	2.072514443551747	89.826
757.0	1.3105364368961472	44.268
757.5	1.3244166096416101	110.599
758.0	1.988331120936291	20.39
758.5	2.1020698367385995	58.449
759.0	1.3675069830326365	55.197
759.5	1.6485577059017416	70.479
760.0	1.6760540758262987	100.622
760.5	1.7678381496131244	77.467
761.0	1.9406383101269473	60.705
761.5	1.122066100107556	30.292
762.0	1.1619674694710709	16.667
762.5	1.8971676791439882	100.607
763.0	1.730385968320189	68.412
763.5	1.8591093885419134	60.386
764.0	1.624887991137577	60.878
764.5	1.7915257914081393	60.315
765.0	2.297787631711361	30.399
765.5	1.3622949177483223	60.379
766.0	2.1936036648649235	35.834
766.5	1.6869782208548223	120.953
767.0	1.3482013324868887	16.258
767.5	1.4333306529987921	36.357
768.0	1.3976858801914727	98.057
768.5	1.8860919104715528	98.996
769.0	1.7871333598169905	30.305
769.5	1.9484403381718725	80.504
770.0	1.5486393823675826	107.818
770.5	1.6005411993763037	58.584
771.0	0.9279973550764827	104.133
771.5	1.4635510929515803	60.509
772.0	1.061078674386267	30.202
772.5	1.7540756089235516	71.288
773.0	1.0630326681035454	45.935
773.5	1.644581700038288	80.613
774.0	1.7089453245700903	70.344
774.5	1.6552735433719492	67.919
775.0	1.1080334953904771	65.831
775.5	2.045636587498351	37.196
776.0	1.3350469790630943	18.777
776.5	1.8173495472371524	80.629
777.0	0.99038817531506	60.195
777.5	1.770275270542995	64.065
778.0	1.8456968392475617	80.505
778.5	1.5673215732204324	110.859
779.0	1.4133881530684815	100.606
779.5	1.747725075336096	30.409
780.0	1.688378121067682	107.495
780.5	1.4180240567277809	27.281
781.0	2.1721130374540527	110.642
781.5	1.9315128132328152	28.973
782.0	1.5303474810544073	96.519
782.5	1.313297510944093	17.798
783.0	1.4250311268827307	56.615
783.5	1.8562665762314543	17.1
784.0	1.7939066977645572	36.218
784.5	1.454142538591064	70.591
785.0	2.278489696514075	15.259
785.5	1.6897486710585383	98.1
786.0	1.7125670844455083	67.84
786.5	2.146276299304622	221.916
787.0	2.7210324901685214	70.474
787.5	1.4868617065522256	70.38
788.0	1.384952368562659	120.82
788.5	1.479762943865171	70.498
789.0	1.722909730013366	90.545
789.5	1.5058029682852054	29.625
790.0	1.6688463553763047	38.467
790.5	1.5513501160483374	27.316
791.0	1.1099619427744036	90.948
791.5	1.6961506896404783	48.9
792.0	1.6916254976798857	30.224
792.5	1.723840917783252	50.433
793.0	2.158095010653726	79.518
793.5	1.1653203432696067	20.385
794.0	1.4523701246413803	90.591
794.5	1.55529646890254	30.228
795.0	2.051219003201175	60.521
795.5	1.3276545053709665	110.939
796.0	1.5172073411807023	30.21
796.5	2.453000579025187	70.445
797.0	1.8367187580708526	28.454
797.5	2.0416320545294435	40.168
798.0	1.2520343425155518	60.444
798.5	1.9441051634697282	60.391
799.0	2.232852092372574	50.173
799.5	1.207291241787417	14.226
800.0	1.0674875671849122	30.202
800.5	1.8844728942149211	19.919
801.0	1.4509706102533353	67.673
801.5	1.7073983330826248	80.175
802.0	1.619724731234482	37.487
802.5	1.5855897265340173	80.229
803.0	1.2878939554879507	69.259
803.5	1.2990310474971845	27.243
804.0	1.4455163975688674	30.138
804.5	1.2313965914005822	70.969
805.0	1.9898251970525895	68.464
805.5	1.3925513447114033	110.768
806.0	1.650227833404925	43.241
806.5	1.688150715652209	94.655
807.0	1.7627431662186237	16.197
807.5	1.6944955753474007	90.445
808.0	1.4757266131276094	122.969
808.5	1.8338899859617381	25.365
809.0	1.5673505402635055	20.164
809.5	1.6271899401148668	30.199
810.0	1.5635088672414814	70.483
810.5	1.5455647154454932	110.983
811.0	1.3882849494551566	88.65
811.5	1.0060729051460233	47.264
812.0	1.7187967168063336	104.876
812.5	1.9001501222891233	40.339
813.0	1.5171815024345694	16.611
813.5	1.1935555283005617	30.165
814.0	1.688584036187152	60.417
814.5	1.8026516421120358	80.307
815.0	1.87996208347876	110.781
815.5	1.8402463992333906	110.748
816.0	1.8501626808525502	36.245
816.5	1.9999840474741784	80.474
817.0	1.8973376281424432	30.245
817.5	2.293133480052238	15.984
818.0	2.1517450617498874	17.079
818.5	2.256541602964373	50.142
819.0	1.075878750778017	108.349
819.5	1.970877608780136	110.695
820.0	2.4501859226579703	40.434
820.5	1.7950105756270398	27.789
821.0	1.5811427885676457	90.612
821.5	1.0085563967307105	121.959
822.0	1.2223347349738822	80.261
822.5	1.7277178582577255	20.309
823.0	0.6967608843773261	18.906
823.5	1.5707831207306897	97.943
824.0	1.7368264234489685	100.826
824.5	1.5518993088103918	40.32
825.0	1.0592274568880133	65.184
825.5	2.1826956379871585	90.656
826.0	1.5834700149384897	90.538
826.5	1.7032426446364064	110.899
827.0	1.8530083547578218	110.636
827.5	2.073642071429968	50.4
828.0	2.6934003696480415	80.35
828.5	1.8796832741684575	15.274
829.0	1.3568094754962172	37.543
829.5	1.0106762473573323	16.031
830.0	1.9062655108685893	68.534
830.5	1.2935693661799295	80.641
831.0	1.6776989358926744	18.661
831.5	1.7513832472969575	86.262
832.0	2.3331930938891583	28.436
832.5	1.2352854580878703	18.788
833.0	1.574738870843699	37.802
833.5	2.041551316156321	70.455
834.0	1.7667246456675154	112.936
834.5	2.36965698807153	20.485
835.0	1.3426865213296204	20.493
835.5	1.3965234391472152	100.754
836.0	1.991975583790613	29.951
836.5	0.7957144675776022	24.695
837.0	1.3609765782227112	40.284
837.5	2.202199952652531	90.754
838.0	2.3095346149086535	17.604
838.5	1.4322458877456272	90.598
839.0	1.3207282988753386	30.226
839.5	1.142147522958282	19.618
840.0	1.8365468219753693	36.852
840.5	2.1143227570922307	87.216
841.0	1.5262852996686767	50.426
841.5	2.124063881476834	90.388
842.0	1.6642046513891253	29.839
842.5	1.4599149034377272	108.347
843.0	2.165082594869491	37.128
843.5	1.9200598922893843	30.187
844.0	1.9337272686777376	252.628
844.5	1.8158040007416882	16.689
845.0	1.9774374280521791	111.847
845.5	1.710236311859575	37.295
846.0	1.6474759878725858	120.871
846.5	1.6721209933233256	21.448
847.0	1.404101998515094	100.844
847.5	1.6138848161048438	105.259
848.0	1.1798418899040395	17.239
848.5	1.7364873380565602	68.533
849.0	1.712109026118918	88.59
849.5	1.7246439623958967	26.188
850.0	1.1498397685013801	70.44
850.5	1.298826244887511	20.133
851.0	1.6958376538109194	80.468
851.5	1.7283110061676945	38.256
852.0	1.4731775743242712	100.832
852.5	1.7596803321359702	118.06
853.0	1.8859895823809711	15.706
853.5	2.1961320078046325	60.69
854.0	1.107707697798093	70.347
854.5	2.4254224272753233	110.259
855.0	1.7984244290556217	120.896
855.5	1.4527351701243738	383.246
856.0	1.634151516659336	69.95
856.5	1.9255236807065128	120.685
857.0	2.0980349413104964	130.701
857.5	2.4389344467355887	36.707
858.0	1.2081791298152025	110.666
858.5	1.703550655196879	70.39
859.0	2.281575612026377	16.886
859.5	1.388874201926479	90.654
860.0	1.163845063092068	22.31
860.5	1.7696879552530724	43.442
861.0	1.7770927451289638	17.302
861.5	1.836029471613238	90.593
862.0	1.9139352743430251	59.569
862.5	1.4580109706085522	110.624
863.0	1.95120609741085	110.993
863.5	1.8012273034782196	90.541
864.0	2.1493835038773232	77.511
864.5	1.2608658545923244	129.796
865.0	1.7172751431137436	110.677
865.5	1.3931023259551418	57.737
866.0	1.6190488754886254	80.898
866.5	1.4137339402905875	40.418
867.0	2.079643212563316	20.162
867.5	1.5993267358386243	20.235
868.0	1.5569805791683016	22.171
868.5	2.4671572958690198	15.973
869.0	1.8912768807979816	20.401
869.5	1.186264399526896	39.836
870.0	1.227471499295339	50.301
870.5	1.4205423805370987	20.088
871.0	1.081612180384298	87.136
871.5	1.7903088553051487	40.29
872.0	1.663985196643005	80.54
872.5	1.9808408551819	78.902
873.0	2.4089668307941765	20.199
873.5	1.1662084062607945	41.675
874.0	2.0092279388183125	18.35
874.5	1.7924967125324627	100.73
875.0	1.9243258973295698	30.203
875.5	1.3067800138194001	19.267
876.0	1.598968160777198	95.95
876.5	1.7164329290588842	60.507
877.0	1.9727952346594655	58.321
877.5	2.056730770476776	80.491
878.0	1.6204969786230246	57.684
878.5	1.8445926367770247	47.892
879.0	1.4840002318112127	90.546
879.5	1.7962706585301467	80.447
880.0	1.6181953721867077	90.418
880.5	1.5149466750365514	50.263
881.0	1.8101054256241529	70.391
881.5	1.689569239660205	80.653
882.0	2.0863838195272986	37.267
882.5	2.0270618401904716	30.232
883.0	1.135065627861204	120.795
883.5	1.731876016957474	46.353
884.0	1.8131586017909302	70.306
884.5	1.5621791220804537	80.497
885.0	1.4000444639392062	30.21
885.5	1.4014183479545288	110.698
886.0	1.9718165869006063	50.378
886.5	1.910941420147736	15.443
887.0	1.0096056851687256	60.522
887.5	2.027468190731881	50.399
888.0	1.7107774980461459	25.188
888.5	2.347384440504989	86.551
889.0	1.0344224870935286	100.721
889.5	1.5655248883503479	90.439
890.0	1.9143173506881577	15.701
890.5	2.0479492676623217	60.524
891.0	1.3844401774868116	36.807
891.5	1.9079328867491476	100.089
892.0	2.1152182739556573	110.623
892.5	1.8783436679403769	60.441
893.0	1.4346922048785187	107.076
893.5	1.717891962492507	80.537
894.0	1.7106912436045556	80.522
894.5	2.1895628872360766	28.914
895.0	1.585385188974709	110.716
895.5	1.913833679612791	70.421
896.0	1.9980705388955124	47.554
896.5	1.681858538360027	72.058
897.0	1.4142791540099258	110.898
897.5	1.4855059731558924	120.842
898.0	1.559306822420958	40.246
898.5	1.5750996388215628	50.441
899.0	1.9692080041060158	20.284
899.5	1.6165179694715643	80.178
900.0	1.790658525646053	57.138
900.5	1.8578511089343617	25.749
901.0	1.4912393263251271	87.051
901.5	1.5944108679952094	39.086
902.0	2.3650190134545785	52.188
902.5	1.1655818150734365	30.191
903.0	2.201624487331419	70.428
903.5	1.8019396655523294	67.231
904.0	1.7862668625363791	60.489
904.5	1.9338897637345454	70.483
905.0	1.5844861934196093	78.037
905.5	1.716176651741113	110.568
906.0	1.640804202863464	100.596
906.5	1.7190924930903329	100.817
907.0	2.327474075041911	110.71
907.5	1.8788659052465946	40.302
908.0	1.4071355374974672	100.705
908.5	1.648439549803134	70.342
909.0	2.2614331722087577	80.628
909.5	1.652605467956049	60.362
910.0	1.8674228942819067	18.252
910.5	1.2599287633369773	90.638
911.0	1.4566126364189669	91.693
911.5	2.270735774050515	51.333
912.0	2.0041587732527564	67.112
912.5	1.5456098754234147	40.274
913.0	1.5973775740151719	50.125
913.5	1.6672457175981026	35.997
914.0	1.8860351944735854	16.653
914.5	1.4849635069561715	90.666
915.0	1.6647044991835165	20.306
915.5	2.2597567619235854	80.417
916.0	1.8428042533115039	120.879
916.5	1.4153819283291467	40.41
917.0	2.4410993238213594	30.194
917.5	2.2356869071044945	110.861
918.0	1.5791099575156282	90.576
918.5	1.7483930748185859	20.23
919.0	1.6774576641772876	66.611
919.5	2.307766006322064	18.525
920.0	1.2169815028223525	70.547
920.5	1.6476553779483831	30.215
921.0	1.6712026422414623	50.481
921.5	1.5095183290702268	39.748
922.0	1.3763083960005487	30.242
922.5	1.1951679962063542	84.465
923.0	1.7867003265715156	19.284
923.5	2.033856454975107	46.941
924.0	1.101666455725691	110.723
924.5	1.8000958519708827	30.202
925.0	1.6686614350895412	37.675
925.5	1.579754805224586	121.668
926.0	3.390101850326934	87.055
926.5	1.645152246863796	120.656
927.0	1.9193745186529465	60.385
927.5	1.736466634129432	20.23
928.0	1.5685274565307532	17.359
928.5	2.0341793205480996	30.181
929.0	2.0749281321478072	70.534
929.5	2.0268549827208036	90.671
930.0	2.1811009453089043	80.382
930.5	1.97135851671007	20.055
931.0	2.1411293579289863	18.744
931.5	1.696025150320862	69.329
932.0	1.4376589384290361	67.241
932.5	2.030811162065922	20.496
933.0	1.758106890481235	20.19
933.5	1.518342699691695	39.178
934.0	1.629863445405983	18.679
934.5	2.0749292701450086	37.888
935.0	1.7952669641423047	16.695
935.5	1.822821376760047	110.938
936.0	1.3656564535483935	39.413
936.5	2.3742634625174466	88.564
937.0	1.8762544284281564	68.566
937.5	2.212411860834172	98.588
938.0	1.2553442194638198	100.693
938.5	1.8717202181247665	110.545
939.0	2.0189928339098815	36.86
939.5	1.4470619168588474	70.509
940.0	1.8079722838965855	100.636
940.5	2.0315108255467953	60.412
941.0	1.8435143553679647	53.221
941.5	1.646769446507012	20.219
942.0	1.571356086287065	110.678
942.5	1.962264603873433	80.367
943.0	2.323027599208584	90.6
943.5	1.7053293493047799	50.421
944.0	1.575142409718156	80.504
944.5	1.7311617276427371	93.006
945.0	1.9578233014582649	40.235
945.5	1.798069772169252	20.252
946.0	1.9792671618886868	37.962
946.5	2.168648209875383	47.817
947.0	1.4747062890935445	80.562
947.5	1.517755861715379	50.366
948.0	1.8109647487584069	171.491
948.5	1.971982121845161	111.014
949.0	2.043331878050973	15.549
949.5	1.6573835820497083	78.923
950.0	1.4822314799055498	56.143
950.5	2.5458293074826104	20.173
951.0	1.5885667528533292	16.285
951.5	1.822505670341379	110.947
952.0	1.8736626449515714	89.536
952.5	1.5534633455314382	20.174
953.0	1.7669235426735588	110.661
953.5	1.2740428554648313	80.595
954.0	1.71314716769813	50.444
954.5	2.1303008604364067	19.431
955.0	1.5567456305824732	49.289
955.5	1.5734676929064506	70.452
956.0	1.5598368143809005	90.722
956.5	1.7091516941089124	68.236
957.0	2.076963875355492	60.974
957.5	1.2442194378029712	66.074
958.0	1.504091407136443	120.783
958.5	2.3865144080760223	40.545
959.0	1.6300368671707683	90.37
959.5	1.5101093817874494	110.393
960.0	1.5626197154032424	100.453
960.5	1.9448674313716297	100.611
961.0	1.5564278204212698	22.526
961.5	1.8169282726973934	20.271
962.0	1.7906517175256116	25.646
962.5	2.083713679717553	30.177
963.0	2.152413138950489	35.644
963.5	1.701654307696796	27.809
964.0	2.273215819405227	46.103
964.5	1.893067626632292	20.166
965.0	2.759033842884132	17.594
965.5	1.3141095535217018	80.629
966.0	1.321294645280171	78.787
966.5	1.7713710698872003	70.337
967.0	1.9724452271494175	109.719
967.5	1.0459441810068548	103.76
968.0	1.8642474412952463	58.057
968.5	2.470883436173071	91.071
969.0	1.4484973318983163	100.764
969.5	1.5725770515880106	40.358
970.0	1.993376573290262	90.359
970.5	1.532835917914912	90.615
971.0	2.0898579527901093	100.758
971.5	1.5205603322278944	16.079
972.0	1.8348317984533726	65.92
972.5	1.7682783004043074	63.404
973.0	1.7586510663696544	52.481
973.5	1.8593138619383458	50.332
974.0	2.087518938926551	100.609
974.5	1.6117356922193462	100.318
975.0	1.500124170491397	40.881
975.5	2.116407741190918	123.013
976.0	1.9209053117207393	80.472
976.5	1.7654020226656912	90.409
977.0	1.957244784260427	110.997
977.5	1.6591530098107596	15.223
978.0	1.4515246269495412	80.58
978.5	1.8870859174192232	110.547
979.0	1.9821647897094834	42.31
979.5	1.5777106741107851	34.23
980.0	1.4775797748649095	82.646
980.5	2.242480476542907	20.229
981.0	1.2687809623187136	70.388
981.5	2.174745169538075	15.43
982.0	1.781314819766263	15.168
982.5	1.3871573817966367	182.105
983.0	2.0158470263781414	70.506
983.5	1.8122322703329872	110.708
984.0	2.08017795836419	80.41
984.5	1.7608857493699481	50.44
985.0	1.255930833905753	110.745
985.5	1.9176816375554038	87.241
986.0	1.974529592888078	29.746
986.5	1.5208744163104613	104.803
987.0	1.696401407087189	16.553
987.5	1.8965298671109514	50.3
988.0	1.7144458448706597	67.891
988.5	1.72252515970052	65.96
989.0	1.5488799238652822	19.915
989.5	2.1393510752691567	67.029
990.0	2.1894364840708542	60.527
990.5	1.8638647821555463	90.603
991.0	1.9895797673118858	90.593
991.5	1.7011824737060048	80.507
992.0	2.0000536567583085	55.037
992.5	1.3199402795252067	50.366
993.0	1.8066261977521936	100.79
993.5	1.998048852365381	80.47
994.0	1.5657811667221284	48.264
994.5	1.50505368463154	90.651
995.0	1.9837012314414229	98.128
995.5	1.989649536134791	46.675
996.0	1.5501435150471785	107.511
996.5	2.1169135726274524	15.284
997.0	1.4745142693212225	109.838
997.5	2.516017973212343	40.308
998.0	1.3963183787306905	100.741
998.5	1.9195397025977252	35.853
999.0	1.8373048711488176	100.556
999.5	1.8620204724256237	90.816
1000.0	1.8988549323093016	28.524
