0.5	0.2677270872923395	22.104
1.0	0.22991766467908378	42.684
1.5	0.3216713460046168	60.438
2.0	0.12035681329629234	30.75
2.5	0.03327977589471485	13.547
3.0	0.03479578565653502	10.091
3.5	0.1749647593438596	13.181
4.0	0.0324614990349891	18.001
4.5	0.03848591241130657	21.818
5.0	0.0924267799169371	9.257
5.5	0.15899488465674105	16.654
6.0	0.12566359622403206	32.985
6.5	0.027465171197875532	13.146
7.0	0.376712254114478	100.827
7.5	0.17292915218020263	50.563
8.0	0.32451232034643884	33.504
8.5	0.22037303653896734	115.247
9.0	0.3877490455738157	32.156
9.5	0.12068436445256714	41.751
10.0	0.2853451106607517	20.289
10.5	0.2517115504801266	11.058
11.0	0.2832534910112614	20.254
11.5	0.44893290210790454	9.151
12.0	0.5759263408502291	50.533
12.5	0.4015031202172608	60.47
13.0	0.21016752986516388	40.21
13.5	0.3492077742207349	39.884
14.0	0.3376497176903667	63.959
14.5	0.5992942072083062	20.859
15.0	0.6696213186239213	70.863
15.5	0.21577935724504876	112.437
16.0	0.14191014523237688	10.964
16.5	0.20090475769665814	29.465
17.0	0.02819260191870947	39.436
17.5	0.8358524946170327	13.992
18.0	0.21598292535602706	70.116
18.5	0.2780890507106538	29.605
19.0	0.6132606090424366	29.688
19.5	0.4448927627016785	100.736
20.0	0.42060842910963153	10.284
20.5	0.4930768229221967	40.445
21.0	0.41769567749376924	103.78
21.5	0.012370704051636901	114.23
22.0	0.3202787502192876	11.488
22.5	0.02185420093232089	60.913
23.0	0.15577443951819805	59.997
23.5	0.4786378178217012	117.506
24.0	0.0814676761927974	50.503
24.5	0.09357865384542836	41.848
25.0	0.10422617632197836	14.433
25.5	0.04170800261618397	103.233
26.0	0.0948595714934505	33.269
26.5	0.04194731909244379	16.62
27.0	0.010512957329448628	11.292
27.5	0.05413395703691426	10.507
28.0	0.012549471141952057	16.701
28.5	0.04124317511705196	108.57
29.0	0.17881276426487616	16.092
29.5	0.4227732912726768	120.685
30.0	0.13831839836363932	57.418
30.5	0.30714927804731895	30.125
31.0	0.026796759362064868	35.624
31.5	0.15294463428313554	29.75
32.0	0.12922268637134318	21.465
32.5	0.16920830849962823	20.304
33.0	7.42808757385456	66.371
33.5	1.4894734046365095	111.261
34.0	1.9877164574854538	374.257
34.5	2.2142771009680433	586.729
35.0	2.623441802308263	19.759
35.5	1.2096230744716827	110.726
36.0	1.9506459052276746	161.459
36.5	1.8587267532463134	100.613
37.0	2.3638515172380137	17.436
37.5	1.0673576178547268	80.647
38.0	1.783200592865725	42.603
38.5	2.5716299448775937	71.088
39.0	1.4665596006219406	130.862
39.5	1.9932781860155369	30.281
40.0	0.16941433552921115	38.037
40.5	2.501919831647694	50.384
41.0	0.7607253622968351	101.136
41.5	0.7925703540643917	38.568
42.0	0.9735367944494241	33.915
42.5	0.5420736435139488	59.537
43.0	0.7646829700057137	130.87
43.5	0.15173847596279133	22.012
44.0	1.930706615170307	130.97
44.5	0.6665758133915292	110.966
45.0	0.36216756157362134	110.858
45.5	0.6636707623282512	110.692
46.0	0.7801177736295881	20.016
46.5	0.6784148823057229	25.223
47.0	0.5768109428569552	35.916
47.5	0.17966534284665447	20.688
48.0	0.15333814771389026	11.734
48.5	7.155537344721251	60.504
49.0	6.983886921801104	377.58
49.5	1.9392584002543098	120.83
50.0	1.5105305895140961	130.916
50.5	1.7326059431933007	90.578
51.0	2.0160532613894135	91.146
51.5	1.9787746168239917	36.548
52.0	2.0591978792977783	60.317
52.5	1.6952689368692042	80.721
53.0	1.9266995205524309	19.304
53.5	1.9456241013357662	71.771
54.0	2.3029955122675685	70.376
54.5	1.8979961410855573	70.419
55.0	1.5662539631141614	120.787
55.5	1.9506585190859649	30.109
56.0	1.9133141114227483	80.669
56.5	1.8974146879554776	90.805
57.0	1.4585481685068848	41.721
57.5	2.0520713283303635	30.224
58.0	1.8499671751454088	70.305
58.5	1.5426931112491813	22.179
59.0	1.8119760008035204	90.716
59.5	2.069302176059665	20.394
60.0	2.60026428236022	70.241
60.5	1.4058387248611939	72.286
61.0	2.426931948235421	30.172
61.5	1.938828751978511	20.801
62.0	1.7711807368815258	60.128
62.5	1.3362805430881286	90.56
63.0	1.0762330600959984	40.355
63.5	2.4311274945885186	21.542
64.0	2.072093772159734	70.461
64.5	1.8641711578812685	70.072
65.0	2.342424400859762	60.703
65.5	1.6641378510701865	90.6
66.0	1.5753752426606629	34.926
66.5	2.1619275601043095	30.233
67.0	2.0693890431095445	61.69
67.5	0.561670310498879	64.045
68.0	3.54197153419642	57.458
68.5	2.0295996083523553	91.988
69.0	2.243913447578594	103.72
69.5	1.524823860945098	50.106
70.0	1.5740023177154887	61.422
70.5	1.892025723113991	30.228
71.0	2.250832005785692	90.559
71.5	1.8957171792099834	48.975
72.0	1.669711940616417	40.65
72.5	1.9716251991594878	70.579
73.0	2.113441243265042	101.897
73.5	1.6152486496036826	80.819
74.0	1.586780277968365	50.4
74.5	1.7323239464434936	70.454
75.0	1.7784426323626494	30.321
75.5	2.064423725122242	100.724
76.0	1.7118120092887046	96.789
76.5	1.6035332431654357	22.734
77.0	2.2962471206331436	45.619
77.5	1.3632141142340268	23.148
78.0	2.10328940968945	25.694
78.5	2.104242903071395	81.666
79.0	1.8376136059785102	81.082
79.5	1.235320397970966	60.349
80.0	1.8128063912671581	110.924
80.5	1.9362269846431055	130.949
81.0	2.0700240274395223	80.415
81.5	2.0679715131086285	81.143
82.0	1.7516886811289727	81.109
82.5	1.792409542392644	92.375
83.0	1.7697343582623115	130.973
83.5	1.3406231354410747	151.152
84.0	1.3727356322984887	23.888
84.5	2.597795227860179	95.192
85.0	1.7485769972058838	60.408
85.5	1.2649565819757473	60.338
86.0	1.6360509412202189	89.82
86.5	0.1501771156706436	11.443
87.0	0.16081746577436848	14.994
87.5	1.2590114013827385	24.079
88.0	1.321097674270356	34.202
88.5	0.9774245595902462	110.832
89.0	1.0679256296016404	110.867
89.5	0.7623365767775723	20.187
90.0	0.8053986994641138	140.928
90.5	1.0050719012184992	80.598
91.0	1.0465746116598678	14.842
91.5	0.8428681576643691	80.556
92.0	0.8952775603264532	82.713
92.5	0.9465407279666652	30.386
93.0	0.9413243172175811	40.36
93.5	0.7737082217543918	70.543
94.0	0.9859694700149967	70.551
94.5	1.26531620126826	60.445
95.0	1.11451607779384	60.381
95.5	0.8011623463098716	113.606
96.0	0.948776335957318	151.084
96.5	1.0445827492662132	80.59
97.0	1.1197148474755734	80.594
97.5	0.7429619193102971	100.703
98.0	0.8462529846982391	100.698
98.5	0.1623937958913565	12.365
99.0	3.6635389830845746	50.266
99.5	0.12194324755895775	139700450316.912
100.0	0.17079945859478932	9.153
100.5	1.4887169991291587	100.875
101.0	2.7039614348888157	50.583
101.5	1.415145775062044	50.423
102.0	0.1705947335507627	109.563
102.5	1.3784232552001283	141.22
103.0	1.3460855028487564	171.756
103.5	0.5942155633888057	121.879
104.0	0.837871159869801	181.679
104.5	0.531901887108411	84.463
105.0	0.793622251446279	169.176
105.5	0.17696205670978027	10.97
106.0	12.515407163530439	14.066
106.5	2.05819469846432	50.456
107.0	1.61599734072356	50.234
107.5	1.9398740864355069	55.972
108.0	2.0153854869189405	83.579
108.5	1.2231267269269699	118.018
109.0	2.336781819893871	60.491
109.5	1.8009808056995957	12.988
110.0	1.7585774925930049	120.868
110.5	2.888036256876675	80.127
111.0	1.0211653862848267	30.248
111.5	1.7327608551514941	50.433
112.0	1.9960873963360635	60.34
112.5	1.8825154370661958	20.317
113.0	1.8490103513552556	80.516
113.5	1.8933175862757257	90.142
114.0	1.703731225950943	24.248
114.5	2.5811905819052576	49.19
115.0	1.2785298187856933	30.282
115.5	1.982298504627382	105.616
116.0	2.5243790128246175	66.751
116.5	2.3894418024682778	20.157
117.0	1.1455655755276408	89.725
117.5	1.847925083926218	100.608
118.0	2.1550198208670164	100.851
118.5	2.2956995858928044	123.105
119.0	1.634681262845869	66.548
119.5	1.9815127798506824	40.422
120.0	1.519637650025114	40.37
120.5	1.5258060412222874	50.446
121.0	1.6112849582163122	53.806
121.5	2.170119721176576	30.269
122.0	2.277226082839415	70.358
122.5	1.4470477380590803	30.809
123.0	1.4798784965510963	74.641
123.5	2.2024812876819313	40.361
124.0	2.432896354589203	62.621
124.5	1.5465083265121549	18.645
125.0	2.2482236452728586	61.992
125.5	2.015410727381382	63.013
126.0	1.7290084350359791	120.995
126.5	1.5121123820832048	110.613
127.0	1.9026151270834781	62.656
127.5	2.191519327887322	44.293
128.0	2.3896221487963465	73.05
128.5	1.1767502781993742	100.617
129.0	2.1170828607426038	39.674
129.5	2.270079524700306	121.881
130.0	1.9107128859331357	40.403
130.5	1.504372505410758	30.325
131.0	1.8216491612147132	59.085
131.5	1.967966265439595	60.477
132.0	1.8783719393384453	115.719
132.5	1.3012290987974326	50.395
133.0	2.292167479766945	90.827
133.5	2.0473600700080126	60.472
134.0	2.3562614547089282	11.788
134.5	1.8401106518613572	74.48
135.0	1.3735425491262052	80.698
135.5	1.769137384350343	53.962
136.0	2.1916541340379245	25.658
136.5	1.4990968421393973	90.696
137.0	1.7228084286686083	121.646
137.5	2.332927955905023	75.9
138.0	1.2882736201679403	50.406
138.5	1.4647285309636116	107.135
139.0	1.8372632257278239	96.073
139.5	2.30208504637512	70.491
140.0	1.7053262118181303	30.406
140.5	1.545184220060169	77.336
141.0	1.8238445945513555	60.414
141.5	2.2496857170677766	100.817
142.0	1.5515647480630852	100.769
142.5	1.3323164089395072	110.791
143.0	1.8251429710382323	90.512
143.5	2.248574714207436	103.397
144.0	1.3983884227532786	30.208
144.5	1.9976993438593922	11.72
145.0	1.8020717714482415	52.542
145.5	1.8244537911542937	90.646
146.0	1.7950221817865177	73.537
146.5	1.7901631518811367	73.213
147.0	1.6278411659192942	70.439
147.5	1.6363164623869557	93.266
148.0	1.3633454349791416	100.723
148.5	2.266355190870444	80.508
149.0	1.8275149719679784	80.916
149.5	1.7841920749302544	110.673
150.0	1.8255445196142668	32.269
150.5	1.8473160815853031	110.73
151.0	1.7192302459789217	50.36
151.5	2.036410655247067	62.018
152.0	1.3359655384460087	50.299
152.5	2.1138384378614448	70.603
153.0	1.4394698177887333	39.079
153.5	2.387125993686318	100.766
154.0	0.8145664476940763	136.413
154.5	1.8323730717696007	90.751
155.0	1.6985147781468108	100.589
155.5	0.05793054263327446	15.29
156.0	0.13296115649092524	16.539
156.5	12.365384114928755	142.669
157.0	2.6397317020190347	156.531
157.5	3.256237155773035	454.601
158.0	3.2997111055912476	100.749
158.5	2.084292576917879	33.793
159.0	1.5951140990139503	171.146
159.5	1.6268708793910804	40.38
160.0	1.9537192153968332	91.026
160.5	1.5098242499912935	110.853
161.0	2.70818185733994	70.537
161.5	1.7126363336226902	80.77
162.0	1.7548783112926694	80.64
162.5	1.6631661479457647	133.839
163.0	2.438377594737911	80.676
163.5	1.3859390942424532	93.418
164.0	1.7831988255455231	120.877
164.5	2.270438514478848	70.453
165.0	1.9246215709739283	50.238
165.5	1.1827069589041028	80.64
166.0	1.4008240932647953	15.85
166.5	1.5447086447910903	100.551
167.0	1.6101493928016468	13.475
167.5	1.3782311441471506	80.623
168.0	1.529177315955748	120.826
168.5	1.4527827043335682	15.976
169.0	1.264224689590598	37.458
169.5	1.4378496674778358	20.234
170.0	1.4997602902415275	118.506
170.5	1.7079442834329652	80.576
171.0	2.291846415261159	20.397
171.5	1.0789052629348812	90.454
172.0	1.7079851298580944	80.637
172.5	1.4956016585471883	120.902
173.0	1.5742497237476512	33.688
173.5	1.3928324357676387	34.874
174.0	2.0100000389269974	89.827
174.5	1.9312247179614432	80.424
175.0	1.9574709004111035	37.638
175.5	1.559400493727032	18.879
176.0	1.4377230308675402	110.821
176.5	2.4045447722002025	97.633
177.0	2.142819469815585	80.583
177.5	2.4173432967229065	13.045
178.0	1.9087204701556266	80.479
178.5	2.131060084409074	60.403
179.0	1.7188248372955	60.547
179.5	1.9556406170382927	14.027
180.0	1.8337555168627337	75.067
180.5	0.8321549584641973	36.16
181.0	2.032652013452703	120.932
181.5	1.5546323823174506	80.64
182.0	2.309884047429175	40.108
182.5	1.7630940227364222	40.407
183.0	1.9002770535944153	60.369
183.5	1.6696859083085813	40.367
184.0	1.6378499480245867	20.175
184.5	1.776789411636143	20.264
185.0	1.820641251709773	123.192
185.5	1.7817498066043096	60.385
186.0	1.9247993655394007	75.485
186.5	1.889258208976513	80.571
187.0	2.1989274672800727	70.465
187.5	1.4075373062826346	70.513
188.0	1.7379964018172103	100.645
188.5	1.8471125806922775	22.591
189.0	1.5367542758828618	57.925
189.5	1.9091741457354017	20.128
190.0	2.397045416693451	15.445
190.5	1.743826668837189	40.38
191.0	2.1499498282515486	20.211
191.5	1.7961312784789671	14.499
192.0	1.9091467093384908	60.474
192.5	1.4879911580423595	80.544
193.0	1.8829572803818357	91.015
193.5	1.824383844308863	120.93
194.0	1.7506216946194981	80.537
194.5	2.4336243458620945	40.258
195.0	1.4955212311707025	17.055
195.5	1.9455066937101777	80.497
196.0	1.9605655427169633	80.77
196.5	2.0519265449057427	90.637
197.0	1.9595893447479176	20.251
197.5	1.6272731848245259	120.588
198.0	1.9713439639435935	80.594
198.5	1.604447175443649	17.554
199.0	1.570667039504992	70.565
199.5	1.6662505796902944	80.607
200.0	2.1237391816949107	92.936
200.5	1.460153115754051	125.126
201.0	2.1443618152385455	18.923
201.5	1.902507198837308	60.48
202.0	1.628617426001941	130.931
202.5	1.4769539416232356	80.599
203.0	2.533526981328903	17.985
203.5	1.8862705597056493	70.699
204.0	1.7735184889708606	19.006
204.5	1.4141158934353202	111.581
205.0	1.6951031777825794	20.111
205.5	1.5595379017750026	20.175
206.0	2.4935821332348485	65.851
206.5	1.536562330139318	20.162
207.0	2.202240867341413	50.311
207.5	1.6315400723748148	60.536
208.0	2.171421826001243	80.501
208.5	1.623841897784775	60.189
209.0	1.5711591549681827	13.686
209.5	1.753502264061782	68.651
210.0	1.6061979889693756	70.626
210.5	1.7801045416613763	75.834
211.0	2.1517613969322156	70.518
211.5	1.8688498376393898	20.154
212.0	2.410415982764119	60.408
212.5	1.375076666085379	80.638
213.0	2.182046808143149	80.545
213.5	1.8849379388596856	60.492
214.0	1.4951243911116168	70.289
214.5	1.7200120597072284	100.5
215.0	1.8847339031298218	116.442
215.5	2.3720140975429946	121.115
216.0	1.6471587224435276	60.366
216.5	1.9316027811762868	40.177
217.0	1.6277508460826844	120.852
217.5	2.044312794568149	70.575
218.0	1.9024143046668809	60.239
218.5	1.655235014428959	33.458
219.0	1.6340652444028798	19.205
219.5	1.8942012330249753	53.038
220.0	3.4103973218836185	278.35
220.5	2.6855947488997445	75.448
221.0	3.019713982583423	202.106
221.5	3.759444707705654	181.679
222.0	2.575491138415398	140.943
222.5	2.5768620596414977	313.518
223.0	5.01237414891294	135.062
223.5	2.4376164596023906	86.246
224.0	3.84284694903912	141.146
224.5	3.148698305549913	89.529
225.0	2.266639958315888	100.484
225.5	1.9134805226270404	70.649
226.0	1.366544256836338	20.158
226.5	1.9819477226526045	60.27
227.0	2.1079414702596155	130.88
227.5	1.8907505330103802	110.795
228.0	1.4894239780834744	65.692
228.5	2.0769888656494673	90.618
229.0	2.0114470894377017	53.822
229.5	1.422832742032015	66.923
230.0	1.5058076255820487	282.906
230.5	1.7688328536078894	60.536
231.0	1.6542104710970489	34.949
231.5	1.683914084654754	15.544
232.0	1.651914034628166	141.42
232.5	2.3873175114266707	58.871
233.0	1.6849081434752775	100.911
233.5	2.1483333600846892	34.243
234.0	1.8980200187024985	60.33
234.5	1.963437609527678	70.463
235.0	1.8146266898379593	90.676
235.5	2.1421220277417565	20.194
236.0	1.8913701515044081	75.269
236.5	1.4012804279502602	80.627
237.0	2.042093164080559	80.587
237.5	1.7180067108407666	100.66
238.0	2.020087389140816	22.592
238.5	1.6863199972080098	78.584
239.0	1.5887541103157727	100.589
239.5	1.6502982469647591	50.427
240.0	2.0800305060750612	14.908
240.5	1.954725899496606	70.411
241.0	1.474797914495062	110.745
241.5	1.898668690558109	114.289
242.0	1.890171797111221	74.414
242.5	2.0746166069320515	50.397
243.0	1.6873140411694934	15.274
243.5	2.162887948562292	101.671
244.0	1.9965703558503771	120.897
244.5	2.2083099870209573	14.373
245.0	2.490230432065812	70.318
245.5	1.782318931282063	50.411
246.0	1.9043630446085973	20.089
246.5	2.1740895926361157	47.347
247.0	1.6253170568584165	110.874
247.5	1.2665933472327686	43.454
248.0	1.5653224822608294	38.153
248.5	2.1995211644814026	20.027
249.0	1.8698735804907578	15.879
249.5	1.6996643463197172	60.384
250.0	1.7211919241832963	33.246
250.5	1.718598486630893	36.675
251.0	2.196976061497702	20.133
251.5	1.5119658833197456	70.489
252.0	2.5052149077035097	20.225
252.5	2.1074688468655522	120.642
253.0	2.1246135260298873	100.475
253.5	1.2982748300335394	20.07
254.0	2.1315902008074077	42.821
254.5	1.7237324513873669	70.466
255.0	2.045219859329559	40.336
255.5	1.6740975377840455	121.319
256.0	1.8864528933602676	80.546
256.5	2.8987662325295243	40.495
257.0	1.6326534814134912	68.947
257.5	2.2770552234629795	60.324
258.0	1.7922823387518776	120.871
258.5	1.992546612204187	80.582
259.0	1.7252533760131445	20.388
259.5	1.6698111325991523	80.621
260.0	2.0418579504720697	80.495
260.5	2.075855853741832	95.944
261.0	1.2892808303450967	80.364
261.5	1.6976227271683533	40.125
262.0	1.7272969428351577	73.221
262.5	2.21896041168105	120.692
263.0	1.7070469984249024	24.257
263.5	2.2488164673023583	20.145
264.0	1.4648910962523916	126.783
264.5	2.0958151316641804	20.33
265.0	1.3517458402609646	111.178
265.5	1.7345233164717357	37.711
266.0	2.0522700310136943	13.714
266.5	2.3031360976127786	37.255
267.0	1.377125771706191	28.384
267.5	1.4745343532546193	16.442
268.0	1.628624206807771	21.458
268.5	1.7592599306694385	128.286
269.0	1.6842313629025796	90.794
269.5	1.6154374180737712	50.242
270.0	2.106345444930553	108.038
270.5	1.4613805406060265	60.515
271.0	2.1796049638010206	70.457
271.5	1.8709924181027542	50.432
272.0	1.6680635692670687	13.858
272.5	1.9852242203004609	16.298
273.0	1.788663760425115	50.402
273.5	1.6177364905701652	34.682
274.0	2.2281102657671616	80.308
274.5	2.01989496072585	60.503
275.0	2.064692515808045	141.354
275.5	2.379922241928977	232.045
276.0	4.337395635170207	80.568
276.5	3.1007073693238647	151.193
277.0	3.20829580917513	262.439
277.5	3.533072285505104	49.517
278.0	1.520577396113482	80.841
278.5	2.41683422085221	35.201
279.0	1.5191170745167417	100.818
279.5	2.342148673564999	110.851
280.0	2.205412118757177	14.12
280.5	1.8426041285386965	20.216
281.0	1.6889758440142244	15.297
281.5	1.8039355629747817	49.633
282.0	2.193215937491601	80.454
282.5	1.7023960033989285	90.574
283.0	2.3519028768383095	90.79
283.5	1.8895200859406147	135.184
284.0	1.8879837297396402	82.23
284.5	1.4792170160899223	33.716
285.0	1.5054700286169667	120.981
285.5	2.2197546505442793	120.871
286.0	1.628831893568197	120.784
286.5	1.3441990885534578	37.031
287.0	1.8984467471508824	13.671
287.5	1.644857643678362	16.511
288.0	1.8746051983065088	33.929
288.5	1.2960821361564165	20.126
289.0	1.9167193833413954	32.196
289.5	2.3625452425241207	30.209
290.0	1.7318466476146916	50.424
290.5	2.3152982566575857	20.231
291.0	1.8149198884311004	120.694
291.5	1.9125158354988478	100.492
292.0	1.8001848362359985	95.831
292.5	2.0536362799487926	80.408
293.0	2.0052073192355073	50.281
293.5	1.3516449756564324	64.381
294.0	1.5267335897793834	90.43
294.5	1.715820005372984	110.646
295.0	2.3110349367790155	76.006
295.5	1.6996469692460288	80.342
296.0	1.8851456577567405	30.286
296.5	2.265448051871435	120.851
297.0	1.8338726652113004	105.866
297.5	2.6357242220494634	54.178
298.0	1.7449415226625236	14.006
298.5	1.6478017342884592	60.567
299.0	1.4062048827686686	141.046
299.5	1.6435557251325752	100.701
300.0	1.850870506110194	94.072
300.5	2.177044768960373	90.39
301.0	1.7548106753899333	83.263
301.5	4.285455033358837	80.731
302.0	2.571030714261335	201.988
302.5	3.321261293059835	334.568
303.0	3.179255627869672	455.15
303.5	3.500853784841914	51.291
304.0	1.9726850344209803	70.469
304.5	1.655351724110299	103.838
305.0	2.106166174990388	80.635
305.5	1.6186258478936333	20.216
306.0	1.9175722993387816	20.148
306.5	2.330404647705321	80.642
307.0	1.95822746314888	70.54
307.5	1.7320567875411568	120.951
308.0	1.96680731262985	60.268
308.5	2.3404514153829554	84.652
309.0	1.8381256188257495	105.641
309.5	1.8101716230329692	80.557
310.0	2.0609974880217172	20.217
310.5	1.5269182147793603	110.95
311.0	2.246917932494519	80.553
311.5	2.3292642353505078	50.449
312.0	1.306361904516492	131.036
312.5	1.9168286522973486	40.544
313.0	1.8506512494483693	90.681
313.5	2.1704503835466005	30.259
314.0	1.7095343313890237	80.452
314.5	2.0993051682659627	20.244
315.0	1.8161320746162666	40.354
315.5	1.6478390591233993	70.474
316.0	2.3122963306870954	30.26
316.5	1.7430841185349164	61.607
317.0	2.169654606677367	140.994
317.5	1.7832276273487782	20.06
318.0	1.78608552614997	80.646
318.5	1.5957111140119142	60.392
319.0	2.405778624734806	60.337
319.5	1.554706167410475	191.739
320.0	2.3385274068334536	313.11
320.5	4.708983644397707	191.943
321.0	3.2716756776392755	171.807
321.5	3.9046204887846474	438.168
322.0	3.3853460195785794	50.463
322.5	1.8102326717867445	80.47
323.0	2.4482501384322854	40.416
323.5	1.604470156207488	111.216
324.0	2.95266931958068	202.443
324.5	3.514961817703001	121.316
325.0	2.1309159360649534	90.835
325.5	1.9153790887918292	81.866
326.0	3.4136430575238936	78.48
326.5	2.4992277876781404	90.785
327.0	1.8534357377414672	100.992
327.5	2.007177594890443	128.223
328.0	1.6672346426731068	20.164
328.5	5.011371922669763	70.969
329.0	2.234310181562051	135.564
329.5	2.0825184472469305	80.847
330.0	2.455858466434262	140.954
330.5	2.9542327249536746	34.495
331.0	2.4636842100660075	40.232
331.5	2.5037741474629085	48.664
332.0	3.1407331341951847	70.736
332.5	2.1264875798833054	70.481
333.0	2.4895580642229582	201.91
333.5	3.3091007335232416	296.645
334.0	4.005990649969889	480.793
334.5	1.5950038494308403	725.459
335.0	6.8668919030748405	404.615
335.5	1.9525891373551363	50.596
336.0	1.7935758306054128	170.216
336.5	2.341948511071312	80.645
337.0	1.4598894009089536	70.466
337.5	1.9272119176394165	68.867
338.0	1.370802996043353	120.811
338.5	1.4910941150539028	100.72
339.0	1.7324787098763743	15.619
339.5	1.5196367799229757	90.605
340.0	2.2874973914502683	70.549
340.5	2.2569276243076186	40.271
341.0	1.6353362949838333	40.303
341.5	2.0779684449823566	37.781
342.0	1.8521364037069765	60.361
342.5	1.4632601897431217	36.863
343.0	1.9779864146222075	50.286
343.5	1.7520454149866755	120.813
344.0	1.7775251219780137	80.521
344.5	1.770635993685407	13.903
345.0	1.540607056548696	120.938
345.5	2.3236474074595637	77.659
346.0	1.445564055585727	120.899
346.5	1.9738175441257293	70.558
347.0	2.5566414536556774	20.187
347.5	1.7825758911288123	110.945
348.0	1.542826288462065	17.846
348.5	1.9560772675159814	90.648
349.0	2.3458616195337525	65.619
349.5	1.55156284482737	60.479
350.0	1.964246544132057	16.346
350.5	2.184148607633738	20.219
351.0	1.997495027211803	13.254
351.5	1.5903559365057345	40.326
352.0	1.485344538924116	60.463
352.5	2.1123261793617414	100.677
353.0	1.9551659664833743	37.637
353.5	1.839322440215998	13.641
354.0	1.703629289222481	13.687
354.5	1.8344015495717723	20.136
355.0	1.8444368710558898	128.041
355.5	1.5818355137255662	89.173
356.0	2.132098779631552	80.459
356.5	2.059869281598869	60.315
357.0	1.4633866057804434	100.742
357.5	1.9816030220773129	80.516
358.0	1.4438847193662459	14.959
358.5	2.14101202004303	80.476
359.0	2.826385586239834	70.302
359.5	2.9737063680232945	126.713
360.0	4.161031278917996	161.69
360.5	4.042764972701345	80.698
361.0	2.5806517629589867	191.979
361.5	4.039755514266412	323.31
362.0	4.236962397184416	250.267
362.5	4.680861975195781	152.323
363.0	3.875400095532709	60.811
363.5	3.937112666839421	110.975
364.0	3.1945842807960165	80.834
364.5	1.967883616517418	50.394
365.0	2.6480366868061602	20.18
365.5	3.5735841553161656	131.382
366.0	3.3631550484408255	73.796
366.5	3.984732597293027	23.835
367.0	1.7883031542420198	78.848
367.5	0.14691968117809048	55.557
368.0	4.50242915122145	80.406
368.5	1.7668423641165139	88.266
369.0	2.626865714371647	50.534
369.5	2.6683878430754646	20.176
370.0	1.8537545379817053	100.78
370.5	1.4379970168919438	29.297
371.0	3.01472326038249	94.16
371.5	2.366967757426598	40.236
372.0	2.179461225158745	30.057
372.5	0.17208499682540182	23.542
373.0	6.3494663050131726	60.447
373.5	1.5171709464745686	120.727
374.0	2.280486841897863	50.252
374.5	2.4158847747089323	13.266
375.0	1.3133015111847013	394.076
375.5	3.3363558842466463	60.432
376.0	1.7042133220463376	100.741
376.5	1.918174983381442	111.153
377.0	2.8985763075650715	10.532
377.5	1.6957224864446396	80.801
378.0	2.6882757778463695	40.203
378.5	2.274494718933858	9.843
379.0	2.5390911849131483	11.655
379.5	2.5669143489734623	20.398
380.0	1.9490790747252393	20.209
380.5	3.0907047981306772	40.3
381.0	2.105188712659327	19.449
381.5	3.0005665276031985	21.138
382.0	2.400778105314291	29.857
382.5	1.9760882325977882	33.435
383.0	2.3080903807451816	10.035
383.5	2.5499425822260373	30.24
384.0	2.1674321998733563	126.887
384.5	2.358269802243543	10.084
385.0	2.85863412587378	60.418
385.5	1.7863272048758418	50.61
386.0	2.6328234490282494	11.21
386.5	1.5613712987964812	80.972
387.0	2.5026877471104325	20.879
387.5	2.3291064441861318	10.172
388.0	2.1453433235192008	30.168
388.5	2.9870154998222533	90.799
389.0	1.9433747390321972	80.595
389.5	2.4412045217806546	29.708
390.0	1.844526594605196	60.441
390.5	3.0724667259549356	40.364
391.0	1.6170306622677966	20.132
391.5	1.9777420263063763	60.488
392.0	2.2020247913119197	11.058
392.5	2.0489920241965853	40.553
393.0	2.119131317828949	123.285
393.5	2.162586036575909	31.695
394.0	2.0876732037979164	10.137
394.5	1.7743947312588084	9.171
395.0	2.1153657981146092	70.505
395.5	2.075934401743603	121.01
396.0	2.009583040494258	30.186
396.5	2.683643783023855	30.126
397.0	1.9321597489756932	30.149
397.5	3.271051837840322	40.298
398.0	2.1253806941057762	10.041
398.5	2.2595233930237337	9.342
399.0	2.115896334788128	70.464
399.5	2.4321582221174975	9.987
400.0	2.0138002377514455	70.513
400.5	1.97511227027842	60.351
401.0	2.9080459950015	11.133
401.5	2.6490420225336453	50.234
402.0	2.3985169201171894	90.655
402.5	2.5834471513219617	19.838
403.0	1.9959256286720093	40.219
403.5	1.2663286555713151	131.315
404.0	3.7225113750844967	20.791
404.5	1.8672138299671965	50.465
405.0	2.174571753063698	20.037
405.5	1.7813388738837526	100.754
406.0	1.5307357156614052	90.978
406.5	1.9740813232019216	101.061
407.0	2.284582249287996	110.72
407.5	2.0468617961889137	40.401
408.0	2.6601751464543573	60.337
408.5	1.3553532496166578	100.747
409.0	1.913654555243857	51.114
409.5	1.9029120273249185	100.648
410.0	1.9071664338353709	30.218
410.5	2.092454667897822	22.695
411.0	1.7377876392279683	9.435
411.5	1.7828776111933213	90.627
412.0	1.950012136983327	20.133
412.5	1.4217539004877129	10.994
413.0	2.4112833567730823	9.537
413.5	1.651093843980689	15.402
414.0	2.908467691961728	40.307
414.5	2.773976688704202	50.574
415.0	2.013331386956832	70.303
415.5	2.3804053200875135	70.551
416.0	2.1047467765260537	50.016
416.5	1.9397621397024447	30.149
417.0	2.4066441023296328	60.318
417.5	3.205532685312179	21.255
418.0	2.4534093299518123	70.488
418.5	2.351783163830888	20.146
419.0	1.6402459852127058	60.42
419.5	1.8444874170734091	80.582
420.0	2.7491129396272536	30.454
420.5	2.0340420846659235	70.425
421.0	2.170496610393919	70.398
421.5	1.7529675582281727	11.019
422.0	2.037500777306586	323.12
422.5	2.4675014961786936	60.306
423.0	1.823168260466277	161.21
423.5	2.618048151125901	305.122
424.0	2.1107335802344664	350.352
424.5	1.978380356911831	301.267
425.0	0.14037471492741005	4.533
425.5	7.6495662057831915	50.305
426.0	1.3008311916156399	5.332
426.5	2.2043396507538477	202.169
427.0	2.253453293629586	50.351
427.5	0.10554499314725975	56.904
428.0	4.735915600822008	4.367
428.5	1.5011436083824046	35.039
429.0	1.4998252077625445	100.713
429.5	0.5269029647296604	131.549
430.0	2.113360714717687	99.798
430.5	1.7635307331048227	30.153
431.0	1.9234572509577579	25.086
431.5	1.0953181652238053	41.643
432.0	2.6047707175878787	40.251
432.5	1.9149235872439874	121.072
433.0	1.5781390207157249	90.662
433.5	1.7960001000039918	40.174
434.0	1.5971196392749314	80.521
434.5	2.2079406842456955	60.095
435.0	1.1811337398452226	20.195
435.5	1.41753154296704	201.764
436.0	1.8877532348252708	80.773
436.5	1.6541489840724537	100.615
437.0	1.6853544846830182	70.53
437.5	2.0444447864890916	100.876
438.0	1.883231232224808	107.18
438.5	1.1692281567775404	129.463
439.0	1.8528073865172383	35.932
439.5	1.5227527796739477	30.224
440.0	2.0609759623340485	100.734
440.5	1.5617621948136722	74.067
441.0	1.2062433540195376	80.505
441.5	1.5002313693489284	20.184
442.0	1.6634032985273064	130.085
442.5	1.9249539768018873	51.884
443.0	1.607072806159041	8.733
443.5	1.521397787698049	45.124
444.0	2.007515685893105	30.179
444.5	1.4741624205181512	6.873
445.0	1.4733529301211796	60.464
445.5	1.5359550372559059	5.379
446.0	2.0519590735011013	105.869
446.5	1.275888469466421	120.95
447.0	0.8279229107505935	139.018
447.5	1.548828570993507	5.039
448.0	2.4010277436942484	10.125
448.5	2.638644932414335	20.182
449.0	1.5033657668994835	30.315
449.5	1.6966464109244663	70.499
450.0	1.4204926692240452	120.912
450.5	1.82020060904165	70.414
451.0	1.635315781258283	70.407
451.5	2.042445832054322	20.096
452.0	1.9825723594519982	100.537
452.5	0.8591628071154789	64.973
453.0	1.9346510887575026	49.485
453.5	1.6412672413524063	7.249
454.0	1.8849677879543965	46.288
454.5	1.455949400336512	120.845
455.0	2.1309606562640893	18.583
455.5	1.5264993649596015	30.172
456.0	1.63258352362917	30.218
456.5	1.691444872295317	30.291
457.0	1.5539268630251502	20.184
457.5	1.7190192308934713	30.227
458.0	2.128764619189299	50.349
458.5	1.4110102761358578	96.907
459.0	1.848691611990909	31.192
459.5	1.6959822820069124	20.238
460.0	1.2373189898789732	30.209
460.5	1.2670997100039634	9.848
461.0	2.4988223699619376	142.374
461.5	1.8645263031195294	23.833
462.0	1.8250684672134394	20.275
462.5	1.1889281049347455	7.954
463.0	1.6190018333394822	20.08
463.5	1.6360556494472724	50.47
464.0	1.3989143113376936	120.952
464.5	1.7247342677964077	23.663
465.0	1.7088370947388922	30.309
465.5	2.2618247290877895	69.607
466.0	1.8899854622340997	6.364
466.5	3.227949060428516	40.19
467.0	1.9715802628126424	74.935
467.5	1.6434106035932745	60.306
468.0	1.4401762889800138	100.752
468.5	1.4398593944165703	62.681
469.0	2.143477988629827	20.302
469.5	1.9573540989204499	80.669
470.0	1.650119740079917	18.235
470.5	1.5641659673580985	50.457
471.0	1.5056788139826682	70.489
471.5	1.016502629879825	35.538
472.0	2.0999306747694972	90.848
472.5	2.4029198580821327	20.199
473.0	1.6239379830288363	4.83
473.5	1.0623733699377458	90.906
474.0	1.5823522422758403	40.369
474.5	1.6512871533826732	131.194
475.0	1.4816026828867932	52.431
475.5	2.7943219443987872	60.567
476.0	1.325518473596837	106.792
476.5	1.4430110527039297	30.308
477.0	1.7850327808664992	115.311
477.5	1.3917848826129857	152.07
478.0	2.702048411520005	6.088
478.5	1.8556583316382604	70.645
479.0	1.7883964295446058	60.589
479.5	1.5778632599951063	34.507
480.0	1.587834872255482	30.212
480.5	1.9674103506158036	40.283
481.0	1.890036806265829	88.322
481.5	1.3230118722721842	30.207
482.0	1.459127127954124	30.107
482.5	1.2758567289503686	41.831
483.0	2.021499408936519	131.091
483.5	1.850575284293845	50.422
484.0	1.576590419348259	56.315
484.5	1.8288314911413872	30.26
485.0	2.1187521737807313	44.186
485.5	1.3763261383425927	42.305
486.0	1.6400842410899956	80.7
486.5	1.6072799087508167	120.846
487.0	1.8064104231547262	90.761
487.5	1.4630750847378546	40.34
488.0	1.4145073471646588	69.346
488.5	1.7004079797016625	110.835
489.0	1.941561722030928	40.297
489.5	2.101238152831246	50.256
490.0	1.7039625729556587	80.506
490.5	1.5003441794432615	60.601
491.0	1.3044077792642648	120.9
491.5	1.4465700973186382	3.625
492.0	1.6340529013839333	17.33
492.5	2.8779413347244205	50.43
493.0	1.6590321456406736	13.832
493.5	2.031841014098879	20.281
494.0	1.8809514409334163	15.296
494.5	1.5942738522389663	30.183
495.0	2.0465552346096247	20.282
495.5	1.6703723603950624	30.285
496.0	1.7750572044116535	101.959
496.5	1.3726112644774002	111.485
497.0	1.4664543012655786	30.201
497.5	2.2680361704490153	60.582
498.0	2.0082630217290838	38.381
498.5	1.7818070529653942	212.393
499.0	2.433069338656595	5.495
499.5	1.5451207546449888	86.973
500.0	1.4097766548809567	100.645
500.5	1.6142013709174425	45.945
501.0	1.4881392349237186	20.254
501.5	1.4527347817681615	64.657
502.0	2.046708370160769	70.499
502.5	2.079085071358264	70.55
503.0	0.9582220164708163	60.431
503.5	1.8747095552866249	30.367
504.0	1.540711917432413	5.313
504.5	1.931476269111414	60.532
505.0	1.3284380286120345	37.91
505.5	1.776523574697417	2.784
506.0	1.9954858770274677	30.269
506.5	2.0287097346776934	30.215
507.0	1.6838743827292728	70.492
507.5	1.396864152515934	80.629
508.0	2.242605354121606	156.309
508.5	1.6999939142223321	23.964
509.0	1.859196094295853	75.067
509.5	1.7461200115831914	60.513
510.0	1.530862039340709	30.226
510.5	1.5023675400551648	4.148
511.0	1.2878277119318144	7.526
511.5	1.6800221679886105	7.927
512.0	1.5494962946319135	99.038
512.5	1.523243532212912	60.459
513.0	1.308899337050076	70.441
513.5	2.7982409665445527	40.353
514.0	1.6303547536878191	30.194
514.5	1.7240789446723745	30.174
515.0	1.3808093349627695	40.36
515.5	1.5785045464289853	131.133
516.0	2.3576003438723756	50.356
516.5	1.8301346648382368	30.197
517.0	1.5029568240601805	120.844
517.5	1.5592725592855852	5.651
518.0	1.5188500689363786	116.673
518.5	1.954142735935754	60.408
519.0	1.9360495223518632	110.737
519.5	1.7395061525973396	100.764
520.0	0.23114463779990824	131.486
520.5	0.26273533008487315	5.473
521.0	0.21812613825801266	126.581
521.5	2.7619230023507853	38.781
522.0	1.8194715641149295	5.16
522.5	1.1096879033053626	30.224
523.0	3.3554251636928103	30.171
523.5	1.7044228289365724	7.09
524.0	1.4060848710433222	90.645
524.5	1.2259068670477509	31.242
525.0	2.2976298545220906	40.177
525.5	1.332676611825185	30.216
526.0	1.5942291604150878	30.09
526.5	1.5193990865555211	71.213
527.0	1.4198956011218162	5.674
527.5	1.6841145334570713	70.665
528.0	1.0721116285946894	71.969
528.5	2.0158219896856964	45.656
529.0	1.3051038944043596	40.222
529.5	1.9842845730612628	152.417
530.0	2.1194851930245973	70.52
530.5	1.6283587414595302	100.789
531.0	1.4634666454521397	90.757
531.5	0.9786567742054357	20.116
532.0	0.04958514489475329	123.513
532.5	1.377370924961271	11.998
533.0	2.191239164749787	29.015
533.5	1.9260067922533008	30.172
534.0	2.387992920503285	20.257
534.5	0.4569571591245468	6.596
535.0	2.6407434514413737	40.372
535.5	1.3663888843217173	60.513
536.0	1.4640054717114075	5.867
536.5	0.6800621701097226	129.232
537.0	0.6108412561549565	33.119
537.5	3.4692640191533224	97.352
538.0	2.0243058049134417	110.89
538.5	1.6468857586059447	212.111
539.0	2.1853217407992354	69.312
539.5	1.7023965420152027	80.675
540.0	1.4080684889892168	78.01
540.5	1.8376440919604526	60.495
541.0	1.4267569604693717	40.453
541.5	1.634928560989787	75.654
542.0	1.9926996189922754	60.515
542.5	2.0203520512128885	68.88
543.0	1.6027896186283441	70.514
543.5	1.9733455708826857	6.147
544.0	1.2960433171268817	11.605
544.5	2.1560904751933045	20.451
545.0	2.0761630280190535	29.544
545.5	2.1769042202415982	80.63
546.0	1.3525466849188248	60.434
546.5	2.1342626716831754	40.414
547.0	1.2728298455636287	40.434
547.5	1.9806697218579274	80.594
548.0	1.2650827167283516	80.691
548.5	1.6396574166554279	120.793
549.0	2.011186516045728	171.847
549.5	2.832402399349322	30.211
550.0	1.041700719343918	40.062
550.5	1.3358720443532315	90.637
551.0	2.089263984412903	100.762
551.5	1.8514870661005947	20.219
552.0	1.5145722632976704	80.857
552.5	1.5465653199868954	80.603
553.0	1.9974129041378366	50.472
553.5	1.5043611259024827	80.673
554.0	2.468684781495715	16.918
554.5	3.098505039702154	161.465
555.0	2.649246793450451	101.116
555.5	2.7518256541763013	8.347
556.0	1.5537301121407259	23.208
556.5	1.548481469840871	30.203
557.0	2.190862030191757	30.251
557.5	1.232224388434231	26.654
558.0	1.7190944192813118	8.56
558.5	2.0241541184471714	50.393
559.0	1.8330901797787398	75.934
559.5	1.6040930378927325	80.65
560.0	1.874073262658016	6.305
560.5	2.0791406212234405	100.931
561.0	2.019770001817353	15.413
561.5	1.372061762221744	122.844
562.0	1.309809907777337	66.305
562.5	1.498936264124081	90.51
563.0	1.9995065994978398	46.369
563.5	1.260942871375792	110.762
564.0	1.4964819674232206	67.931
564.5	2.2917334782753227	5.01
565.0	1.4873682982866463	60.625
565.5	1.4854785100634487	10.097
566.0	1.8500112437844327	30.222
566.5	1.287513214197593	35.38
567.0	1.5938041656517665	107.944
567.5	1.3788894367846745	60.298
568.0	1.9702580499992595	70.42
568.5	1.736595900826807	90.84
569.0	2.2818097782699387	35.564
569.5	0.9285185571452957	20.405
570.0	2.1886386896858	201.583
570.5	1.9384186813691953	60.365
571.0	1.6099177038006165	30.246
571.5	1.1783429127535119	3.615
572.0	1.6172762520811845	30.268
572.5	1.517215250725239	60.317
573.0	1.5841006972760683	120.971
573.5	1.6078367510241742	30.245
574.0	1.2273747220875997	4.695
574.5	2.054378686723552	100.431
575.0	1.6280503161779967	100.728
575.5	1.382306581572274	120.969
576.0	2.2453412392067205	60.403
576.5	2.0694512165887193	40.175
577.0	1.7131832081502567	80.733
577.5	1.4378530109028314	60.501
578.0	1.5845460007561916	60.497
578.5	1.6522945960243565	70.472
579.0	1.4346071238829041	60.748
579.5	1.3824259830458856	90.828
580.0	1.9265470025140825	7.199
580.5	1.8875205986956058	111.063
581.0	1.276545971929787	181.636
581.5	2.4232795949847747	80.645
582.0	1.582028008224358	90.832
582.5	2.5554886882379586	81.334
583.0	2.366984295464998	74.912
583.5	1.3220132156432314	80.474
584.0	1.6279606557668111	20.131
584.5	1.764772002300045	31.149
585.0	1.2849277553085559	30.231
585.5	1.7991070711509407	40.248
586.0	1.4755658098878475	80.647
586.5	1.9276993963059754	120.998
587.0	1.4210954819687174	111.073
587.5	1.8996930991069227	100.583
588.0	1.9315141628643175	50.461
588.5	1.995849398015544	25.835
589.0	1.1145396082399057	110.793
589.5	1.8421368357541026	7.024
590.0	1.5766810441098023	30.445
590.5	1.6164669955782471	38.118
591.0	1.4997576669112982	7.714
591.5	1.642717627722074	130.786
592.0	2.005439709643757	6.368
592.5	1.9395039023648926	135.291
593.0	2.061109539493506	30.224
593.5	1.931144538180045	20.088
594.0	1.6547160767106417	100.823
594.5	1.302893747225118	30.209
595.0	1.8936439561203615	20.155
595.5	1.6079756217337862	59.125
596.0	2.020757844182017	25.375
596.5	1.7076857216556902	4.038
597.0	1.3221324843523994	222.397
597.5	2.909768345798083	9.471
598.0	2.6706700820627125	80.345
598.5	1.0638321943784463	121.408
599.0	1.7078159311294498	20.228
599.5	1.6823276340795097	64.665
600.0	1.6794684459005018	110.884
600.5	0.9871651257057327	70.489
601.0	1.6344822544678332	80.738
601.5	1.8672688210909398	70.38
602.0	2.0017016638209517	121.01
602.5	1.6974065931057634	95.174
603.0	1.4475299534820274	36.603
603.5	1.7442296051311055	100.824
604.0	1.826598739020698	70.693
604.5	1.5704062745190452	90.626
605.0	1.6140169793104238	60.41
605.5	1.823077297175964	60.676
606.0	1.7531058888594926	80.592
606.5	1.6191236576401145	70.277
607.0	1.7814419040108582	13.911
607.5	1.3729736128579877	30.343
608.0	1.3796422453242572	87.975
608.5	1.2856923679898276	30.234
609.0	1.6165431112842743	100.706
609.5	1.6852397251804907	71.209
610.0	1.2662002051948666	80.618
610.5	2.2769650129476653	30.221
611.0	1.549444194744578	57.914
611.5	1.7559643202311375	79.149
612.0	1.4577650543155722	70.572
612.5	2.046692280396256	51.583
613.0	1.2215592101606023	30.201
613.5	1.7376842888218382	6.196
614.0	1.5064922168701282	60.545
614.5	1.417307696343592	70.632
615.0	1.5071794520731208	30.296
615.5	1.24187899197206	60.432
616.0	2.079921760875529	60.444
616.5	1.9217442841633838	70.587
617.0	2.101045474664717	80.49
617.5	1.266878383469535	30.434
618.0	1.2308103027796398	97.566
618.5	1.644218890178978	8.915
619.0	1.8836711252281952	100.597
619.5	1.6511066394606035	30.22
620.0	1.2660632362166366	20.218
620.5	2.2417437035027943	151.634
621.0	1.603604611127496	20.217
621.5	1.609318439408443	9.524
622.0	1.2178364397031984	90.643
622.5	2.0461692627915737	46.491
623.0	1.8230602921619843	70.748
623.5	1.515606280298614	26.259
624.0	1.4322039057349223	60.591
624.5	1.941251490598442	100.758
625.0	2.061323775459987	20.056
625.5	1.346408355262954	87.123
626.0	1.3193145971290916	31.56
626.5	2.148482237520667	151.816
627.0	1.9971775328652324	50.399
627.5	1.736264835637152	30.323
628.0	1.250763780034476	30.197
628.5	1.43104780149448	96.163
629.0	1.9082695086578498	30.196
629.5	1.6856310103406873	80.713
630.0	1.3349937513599917	34.532
630.5	1.776170188091477	80.543
631.0	1.6141996421901945	50.398
631.5	2.4237487066154197	111.059
632.0	1.549214053310727	46.412
632.5	1.8598279694078095	30.328
633.0	1.880782921423928	131.106
633.5	1.6321373720457975	70.673
634.0	1.625027081996955	120.873
634.5	1.4435610501912888	90.792
635.0	1.6540082964253178	25.807
635.5	1.1701410781696815	10.239
636.0	1.617970511403412	30.972
636.5	2.5888183249463697	60.481
637.0	2.076111539475469	70.569
637.5	1.1736167500450938	60.444
638.0	1.639791491265725	80.67
638.5	1.9657828804261794	151.188
639.0	3.156972347763504	80.536
639.5	1.560728071491571	30.264
640.0	2.4061140775370453	192.437
640.5	2.1269498570650014	50.444
641.0	1.5641358751919279	90.785
641.5	1.6258895707549348	30.354
642.0	1.2584546825350975	35.365
642.5	2.1144436428187383	181.956
643.0	2.67175189988282	50.382
643.5	1.324709760223765	40.352
644.0	1.557542014730747	34.423
644.5	2.1314049753285897	20.245
645.0	1.1426819759299118	70.578
645.5	1.644408803478695	6.992
646.0	2.0111519491160528	30.152
646.5	1.5413931176245081	70.748
647.0	1.9688320927867509	7.879
647.5	1.2061794468112252	80.429
648.0	2.069432827983697	90.628
648.5	2.1464503011552245	64.458
649.0	1.59987073100703	60.561
649.5	1.681151563976833	20.167
650.0	1.359575286253804	45.244
650.5	2.160900533235297	60.377
651.0	1.2565701817817159	120.996
651.5	1.4716542415941127	100.621
652.0	1.9127287983349954	23.119
652.5	1.7989735693205446	39.778
653.0	1.3996768729639084	50.26
653.5	1.2681138147193258	60.438
654.0	1.769771985464392	90.501
654.5	1.9199773613524138	80.676
655.0	1.1487607385378205	59.04
655.5	1.5787909521719277	8.288
656.0	1.3640019459120005	100.792
656.5	1.7092101782594586	111.09
657.0	1.2572347525308885	105.611
657.5	1.7262353673934272	161.681
658.0	1.9644724123772974	76.613
658.5	2.177557524388	12.04
659.0	0.7963519214181971	60.5
659.5	1.404218567593325	110.924
660.0	1.5203625943116799	70.59
660.5	1.6562295015115636	70.582
661.0	1.22178396181769	38.62
661.5	1.6150619045160213	38.119
662.0	1.6661589609427334	80.658
662.5	1.6103736046332024	4.636
663.0	1.6737740120335265	30.244
663.5	1.7999874763673858	40.361
664.0	1.5370115733573535	69.04
664.5	1.6527514453140248	56.203
665.0	1.60484028728072	34.374
665.5	2.145017005180635	20.01
666.0	1.7252568041618916	20.224
666.5	1.4837190107239906	30.973
667.0	1.9770443893249818	84.857
667.5	2.386285791839668	80.966
668.0	2.1074215105215104	50.309
668.5	1.1158050411835796	100.829
669.0	1.6051326010215972	131.228
669.5	1.8896005225149277	9.464
670.0	2.012995223860073	20.187
670.5	1.2112639201349462	70.603
671.0	1.4909695797467444	20.216
671.5	1.239739591345156	37.599
672.0	1.8145122076157982	70.445
672.5	1.6567715958152356	70.551
673.0	1.1622195058525406	80.576
673.5	1.830032393616935	44.875
674.0	1.6455767144414506	11.854
674.5	1.4493863228424901	90.766
675.0	1.2050066922150862	6.672
675.5	1.3548896596905429	90.623
676.0	2.449782207793406	30.193
676.5	1.3163873955415586	8.284
677.0	0.9149050081498811	155.262
677.5	2.683249661273214	81.843
678.0	1.6439412352709495	90.92
678.5	1.5892124195864423	151.661
679.0	2.0437838953934877	50.431
679.5	2.00630143850355	120.875
680.0	1.3025987078587995	42.846
680.5	1.519874309893998	80.476
681.0	1.523314306341012	11.633
681.5	1.5854516304069306	57.323
682.0	2.400554377385508	5.451
682.5	0.641698474901122	40.377
683.0	1.4799729228569491	60.625
683.5	1.9689616533197327	90.636
684.0	2.770909439484423	20.441
684.5	1.1271024777820586	6.646
685.0	1.6632879671738576	60.522
685.5	1.431085442929295	20.212
686.0	1.4152767979546494	110.901
686.5	1.2758330914948675	20.225
687.0	1.666027521090208	34.447
687.5	1.4784247589775406	90.754
688.0	2.1670877287636494	8.406
688.5	0.9792458917992142	101.603
689.0	1.6000845940885633	70.559
689.5	1.5637370426224695	91.114
690.0	2.7695969151822792	68.709
690.5	1.0644029617471173	40.288
691.0	1.5230928684789695	120.92
691.5	1.6000540519337245	90.731
692.0	2.1469627993648253	116.02
692.5	1.3355198060949804	70.44
693.0	2.1000007099866798	60.418
693.5	1.5617569401995703	100.722
694.0	1.7180250101007624	40.368
694.5	1.0594107514204765	83.815
695.0	2.000648273008357	6.527
695.5	1.4279054735180563	12.967
696.0	1.9595213526020872	50.594
696.5	1.1647539558721665	20.203
697.0	1.6982149970232836	39.076
697.5	1.6208269564585716	90.746
698.0	1.72627469766831	5.076
698.5	1.2664051946528938	100.798
699.0	2.0407904810374107	101.393
699.5	2.8639562243709227	50.504
700.0	1.3967611772757482	9.06
700.5	2.3699625183971564	70.675
701.0	2.2638117489644047	10.378
701.5	2.0021691113792435	110.972
702.0	1.4879191103126221	50.361
702.5	1.5446533537370055	58.346
703.0	1.5340387890027833	70.403
703.5	2.3120812845306764	20.157
704.0	1.184685583288696	60.588
704.5	1.6199563051272112	100.671
705.0	2.472061345262674	117.924
705.5	2.315099694940122	100.42
706.0	0.8788606157625087	30.25
706.5	2.0469323911257358	86.936
707.0	1.6617781056021477	31.518
707.5	1.773806180726465	125.845
708.0	1.574577870699637	110.709
708.5	1.7758387441131525	20.237
709.0	2.0492513540201807	70.713
709.5	1.7938292543934204	70.586
710.0	1.0558135048035033	60.366
710.5	1.921502853646586	50.484
711.0	1.9997530164050796	22.595
711.5	1.4324573710409156	120.895
712.0	1.4672549321349126	7.266
712.5	1.657455935569138	80.771
713.0	1.7642755084399588	100.966
713.5	1.845878615209603	7.669
714.0	1.817783705126119	141.638
714.5	2.1811462203039795	187.801
715.0	1.5586590595860919	90.654
715.5	1.7296374795759946	13.209
716.0	1.8031518507793112	80.671
716.5	1.7016992084739953	90.519
717.0	1.8787681469179727	30.266
717.5	1.2045402098356182	70.452
718.0	1.947866608812516	70.509
718.5	1.686062429615409	131.056
719.0	1.4449832487071084	30.325
719.5	1.3453915509804102	84.158
720.0	1.5526959204267503	81.558
720.5	2.6008727550914084	66.533
721.0	1.2776597501603282	4.287
721.5	1.9643688472878615	100.781
722.0	1.5327697825151203	130.787
722.5	2.007946371764108	100.557
723.0	1.6871276746855572	100.756
723.5	1.3929740876671721	70.634
724.0	1.4496761908185725	120.902
724.5	1.6429952964840302	131.156
725.0	1.8270555755685676	252.158
725.5	1.5397999459275973	108.47
726.0	1.4792157914668282	50.429
726.5	1.8915161254074535	50.451
727.0	1.7359972974879998	40.313
727.5	1.2057895251923132	30.318
728.0	1.752908029200166	20.282
728.5	1.3538879559396426	30.305
729.0	1.6989879889681685	40.407
729.5	1.5734735483257254	60.572
730.0	2.5403910341404528	61.762
730.5	2.3434440267796672	20.953
731.0	1.7380870280087524	50.45
731.5	1.339423318599871	20.309
732.0	1.8814278554560362	30.216
732.5	1.8395687615864713	61.35
733.0	2.0956613549667202	77.269
733.5	1.0976598418868493	5.438
734.0	1.5343969600943959	60.475
734.5	1.9369979759718332	5.43
735.0	1.8058633036615768	5.37
735.5	1.0575526277437262	30.161
736.0	1.6503432872139991	141.288
736.5	2.1274276604291362	70.588
737.0	1.7313664998053322	100.908
737.5	1.0585128065699552	60.496
738.0	1.7848047465933865	40.383
738.5	1.5601890743620175	120.979
739.0	2.0377778401194666	60.544
739.5	1.5247274664438548	20.026
740.0	1.2031030059347831	80.583
740.5	1.7527802723983783	7.003
741.0	1.3705303636638606	4.202
741.5	1.3982994075969422	10.779
742.0	1.7673549442030043	38.701
742.5	1.702323896169082	30.226
743.0	1.9672687092146783	5.522
743.5	1.1727602817108538	70.485
744.0	2.2448800381827048	40.279
744.5	1.8243774523897451	80.399
745.0	1.7821122611121554	80.763
745.5	1.4676396512488818	74.95
746.0	1.822704027228945	77.932
746.5	1.7109472426097885	20.227
747.0	1.3410764059711144	50.514
747.5	1.6468033584690864	80.619
748.0	1.4105808788665113	90.602
748.5	1.708891020717523	125.434
749.0	1.105005253086369	70.501
749.5	1.347630387303029	20.208
750.0	1.337700909210701	60.414
750.5	1.6578917065905037	95.529
751.0	1.6489576934283496	3.514
751.5	1.93995929909148	56.52
752.0	1.9823352295472854	86.724
752.5	1.5294384660640543	62.95
753.0	1.3770191074652138	60.477
753.5	1.2966552810496004	8.653
754.0	1.7270466032383405	50.445
754.5	1.3825436552437125	70.679
755.0	1.4960340745077003	90.596
755.5	2.0994751243988072	20.273
756.0	1.85279820613118	90.712
756.5	1.5359786038310113	70.491
757.0	1.2727865014825708	60.669
757.5	1.9456498948529097	110.635
758.0	2.008086952524122	30.215
758.5	2.755405876329827	191.856
759.0	1.8278419827483054	91.094
759.5	1.712223953814724	141.311
760.0	2.6538223557956266	67.082
760.5	2.2511861016267303	127.452
761.0	0.9178974417687492	70.539
761.5	2.0474376554955738	40.362
762.0	1.7782011063598435	161.407
762.5	2.3507218498249323	120.958
763.0	1.3188707645773374	7.169
763.5	1.3353048362606768	83.389
764.0	1.5748890191236322	40.298
764.5	1.6300389262200028	80.62
765.0	1.3151489360323425	30.19
765.5	1.2823061273780392	50.572
766.0	2.0031036074713344	90.665
766.5	2.0137188177761005	50.435
767.0	1.247745970159473	11.338
767.5	1.6650307601441237	86.89
768.0	1.9660157103887943	80.244
768.5	2.1361656229888024	46.101
769.0	0.9965018854009561	36.962
769.5	1.5431435246106304	70.485
770.0	1.4728023629120754	100.416
770.5	1.6091161709718957	56.18
771.0	1.3231757966856341	34.252
771.5	1.537628540770724	60.39
772.0	1.761089609515523	47.263
772.5	1.1604317120363161	55.382
773.0	1.7465891256127783	121.085
773.5	1.730567439132767	76.667
774.0	1.8653554113617772	192.164
774.5	1.4459773808517198	70.717
775.0	1.4815254746857054	30.231
775.5	1.8202816634459096	10.187
776.0	1.5271131314457966	70.603
776.5	1.4977269211422213	62.841
777.0	1.8210100357674224	20.082
777.5	1.2514478133272862	65.537
778.0	1.6109018702325864	35.365
778.5	1.497310246822039	30.074
779.0	1.1789201227414086	70.631
779.5	2.250350008633669	15.914
780.0	1.56063987096893	130.916
780.5	2.411061536262458	40.297
781.0	1.4470102658612987	40.46
781.5	1.8583522266759311	120.921
782.0	2.0472730647424866	20.479
782.5	1.320824106853556	5.042
783.0	1.1913367944001996	90.607
783.5	2.02693094018552	30.322
784.0	1.8784838522098202	18.968
784.5	0.9217662482210996	141.742
785.0	1.8618356195273693	90.677
785.5	1.7355289881447995	96.673
786.0	1.889088497507987	50.669
786.5	1.1383925479517183	96.116
787.0	2.1434565620609316	100.864
787.5	2.1460693540892364	4.551
788.0	2.196522987997768	20.193
788.5	1.0135322641200302	69.389
789.0	1.7701930639635677	70.4
789.5	1.8330515913972099	90.855
790.0	1.623424456155551	70.575
790.5	1.329457561376775	131.637
791.0	2.015355330316647	50.342
791.5	1.555868797045667	100.709
792.0	1.8320365523933175	20.206
792.5	0.9229554919193299	100.929
793.0	1.80481771011603	20.109
793.5	1.911387568035594	30.177
794.0	1.6592995098891026	70.538
794.5	1.958266726827537	50.326
795.0	1.1757733688520504	58.373
795.5	1.4281730853658898	6.631
796.0	2.2924329620274313	120.498
796.5	1.962682155531692	100.682
797.0	1.6618844471113396	80.913
797.5	2.177716538941264	20.146
798.0	1.3238572337344736	30.232
798.5	1.6451992017527841	70.636
799.0	1.5714420939948885	5.629
799.5	1.7175341117425706	80.729
800.0	1.2771501184378464	90.657
800.5	2.1937421454321626	70.504
801.0	1.689094497350199	20.263
801.5	1.9256172772319644	80.658
802.0	1.6510818938188287	20.202
802.5	1.2564190883783488	30.231
803.0	2.1196650522827163	70.584
803.5	1.3900253594305312	80.382
804.0	1.4545809131325167	6.718
804.5	1.382873009628101	68.597
805.0	1.3559651404514428	70.498
805.5	1.7720513206162358	101.028
806.0	1.0898945519503025	37.255
806.5	1.9718811377817966	70.538
807.0	2.0116846667346335	60.493
807.5	2.241592976693358	29.976
808.0	0.9825820250881763	4.392
808.5	1.7090467641450149	70.696
809.0	1.420219098681975	60.429
809.5	1.930870127922501	25.873
810.0	1.2760557755465565	6.909
810.5	1.9738276090668998	56.319
811.0	2.0228665026207233	33.047
811.5	1.5048157203193753	20.191
812.0	1.5613132201706141	37.03
812.5	1.6942229590037463	14.449
813.0	1.681995091412405	60.491
813.5	1.371253483823765	100.689
814.0	1.4463327329434807	80.534
814.5	1.4120303952460913	80.7
815.0	1.711667192233164	141.439
815.5	2.255574350147487	20.112
816.0	1.4124582120419682	5.612
816.5	1.6396634395710137	41.368
817.0	2.2297314082498003	38.316
817.5	0.9478354350632047	30.253
818.0	1.8226248088459613	20.291
818.5	1.8232180017605493	80.845
819.0	1.431901164055846	94.135
819.5	1.7772015646752344	70.667
820.0	1.9002617450643133	39.715
820.5	2.1497149664357234	60.434
821.0	2.5219773781001518	33.347
821.5	1.0948000969851712	5.803
822.0	1.7296600246493852	5.156
822.5	2.4016581029077892	181.657
823.0	2.7403388078370567	25.977
823.5	0.9377166796927567	67.913
824.0	1.3498342129341627	33.03
824.5	2.2213770303246756	36.815
825.0	1.6575753907514097	90.639
825.5	1.328797151686648	101.028
826.0	1.7555514682744675	30.112
826.5	1.8077419014998124	20.256
827.0	2.1833338046388957	90.872
827.5	1.0766501323051565	40.374
828.0	2.1160457117656533	30.185
828.5	2.140452478461704	70.514
829.0	2.212522379314997	20.186
829.5	1.191638691445212	27.632
830.0	2.203755734195336	10.303
830.5	1.5915538237068583	51.322
831.0	1.7743273032882967	5.875
831.5	1.8490323593729248	30.166
832.0	1.465539553589858	80.579
832.5	2.192138312314185	70.602
833.0	2.1379633763056396	151.353
833.5	1.2541432742280645	44.235
834.0	1.340727360648181	65.829
834.5	1.7121841492537104	90.799
835.0	1.9628644020943444	60.732
835.5	1.088651564768174	90.556
836.0	1.8834577110668416	30.312
836.5	1.8062506841452963	69.498
837.0	1.6519728076187004	30.22
837.5	1.9461482576713551	60.54
838.0	1.6920405503005571	120.979
838.5	1.8807516372508721	50.445
839.0	2.5347156034515708	5.974
839.5	1.703187901359896	120.774
840.0	1.6246238616781206	3.686
840.5	1.873445434483256	41.895
841.0	1.6069510150519486	126.435
841.5	0.8619994286233869	30.641
842.0	1.3171729030094534	30.217
842.5	3.165301984451203	11.418
843.0	1.723032500254901	151.571
843.5	2.915704940313664	7.939
844.0	2.4560085863137235	102.676
844.5	0.14737405609603912	128.118
845.0	5.603640377738806	72.278
845.5	1.4860064258030588	27.18
846.0	1.857618520212924	110.34
846.5	1.3685464402096665	106.074
847.0	1.4943050982340693	31.746
847.5	1.5936124029148366	107.529
848.0	1.404993416372212	30.276
848.5	2.262205758548511	7.296
849.0	1.4773843240507265	80.905
849.5	1.9186273866995829	23.17
850.0	1.1877316190846785	35.869
850.5	0.9464212949516864	4.516
851.0	1.92699797946074	241.807
851.5	2.3317692271241386	41.905
852.0	2.39908775862119	11.295
852.5	1.7229877918003016	28.961
853.0	2.461855654399237	70.195
853.5	0.8347201201862865	90.673
854.0	1.8109180745897815	20.225
854.5	0.700493121691378	41.697
855.0	4.462131722702814	131.753
855.5	0.9748810880822634	70.465
856.0	2.5038899471238727	60.466
856.5	2.030489982926981	50.485
857.0	0.5857228844394062	30.324
857.5	2.006922436601909	50.459
858.0	1.5018095530875353	56.894
858.5	1.3644889499565402	20.577
859.0	1.4340005938071292	6.118
859.5	1.8738239329372308	97.423
860.0	1.5783931726163252	60.515
860.5	1.928848286774032	38.19
861.0	1.082666335319604	55.065
861.5	1.2764093602141253	151.555
862.0	2.7112973658435866	77.878
862.5	1.2531009862098856	90.585
863.0	1.7449402082926695	16.685
863.5	1.5845131334650813	52.451
864.0	1.5563848362119677	80.545
864.5	1.8436859531893666	111.097
865.0	1.4047283582730001	40.288
865.5	1.4253664126188015	30.15
866.0	2.097667179764218	20.236
866.5	1.3366395129408322	78.131
867.0	1.5962127058429192	131.15
867.5	2.4357746999192496	168.948
868.0	2.2288409066747357	83.938
868.5	1.6739837419164638	88.786
869.0	1.4572807401389893	59.997
869.5	1.3492652061006039	51.149
870.0	1.6477010943126056	47.238
870.5	2.002037785381563	36.783
871.0	0.9606905115278626	111.283
871.5	1.9123059904846804	211.727
872.0	1.661307000056539	29.04
872.5	2.158321197841237	203.186
873.0	2.048386697452161	70.362
873.5	1.7695940437858229	60.445
874.0	2.2098490075662673	49.772
874.5	0.3424155175920251	40.551
875.0	2.9295589206925863	60.51
875.5	1.7053339155830984	80.642
876.0	1.8892106582902857	54.65
876.5	1.6727318083788119	20.259
877.0	2.009110537122046	63.637
877.5	1.3659691210198863	37.52
878.0	2.6890773155131353	72.612
878.5	1.8573230790100586	54.44
879.0	1.967276039752016	47.86
879.5	1.2658185275994747	6.039
880.0	1.0163696997373284	60.508
880.5	1.4345333843048984	80.645
881.0	2.202582857091033	60.298
881.5	1.6092416999086496	11.077
882.0	1.3077668189146205	17.011
882.5	2.374783371394412	9.833
883.0	1.7898907701493219	36.668
883.5	2.285936347555493	8.157
884.0	1.0245930168913862	137.6
884.5	1.8326483000570968	30.19
885.0	1.787164273560743	60.452
885.5	1.93290660232128	80.677
886.0	1.2792958159525554	30.214
886.5	1.5470850729506562	10.026
887.0	1.2063924323608146	62.462
887.5	1.5488060983022125	99.464
888.0	1.6734425373381316	110.811
888.5	1.430171418092712	80.6
889.0	2.15166825231598	10.178
889.5	2.309459710641688	130.624
890.0	1.2884810501366717	60.368
890.5	1.7098312374802958	101.039
891.0	1.5892446966667135	100.787
891.5	1.8515980004988002	8.435
892.0	0.870613190221441	7.321
892.5	2.2972207917533223	20.198
893.0	1.3971114013406132	130.898
893.5	1.565622977316373	54.514
894.0	1.6801299909812981	20.133
894.5	1.348303039616511	80.679
895.0	1.9109471478985565	60.518
895.5	1.586292792226294	171.651
896.0	1.309138574082822	37.561
896.5	1.415293309905195	95.046
897.0	1.8108092288940376	5.059
897.5	2.2844071524779372	111.409
898.0	1.0931458604920792	110.994
898.5	1.5845354463141508	100.519
899.0	1.5900042169260284	40.252
899.5	1.7197068563189069	121.101
900.0	1.5514033702852061	120.929
900.5	1.8200053391010222	60.307
901.0	2.263018775173472	161.64
901.5	2.2824397769771543	60.523
902.0	1.551325761014529	80.415
902.5	1.4177952857740868	60.453
903.0	1.4226366355109161	76.944
903.5	1.547737906580382	80.637
904.0	1.634196739398531	4.57
904.5	1.4700359898135806	51.165
905.0	1.8079481495575052	91.816
905.5	1.575817250428739	136.505
906.0	1.4169235251619205	49.191
906.5	1.6726301740032292	10.082
907.0	1.6239391335127653	121.17
907.5	1.462970051128387	161.75
908.0	1.5041018982931396	34.998
908.5	2.0443494406563745	80.633
909.0	1.5751833584835089	126.89
909.5	1.6435561547697788	130.924
910.0	2.0270296201876095	20.226
910.5	2.2228944965295554	131.21
911.0	2.2335712155709877	100.916
911.5	1.2276007907395254	60.787
912.0	1.4869488207166863	96.081
912.5	1.5043074821993196	35.868
913.0	2.256987059296693	70.572
913.5	0.8217440300559095	100.608
914.0	2.2521610609247986	91.085
914.5	1.8314940934158794	66.066
915.0	1.9201829939187733	30.284
915.5	1.4695118201853046	60.357
916.0	1.5455085653190377	277.799
916.5	0.6466941113463898	181.213
917.0	3.270054992859311	4.223
917.5	1.2672421425783673	9.714
918.0	1.1219846319440345	81.016
918.5	1.5544719684448374	20.08
919.0	2.120631473450083	110.881
919.5	1.9462311221304223	3.389
920.0	2.407439879332669	6.447
920.5	1.5094298905961432	70.49
921.0	1.8266211493636515	60.668
921.5	1.7553660277712657	50.631
922.0	1.7682741342777815	80.53
922.5	2.10348835214409	50.424
923.0	1.1781912329631565	80.54
923.5	1.7531681407181017	3.633
924.0	1.6458743629987627	40.383
924.5	2.055989202797544	20.191
925.0	0.8912084006675149	35.696
925.5	2.6658485867165087	22.937
926.0	1.8200523049498345	4.683
926.5	1.6912747653707525	40.23
927.0	1.1956078294753818	20.358
927.5	1.9606184053533349	70.575
928.0	1.5778489115089878	70.616
928.5	1.961567314586809	90.904
929.0	1.3559877020658333	46.359
929.5	1.321993095496203	70.591
930.0	1.6391639114162844	40.356
930.5	1.8872253998484176	6.486
931.0	1.3563917138989063	60.462
931.5	2.0927957496032343	70.434
932.0	1.7191359300019782	10.079
932.5	1.3815603927701456	80.759
933.0	1.1778569205523983	40.32
933.5	1.514074728057483	116.479
934.0	2.087367495785743	60.478
934.5	1.5614802134148031	65.883
935.0	1.7009525151129488	110.778
935.5	1.9222327033059603	61.777
936.0	1.2148519163461153	80.629
936.5	1.2669475234248033	89.204
937.0	1.9650715189871004	20.149
937.5	1.5282854196439153	70.587
938.0	1.6613530822371356	30.31
938.5	1.3520423438535607	30.278
939.0	1.4480649095740292	30.823
939.5	1.4843563708653533	96.614
940.0	1.7190421198260766	50.509
940.5	1.56025709145421	30.262
941.0	1.5695043075566377	60.47
941.5	1.9851292278194594	110.859
942.0	2.1508241316686494	60.62
942.5	1.3051350967173265	60.474
943.0	1.2453620521514415	66.811
943.5	2.1162063170333485	80.707
944.0	1.66926337756206	70.675
944.5	1.8915755784357209	50.52
945.0	1.03856106254626	110.738
945.5	1.9516996415213987	87.272
946.0	1.6310402553457712	20.203
946.5	1.6682673641091252	13.585
947.0	1.5276222744230132	121.506
947.5	2.2506701394350226	212.674
948.0	1.6515821651613516	282.461
948.5	1.671574004660811	673.462
949.0	1.215174620473241	3.964
949.5	1.5321421847379169	120.897
950.0	1.2584368028421944	58.338
950.5	1.6037896365347044	30.398
951.0	1.586808679695228	41.633
951.5	1.4949857475655792	159.352
952.0	1.5330268562064782	36.128
952.5	1.805229126565943	70.373
953.0	2.014214354106592	60.385
953.5	1.2671353373220697	75.462
954.0	1.57260108521497	50.283
954.5	1.485873121442892	70.705
955.0	1.609524591339543	40.671
955.5	1.9009488129163972	20.279
956.0	1.61419499047017	121.08
956.5	1.5219011961172992	80.668
957.0	1.4513139752582989	131.159
957.5	1.8729085620649124	6.685
958.0	1.3691645644888704	30.23
958.5	1.7033964904911036	30.378
959.0	1.8338657436635768	100.794
959.5	1.6086189694271467	30.273
960.0	1.5196051157563961	70.421
960.5	1.39345746179017	83.676
961.0	1.6132776642631326	24.98
961.5	1.763463651913376	40.278
962.0	1.605668954590606	80.486
962.5	2.3191959139194185	20.178
963.0	1.3489126677621617	100.777
963.5	1.20396653934746	161.282
964.0	2.107336952101278	90.641
964.5	1.3112186145921765	6.62
965.0	2.1313115465127024	130.614
965.5	0.9974797290769084	50.269
966.0	1.4543420239595004	121.113
966.5	1.729611571340425	100.689
967.0	1.869524589163817	122.888
967.5	0.7265865970341335	131.033
968.0	1.8236151170187662	30.203
968.5	2.6452633696550802	30.271
969.0	1.5744875187406728	70.268
969.5	1.3892677310880874	65.908
970.0	1.65767802954939	8.791
970.5	1.6232667706037094	30.274
971.0	1.571921246258491	30.213
971.5	1.30811865435285	40.275
972.0	2.6564064303401698	161.52
972.5	2.670281103246835	141.609
973.0	2.3449305722966076	6.926
973.5	1.5961497443012593	80.635
974.0	2.424542396790481	20.141
974.5	1.8180967286528122	70.609
975.0	1.8450391092195055	20.238
975.5	1.1914845707925286	60.489
976.0	1.6273257566903057	30.205
976.5	1.843397438897602	60.464
977.0	1.7367292713072677	100.875
977.5	1.1818271401017924	90.698
978.0	1.4678715664091218	60.463
978.5	1.774219666945335	80.554
979.0	1.962346858610205	65.252
979.5	1.6186276652175369	30.332
980.0	1.89064892992428	80.673
980.5	2.096190945929058	50.488
981.0	1.0946758322938617	34.38
981.5	1.6531124065694414	80.518
982.0	1.98565859020581	5.236
982.5	1.4170229603514444	100.569
983.0	1.5680574506497986	67.718
983.5	1.8345672602492413	171.604
984.0	2.0298379617645033	80.372
984.5	2.3176675167413676	90.138
985.0	0.8628045627608661	40.325
985.5	1.660412411828614	90.737
986.0	1.670102102686605	30.309
986.5	1.780122620989111	38.764
987.0	1.7653321530986295	36.772
987.5	1.9439722086496174	8.542
988.0	1.3383089683734113	100.64
988.5	1.6524697686038912	80.317
989.0	1.8671557791617033	5.242
989.5	1.5506764306137042	120.992
990.0	1.7532183056526975	90.865
990.5	2.2968685131000477	10.113
991.0	1.048070010121623	27.256
991.5	1.868016914051021	101.077
992.0	1.9379453147998968	6.319
992.5	1.8125421460974793	70.493
993.0	1.3501876397918644	90.747
993.5	1.6968852163551336	70.639
994.0	1.4748091657776674	95.76
994.5	1.9247939647892367	151.421
995.0	2.5506465440936275	52.98
995.5	1.6146409225235554	40.433
996.0	1.923059252569407	80.784
996.5	1.4810520594210903	110.898
997.0	1.439859348137116	80.689
997.5	2.3901559733367033	20.076
998.0	1.8287864107603546	22.134
998.5	1.5657953860204024	6.779
999.0	1.6260643676511162	80.706
999.5	1.6784728951531256	30.224
1000.0	1.947988067200482	40.275
