0.5	0.1265691434653787	11.889
1.0	3.709384171056749	146.165
1.5	0.3918792180188402	221.32
2.0	3.948831777442913	182.185
2.5	1.425697369733002	33.066
3.0	2.0047710765350013	42.369
3.5	1.5746731582779752	196.982
4.0	1.1508744461186384	120.879
4.5	2.446883133818937	81.718
5.0	1.2784489935850893	150.852
5.5	1.887541865955486	35.954
6.0	1.7390753111696184	50.507
6.5	1.8798471867296964	50.214
7.0	1.859437412494537	130.9
7.5	1.3101701285501415	70.654
8.0	1.03831601358831	141.266
8.5	1.9453932214196814	514.701
9.0	1.9050752913196887	463.736
9.5	1.240923531504736	41.831
10.0	1.28704628733687	30.963
10.5	1.4884196068988815	89.7
11.0	0.8720660862209865	38.386
11.5	2.6448733104365045	121.297
12.0	2.196548333088884	282.738
12.5	2.8634599874203785	141.929
13.0	2.012278940329167	121.185
13.5	0.42360589554837824	32.47
14.0	3.288432631308513	28.494
14.5	3.101258369358239	110.415
15.0	1.4803982025023512	33.445
15.5	2.12676444252931	43.314
16.0	1.4068952291155528	35.826
16.5	1.9524340797927313	45.607
17.0	3.3793575087506054	341.05
17.5	1.0850306772468004	546.43
18.0	1.81831369882764	100.824
18.5	2.1011609965435754	120.81
19.0	2.142477998954974	50.29
19.5	1.7746968060859363	29.173
20.0	2.0740671053228983	26.89
20.5	3.572807775651496	131.032
21.0	1.5212669673283195	30.785
21.5	3.4231639804778644	121.507
22.0	1.6705824058629801	44.612
22.5	1.9551923968302318	165.319
23.0	1.9809240773907826	38.437
23.5	1.8526665248263887	32.538
24.0	2.2232096046744387	78.827
24.5	1.9490220392843558	49.95
25.0	2.1830119494304077	29.857
25.5	2.3707513112584357	28.148
26.0	1.2106418255801012	131.388
26.5	2.628451619908247	130.153
27.0	2.095999444714192	30.171
27.5	2.3371192618533567	89.585
28.0	2.7316158071456926	77.997
28.5	2.337725568229343	39.118
29.0	2.450646410438821	50.554
29.5	1.6795559983174357	32.614
30.0	2.384832781476468	60.173
30.5	1.9854614191567002	29.226
31.0	2.168454701468206	131.35
31.5	1.4906033207600455	28.546
32.0	1.6798392801861204	131.185
32.5	2.2536913004605728	30.646
33.0	2.229224928594507	120.883
33.5	1.7744585564373923	41.107
34.0	2.1612057487192144	281.168
34.5	3.5465132029429163	29.725
35.0	1.739586756590172	161.005
35.5	1.9234566398849522	132.564
36.0	2.399846474708605	29.907
36.5	2.378152535088749	140.655
37.0	1.8507356923566711	28.75
37.5	2.529633240140425	34.898
38.0	3.00254475268865	121.095
38.5	1.8408321494192736	80.666
39.0	1.9207846827333641	29.587
39.5	1.377330245227898	130.878
40.0	1.2218580749644687	50.065
40.5	1.0799310412411858	161.315
41.0	1.8167884282989366	40.746
41.5	1.3621134444996257	28.633
42.0	2.184179586945185	26.088
42.5	2.076000306820204	50.577
43.0	2.0041164204438884	124.434
43.5	1.6380855173953652	36.302
44.0	2.6329125884429603	71.033
44.5	2.246131344701656	38.221
45.0	1.9884360519527542	37.224
45.5	1.8650439297374377	27.736
46.0	2.1041738318219254	29.027
46.5	1.87576722239713	29.242
47.0	1.6971795261477935	51.921
47.5	1.9269563518709434	140.555
48.0	1.412041185523002	37.306
48.5	1.4544314957563604	30.203
49.0	1.108516912558886	59.165
49.5	2.035202580197906	80.606
50.0	1.1887004165205792	79.35
50.5	2.3716504947199257	141.483
51.0	1.8733604442740928	29.485
51.5	2.141249137387366	140.748
52.0	1.7072622351841678	33.872
52.5	2.2072857129469394	65.865
53.0	2.2096158570488336	70.699
53.5	2.1643823697050966	33.043
54.0	1.670209472303632	139.078
54.5	2.367262952292153	64.319
55.0	2.00998884613395	131.077
55.5	1.7070980228962784	29.139
56.0	2.2743786203178287	57.452
56.5	1.3734349512010882	55.339
57.0	1.9626957378445689	33.732
57.5	1.3473213793027228	121.027
58.0	2.3492671738382285	72.155
58.5	2.1796375103306844	135.857
59.0	1.6776317693815168	38.377
59.5	2.474866435318165	30.171
60.0	1.5983505518670458	110.769
60.5	1.6080004825241478	39.562
61.0	2.3443895443807974	30.45
61.5	2.478653956553839	28.271
62.0	1.735895278714889	111.024
62.5	2.618208172449733	32.178
63.0	2.518809552544949	29.429
63.5	1.8023194194961452	62.481
64.0	1.4272715429134994	131.191
64.5	0.5730526510179759	139.719
65.0	3.860881975644425	40.885
65.5	1.9759733708215235	120.943
66.0	2.426963911284822	121.181
66.5	1.8089196854869878	96.215
67.0	3.538270307659853	60.605
67.5	1.4435820608417818	40.358
68.0	3.7154307811839327	29.842
68.5	1.9723395727541684	29.676
69.0	1.8839728044955033	27.966
69.5	1.6422244724534352	28.711
70.0	2.2051351320848154	28.662
70.5	2.181770702771266	31.747
71.0	2.1799188209245206	139.129
71.5	3.0063798676085582	90.66
72.0	2.040309403866756	29.277
72.5	2.1042687159430944	73.666
73.0	2.4615382341146375	114.749
73.5	2.1161257662127646	161.203
74.0	2.2505741023502353	86.279
74.5	1.4769745541256978	29.548
75.0	1.8368305441822284	33.499
75.5	2.001965241753043	32.91
76.0	2.177710760595423	30.162
76.5	2.4349228687406312	148.51
77.0	2.0305047642689327	41.623
77.5	1.6737583976692179	38.045
78.0	3.0696439980956725	33.111
78.5	1.7762074637312737	37.184
79.0	2.0269904341371485	28.867
79.5	2.4330174904822326	50.291
80.0	2.3649434841465022	60.368
80.5	2.0677350923139404	48.77
81.0	1.8343807690401643	36.434
81.5	2.1586889993752085	39.995
82.0	1.9733263793548572	29.268
82.5	2.9001155943399053	111.174
83.0	0.6801590631284267	32.76
83.5	1.1261952766448484	31.177
84.0	2.457643473794246	131.112
84.5	1.7134937058066115	98.178
85.0	1.6680169339859556	28.379
85.5	1.6989479982800697	151.185
86.0	2.8198897332802515	31.711
86.5	2.378911219457948	61.38
87.0	1.5213596935973492	110.853
87.5	1.6958531732194186	30.931
88.0	1.4384224632825324	90.673
88.5	1.6317568753441234	90.416
89.0	2.197235839024293	110.886
89.5	2.0257194591290597	27.957
90.0	2.2399704099461886	27.076
90.5	1.7887633342349392	45.149
91.0	0.5303891035770634	31.943
91.5	3.806215506967349	28.743
92.0	2.191254980796935	31.865
92.5	1.7996620931552976	87.523
93.0	2.2656084611556975	28.959
93.5	2.2396578692577873	29.49
94.0	2.4946002567363954	118.087
94.5	1.7773263448102172	45.597
95.0	3.743163283545489	28.66
95.5	1.5386370829715545	50.431
96.0	1.5525384470791843	39.092
96.5	1.580126125719375	32.978
97.0	1.5155605316408542	115.251
97.5	2.2084441917019233	110.465
98.0	1.585539937212247	31.992
98.5	2.6574252633888213	29.516
99.0	2.2960278553778326	47.581
99.5	1.9398687695595929	27.567
100.0	2.897150293613937	70.761
100.5	2.2635484611627543	31.16
101.0	1.9193113544021703	28.521
101.5	2.6629529461662744	34.77
102.0	0.8743199026385705	32.827
102.5	3.979808393492433	67.316
103.0	2.3318479574574247	27.96
103.5	1.9006476920111917	66.146
104.0	2.2132308778996626	53.871
104.5	1.7747399464947484	27.381
105.0	1.6506503989434531	34.03
105.5	1.1930652291894517	35.737
106.0	2.8928542244264075	30.97
106.5	1.9217732312075544	27.65
107.0	1.9772125631567459	57.46
107.5	1.7821915999983973	130.981
108.0	1.7302736888900947	33.163
108.5	1.8824672074074629	111.243
109.0	3.684714320919825	27.135
109.5	0.8415592957341016	52.5
110.0	2.1531289604086887	29.884
110.5	1.8504032502112389	110.895
111.0	2.3742228178201006	30.559
111.5	0.16941491032667813	19.04
112.0	9.378469942174313	100.886
112.5	2.2811294459342877	111.261
113.0	2.317085301375288	16.417
113.5	1.9887295641694824	20.227
114.0	2.2632184534318687	117.432
114.5	2.9540578632718555	109.206
115.0	2.0300776095919457	124.539
115.5	3.4646994241024047	126.571
116.0	1.0022153591789196	38.334
116.5	2.999966245031236	20.351
117.0	1.3653938265821894	17.896
117.5	0.1434465809136724	61.382
118.0	2.4840072665764437	20.303
118.5	6.069819277143921	60.374
119.0	1.9192045213694102	21.359
119.5	1.716839901791646	120.826
120.0	2.034120005677356	17.613
120.5	2.0836680462973804	141.019
121.0	1.6843381786726408	39.923
121.5	1.822519563590754	39.831
122.0	1.8470199891199541	125.835
122.5	1.4831196808291303	106.992
123.0	2.3539492186020534	19.82
123.5	1.9696493057425841	40.661
124.0	1.9801886802305635	25.226
124.5	1.63340438532087	30.494
125.0	1.2881569506230803	16.792
125.5	0.13297498134227323	29.688
126.0	7.383604517236267	31.864
126.5	2.091922841130659	100.666
127.0	2.2957598896928375	140.971
127.5	2.5638863428858056	105.404
128.0	1.4858285185056315	33.904
128.5	2.858923529414666	30.803
129.0	0.14148042042889686	9.659
129.5	4.137093218728554	90.991
130.0	0.16069286462131538	9.149
130.5	7.745635190283998	41.507
131.0	1.88922924434424	52.986
131.5	1.722934868474679	80.432
132.0	2.0903673672165106	94.047
132.5	2.17633649648461	90.63
133.0	2.520528141141736	23.786
133.5	1.7381758460573893	90.333
134.0	2.0508955946612546	80.295
134.5	2.0019769316587537	80.417
135.0	1.5129251644223882	90.759
135.5	2.316548505179153	66.692
136.0	2.064015199598694	9.392
136.5	2.1191865415431095	60.777
137.0	1.5409765998286697	10.147
137.5	2.4339091288406363	26.954
138.0	2.1154674807724874	84.47
138.5	1.9077542924911584	70.453
139.0	1.7064922617936964	71.539
139.5	1.8245452070548123	80.464
140.0	1.89440031704709	80.407
140.5	1.418213534558793	90.554
141.0	2.2346894712242555	94.59
141.5	1.8745053840704378	67.074
142.0	1.4500316786598226	38.463
142.5	1.6737703186907418	74.315
143.0	1.565978358531089	117.909
143.5	2.287049662413794	90.543
144.0	1.7993976287299913	80.576
144.5	2.2020514114940375	100.66
145.0	2.298621229810258	90.451
145.5	2.8789553104238608	40.441
146.0	1.7504974210412274	53.477
146.5	1.9362522861272722	9.225
147.0	1.9456758332979271	80.509
147.5	1.879459740323788	30.236
148.0	2.2297825682755072	31.696
148.5	1.3855987520183857	30.21
149.0	1.8425427059043522	80.468
149.5	2.0483289224759407	31.356
150.0	2.2746921890343748	120.893
150.5	1.7622821216856486	30.144
151.0	2.4661677346934763	30.168
151.5	1.7408007370502232	30.162
152.0	2.1903096606909536	20.323
152.5	1.649197519087026	8.448
153.0	2.081636191855282	90.55
153.5	1.670899880587115	80.61
154.0	1.9343312675818287	40.641
154.5	1.6876292597629121	100.234
155.0	2.004815288531412	61.582
155.5	1.641222568129788	100.749
156.0	1.779355507931026	90.732
156.5	1.7396881257304226	9.41
157.0	1.8486511724435342	70.362
157.5	1.8100467882093119	43.756
158.0	1.5996630093397972	30.201
158.5	1.9313558002937272	61.758
159.0	1.5979591002901996	9.601
159.5	2.2199030359024725	29.948
160.0	1.7662430450724944	29.565
160.5	2.0014124376986087	92.383
161.0	1.9720671253058697	92.455
161.5	1.6065643934939473	90.658
162.0	2.03170757059777	30.708
162.5	2.402533174924157	63.274
163.0	1.4981045758879528	22.654
163.5	1.7541979301692954	60.261
164.0	2.3205313125020663	20.146
164.5	1.542815707543957	52.252
165.0	1.9121788639799766	70.368
165.5	1.577183634292923	130.892
166.0	1.7776571187166292	64.351
166.5	1.746373249684933	50.369
167.0	2.049675928577286	54.978
167.5	1.7056879864938952	90.209
168.0	1.5015949556406847	70.509
168.5	2.047602128239917	93.573
169.0	2.284191911653058	53.889
169.5	2.040650168576815	20.169
170.0	1.4225385155821957	110.662
170.5	1.6907607118547177	60.313
171.0	2.072652505305011	11.806
171.5	1.8736896986410614	16.434
172.0	1.6068852962796685	55.181
172.5	2.1834538533407684	96.163
173.0	1.7511352302426868	94.347
173.5	1.507677590682511	70.254
174.0	1.9985775651836073	64.23
174.5	1.522611240867584	9.672
175.0	2.2786327282959347	40.324
175.5	1.7886597533757254	70.427
176.0	1.750306115252566	12.078
176.5	2.6725704370979533	30.223
177.0	1.518753942979221	90.636
177.5	1.9217832798179846	110.823
178.0	2.1410940121131454	34.002
178.5	1.643217233991761	11.582
179.0	2.3815028295765717	20.054
179.5	1.7092875562888272	80.485
180.0	1.9295338635429866	80.835
180.5	1.896944905978796	50.083
181.0	1.7624589114419265	110.655
181.5	1.4580069447808428	9.014
182.0	2.4028410070392416	90.688
182.5	1.9904700464466176	13.165
183.0	1.7545421463606952	49.487
183.5	1.5974946332433526	40.232
184.0	1.811409006065925	42.81
184.5	1.8577449711895153	14.356
185.0	2.2288538210808313	109.393
185.5	1.7087226491564402	40.157
186.0	1.6109398132240091	60.172
186.5	1.991906109576069	50.47
187.0	1.9706644895296004	30.304
187.5	1.5986228310109964	50.534
188.0	1.7615775593294904	19.976
188.5	2.0602181943012563	110.61
189.0	2.053856073190496	110.919
189.5	1.954944590037251	80.446
190.0	1.5671245139841905	50.407
190.5	1.5221759401097288	110.632
191.0	2.399337312209176	50.942
191.5	1.6458330492012248	90.757
192.0	1.6334817551516925	120.885
192.5	1.8636066213436964	57.513
193.0	1.9041862086748356	92.515
193.5	1.451975734969659	70.239
194.0	2.4451834145495153	70.441
194.5	1.814739038171193	90.462
195.0	2.0279327116465335	90.661
195.5	2.236650982546001	90.801
196.0	1.3343189433890859	120.678
196.5	2.25239140188473	100.785
197.0	1.6154521674380762	72.153
197.5	1.746643899494701	62.325
198.0	1.8815880244939946	40.198
198.5	2.423245920236862	50.237
199.0	1.7421890058735472	60.435
199.5	2.046064983050171	70.572
200.0	1.606361942484543	80.509
200.5	1.712786506508659	36.344
201.0	1.4139172308552117	100.58
201.5	1.9460884341570053	58.523
202.0	1.62703852318722	40.259
202.5	2.0292865345328672	71.61
203.0	1.9413001954314604	30.498
203.5	1.728881642262986	70.271
204.0	1.9298737584061156	20.011
204.5	2.1543299160147034	90.687
205.0	1.6701045537120351	21.745
205.5	1.6925586980988114	110.628
206.0	1.998646284083319	51.728
206.5	2.275651663836531	9.368
207.0	2.0821959177150324	20.123
207.5	1.8562464407253474	60.305
208.0	1.9940070759018336	90.75
208.5	1.39885753142697	128.409
209.0	1.2170457843635953	33.519
209.5	1.7372716624675122	42.457
210.0	1.77960875479512	71.575
210.5	2.026048438688591	50.175
211.0	1.507793045739761	110.783
211.5	2.077592088693012	41.517
212.0	2.020514652135823	20.173
212.5	1.8404110197606403	52.097
213.0	1.982518882583887	87.108
213.5	1.1554884178341602	30.155
214.0	1.8704591995755038	34.35
214.5	2.3575279239803644	80.48
215.0	1.8923070372952362	74.412
215.5	1.9409038738648214	30.168
216.0	1.687436924137307	70.447
216.5	1.5911155760118025	70.379
217.0	1.5837474528179385	105.232
217.5	2.35525879898844	120.544
218.0	2.0120861387377884	80.653
218.5	1.5687036693223662	40.186
219.0	0.15282652401797406	80.938
219.5	1.8602874533429454	125.471
220.0	9.514108458737477	74.917
220.5	1.376052704904512	80.391
221.0	1.5018916194500889	71.106
221.5	1.6925590316552204	40.173
222.0	1.6908208856028883	110.543
222.5	2.286759322869831	94.472
223.0	2.224499611103912	110.765
223.5	1.6276153596335783	50.387
224.0	2.1370195315676024	112.856
224.5	1.675681707224632	35.356
225.0	2.3011783695088774	110.773
225.5	1.7609052486493506	90.421
226.0	1.6007283405095438	34.448
226.5	2.0655492218569953	105.281
227.0	1.68182155600472	12.112
227.5	1.5786275383702677	25.094
228.0	2.046400670360934	50.376
228.5	1.7043363836833658	50.416
229.0	1.6468047397237993	32.956
229.5	1.7837641902807821	47.219
230.0	1.9319976569828952	80.494
230.5	2.135477152636546	100.649
231.0	1.9650948043678627	30.171
231.5	1.9474399706613637	104.029
232.0	1.861954185115903	121.191
232.5	1.9166163875754227	53.002
233.0	2.476866721203486	20.005
233.5	1.807228288240664	50.259
234.0	1.8696418496452496	70.348
234.5	1.5841083809989411	100.599
235.0	2.2523517016446344	67.785
235.5	1.4915840400403544	30.172
236.0	2.1257157944994742	67.275
236.5	2.343478600997889	23.519
237.0	2.2543220215467845	110.976
237.5	1.9984465491347865	120.887
238.0	1.6814196043981902	110.742
238.5	1.8797765585793937	90.454
239.0	2.069077778027445	161.913
239.5	3.2134825552056223	39.306
240.0	1.8596918866165384	30.534
240.5	1.87482137741224	117.919
241.0	1.7622970347865905	110.936
241.5	2.1846088845637923	80.837
242.0	1.7668252798102773	25.859
242.5	2.17508503837871	181.94
243.0	1.9458189142314146	60.325
243.5	1.775262633568629	65.641
244.0	1.8736253389100759	120.806
244.5	1.7973668407912842	30.677
245.0	1.789648786668569	110.735
245.5	2.4037455382633914	80.469
246.0	1.3071264965703218	110.838
246.5	1.9819642555816164	21.581
247.0	1.9720138200383195	103.663
247.5	1.5529909683209628	103.663
248.0	1.7233428388982264	50.321
248.5	1.8448877370543073	40.084
249.0	1.6458866589394578	110.729
249.5	2.2035940641113467	53.937
250.0	2.5730104351033507	70.383
250.5	1.4681024729128853	110.871
251.0	1.9889922928101638	50.382
251.5	1.9044028693710622	74.805
252.0	1.4009995745913433	20.064
252.5	2.30122948539605	33.326
253.0	1.7891458836845655	20.228
253.5	1.5268942056192354	90.192
254.0	1.2924795408050602	93.44
254.5	1.8533227985912486	142.951
255.0	1.847230568780864	94.091
255.5	1.679539609432974	50.338
256.0	1.6235827481127523	50.212
256.5	2.0243228531589956	90.746
257.0	2.032517854777934	70.417
257.5	2.3264215123046643	85.698
258.0	1.6279501250195336	74.65
258.5	2.144511902840422	50.629
259.0	1.7505322877405218	191.456
259.5	2.907711592175577	77.26
260.0	2.018344988043501	40.277
260.5	2.3750877907686374	75.922
261.0	1.496655470999877	50.248
261.5	1.7940037443739056	30.145
262.0	1.9260255715856527	37.361
262.5	1.603734662129542	50.332
263.0	2.6028352471150673	100.911
263.5	1.6095453276305303	80.592
264.0	1.9362699017244864	90.557
264.5	1.5992728066007842	80.571
265.0	1.7154423914905927	212.363
265.5	1.6719578986015582	130.942
266.0	2.6247460247116177	100.62
266.5	1.7554228575917445	90.689
267.0	2.2509497423046505	90.887
267.5	1.7388211681116874	82.969
268.0	2.08938584606404	80.635
268.5	1.708815695114785	242.483
269.0	1.5034630462778718	120.538
269.5	1.6735337816225606	40.338
270.0	2.1113560489397605	50.327
270.5	1.7698923998560334	65.661
271.0	1.7823432756001485	23.453
271.5	2.080545579892855	90.468
272.0	2.2168539352237735	34.417
272.5	2.26051388908032	60.599
273.0	2.1399118683365037	10.147
273.5	1.5352876726049924	20.008
274.0	2.0182312269784055	44.307
274.5	2.300699928457424	64.235
275.0	2.92961997100381	40.247
275.5	1.5132337911446567	69.439
276.0	2.0257286305800752	16.196
276.5	1.7949154832911007	36.976
277.0	1.4576208598598723	222.176
277.5	3.509774926372477	80.437
278.0	2.4604673800585934	20.217
278.5	1.9105193446331858	100.666
279.0	2.1226217032219172	40.215
279.5	2.0992925585663564	111.139
280.0	1.4024334274410664	9.607
280.5	1.3524712330725255	16.578
281.0	2.194135592414336	100.528
281.5	1.5993464585280008	80.729
282.0	2.391316553127678	40.258
282.5	1.481277457110982	110.973
283.0	2.2707372106648362	33.289
283.5	1.4001660281008594	9.726
284.0	1.3320765091440399	115.635
284.5	2.0271796837565366	80.523
285.0	1.7157460470485968	46.804
285.5	2.360928273844692	110.579
286.0	1.9895117445322723	90.62
286.5	2.155215088928617	16.652
287.0	1.8990879567385481	86.022
287.5	1.4643183901398171	18.328
288.0	2.111873635647498	100.497
288.5	2.0218117618255507	60.526
289.0	1.7575631784227606	33.548
289.5	1.572493031230271	41.293
290.0	1.8054816316446083	70.35
290.5	2.1100126071840957	38.233
291.0	1.9913508766377328	100.839
291.5	1.8922289510300632	110.89
292.0	1.8905138381982074	80.468
292.5	2.2844809848761938	80.402
293.0	1.7138069243470109	102.658
293.5	2.2367276904821978	157.409
294.0	1.7631910465817682	110.865
294.5	1.7570895780225366	15.286
295.0	1.9935146032035176	131.196
295.5	1.7303456687864303	60.586
296.0	2.164453779212859	90.575
296.5	0.175958659592337	17.939
297.0	9.387230362075098	70.367
297.5	0.9760609880541843	36.395
298.0	17.029229083243024	9.982
298.5	7.39881296488687	70.106
299.0	6.3659982263920085	14.181
299.5	3.737844469083388	226.127
300.0	2.396243826729464	689.316
300.5	5.902167943699033	36.043
301.0	9.73307722077891	64.082
301.5	7.1301602578721575	93.786
302.0	8.480173222443103	187.109
302.5	20.25757685730083	307.799
303.0	1.8413775836084407	862.821
303.5	9.222371262001625	88.944
304.0	3.6087196959863275	59.097
304.5	10.78422340713501	37.355
305.0	7.533838123904076	41.608
305.5	8.909468775720722	73.896
306.0	6.319205278107813	12.722
306.5	6.592807757002721	20.505
307.0	10.965040151014273	32.983
307.5	10.346610817861636	14.524
308.0	7.517813571024169	125.249
308.5	7.5804185175071765	24.026
309.0	13.982081354473836	49.1
309.5	6.346331454833367	442.253
310.0	18.87402975680236	121.136
310.5	7.009306873948028	80.441
311.0	10.379166467760827	30.894
311.5	8.230635283960387	47.679
312.0	6.8468433910737145	124.045
312.5	8.735742731600126	117.179
313.0	5.688480169652172	619.89
313.5	7.430266529933514	145.195
314.0	9.83739979450834	95.439
314.5	7.103142860774199	90.281
315.0	10.05251347166137	48.509
315.5	10.350253183943487	15.609
316.0	12.252769520662763	20.064
316.5	9.664284689817057	49.575
317.0	6.355882473042504	73.841
317.5	10.547674317199439	46.17
318.0	11.463694156443701	90.175
318.5	5.6811979387195946	90.805
319.0	10.194993957962922	35.995
319.5	10.19421260715663	40.484
320.0	7.326573874421057	47.523
320.5	6.491929991328272	110.464
321.0	8.184546133133036	26.065
321.5	6.637135636669045	75.011
322.0	4.875263935485806	16.414
322.5	4.470808982484779	30.921
323.0	7.092802561974972	19.638
323.5	8.677713877969712	42.478
324.0	4.861078985815351	19.761
324.5	6.19080129644814	110.267
325.0	8.146506590447771	102.448
325.5	7.945111162137064	70.662
326.0	7.2888164836446006	77.414
326.5	8.608600610879556	50.559
327.0	5.833983805548489	70.435
327.5	7.399225956274561	40.496
328.0	10.227026364941407	60.255
328.5	3.538830374313642	11.418
329.0	1.8588533113476042	71.807
329.5	3.6273589513078357	10.178
330.0	4.4481271502366315	60.439
330.5	1.4523172967814808	80.644
331.0	1.6185443658406857	12.806
331.5	3.4892215107790037	13.693
332.0	2.841534822077944	110.661
332.5	1.7308905414514097	85.204
333.0	8.094260146275248	14.055
333.5	4.569755406305082	86.174
334.0	4.226345467790647	100.78
334.5	7.468307880339314	60.575
335.0	10.787186481937232	140.041
335.5	10.466075200504216	54.049
336.0	14.97937864357794	12.14
336.5	10.041007135826547	17.127
337.0	8.700911620033633	14.092
337.5	8.07691845025765	16.615
338.0	5.285760592751972	80.21
338.5	9.894855721480077	20.279
339.0	8.991774808119349	77.438
339.5	7.107885532206777	60.521
340.0	8.126723591889117	18.038
340.5	16.162261717199154	34.542
341.0	10.817642613277137	10.734
341.5	10.180037680151084	26.506
342.0	13.989817854519005	55.121
342.5	9.122235837101735	19.736
343.0	6.66606879275975	89.181
343.5	8.47229073711573	13.946
344.0	12.278124674564397	20.483
344.5	10.578957729474455	38.921
345.0	7.559382521390819	46.044
345.5	7.742993523828178	13.102
346.0	8.345270628873658	49.95
346.5	7.9391122728057635	13.696
347.0	9.166864383455392	110.665
347.5	19.014294585547656	20.269
348.0	9.616698965542156	47.003
348.5	10.703038455565245	71.919
349.0	8.477007023967177	87.019
349.5	11.972414197703497	74.195
350.0	12.752494912773678	9.989
350.5	12.494907108476694	34.56
351.0	12.835107176279594	36.952
351.5	9.183808062391693	24.696
352.0	10.346907324018378	56.427
352.5	10.082605648109418	34.188
353.0	12.119740470266557	40.576
353.5	14.71199050380156	23.644
354.0	9.100776093879949	15.928
354.5	9.928777085225313	118.897
355.0	12.949346273914976	117.471
355.5	11.736540149629269	18.986
356.0	8.501869339892506	46.427
356.5	12.407501559363926	12.969
357.0	9.07502086648303	25.602
357.5	7.9712768482800485	67.69
358.0	8.282987788879243	79.998
358.5	9.424237164124659	30.94
359.0	9.344340915177689	47.105
359.5	10.524589528752008	63.587
360.0	11.705575766342134	13.989
360.5	9.375221055927884	67.534
361.0	9.34121319871273	62.819
361.5	5.249736195338019	28.104
362.0	8.63931487307434	88.942
362.5	7.371795924631319	28.808
363.0	9.82341081866885	12.013
363.5	7.6192480153437865	36.081
364.0	7.081757271600897	11.571
364.5	8.575044828500959	61.692
365.0	8.738602443135171	41.842
365.5	10.886663062134712	30.012
366.0	8.903699875890954	63.668
366.5	6.747726456862001	155.001
367.0	8.681111489953265	41.045
367.5	6.854194286762633	389.954
368.0	16.933662782062903	54.275
368.5	9.412185071834712	14.968
369.0	10.041758018025936	24.48
369.5	9.401555242219532	83.878
370.0	7.717942247786745	29.705
370.5	7.086447397808697	37.984
371.0	9.541882311781466	41.074
371.5	6.771797493822	97.801
372.0	8.095321795637831	46.873
372.5	8.655222755054044	118.124
373.0	1.3287264137133876	17.954
373.5	20.576859117771363	52.865
374.0	11.971037712655418	75.829
374.5	6.350671123479583	15.445
375.0	9.483729936964687	78.218
375.5	8.804720409353942	43.548
376.0	9.656950802061814	40.53
376.5	10.308204137172755	80.403
377.0	12.277619750224352	78.482
377.5	6.321021080380547	110.436
378.0	4.767763389024451	73.376
378.5	8.533576963996595	20.052
379.0	8.64772144487575	98.781
379.5	6.535714998604879	116.886
380.0	9.328197894865172	80.391
380.5	6.594951726775088	91.814
381.0	6.105133388140995	19.296
381.5	4.570547267339597	20.025
382.0	3.7231644507298847	80.431
382.5	7.100935970533017	60.832
383.0	8.664286359073975	35.63
383.5	4.267049320893594	100.831
384.0	4.583010879666936	80.452
384.5	1.1942928629535468	15.019
385.0	3.7664043276791324	13.601
385.5	3.9577367155013974	39.843
386.0	6.2673898965300605	20.116
386.5	5.650129982584386	120.646
387.0	2.0096813097422785	15.509
387.5	0.25839597752802973	101.112
388.0	0.08698063881086329	56.784
388.5	1.6119232651200042	25.995
389.0	4.8855249330373045	70.074
389.5	2.328502598639478	30.599
390.0	0.17980998258855782	31.144
390.5	0.12402048978837589	19.434
391.0	1.4526543718310156	122.421
391.5	0.16847073869890336	19.894
392.0	0.2229186097752669	119.334
392.5	0.938752978979183	104.6
393.0	0.19956463214326656	123.753
393.5	0.13690492498350737	104.242
394.0	1.0903199586767902	31.215
394.5	0.22454065276287505	105.729
395.0	1.444986166543692	126.488
395.5	0.19607965862273352	22.458
396.0	0.22989737991316253	75.874
396.5	0.16427485165935427	123.752
397.0	1.2414802214503209	30.897
397.5	0.2729617630661504	181.348
398.0	0.891497487337179	14.976
398.5	1.1863185071530513	30.303
399.0	4.46082049359028	120.402
399.5	4.304867621822161	21.729
400.0	1.6278081939234617	110.473
400.5	0.14284401741025618	139691529593.456
401.0	0.14877816249178333	17.906
401.5	9.062551236697367	17.236
402.0	1.9048275335271507	34.455
402.5	1.3031723432284519	40.773
403.0	1.529462336292143	416.215
403.5	2.225650448365425	25.137
404.0	2.353455829231848	117.968
404.5	1.397465916751951	123.984
405.0	1.5609816152961198	20.116
405.5	1.3798216064118387	110.7
406.0	1.5669235174104812	65.553
406.5	2.072875806909468	60.401
407.0	1.5086668196682274	39.722
407.5	1.6739342256150198	73.061
408.0	1.836110921770969	46.67
408.5	1.8734389844743748	70.651
409.0	2.154261079283761	70.461
409.5	1.9273192541371809	86.238
410.0	1.6856805381088191	37.044
410.5	1.8064205211792308	47.799
411.0	2.1270021456623125	30.18
411.5	2.0222754293992113	30.157
412.0	1.6669412346773096	17.732
412.5	2.2846357246303173	20.258
413.0	2.0468604292568093	56.632
413.5	1.7890475716531342	21.617
414.0	1.7466774945398333	22.375
414.5	1.3389460995528286	100.758
415.0	1.678809023632906	140.839
415.5	1.2285541302779912	46.656
416.0	2.487710955180013	21.487
416.5	1.2691742383595035	120.934
417.0	1.6801854988494065	80.695
417.5	1.7708187821846766	130.88
418.0	1.9940804898871776	52.045
418.5	1.6063826485198673	25.372
419.0	1.6103517558651779	15.753
419.5	1.794395677112812	30.15
420.0	1.6886949823398285	20.415
420.5	2.1413624547426795	120.692
421.0	2.087298425465161	35.71
421.5	2.650372172552125	30.421
422.0	1.62116716051989	43.893
422.5	2.408750744574492	25.612
423.0	1.8555400842817311	30.246
423.5	1.420115989553385	52.122
424.0	1.1171010682320714	114.354
424.5	1.7496200644126785	16.088
425.0	1.8677629262339603	23.158
425.5	1.5960306217653264	48.639
426.0	2.233923930790263	90.464
426.5	2.4033671504186076	20.211
427.0	1.3990712976442372	80.565
427.5	1.760155002320429	14.6
428.0	1.5996873220925907	30.207
428.5	1.5568980985142746	16.357
429.0	1.211959191280302	16.554
429.5	1.555561428919009	30.228
430.0	2.26128471258744	19.394
430.5	1.6135261134067889	90.591
431.0	1.5804793502432304	20.21
431.5	1.7972659595808222	40.236
432.0	1.6642765943270457	52.204
432.5	1.957869490222886	20.186
433.0	1.6336380740768863	50.395
433.5	1.9896703272568135	80.527
434.0	2.4783954908630927	81.668
434.5	1.5384100384418995	37.321
435.0	1.6725547697427816	19.691
435.5	2.146162283341054	50.476
436.0	1.7240105738790346	90.59
436.5	2.3115181818130144	80.411
437.0	1.415808044889184	90.671
437.5	1.990664560492409	15.166
438.0	1.86304427294405	120.933
438.5	1.9879853142758768	80.627
439.0	1.8817151866656123	36.452
439.5	1.7963067883949864	67.917
440.0	1.563988318311761	35.917
440.5	1.8188831778506387	20.141
441.0	1.5832049478960681	63.186
441.5	2.1952820594061566	30.241
442.0	2.2006040106024045	60.405
442.5	1.4289636620187416	80.488
443.0	1.8264928314993558	84.287
443.5	1.72348324264524	80.797
444.0	2.0615588226355905	70.401
444.5	2.26787956498618	50.264
445.0	1.5540298181051222	80.58
445.5	2.1338143058989947	20.078
446.0	1.9710813396856686	45.652
446.5	2.4223035465276683	60.277
447.0	2.2314458641319947	57.803
447.5	1.3896638426260053	90.569
448.0	2.1138123279040313	13.986
448.5	2.2047313881080806	58.455
449.0	1.8181936651287356	121.057
449.5	2.179170424506913	78.89
450.0	1.9826899955071235	50.302
450.5	1.4379963241622633	120.831
451.0	1.9750130274640691	90.685
451.5	2.214108011383617	58.052
452.0	1.8856439862372738	60.404
452.5	1.6154814138548343	80.438
453.0	1.9390933408131117	20.198
453.5	1.5968365007390364	90.421
454.0	2.351616438286091	90.478
454.5	1.509454791752827	120.743
455.0	1.9957276242030968	30.131
455.5	1.9315154648343105	44.27
456.0	1.8023417462612017	39.437
456.5	1.9303247233827519	40.23
457.0	1.8812437490013876	30.256
457.5	1.864205665188049	30.216
458.0	1.6529098038042163	145.064
458.5	1.9025120581101398	63.84
459.0	2.015787125730191	20.211
459.5	2.1684439862814844	20.16
460.0	1.7450882082583483	30.231
460.5	1.9677067338751468	50.454
461.0	1.473791318230348	119.081
461.5	0.9835353990809453	14.179
462.0	2.6530214467182622	50.397
462.5	1.7316375550752037	30.219
463.0	1.9959023430454959	20.191
463.5	1.9385585532879082	60.543
464.0	2.307166396260071	80.526
464.5	1.487708390621219	69.365
465.0	1.4201331095641776	191.973
465.5	1.8815854424339522	80.352
466.0	2.908062804950202	80.49
466.5	1.5041633866313675	100.787
467.0	1.7221022824807357	13.699
467.5	2.533983054108132	20.199
468.0	1.1090023649253276	100.759
468.5	1.5985243938254214	50.327
469.0	2.367667294530253	100.574
469.5	1.7597212850360526	56.769
470.0	2.016220851113882	50.395
470.5	1.405879999694241	130.89
471.0	1.931851674753791	110.648
471.5	2.244805915437781	60.19
472.0	1.6700589883622183	20.371
472.5	2.1361752656979642	37.959
473.0	1.7681647400309317	16.721
473.5	1.9372378174343055	30.138
474.0	1.426475358494109	50.435
474.5	1.89647410820273	110.825
475.0	2.3595450861130427	100.479
475.5	1.9964518111288907	140.925
476.0	1.443366316395307	14.523
476.5	2.050774238500516	70.27
477.0	1.8319575757429352	60.625
477.5	2.330655912813888	60.416
478.0	1.8207972409115423	67.367
478.5	1.69517944399289	80.638
479.0	2.613709806895675	20.186
479.5	2.0166149355668392	120.884
480.0	1.7032067305533483	60.435
480.5	1.9184681914482842	45.93
481.0	1.889456657531026	70.558
481.5	2.2091663601372513	16.046
482.0	1.317616819217098	45.053
482.5	1.9731544501022469	132.281
483.0	2.5706084623537317	50.438
483.5	2.2362475768960604	202.095
484.0	1.6976526607328828	90.604
484.5	2.3533040138993475	20.202
485.0	1.6186221153852862	16.103
485.5	1.7278778795603746	28.665
486.0	1.923523138733114	17.317
486.5	2.017333650039483	61.918
487.0	2.257454149956615	191.705
487.5	1.6794029368061547	70.474
488.0	2.2193724474195067	60.425
488.5	1.4140176175394248	110.693
489.0	1.6401587379836602	15.775
489.5	1.9080192205935855	60.235
490.0	1.7559787288451771	107.696
490.5	1.5692867604000025	100.742
491.0	2.21374278189704	20.201
491.5	1.351783298919265	85.333
492.0	1.6854934371060704	74.809
492.5	1.7405967989520987	50.451
493.0	2.345785695348877	38.205
493.5	1.5019741176265657	50.73
494.0	2.026406642212127	428.715
494.5	2.4304427096100727	110.73
495.0	1.8551478259031646	130.872
495.5	2.102919772091853	77.6
496.0	2.3181210525722715	46.287
496.5	1.1240227497479962	50.372
497.0	1.8696816442714388	30.233
497.5	1.8903713443319974	90.672
498.0	2.6677403132596424	100.619
498.5	2.0873011417674174	120.741
499.0	2.335160997493321	59.917
499.5	1.1972107885937875	130.817
500.0	1.0874963516886036	71.11
500.5	3.511566739038819	30.129
501.0	1.5848470895292388	130.577
501.5	1.4581684070849381	30.221
502.0	1.9816155980612336	40.309
502.5	1.58852823762201	70.552
503.0	1.9449393116785865	38.344
503.5	2.0417809319807043	70.558
504.0	1.789635689668967	50.367
504.5	2.079731343828268	20.553
505.0	2.451732906834246	14.006
505.5	1.5219691940901545	66.193
506.0	2.5247990524517134	92.452
506.5	2.221966635786334	44.882
507.0	1.8096193124948061	101.846
507.5	1.0240282616771623	293.042
508.0	0.7679901243664923	434.763
508.5	4.024113601446473	18.031
509.0	1.6744891569371871	100.629
509.5	2.327206229540872	30.183
510.0	1.4502740294423948	100.724
510.5	2.203806748399246	112.356
511.0	1.701553060389626	115.784
511.5	1.6090617885036205	130.79
512.0	1.651641173707404	60.368
512.5	1.6904879562105357	131.068
513.0	1.266099820595548	90.482
513.5	1.7318068523535246	50.444
514.0	1.8926290045878296	90.583
514.5	2.2968297966957647	20.086
515.0	1.658774786622426	50.536
515.5	1.977427822812685	110.657
516.0	2.261595411440097	20.193
516.5	1.4536827645827295	90.459
517.0	1.9112448675277915	30.3
517.5	2.0130240889712425	131.084
518.0	1.952693399417464	46.59
518.5	1.0182042239458782	47.906
519.0	2.7198389892948667	40.231
519.5	1.9765047435590672	40.446
520.0	2.3473110087833717	110.648
520.5	1.820038789664721	55.634
521.0	1.3658228151905054	110.828
521.5	1.6609628728974115	30.17
522.0	1.9505336774671818	14.067
522.5	2.137885539282578	90.161
523.0	1.3576669106819304	67.172
523.5	2.3650203337462132	85.586
524.0	2.137733892540987	60.953
524.5	1.783055517874566	29.882
525.0	1.7768186109247888	70.368
525.5	1.403660635908491	90.509
526.0	2.228325931233989	70.379
526.5	1.4710395615114065	46.249
527.0	1.7161009720632674	50.275
527.5	2.385789048279061	60.911
528.0	1.9139006798591427	20.295
528.5	1.6805144539871426	60.378
529.0	1.9178599773034246	30.334
529.5	2.3366324177389783	60.46
530.0	2.3952393585315144	52.784
530.5	1.5938718947280126	110.761
531.0	2.10046673480946	55.355
531.5	1.8340945736440826	60.549
532.0	1.6282952174012721	130.916
532.5	1.8193254382789137	30.196
533.0	2.5309405155320395	30.33
533.5	2.0615985540329085	80.648
534.0	2.4468721069618855	50.419
534.5	1.4407049162260437	30.232
535.0	2.057154699738026	160.129
535.5	2.317399097725641	120.797
536.0	2.3038899051337784	80.681
536.5	2.0404106241402333	56.244
537.0	2.0500894854891927	17.008
537.5	1.6772248499914657	91.055
538.0	1.889345958945078	37.449
538.5	2.062725917910197	50.406
539.0	1.1754274460114327	182.147
539.5	3.4813673972829258	17.255
540.0	1.4455314075930505	96.166
540.5	1.8506804633006126	30.201
541.0	2.2648812113868177	60.366
541.5	1.996165697442331	100.478
542.0	1.4185158915706906	18.669
542.5	1.9432104108219812	70.597
543.0	1.8407987811060085	30.197
543.5	1.6336034692826635	100.74
544.0	2.024093019410793	90.503
544.5	1.9777852192546959	90.75
545.0	1.9400271146963965	67.929
545.5	2.117443363736943	20.712
546.0	1.701450468355234	30.261
546.5	2.440909700730369	141.506
547.0	2.9146420562266147	186.364
547.5	1.6810879239088217	90.591
548.0	1.806768739569181	50.339
548.5	1.790649100536915	120.938
549.0	1.9306463655250068	60.491
549.5	1.584174492263073	15.85
550.0	1.8565675614976662	80.828
550.5	1.9896846961295505	22.597
551.0	2.567273701764613	77.034
551.5	1.857441271454796	95.973
552.0	1.873082061208353	110.543
552.5	1.9355492358360766	76.927
553.0	1.9716417094297096	101.024
553.5	1.267901287073913	60.459
554.0	2.011208181832769	75.7
554.5	1.6216275446814912	75.679
555.0	1.9872009480575636	68.079
555.5	1.6511873815292037	30.167
556.0	1.8933739442690178	28.131
556.5	0.768024675549806	45.811
557.0	2.914626088078402	63.479
557.5	1.7724695924988518	44.294
558.0	2.070219964347937	161.857
558.5	2.4759125184072373	20.185
559.0	1.6789842753334536	30.297
559.5	1.6562076370027459	30.226
560.0	1.6339123998584668	30.181
560.5	2.4252779543138563	23.086
561.0	1.8411202872089547	46.193
561.5	1.6982386320177736	50.342
562.0	1.9643913054288331	50.458
562.5	1.9893500640162831	70.316
563.0	2.1272822900402435	40.289
563.5	1.7654675526625532	37.619
564.0	1.933046286269972	20.195
564.5	2.0814766187372298	50.392
565.0	1.8228992194144773	30.208
565.5	1.5780764783462273	40.239
566.0	1.9422604128137675	80.439
566.5	2.1686171124261344	47.076
567.0	2.3276667188532	110.851
567.5	1.3623857849170846	110.824
568.0	1.658739414380635	70.427
568.5	2.5211504470925616	133.063
569.0	1.9704896301184875	131.083
569.5	2.401298375328593	373.666
570.0	3.3501486416197337	90.816
570.5	1.5601503757104997	397.67
571.0	3.2630727115061715	110.974
571.5	3.472823685815179	333.649
572.0	2.3878751436932744	74.588
572.5	1.7580453475342486	61.101
573.0	0.12646065452965388	17.882
573.5	8.368769917569187	100.334
574.0	1.8106298995435746	70.577
574.5	2.419611269516169	50.208
575.0	1.6585461183077008	100.749
575.5	1.9009362614506575	80.613
576.0	2.1207337817668135	60.357
576.5	2.1427926244855313	20.075
577.0	1.6446235659847035	47.497
577.5	2.3709045864204774	20.487
578.0	1.903339611420176	47.545
578.5	1.9626801028689118	100.672
579.0	1.950097441310929	111.073
579.5	1.4816873753355837	77.463
580.0	1.7343912640828265	106.261
580.5	1.781660557516657	100.583
581.0	1.725915568584239	50.459
581.5	1.8779974744135575	60.317
582.0	2.1729448165258085	80.495
582.5	2.1205754128056884	80.746
583.0	1.6829926604960503	30.456
583.5	1.5609109608341847	60.402
584.0	1.6191257502129393	70.466
584.5	1.7395646120900248	39.485
585.0	1.8524424533437636	120.946
585.5	1.4411203280497094	100.647
586.0	2.1292179645648095	18.784
586.5	1.7382089442539608	98.98
587.0	2.562758370234239	51.636
587.5	2.0052679528302573	90.608
588.0	2.2961064099844317	60.49
588.5	2.0247639877209958	82.043
589.0	1.7913731172126781	20.187
589.5	1.5786211706080402	50.412
590.0	1.7900383250568013	67.633
590.5	2.366546020142367	88.118
591.0	2.0036275469613507	60.446
591.5	1.7611827314905706	50.293
592.0	2.0902074500268246	105.604
592.5	1.5176033051219655	90.647
593.0	2.251036628099998	37.545
593.5	1.5168304627370026	16.44
594.0	2.315596309896522	90.582
594.5	1.525510941774117	57.093
595.0	2.2997193075990703	80.595
595.5	1.6928098409902168	60.46
596.0	1.4671667619764588	97.522
596.5	2.380380535930428	120.776
597.0	1.936023657452909	30.222
597.5	2.3652812740434914	63.845
598.0	2.062792326468764	30.193
598.5	2.0310624550722434	20.05
599.0	1.5395256982534404	30.194
599.5	2.244258137109832	20.114
600.0	2.031930034058977	26.688
600.5	1.5729265029424353	39.851
601.0	1.724236399788571	40.366
601.5	1.7538239718489008	48.824
602.0	2.2695352336218377	80.382
602.5	2.218103630945088	48.246
603.0	1.7865369306675714	120.767
603.5	1.7158254147438117	49.648
604.0	2.6153727818013945	53.33
604.5	1.3448946321785586	120.615
605.0	2.265269011528044	30.099
605.5	2.0736864819530463	80.499
606.0	1.9201025679099204	71.786
606.5	2.8033200747407845	60.368
607.0	1.769123074868649	19.938
607.5	2.270429783567376	30.2
608.0	2.0087685141052694	17.552
608.5	2.1213414013780576	80.148
609.0	2.077250741345599	50.315
609.5	1.8534627664105385	100.756
610.0	2.069956105325713	60.406
610.5	1.6193041068895515	47.642
611.0	1.9726854359207144	40.384
611.5	1.9471391890473495	20.138
612.0	1.8773403859808664	50.294
612.5	2.4295785480089496	20.257
613.0	1.3583485961852648	60.583
613.5	2.1924903119954675	110.793
614.0	1.9532180728788955	45.437
614.5	2.066409024927725	70.522
615.0	2.0346806249720086	20.194
615.5	1.7283383428992263	19.283
616.0	2.071086429480628	40.201
616.5	1.647821496676985	77.499
617.0	1.7501248514685528	130.939
617.5	2.1670322175343224	60.367
618.0	1.6634297365075883	79.305
618.5	1.9455882483771854	90.611
619.0	1.669120536581409	110.71
619.5	2.2198797702005155	60.427
620.0	2.183194796946258	19.995
620.5	1.6161302510815152	20.403
621.0	2.231027070784693	60.321
621.5	1.8631584920140263	30.242
622.0	1.6839622720903413	47.226
622.5	1.8877924297768616	68.572
623.0	2.1303103258210236	130.983
623.5	2.259288478486283	80.529
624.0	2.033063233849886	60.425
624.5	1.6656510923285959	77.886
625.0	1.7258260121221924	40.261
625.5	1.780680459584513	54.212
626.0	2.1315052006202877	50.421
626.5	1.9755181767235674	30.151
627.0	2.453384958064236	50.453
627.5	1.787459368366712	61.744
628.0	2.2398515730754807	60.382
628.5	1.6810014780750329	76.898
629.0	1.7135750327996693	80.581
629.5	1.5123411966293259	30.196
630.0	1.7300479361641543	30.263
630.5	1.7782019322287363	17.479
631.0	2.4947164450951047	78.064
631.5	1.4793907159521047	16.938
632.0	2.236176688927739	30.204
632.5	1.234215254758701	70.747
633.0	2.234764085712587	80.425
633.5	2.122894618579675	16.832
634.0	1.960914998876416	19.041
634.5	1.4248115151888947	100.766
635.0	1.5479416967189241	90.546
635.5	2.5472238698609515	18.893
636.0	1.7620360389248924	130.946
636.5	2.3072997899571357	47.493
637.0	1.9300880115678076	90.564
637.5	2.6063707995020686	60.444
638.0	1.1680759664299458	77.742
638.5	2.2337033133195496	78.703
639.0	2.4107261200826615	20.221
639.5	1.9501768066163852	60.256
640.0	1.8280694411563094	100.596
640.5	1.7430002308061046	17.328
641.0	1.7164599874234583	70.63
641.5	2.1191667978853697	20.184
642.0	1.3737422377376343	91.607
642.5	2.1097059941386784	114.788
643.0	2.072700161580971	70.449
643.5	1.8467561426126953	30.252
644.0	1.8910281439343264	47.64
644.5	1.7496530602665674	72.291
645.0	2.522080895144318	50.359
645.5	2.2840409437351856	18.85
646.0	1.620856805991696	120.712
646.5	1.6495873431716122	60.454
647.0	2.217132773563417	79.42
647.5	2.1477615571082196	70.651
648.0	1.754262581841584	100.722
648.5	1.6906081322511923	120.722
649.0	2.4688242361287283	40.332
649.5	2.0241249423988275	78.804
650.0	1.5894390035887833	25.909
650.5	1.8533155164130077	47.125
651.0	2.4891694941754596	20.203
651.5	1.4146858015433585	73.573
652.0	1.6043306101694437	17.719
652.5	2.3306546208568073	17.633
653.0	1.3815581096532914	30.14
653.5	2.028248938325865	60.24
654.0	2.0870438316693942	60.424
654.5	1.7975047231035264	17.771
655.0	0.14467555234692014	18.035
655.5	14.21582839033836	50.315
656.0	2.416778177220143	100.963
656.5	1.6401149841071774	17.02
657.0	1.9756025267995354	30.035
657.5	1.5106886434643987	17.084
658.0	2.0999307031682664	70.57
658.5	0.1383390190022957	17.58
659.0	5.836347362891853	50.225
659.5	1.7772219037305637	50.417
660.0	2.472754340031395	60.298
660.5	1.5813958395430694	49.75
661.0	2.154257646757812	17.675
661.5	2.3475937636535864	48.664
662.0	1.5292191167135998	30.175
662.5	2.1704426324713593	30.251
663.0	2.0263328473029745	50.239
663.5	1.5507009512767902	151.033
664.0	1.8024606868364481	80.552
664.5	2.6518448130680383	70.404
665.0	1.5788022246399638	18.792
665.5	2.1854419211136404	60.398
666.0	2.4457384845251795	20.043
666.5	1.654869119471139	80.491
667.0	2.5880146259169496	80.626
667.5	1.587102617185746	131.144
668.0	1.8373590629982879	47.3
668.5	2.0505137746139135	20.319
669.0	1.6068427822789972	40.3
669.5	1.8395910255834542	80.292
670.0	2.188922757613452	140.936
670.5	2.3390405600825828	80.451
671.0	1.5943655177282303	30.233
671.5	1.8231448240013188	90.558
672.0	2.2456073311703757	30.185
672.5	1.9238522497145405	30.257
673.0	2.0385076986920505	16.722
673.5	1.85309877847914	16.265
674.0	2.053270164871742	44.769
674.5	1.927961736221667	60.376
675.0	2.2269363669404316	60.286
675.5	1.9555310112316522	60.495
676.0	2.2973857564147244	48.845
676.5	2.1460358741650407	56.806
677.0	1.9910210965028121	60.42
677.5	1.679350530117641	18.826
678.0	1.4337601831218607	72.198
678.5	1.3160174987082067	156.788
679.0	2.4452543349558598	70.277
679.5	1.4563944566171212	16.923
680.0	1.8503576646448483	67.084
680.5	2.293816739981233	17.263
681.0	1.829238238563447	68.165
681.5	1.8491989014248964	30.2
682.0	2.0051447740996227	110.606
682.5	1.787985293370134	66.448
683.0	2.5104760371221206	90.462
683.5	1.5886313030942085	100.724
684.0	2.1452119104155263	100.563
684.5	2.2156700694927993	80.443
685.0	1.8068409055469434	40.287
685.5	2.0636892977041406	120.942
686.0	2.0772390377248526	100.716
686.5	2.2486729397581215	16.906
687.0	1.6453586397795044	97.949
687.5	1.6791838678104534	17.964
688.0	2.3829165767548637	52.862
688.5	2.0464288963101898	58.944
689.0	1.7761108620016346	30.192
689.5	2.1610787078947427	57.719
690.0	1.5554199863539668	60.479
690.5	2.1964283146847383	16.631
691.0	1.5465349990460486	80.696
691.5	1.7146970097214391	56.417
692.0	1.917757733810551	79.426
692.5	1.689492049971739	77.858
693.0	2.322980069082906	40.307
693.5	1.5173003154830098	80.629
694.0	2.2665681706932808	60.347
694.5	1.6456690767409436	121.029
695.0	1.5737217470480271	90.404
695.5	2.607024047390311	18.667
696.0	2.0382702760770983	17.247
696.5	1.891098813460352	16.107
697.0	1.518217456347318	60.525
697.5	1.7714613537114976	120.826
698.0	2.160033088857219	80.477
698.5	2.3295522256760073	20.27
699.0	1.781457382939931	50.357
699.5	1.8637705152911277	17.479
700.0	2.185918480442722	130.889
700.5	2.376649716938014	37.255
701.0	1.6913034495296821	130.822
701.5	1.9225949154019957	60.501
702.0	1.3368886787756087	30.193
702.5	1.6087479038327415	52.921
703.0	1.9705701748746203	42.997
703.5	1.6043907658176624	70.721
704.0	1.4206464194916177	49.436
704.5	1.8918312192620235	17.676
705.0	2.106706522067764	80.581
705.5	2.327491312852509	20.218
706.0	1.4917965915819624	57.323
706.5	2.2273523875865364	99.868
707.0	1.5137745338267166	161.411
707.5	2.1132565882980403	30.31
708.0	2.1352496503174008	47.397
708.5	1.415667700858597	16.813
709.0	1.5950677325802984	87.985
709.5	1.8770870487219946	80.472
710.0	2.1522751965501934	98.264
710.5	1.7019018359942584	115.116
711.0	2.2867994194741357	90.636
711.5	2.271008986718953	30.06
712.0	2.1999409708096844	70.754
712.5	1.9221517460129633	80.467
713.0	1.7952566156074758	47.085
713.5	1.9538718677648603	141.035
714.0	2.067784538926005	100.742
714.5	1.6449220117370371	16.293
715.0	1.8598916050219592	20.108
715.5	1.8862004810121675	47.251
716.0	2.299531758741721	60.471
716.5	2.293141943697596	70.776
717.0	1.5362365201648969	49.098
717.5	2.3657077586039503	20.167
718.0	1.7469704503788268	110.785
718.5	2.0006216000535217	70.455
719.0	2.0700884852042143	90.535
719.5	2.4889304679649875	30.161
720.0	1.3896586198490897	19.309
720.5	1.9726338812898137	37.945
721.0	2.054093039064026	37.58
721.5	1.6494543105301582	80.523
722.0	1.714556884008296	100.793
722.5	2.143851162667841	60.305
723.0	1.955340660954208	70.397
723.5	2.0635663635182953	80.493
724.0	1.6122211642695046	80.496
724.5	1.91932848736512	130.704
725.0	2.137721402086037	30.217
725.5	2.1383668866791092	84.192
726.0	1.9725025548361876	30.204
726.5	2.537690300522343	20.139
727.0	1.790528757368831	110.63
727.5	1.859196040962888	50.511
728.0	1.6907121113708463	46.559
728.5	1.302365328302323	110.674
729.0	1.6031590019199062	50.48
729.5	1.7659902803355827	60.244
730.0	2.0191060656049906	70.579
730.5	1.5570226664546947	110.685
731.0	2.2828726713114196	90.599
731.5	1.7185091807049422	105.656
732.0	1.8602803244394694	80.561
732.5	2.259436494956781	49.417
733.0	1.9092324707956454	80.519
733.5	2.2604058606833157	17.075
734.0	1.827234176311487	50.596
734.5	2.0105076575785983	77.727
735.0	2.0685016656872426	60.329
735.5	1.8672009112140902	20.196
736.0	1.3971360536021429	131.129
736.5	2.518547218386376	20.259
737.0	1.5612630794993827	70.615
737.5	1.7561617524063655	70.471
738.0	1.4741792621922094	48.572
738.5	1.854452147871381	60.388
739.0	2.6128786997092845	77.574
739.5	1.7267042363706706	110.889
740.0	2.386325125472681	90.66
740.5	2.107344154620923	154.352
741.0	1.5994869957381277	37.811
741.5	2.396530554066347	117.852
742.0	2.2082999683187396	130.892
742.5	2.0318937042823033	100.569
743.0	1.6647007708835124	70.571
743.5	1.8277670218275426	46.762
744.0	2.234203105531488	50.324
744.5	1.730486788319638	90.572
745.0	1.9356568613044471	60.408
745.5	2.3197756003106758	49.35
746.0	1.6952514079465562	62.752
746.5	2.149400662766568	90.724
747.0	2.4182983517482683	30.167
747.5	2.099818227427842	121.027
748.0	1.6576135009009954	80.511
748.5	1.9489370798680252	36.89
749.0	2.2267979859413947	30.285
749.5	2.122497764177433	20.045
750.0	0.14803481713386718	16.588
750.5	11.745116322004543	70.634
751.0	2.0505033817266693	60.137
751.5	1.966350044856943	107.853
752.0	1.9646107660787595	140.722
752.5	1.7463837606190684	196.12
753.0	2.280570001874504	138.516
753.5	1.7434346288751486	110.867
754.0	1.948515286032641	80.47
754.5	1.779645432530364	19.949
755.0	2.081059681703476	70.345
755.5	2.119497780216362	100.775
756.0	1.3636020830751288	50.403
756.5	1.7557067759462728	110.855
757.0	2.4398909450844504	50.434
757.5	2.4525984541467927	60.135
758.0	1.1254673063034741	71.476
758.5	1.950290222205265	70.348
759.0	1.7444064706922087	92.195
759.5	2.053052057878838	60.33
760.0	2.310585241819039	67.449
760.5	1.4428132180320714	110.68
761.0	1.945013492691822	30.254
761.5	1.8730823251633377	20.245
762.0	1.5114990810164792	47.19
762.5	1.865999996903696	30.198
763.0	1.6228327330130854	70.535
763.5	2.265695688186462	60.573
764.0	1.7656591202930694	100.552
764.5	2.5981890184544207	88.571
765.0	1.863241192833844	60.577
765.5	1.9574340672941202	70.364
766.0	1.5085706284853053	60.461
766.5	2.0113962667578056	17.75
767.0	2.8134078975710306	80.565
767.5	1.6542526605651495	80.621
768.0	1.8514199603137134	120.597
768.5	2.0307890801412634	94.528
769.0	1.7271714439089394	60.387
769.5	2.3649614678530027	27.311
770.0	1.7206049630565692	48.18
770.5	1.7932341432689742	90.655
771.0	2.232284417562709	70.284
771.5	2.1364715970396957	77.583
772.0	2.119118453509257	68.052
772.5	1.5144767286664582	30.079
773.0	1.9661565276836104	60.183
773.5	2.512868260331888	16.939
774.0	1.5262283483284744	16.868
774.5	1.6653893372188449	80.488
775.0	2.594945969507699	60.473
775.5	1.7152966845028286	111.691
776.0	1.5768203145697524	66.939
776.5	2.1932708550088047	35.288
777.0	2.137284457007969	18.996
777.5	1.4472073921367352	70.461
778.0	2.1721821152146576	40.23
778.5	1.6015425077247516	80.543
779.0	2.0186079362838916	30.162
779.5	1.5935258744341605	80.622
780.0	1.667677066628686	125.242
780.5	2.286382770707445	50.292
781.0	2.1754838889821535	90.572
781.5	1.6344794312395243	30.052
782.0	2.194491086410138	30.196
782.5	1.9768379245885108	60.455
783.0	1.8529528093002945	30.349
783.5	1.6945880045879684	17.348
784.0	2.486938450570122	70.369
784.5	2.0426170612821544	28.263
785.0	2.1984600934116596	30.196
785.5	2.0655936747078636	97.123
786.0	1.5708556769846973	102.897
786.5	2.444614174953987	90.494
787.0	2.4194845533812135	80.454
787.5	1.3402859431045495	110.741
788.0	2.1734361403303684	110.676
788.5	1.5064003251691913	110.678
789.0	2.317369688845106	60.399
789.5	2.0890221656802397	151.85
790.0	1.696088806258249	151.245
790.5	2.168744012220394	50.322
791.0	2.152982352280842	151.455
791.5	1.4838092072873343	60.541
792.0	2.1164713835783813	37.761
792.5	1.4742111783323597	120.819
793.0	1.9133285714177632	130.854
793.5	2.066895192474325	181.849
794.0	2.9731411657479505	222.63
794.5	2.288745805513576	165.344
795.0	2.4324827926844077	20.265
795.5	1.4980959249599455	70.618
796.0	1.7279945539288226	104.375
796.5	1.843801576928706	20.076
797.0	1.999290391220293	131.059
797.5	2.0003576519617767	67.362
798.0	1.7818360381247065	100.452
798.5	2.2013484544932123	50.353
799.0	1.5630763371398406	40.103
799.5	1.5353237444769343	117.204
800.0	2.5066308468198732	17.969
800.5	2.1920976171800834	26.445
801.0	1.9455473319358676	120.592
801.5	1.6968666941694086	16.896
802.0	1.944183980403807	47.906
802.5	1.9722057258278154	70.381
803.0	2.062562587657377	17.396
803.5	2.081054161670942	110.677
804.0	2.421621232761126	30.215
804.5	2.310206991820545	20.195
805.0	1.9184305911152648	60.594
805.5	1.961346972062543	110.74
806.0	2.479243371413372	101.019
806.5	1.9664739516130674	16.047
807.0	2.072675027872256	16.853
807.5	2.0014533177932403	77.4
808.0	1.6847250539279863	109.538
808.5	2.3538704105921155	60.374
809.0	1.8264860293139673	61.992
809.5	1.8616479948821387	36.106
810.0	1.8133840844790228	68.473
810.5	1.8896685738000902	47.459
811.0	1.4611188056372493	60.288
811.5	2.668589572685831	20.269
812.0	1.668948457035264	79.511
812.5	1.949032642418037	60.35
813.0	1.9500190853225219	60.482
813.5	2.155426102477518	67.114
814.0	2.322017126830917	89.384
814.5	1.4886894006016655	97.362
815.0	2.1308957919932303	27.324
815.5	1.7814237614299837	70.727
816.0	2.188677270419499	120.623
816.5	1.8234807256723404	37.579
817.0	2.1066291798780625	79.044
817.5	1.7816122478251146	119.622
818.0	2.194864971824675	99.378
818.5	1.5103962761925818	87.57
819.0	2.4198818665400923	60.175
819.5	1.9427514282638	16.164
820.0	2.408561744153717	70.507
820.5	1.7712627390020714	100.862
821.0	1.4850125797776814	90.617
821.5	1.8863157837221864	70.544
822.0	1.4421194172038896	120.393
822.5	1.7498507400967156	107.09
823.0	2.067743366501222	40.274
823.5	1.5597196310023702	90.659
824.0	2.532035165529529	80.415
824.5	2.2380784084564076	174.281
825.0	1.825573319696935	157.393
825.5	2.3391627779604285	126.069
826.0	1.8857116275764747	114.552
826.5	2.3139732056020503	70.501
827.0	1.5124776321518876	17.137
827.5	2.3380182267940084	60.421
828.0	2.443477485069346	20.257
828.5	1.5410641855891414	60.378
829.0	2.0336445336594036	47.66
829.5	2.0863850221953952	128.946
830.0	1.5622307708608367	60.472
830.5	2.627548387899471	50.229
831.0	1.807630898038617	93.054
831.5	2.0073024050036965	50.268
832.0	2.0812120587694025	49.393
832.5	1.7783085990158212	70.462
833.0	1.8705141419999276	20.226
833.5	1.6649877405530096	41.819
834.0	1.725666811277821	19.081
834.5	1.862452137489083	45.388
835.0	1.5688262236352715	50.14
835.5	2.247750165653379	79.846
836.0	1.802960103913722	72.517
836.5	2.4038185711962643	20.224
837.0	1.8320262174942858	30.192
837.5	2.157954739370794	50.443
838.0	2.1159588701897745	30.121
838.5	1.7543203172342259	122.603
839.0	2.346008881439103	71.26
839.5	1.649864756974831	80.456
840.0	2.2580341450956274	80.618
840.5	1.6574232938334532	30.251
841.0	1.9550206839600663	30.173
841.5	1.877110168625573	20.128
842.0	1.9536621442079671	88.786
842.5	1.570933183522336	16.814
843.0	1.9579904123867737	30.362
843.5	2.1329594769160356	49.212
844.0	1.4846727490072853	70.696
844.5	1.7925824872730156	70.447
845.0	2.0247959624662313	100.522
845.5	2.1802375560331315	16.685
846.0	1.675879118740507	40.309
846.5	1.704504223580191	48.833
847.0	1.905397780656596	80.574
847.5	2.6544150921159186	60.392
848.0	1.852881090877233	67.397
848.5	1.6709792515353201	50.256
849.0	2.0708239010892577	120.834
849.5	2.0048917109004987	60.42
850.0	2.607736946923844	50.525
850.5	1.7131901571351842	49.553
851.0	1.9409262252950399	90.636
851.5	1.8018444385050312	98.566
852.0	1.5230189078546856	100.669
852.5	2.269438748613457	78.711
853.0	1.7141805505852543	40.278
853.5	1.870471141652773	80.814
854.0	1.4734983342024661	151.051
854.5	2.214018958465835	30.198
855.0	2.1749026759476333	88.079
855.5	1.6965856544074158	97.985
856.0	2.079811946217135	20.231
856.5	1.766867020608511	89.075
857.0	2.2272483272346846	77.628
857.5	2.1144185877687764	47.09
858.0	2.006987236154583	71.673
858.5	1.891215811309003	30.265
859.0	1.3786591167816316	56.23
859.5	2.2343059067025424	60.929
860.0	1.8276666250238336	100.658
860.5	1.442262894186206	19.949
861.0	1.8947626694401503	130.16
861.5	2.119742084578089	140.784
862.0	2.0759397947149743	60.329
862.5	1.7509924537433397	47.641
863.0	1.488903912893356	60.405
863.5	1.911729842572245	30.39
864.0	1.9216517971180815	60.45
864.5	2.483297709127562	107.569
865.0	1.5643399062903565	76.976
865.5	1.7029253298162774	16.759
866.0	1.9948580920642358	50.341
866.5	1.7640824817492309	96.295
867.0	2.1256267069738	62.891
867.5	1.577730345396606	80.656
868.0	1.5914159697224957	60.544
868.5	1.7030789701852127	47.812
869.0	2.1158142262678625	70.194
869.5	2.1047101343013614	60.491
870.0	1.5406380900472731	90.659
870.5	1.8903231488657397	60.498
871.0	2.3445048271560984	18.299
871.5	1.848484215161151	70.944
872.0	1.7584383164685364	67.112
872.5	2.0398773081149724	60.333
873.0	1.5169181234946167	17.373
873.5	2.202882380862099	90.708
874.0	1.7214703415747643	100.807
874.5	1.9669909804029635	141.33
875.0	2.268582613141256	50.298
875.5	1.6456172885646614	80.51
876.0	1.6088315529807844	37.119
876.5	1.548479210542781	114.246
877.0	2.483921166009571	60.49
877.5	2.3419484440441822	70.509
878.0	1.8113544569653934	17.027
878.5	1.737438225639195	29.066
879.0	2.0744922956338954	60.313
879.5	2.192249169566875	109.461
880.0	1.6447174018763586	90.683
880.5	1.5463115056009844	70.005
881.0	1.8775663963825882	90.669
881.5	2.0105276512789647	102.917
882.0	1.7730915870582915	67.399
882.5	2.2749880507909777	63.605
883.0	1.6770576874006837	163.921
883.5	2.233575990733297	97.614
884.0	1.862245661131056	41.859
884.5	2.004324017184402	80.436
885.0	1.8948986706849893	30.272
885.5	1.9606860201941445	47.461
886.0	2.0538925632243403	30.202
886.5	1.622399741091134	107.691
887.0	2.0624117483173605	70.552
887.5	2.1906678647354574	80.557
888.0	1.8899014219016297	30.21
888.5	2.0693700249154268	17.504
889.0	1.964700582878512	16.887
889.5	1.7843055221517166	53.916
890.0	1.5118317018316862	46.169
890.5	2.1411330238848088	60.537
891.0	2.2487588188672483	80.596
891.5	2.103732256354913	90.525
892.0	2.0848623007182843	18.356
892.5	1.7804628753494112	68.833
893.0	1.9467417794548931	30.208
893.5	1.6916633434227732	76.538
894.0	1.9388195700276563	20.181
894.5	2.2485870872991667	20.04
895.0	1.7725220003495663	60.594
895.5	1.5873464608295622	30.301
896.0	1.8355580857006486	48.503
896.5	2.240245274094262	60.379
897.0	1.9226839937252063	88.166
897.5	1.5404865350369097	60.357
898.0	2.5788484825911406	101.767
898.5	1.6763518731833196	101.112
899.0	1.7439290958138203	60.327
899.5	1.8568959654631583	30.238
900.0	1.8749051485100918	100.728
900.5	1.614074428470141	70.368
901.0	1.6683088730038667	60.651
901.5	1.747650168824254	60.514
902.0	1.8833710137667947	100.531
902.5	1.739474545162184	50.249
903.0	2.0090091119126	30.179
903.5	1.9516614481028602	126.373
904.0	1.9777273844049845	20.062
904.5	1.5069468796925594	30.205
905.0	2.654092920532265	70.357
905.5	1.4319831795728455	70.608
906.0	2.0901327270424157	38.376
906.5	2.1380256569038787	81.081
907.0	1.5130230963582214	17.811
907.5	2.0655717870575057	50.306
908.0	2.653147714005612	30.075
908.5	2.390939856332235	19.068
909.0	1.6862066405470777	100.731
909.5	1.4883155473519398	90.458
910.0	1.9312055876254859	120.811
910.5	1.7597721728010405	50.421
911.0	2.238100240299551	100.756
911.5	2.361691586157225	30.083
912.0	1.9655555524830455	165.143
912.5	2.0153825276311594	131.791
913.0	1.4079077321983064	201.581
913.5	1.4147256722101829	80.643
914.0	2.508553627090582	60.499
914.5	1.7198329461733155	140.864
915.0	2.1457941184042126	80.645
915.5	2.0019047879174563	110.924
916.0	1.9082413964763396	26.387
916.5	2.21383918100202	39.799
917.0	1.7810251915975654	47.345
917.5	2.2241950703003877	26.439
918.0	1.799228754100392	20.148
918.5	1.9121758445549033	70.518
919.0	2.1639991103579788	60.287
919.5	1.7799487272521586	77.664
920.0	1.9801690415689013	80.235
920.5	1.6706090592486638	99.483
921.0	1.739534140372374	90.585
921.5	2.018368141747079	87.212
922.0	2.1109786019054537	30.11
922.5	1.635479615599219	70.35
923.0	2.0397909224696975	90.558
923.5	1.3489707031080391	16.971
924.0	1.628545267046333	100.6
924.5	1.9039805636526375	46.98
925.0	1.8084348770225713	30.258
925.5	1.5804032484262955	130.833
926.0	1.8865145363436289	90.469
926.5	2.1681522970735547	40.147
927.0	2.4225262808891888	60.566
927.5	1.490901479662602	120.76
928.0	1.282685978796495	119.839
928.5	1.4290718979519803	28.792
929.0	1.4868726589388315	60.535
929.5	1.5630329175882187	17.073
930.0	2.007362429118754	90.791
930.5	1.7727311519807314	60.362
931.0	0.9654878355177839	81.299
931.5	2.2311238223164125	16.277
932.0	1.8671920524280263	60.52
932.5	2.421876772354291	100.666
933.0	1.2223664615400032	90.628
933.5	1.5272656422341095	70.372
934.0	2.424831449942454	60.431
934.5	2.2009957363837565	90.776
935.0	1.8798760306058961	30.199
935.5	1.744651176081372	16.41
936.0	2.187431867632461	120.926
936.5	2.0763932443690782	90.491
937.0	2.2310051423877466	30.25
937.5	1.7518285972678505	67.189
938.0	2.0511560400351523	100.708
938.5	1.5533311690412241	88.71
939.0	2.2687129294275707	110.735
939.5	1.4549903725878166	27.303
940.0	1.9101044921151624	77.265
940.5	1.4159621430415346	128.651
941.0	1.4744385228111518	90.745
941.5	2.281863353988962	151.098
942.0	1.346485986199365	16.482
942.5	1.603545522179761	80.604
943.0	1.6560507617809537	47.444
943.5	1.9228669509953924	90.711
944.0	1.7062500716519358	30.22
944.5	1.393053135315479	67.03
945.0	1.808175361188616	60.44
945.5	1.776790975733284	60.478
946.0	1.98452777543709	46.781
946.5	1.9649443926523078	46.943
947.0	1.9244902786593494	56.84
947.5	2.047383123369222	80.425
948.0	1.8544393385672098	30.19
948.5	1.2953235399608918	149.569
949.0	2.4650702231210833	51.695
949.5	1.839837299281667	21.422
950.0	1.8219221910899188	58.654
950.5	1.6312333897649982	19.445
951.0	1.9312868242627983	25.752
951.5	1.8053277734192714	15.938
952.0	2.2844823285821256	30.219
952.5	2.0119685144544586	121.033
953.0	1.7772428656152885	40.203
953.5	1.7339776843735022	110.617
954.0	1.2926784546109513	130.868
954.5	1.732968833493667	30.246
955.0	2.1551380651953056	52.326
955.5	2.355625563146689	120.933
956.0	1.852467049142314	19.247
956.5	1.8578311906263305	67.377
957.0	2.162211789351264	47.062
957.5	2.376595519876452	30.091
958.0	1.382910081778176	120.896
958.5	1.753451587601268	60.375
959.0	2.3104323897674717	30.189
959.5	1.7872188836792844	76.63
960.0	2.007883818794314	30.188
960.5	1.6978867628288024	60.326
961.0	1.7731452674765766	60.509
961.5	1.522859736925845	90.731
962.0	1.9637972270921673	19.124
962.5	2.1563429213774885	19.117
963.0	1.6262368594907797	46.502
963.5	2.2612641829174414	69.53
964.0	1.6125997870369948	16.433
964.5	1.9711136998634509	70.474
965.0	1.614880135101866	130.925
965.5	1.6726379200941248	50.303
966.0	2.2411172385905958	58.983
966.5	1.7399993002770735	80.509
967.0	2.3930628029966967	26.27
967.5	2.237389484939828	70.406
968.0	2.2557389747987733	54.654
968.5	1.5836242378987813	76.678
969.0	1.7221098488179658	60.344
969.5	2.177821278079998	59.081
970.0	1.3934611832503838	70.587
970.5	2.334957651882313	111.177
971.0	2.965777238025909	20.206
971.5	1.6046912480832654	70.62
972.0	1.5979095079951844	40.237
972.5	2.1164833248207224	119.176
973.0	1.3586695663258743	47.397
973.5	1.7695925182156618	59.292
974.0	1.7478068928988877	16.696
974.5	2.009799643606331	30.16
975.0	1.7527555295189843	16.457
975.5	1.6173094612060201	50.422
976.0	1.8566765856451433	16.349
976.5	2.568336237762428	110.818
977.0	1.8775523270953052	80.572
977.5	2.1632417344783557	60.452
978.0	1.7300712244372898	79.885
978.5	1.667857804046307	17.57
979.0	1.6846799895983415	20.177
979.5	1.505120924565682	73.158
980.0	2.046792047807573	38.224
980.5	2.015263068488611	50.129
981.0	1.5985234544970601	70.476
981.5	1.893097534275157	70.68
982.0	1.5317118771975717	48.902
982.5	1.7760286613857317	49.111
983.0	1.7432826781343267	30.234
983.5	2.0959712338564556	21.221
984.0	1.6932757242897938	100.606
984.5	1.8527719462029615	50.582
985.0	1.7998037954091395	30.18
985.5	1.84221118259521	100.509
986.0	2.12643296491504	90.497
986.5	1.696831578196019	100.728
987.0	1.9909020363753083	19.991
987.5	1.486192256169067	16.801
988.0	1.8273440256254037	80.604
988.5	2.1025103032914134	19.94
989.0	2.0000086155271948	17.345
989.5	2.1236477960239024	80.685
990.0	2.2784049484795905	81.145
990.5	2.2917035078738497	60.412
991.0	1.7871582314037477	68.273
991.5	1.2251196182680542	76.986
992.0	2.1460443173958863	26.555
992.5	1.3172755280763229	120.843
993.0	1.8966930636632764	30.16
993.5	1.8399754130494277	87.896
994.0	1.6960502883409667	90.507
994.5	1.9098475788840752	80.38
995.0	1.9871919487877658	78.741
995.5	1.591005007789303	60.317
996.0	2.1586950688231576	40.272
996.5	1.9976522215778578	47.816
997.0	2.095073725625484	37.384
997.5	2.0797293251016535	117.992
998.0	1.9988566095061597	80.337
998.5	2.1552592684365353	29.823
999.0	1.537939901698772	70.502
999.5	1.628493343160832	27.535
1000.0	2.3206050814892745	30.184
