0.5	0.13911148472377993	28.78
1.0	5.2799689961739436	53.4
1.5	3.5725422562522953	22.184
2.0	1.5129228955469156	45.157
2.5	1.5314238228724797	144.918
3.0	2.9602498886465662	100.731
3.5	0.5645519710131223	135.894
4.0	1.7290729257974347	60.372
4.5	1.5698206986377914	148.703
5.0	1.4785194028688575	167.807
5.5	-1009255.2223708507	139691480449.648
6.0	0.14407179977353612	20.88
6.5	9.414538795109257	50.476
7.0	1.882951947049611	100.651
7.5	2.3253242266292475	50.585
8.0	1.974271231841546	50.545
8.5	0.13263543959284482	48.925
9.0	6.345727532394425	100.718
9.5	1.45815927699081	60.575
10.0	1.3435936318037296	30.193
10.5	2.6001598053560038	50.662
11.0	1.6082010279281833	110.798
11.5	1.7745835982372244	36.465
12.0	1.1800197696610306	22.172
12.5	1.7028280718675277	90.716
13.0	2.0813125661379663	68.796
13.5	1.784762742765516	38.169
14.0	2.06941625730447	80.869
14.5	2.1260336684722554	90.677
15.0	1.8729554361186393	40.21
15.5	1.3512495688774935	121.319
16.0	1.5022342847923928	120.968
16.5	2.146262674759871	49.589
17.0	1.990070435677733	112.18
17.5	1.775213807827627	161.039
18.0	2.1372171574920733	181.075
18.5	2.043880040401053	55.815
19.0	2.276877179170523	51.66
19.5	1.3002761292120515	80.707
20.0	1.7977231575064396	70.525
20.5	1.9383005921515672	50.336
21.0	1.544238312146247	80.527
21.5	1.6989414006827033	130.932
22.0	1.6298926309992894	75.972
22.5	1.989786469702571	70.429
23.0	1.1412301055842782	100.766
23.5	1.5490525731815252	24.53
24.0	2.4369234763333156	110.699
24.5	1.7728084657292311	108.565
25.0	1.2397619198725114	70.503
25.5	2.049809345835026	60.676
26.0	1.9537666362824189	13.951
26.5	2.165281766673358	76.567
27.0	0.6440004647490138	64.686
27.5	1.9772603985511341	14.035
28.0	1.724764701502357	34.33
28.5	2.5936501386123023	85.918
29.0	1.441242050235268	50.5
29.5	2.1880313849664956	13.762
30.0	1.8333529779805786	89.8
30.5	1.5630242327389987	86.243
31.0	1.604672248121348	80.588
31.5	1.5134965383507237	61.91
32.0	2.21370668381668	17.353
32.5	2.0359857566621087	30.215
33.0	2.1459338418154044	59.148
33.5	1.8285956557695338	80.561
34.0	1.8223592386397887	30.471
34.5	1.6775602544710546	60.38
35.0	2.0934785579220736	80.541
35.5	2.0870621662186695	90.697
36.0	1.7420794830850828	90.64
36.5	1.8941349707124704	90.597
37.0	2.1063484929969465	30.091
37.5	2.1685462379315905	151.319
38.0	2.481496681206395	110.858
38.5	2.24693437750849	100.721
39.0	1.7571272649208531	74.346
39.5	2.3795792590441334	30.095
40.0	2.017230776412089	130.662
40.5	1.172699145657697	60.1
41.0	1.7252091665334488	110.861
41.5	1.8347632700706247	130.969
42.0	1.8019327013496156	60.516
42.5	1.5138420415406753	20.136
43.0	0.12148121703761955	29.271
43.5	1.0917263456975077	54.91
44.0	1.0557731404053337	87.322
44.5	0.17026222131350296	11.523
45.0	2.225023446536042	12.419
45.5	0.3738525015197475	10.502
46.0	0.3501395292246027	33.311
46.5	0.893393381276141	84.371
47.0	0.3935495582615437	17.463
47.5	0.9287302204577342	25.058
48.0	0.48130279838143203	51.501
48.5	0.7285724107574326	24.132
49.0	0.7951399609005788	110.788
49.5	0.37213157082161086	22.77
50.0	0.12510419301847267	19.567
50.5	0.07806983820481048	19.907
51.0	0.47877082388086334	19.201
51.5	0.24887133631668257	37.45
52.0	0.7376099213344379	131.041
52.5	0.616652790687168	60.46
53.0	0.4848013143630079	130.857
53.5	0.6731082122018645	78.139
54.0	0.49543794888590914	113.339
54.5	0.4467472371834966	21.836
55.0	0.5530305181421524	33.168
55.5	0.5030061374491637	40.369
56.0	0.5381821717988687	50.526
56.5	0.4345964030154096	18.317
57.0	0.3481430130164386	140.927
57.5	0.33448314151886077	130.878
58.0	0.5127222843057241	20.675
58.5	0.6750042441922292	21.518
59.0	0.4629618057316314	20.48
59.5	0.4681822396992069	116.639
60.0	0.6878361608677104	80.583
60.5	0.3713094345523014	70.609
61.0	0.7030732458308042	130.735
61.5	0.5454650298050763	60.594
62.0	0.5864092097233176	30.249
62.5	0.5560796514511498	130.645
63.0	0.36943430301909896	18.5
63.5	0.39759835209761846	90.914
64.0	0.6161073286795217	71.494
64.5	0.40186805945789755	120.909
65.0	0.3150071608050198	131.048
65.5	0.14116393375994937	20.505
66.0	2.824138005271019	151.015
66.5	1.469139541458492	50.417
67.0	1.9308843675564438	100.708
67.5	2.842717438450999	100.855
68.0	1.7092808400670325	21.125
68.5	2.2245431699306932	28.404
69.0	1.6228333830796058	80.55
69.5	1.8284875687993671	131.272
70.0	0.12440179947414648	12.495
70.5	1.5144528331773959	100.583
71.0	11.084372545989178	126.379
71.5	1.1058114185478443	50.295
72.0	1.0759858671712321	50.719
72.5	1.9857083459732419	85.795
73.0	2.125447397549948	12.735
73.5	1.4590408546410047	50.394
74.0	0.8186219562464548	120.965
74.5	1.6862776106649182	50.22
75.0	1.3309239647084474	80.501
75.5	1.4013902794271411	91.604
76.0	1.1684746435869435	33.096
76.5	2.7107636019652315	49.831
77.0	1.440580394817411	120.792
77.5	0.6932681656166059	110.844
78.0	1.6872091731501855	18.154
78.5	1.9309556220749353	31.049
79.0	1.6704895060331775	40.324
79.5	2.038287799351889	52.537
80.0	1.5608032482123435	90.486
80.5	1.7223087282952831	22.548
81.0	1.490910898371106	134.832
81.5	0.8362456310539146	140.737
82.0	1.1885122050109924	60.421
82.5	2.1682206205199317	56.127
83.0	1.9331902246753785	40.273
83.5	2.299267664158342	70.422
84.0	2.114430296395414	23.597
84.5	2.688243129511721	61.582
85.0	1.8664142894434141	63.915
85.5	1.376877976442842	80.765
86.0	1.964585549349331	95.148
86.5	0.8911422185895599	151.912
87.0	1.8658780054246267	110.749
87.5	1.7969477145504789	33.135
88.0	1.714410554596626	90.876
88.5	1.7080283235315246	13.346
89.0	1.6940264679545354	65.824
89.5	2.464567163735899	70.437
90.0	1.742370657530282	80.566
90.5	1.601614114167753	100.775
91.0	2.1358155069258653	60.183
91.5	1.4537957470184162	30.168
92.0	1.3882258969297714	113.044
92.5	1.662895978720708	64.398
93.0	1.784343730094443	77.991
93.5	1.9231789450987833	130.893
94.0	1.9002540753114923	81.28
94.5	1.3556602000692177	60.496
95.0	1.222008441887883	151.378
95.5	1.0471564190717664	32.67
96.0	2.4514266391692368	35.553
96.5	0.9449802641071705	90.614
97.0	1.8840262696418675	40.279
97.5	1.538540133502017	60.525
98.0	1.9935443414535838	95.366
98.5	2.1648217218534125	120.847
99.0	1.6139283220234724	50.293
99.5	2.0201087651590695	80.364
100.0	1.9072789045125325	32.911
100.5	2.0071734317833045	80.089
101.0	1.6365420497390841	74.243
101.5	2.1096328877324537	104.089
102.0	2.4463690782399072	91.801
102.5	1.1688207907384625	120.908
103.0	1.403458970078554	120.897
103.5	1.8456429317916732	80.678
104.0	1.7921787666284612	80.701
104.5	1.850640321859775	80.371
105.0	2.4040727457467073	80.248
105.5	1.3477086205069086	120.848
106.0	1.6084602333972076	62.425
106.5	1.4249781317257535	60.382
107.0	1.6389816221971587	20.132
107.5	2.198943754102392	50.246
108.0	2.286308445264428	50.278
108.5	1.7463839452714573	40.23
109.0	1.6191032264923064	17.902
109.5	1.4700875707451455	80.597
110.0	1.6903515637214426	70.331
110.5	1.525703502472459	80.462
111.0	1.6885463296540326	58.95
111.5	0.1544546835291697	128.275
112.0	1.7550060082751582	60.276
112.5	9.694090332104034	60.663
113.0	1.599743731673584	51.008
113.5	1.8674816360250581	100.66
114.0	1.5936184841518068	37.734
114.5	0.15964084096932507	139691529065.152
115.0	2.4018894708064455	100.866
115.5	2.254776479738687	14.184
116.0	1.368961810102853	104.798
116.5	2.086237419221144	80.642
117.0	2.221556151880967	90.444
117.5	1.675684280898675	20.145
118.0	1.7353696926359232	12.752
118.5	1.6587003877461421	80.596
119.0	1.5465974826280509	24.513
119.5	1.6700418244376467	121.215
120.0	1.5208234714022786	100.78
120.5	1.8879221720792216	80.386
121.0	2.538100889332757	20.082
121.5	1.6920563544652474	80.601
122.0	1.8973106182063666	83.397
122.5	2.0965989354586965	90.646
123.0	3.002437665453516	106.023
123.5	0.717112472081979	97.643
124.0	1.442407904347111	80.687
124.5	1.6233742746764062	34.136
125.0	1.8023812139339215	15.954
125.5	1.1076363243038145	60.551
126.0	1.8165803745660332	124.111
126.5	2.308107201025061	63.431
127.0	1.7001925994155291	20.383
127.5	1.4196657017669	15.759
128.0	2.3369350011243	77.854
128.5	1.7281445377851181	80.544
129.0	2.3575822404472127	36.36
129.5	1.0422548761207926	120.961
130.0	1.4756144950036776	20.134
130.5	1.8175597376069073	37.375
131.0	1.6089497204143495	14.385
131.5	1.8380519323386482	90.03
132.0	2.0293509918174517	13.398
132.5	1.8112150700179868	80.488
133.0	1.8456704133107429	120.838
133.5	1.8332298667941904	50.246
134.0	2.273285597364039	46.057
134.5	1.2129017535897484	111.297
135.0	1.8312511739325108	124.082
135.5	1.7736845906288612	37.416
136.0	1.7846585453214978	13.16
136.5	2.030918392931302	56.952
137.0	1.1745095492025721	61.506
137.5	1.8314509245679231	30.56
138.0	1.8905338137807588	48.152
138.5	2.183582374365343	72.978
139.0	2.1492085537522	89.881
139.5	1.58867490598332	14.328
140.0	1.6175667975350014	20.131
140.5	1.953448007616741	15.958
141.0	1.7670092143691107	74.823
141.5	1.688569578565665	12.278
142.0	2.082083974916254	40.364
142.5	1.820369776392889	60.419
143.0	1.3647734964170175	60.363
143.5	1.6626422702945522	53.267
144.0	1.7054688727735015	83.773
144.5	2.3010294890404768	80.384
145.0	1.2498056910049973	134.883
145.5	1.7424544866157352	50.435
146.0	2.084426234098328	41.557
146.5	1.6414258708385276	20.193
147.0	1.8790730493108396	13.908
147.5	1.6485805781087826	92.653
148.0	1.6266115696539651	39.976
148.5	1.7429576595025424	90.642
149.0	1.7411409422440824	80.376
149.5	1.955235399252722	60.461
150.0	1.3802389576854401	60.584
150.5	1.3232680816501765	70.427
151.0	2.5108252856626163	84.65
151.5	1.7440097314708287	101.465
152.0	1.9943814347372593	104.009
152.5	1.4741311751833301	40.374
153.0	1.3983559294223984	16.651
153.5	1.9344715384545057	90.617
154.0	1.8991974545707964	94.125
154.5	1.2339425822947898	136.233
155.0	2.470129918820609	50.358
155.5	2.5355092068572485	60.38
156.0	1.8275153721741328	130.921
156.5	1.691060278027965	50.18
157.0	1.4235350761096857	30.09
157.5	1.8223456498960366	74.298
158.0	2.017658508845785	117.199
158.5	1.9284336951748329	100.606
159.0	1.6055334042894949	80.438
159.5	2.4604778875974747	70.407
160.0	1.2615438155634717	62.592
160.5	1.9574015428259428	75.078
161.0	1.8699579286131185	60.448
161.5	1.96237808341103	80.36
162.0	2.06844006437889	50.426
162.5	0.1550862833492303	135.304
163.0	1.4504922166627288	70.435
163.5	9.253107486028888	89.286
164.0	1.7998271470294005	80.388
164.5	1.6681342369459928	54.839
165.0	1.9234239067256638	100.593
165.5	2.41186761347727	75.816
166.0	1.6451852901849466	48.566
166.5	1.5106001902765471	100.481
167.0	1.8615800694354545	60.431
167.5	1.9913198845158007	80.6
168.0	2.054969919468573	70.553
168.5	2.102795386264119	60.487
169.0	1.694109290887086	126.52
169.5	2.084096949414791	80.392
170.0	1.6634464220332923	50.328
170.5	2.5607748654115974	83.337
171.0	2.6442328621349276	60.431
171.5	1.7173050237381764	110.788
172.0	1.5329306093713546	134.578
172.5	1.144369215732676	140.913
173.0	1.4545328387474707	117.581
173.5	1.1717083726037534	80.674
174.0	0.8878909613928524	33.428
174.5	1.2875387908136375	60.35
175.0	1.5717354391552898	130.948
175.5	1.2741864987687364	70.441
176.0	1.942703453985924	198.186
176.5	2.03026763955804	99.214
177.0	2.7176645984708507	20.226
177.5	1.5862301056279045	80.392
178.0	0.7556283429370629	133.197
178.5	1.1089639874323636	80.433
179.0	1.639296681047845	30.454
179.5	2.118606033312549	70.718
180.0	1.7047932278145495	40.315
180.5	1.6629631253300345	65.675
181.0	1.865017021830823	110.843
181.5	1.808637454182966	60.427
182.0	1.456177352695828	50.418
182.5	2.222117604537752	114.073
183.0	2.1335129108721325	18.8
183.5	1.8950789326015223	151.578
184.0	2.1787148966476573	60.526
184.5	1.9948737341500213	124.775
185.0	1.7442400188369653	62.609
185.5	1.4851214228309149	90.618
186.0	1.911580587696535	80.37
186.5	2.0168719150161376	131.157
187.0	1.5098428712617058	60.541
187.5	1.3075064681027813	90.545
188.0	2.0487765297344	12.049
188.5	2.5513785815906407	55.407
189.0	1.9528957202899704	20.149
189.5	0.89629194267896	48.79
190.0	1.5171233998067901	60.552
190.5	2.282972217177176	79.58
191.0	2.1208156504614384	41.607
191.5	1.8531313701159848	60.488
192.0	2.5596001753974624	80.767
192.5	2.2622180559867062	110.169
193.0	1.5422618533618264	50.305
193.5	0.9248043339601227	80.415
194.0	1.8276336500188202	95.538
194.5	1.600731575134733	120.814
195.0	2.130415870389909	70.33
195.5	2.438317350415153	80.661
196.0	1.627214777007161	81.048
196.5	2.078179643562826	60.501
197.0	1.348929569415608	80.591
197.5	1.378118616090363	71.961
198.0	1.676415621091869	130.868
198.5	2.0935532331250184	175.408
199.0	1.4060790341352425	90.618
199.5	1.4208562224470092	148.23
200.0	1.9100464886084438	12.893
200.5	1.6684657720664189	74.823
201.0	1.0941941733890468	73.792
201.5	1.4987861014588606	90.04
202.0	2.1783342460106594	14.515
202.5	1.7994554816804291	70.493
203.0	1.7088738123059868	33.448
203.5	2.1729917089673063	125.164
204.0	2.555972958554589	66.762
204.5	2.4680039730205063	61.878
205.0	1.063266320826129	50.412
205.5	0.7727124971365753	56.728
206.0	2.092813430818736	50.208
206.5	2.1979085244102263	70.573
207.0	1.6901933201139003	110.536
207.5	1.5898263768349605	90.689
208.0	1.9902897496684282	80.703
208.5	2.0376078795908223	80.609
209.0	1.8222623783894996	55.58
209.5	2.552229323398728	50.198
210.0	1.438675652771288	11.949
210.5	1.3456140897476616	110.839
211.0	1.4256657068241503	171.715
211.5	1.662638174312604	40.273
212.0	1.7051854176162138	144.778
212.5	1.616458940254526	38.542
213.0	1.3850281035932546	92.92
213.5	1.7265434843154823	63.296
214.0	1.4956812911714807	80.451
214.5	2.03229983153785	80.424
215.0	1.9459148311772296	34.192
215.5	1.9575854603957463	90.583
216.0	0.9138545484370819	13.45
216.5	0.8188930218768142	80.155
217.0	1.3195162669345362	120.778
217.5	1.6706014437433074	63.244
218.0	1.6439144028003128	100.633
218.5	1.6680260061807297	100.678
219.0	1.521541794408861	70.427
219.5	1.6316697822572377	93.22
220.0	1.1411806226115022	90.993
220.5	1.4268536259459619	85.554
221.0	1.291261518654077	19.069
221.5	1.4302567924289888	60.08
222.0	1.407238753451229	120.804
222.5	1.5193567047192906	120.522
223.0	2.0623357940007385	51.325
223.5	2.2318858986213903	40.223
224.0	1.2498594851712503	76.347
224.5	1.289939061538582	66.484
225.0	1.6599913260671628	121.292
225.5	1.732223674496846	75.482
226.0	2.209045737944934	19.495
226.5	1.6239504839698633	140.786
227.0	1.4047940262254976	32.76
227.5	1.4281248314882058	112.713
228.0	2.3135636639006996	60.51
228.5	1.2977821779073602	104.342
229.0	2.2965634398687835	20.285
229.5	1.6577639776278092	14.626
230.0	1.860293428247811	60.454
230.5	2.765143284659635	127.835
231.0	1.0696599783501715	63.29
231.5	1.8804896799586244	20.124
232.0	1.6567983312172638	13.154
232.5	0.6471300887168491	151.118
233.0	2.088354423259457	60.603
233.5	1.6565380062136352	85.776
234.0	1.5604177807182082	60.236
234.5	1.7731586398461565	33.071
235.0	0.9419498042375364	120.935
235.5	1.5783608545221246	84.798
236.0	1.1720329280021529	17.524
236.5	1.7206581019416787	110.742
237.0	1.7548116533401914	130.761
237.5	1.9147723613706455	20.834
238.0	1.6904421668067808	58.163
238.5	1.6159217509189758	60.416
239.0	2.2082131618020777	34.924
239.5	1.2513219515814944	36.55
240.0	1.6379421593407417	110.886
240.5	1.6458190629272602	120.715
241.0	1.2885432660744203	32.868
241.5	1.0907199367351947	35.103
242.0	1.7988066941614884	70.47
242.5	1.5518495240033017	70.35
243.0	1.6564083179694564	30.16
243.5	1.255100548189129	90.395
244.0	1.5707590729611138	103.349
244.5	1.5333964610463364	50.402
245.0	1.583335994541678	16.066
245.5	1.1973367284566654	120.833
246.0	2.1948388543603548	120.865
246.5	1.5034257367389499	80.599
247.0	2.0449989505608617	24.754
247.5	1.874907201894187	12.962
248.0	2.0087471171164943	13.924
248.5	1.8877266388401626	110.738
249.0	2.022394039212708	18.573
249.5	1.5598600402336873	64.207
250.0	1.8161148949772719	90.416
250.5	1.9427262191543289	120.744
251.0	1.329577243798531	117.893
251.5	1.4602874943685555	141.017
252.0	1.1714134545457524	130.871
252.5	1.7689045903936567	70.569
253.0	1.7917052737910324	110.734
253.5	2.691152509910814	104.45
254.0	0.6838387965314312	92.05
254.5	1.9732044766373302	84.06
255.0	1.3783653770680422	90.518
255.5	2.246616980798105	12.558
256.0	1.4555982275559154	15.461
256.5	1.3946194646831611	20.136
257.0	2.2904219675129784	20.254
257.5	1.8352030683473657	12.721
258.0	1.5214311726795413	90.602
258.5	1.5442475872527281	90.559
259.0	1.8822225357048032	100.432
259.5	1.6310002295953023	13.345
260.0	1.3255500449683377	70.335
260.5	1.656235851490948	80.312
261.0	0.9408997101984277	20.384
261.5	1.723613924674716	78.683
262.0	1.232502589408102	60.561
262.5	2.120097949755187	50.352
263.0	1.8744301082208872	40.133
263.5	1.0031166368846312	32.571
264.0	2.3414887600017162	21.842
264.5	1.4108451933909587	49.738
265.0	2.4268611291283464	82.153
265.5	1.0724345232093684	13.892
266.0	1.86623650807187	37.541
266.5	2.1301710234788973	81.261
267.0	2.122513292892305	26.884
267.5	0.8229462309597345	60.472
268.0	1.7048287959697228	38.332
268.5	2.500864231827493	60.178
269.0	2.2903604473098094	20.255
269.5	1.6359415472561447	20.222
270.0	1.175690907703939	70.533
270.5	2.2197342405134495	50.381
271.0	1.9601631360907243	80.633
271.5	1.330064156468305	60.202
272.0	2.0968626625801163	16.702
272.5	1.8555676404863464	70.495
273.0	2.2821013723071943	52.62
273.5	1.3315868673248272	60.537
274.0	1.6493196476153984	110.64
274.5	2.0228613341060075	13.13
275.0	2.7982745475874866	140.8
275.5	1.4562565141178623	140.99
276.0	1.7302073157409896	73.066
276.5	2.6676664397654934	40.239
277.0	2.4075634529419365	13.837
277.5	1.2771144206448366	60.437
278.0	1.3959277571298319	141.092
278.5	1.9659466231415825	98.57
279.0	2.1399394663790363	13.095
279.5	1.3095710102775409	50.466
280.0	1.7057263002174163	60.465
280.5	2.0838536014973736	87.949
281.0	1.966656331851557	96.516
281.5	1.531847358975299	14.53
282.0	1.3646911324986002	75.369
282.5	0.1753508235970919	29.731
283.0	2.0578227852533213	70.683
283.5	8.088125220976972	79.625
284.0	2.0620072789154618	140.99
284.5	1.2622168268582101	70.541
285.0	1.512868225814438	80.63
285.5	1.7078544748823592	19.638
286.0	2.558984332027646	60.933
286.5	1.7484710557588379	90.738
287.0	1.4063850736309478	40.368
287.5	1.7596712324374655	26.154
288.0	1.7203280393017693	60.554
288.5	1.3276598973774163	16.847
289.0	1.638170312433982	33.368
289.5	1.2493733414947135	120.794
290.0	1.7989873377409322	12.631
290.5	1.5292666984802228	13.791
291.0	2.0402550834817865	40.205
291.5	2.6517354880235064	60.547
292.0	1.7898784965421484	80.594
292.5	1.7885237231442677	60.34
293.0	1.943301789403626	32.541
293.5	1.6158428858141805	70.398
294.0	2.054075446456943	14.805
294.5	1.4439896346346912	32.497
295.0	1.9256217700801757	201.818
295.5	1.6993743524326503	120.78
296.0	1.7749354813123575	20.154
296.5	1.8975830082359268	68.2
297.0	1.4666484205635215	40.882
297.5	1.4317701530072473	13.329
298.0	1.177143214255638	52.995
298.5	1.901820054871177	94.353
299.0	1.9961109321969237	110.638
299.5	2.439531371151613	60.416
300.0	1.8610201001164834	74.19
300.5	1.647043031219167	90.531
301.0	2.1731647878109124	70.599
301.5	2.0118258581703254	125.376
302.0	1.3685812932907466	80.606
302.5	2.071557211003382	60.366
303.0	1.9700751355352624	140.824
303.5	1.4889537169682674	141.202
304.0	1.8310176052536349	70.407
304.5	1.9409427414103453	70.527
305.0	1.8988888681397447	80.662
305.5	2.9812587482876	20.198
306.0	1.0341062853700618	96.39
306.5	2.007659866149909	100.614
307.0	1.5505568532900489	13.04
307.5	2.127057135752172	16.472
308.0	1.509730417501747	14.308
308.5	1.2092017080568045	14.695
309.0	1.690116562795603	90.545
309.5	2.48839995209943	60.49
310.0	1.29460899323165	13.172
310.5	1.4641123782036172	75.681
311.0	2.0138289748419758	60.524
311.5	0.16482035450905425	7.938
312.0	1.6971486116746157	70.397
312.5	7.634606573860214	30.949
313.0	1.981340039522733	60.154
313.5	1.6795193614468042	20.108
314.0	1.5453471310622287	80.464
314.5	1.8341212872045336	12.341
315.0	1.5189888164615097	16.92
315.5	1.8757778385343644	22.659
316.0	1.736869768147523	54.237
316.5	1.9888264833509692	30.788
317.0	1.2690511610008952	50.451
317.5	1.2535480771417138	50.456
318.0	1.4771939681993462	95.551
318.5	2.010098320387291	20.075
319.0	1.5002512458720723	70.571
319.5	1.9011992136222466	141.022
320.0	1.75463516096968	12.708
320.5	1.665890271547167	80.53
321.0	1.4964335316750568	60.319
321.5	2.126456875193209	28.821
322.0	2.18883055054874	40.162
322.5	1.494441186574579	80.597
323.0	2.0161961254991123	74.675
323.5	1.0676226517889305	110.607
324.0	1.8859111833687852	80.268
324.5	1.8629172855700113	85.885
325.0	2.3362026497847275	85.08
325.5	1.4319170761606494	40.347
326.0	1.4228571285567981	27.94
326.5	2.5868446244740753	74.281
327.0	0.8747962955602402	20.128
327.5	2.2289551335126125	131.355
328.0	1.5441117713356092	14.644
328.5	2.2849885745476777	60.521
329.0	1.5359584483760793	30.234
329.5	1.6760576311487394	80.514
330.0	2.0779757227017077	60.461
330.5	2.0030067731888614	80.607
331.0	1.1994888538556894	12.846
331.5	1.837910120519619	15.738
332.0	1.6630891379606603	80.471
332.5	2.1249013063972297	41.667
333.0	1.239526723996236	70.555
333.5	2.1597467815283045	60.39
334.0	1.9524363316173763	120.984
334.5	1.8936687355210842	43.204
335.0	1.55230837405275	60.389
335.5	2.241584996543753	40.24
336.0	1.8972385743015419	20.148
336.5	2.0335089054853257	60.516
337.0	1.4800199305659505	120.86
337.5	1.8428150750360115	104.395
338.0	1.5666974736129786	80.514
338.5	1.6432006662628116	50.262
339.0	1.7553863944996815	55.342
339.5	2.0661278608605484	20.134
340.0	1.854419234198047	90.529
340.5	2.3425044270865953	80.566
341.0	1.6443308454004841	80.439
341.5	1.4220859476842185	72.64
342.0	2.226414738233253	70.447
342.5	1.5892232738981762	120.937
343.0	1.5487588704725577	100.668
343.5	2.357318506566819	60.268
344.0	1.4146323172348272	70.418
344.5	1.89649660109015	20.065
345.0	2.248469788816618	107.568
345.5	1.6939922669715326	140.811
346.0	1.8483205355115269	80.47
346.5	1.6179005009258802	171.455
347.0	1.3201101995742714	16.328
347.5	1.3492544217375224	80.626
348.0	1.8520613982088703	90.726
348.5	1.672041461281496	80.608
349.0	2.0417389312908716	80.352
349.5	1.451510328157384	131.008
350.0	2.0855298614412083	73.278
350.5	1.2115633085900994	60.358
351.0	1.7218794456401088	60.173
351.5	1.543331767467326	90.535
352.0	2.493697457878875	60.6
352.5	0.8382856250657752	120.895
353.0	1.8993456283598074	70.385
353.5	2.0028982513843534	15.707
354.0	1.6549695544510308	57.024
354.5	1.6454068740102383	20.13
355.0	2.1505163493661463	70.482
355.5	1.3461692900920978	60.494
356.0	1.8054775663015887	20.167
356.5	1.9181082768520719	15.084
357.0	1.6688183053778898	18.584
357.5	1.8841636199350629	73.758
358.0	1.4451105579047194	33.374
358.5	1.380484748675878	120.494
359.0	2.394843587447631	60.328
359.5	1.5022692867547658	60.511
360.0	1.402705465174198	60.325
360.5	1.5286534006703754	80.529
361.0	1.6721712798378527	80.512
361.5	1.8560271895692566	80.512
362.0	1.8234833467641258	60.487
362.5	0.14069441934186763	16.683
363.0	1.7606802567096491	18.445
363.5	8.886525017507216	105.702
364.0	1.261261872454667	80.623
364.5	2.014746711078844	60.249
365.0	1.5439560731530992	130.956
365.5	1.9885431657110788	98.103
366.0	2.4497384175025143	40.212
366.5	0.1326301623314167	15.864
367.0	1.7714141464238482	77.836
367.5	12.123580032188821	40.452
368.0	1.8032576138622016	80.567
368.5	1.654932748578235	20.143
369.0	2.0557940259724132	60.358
369.5	2.436234099067474	152.243
370.0	1.7758535725005715	50.262
370.5	1.527918899746947	38.016
371.0	1.4312672560639552	20.066
371.5	1.9774915440391962	40.323
372.0	2.648731230680435	80.34
372.5	1.9807363947008625	155.104
373.0	2.17022511858564	90.682
373.5	1.9182779309413964	193.098
374.0	1.409607652623556	70.524
374.5	2.3708217749828306	204.806
375.0	1.7718867760669434	50.209
375.5	1.9450004343965426	239.478
376.0	1.962468673345433	29.831
376.5	1.4075835939495474	330.506
377.0	2.12536009783938	110.573
377.5	1.0325832858175796	12.325
378.0	2.0037376959197273	30.171
378.5	2.1268555917105085	141.234
379.0	2.3042656865867084	14.813
379.5	1.024308262072408	19.918
380.0	1.9507187851364796	104.109
380.5	1.333517518396814	37.97
381.0	1.7953387854708194	60.532
381.5	2.5310158675650345	117.943
382.0	1.691333647811475	76.594
382.5	1.8454405967289307	60.285
383.0	1.5694476500952554	90.621
383.5	1.8377243099185734	75.116
384.0	2.3635591041397657	60.337
384.5	2.248966618366621	70.579
385.0	1.7354965630219172	80.877
385.5	1.768219208282402	60.292
386.0	1.426159109600359	50.37
386.5	1.325177980412157	97.751
387.0	2.130979251440807	60.331
387.5	1.4939759727872959	27.613
388.0	1.6510864202341007	50.424
388.5	1.9728172256995813	40.411
389.0	2.0223750112153156	20.145
389.5	1.2396673125431872	131.031
390.0	1.2946430827531294	130.821
390.5	0.5989634322391455	668.808
391.0	1.573983762177534	60.521
391.5	1.5335479803621481	87.505
392.0	0.577019351215864	708.183
392.5	1.7858466153493795	70.562
393.0	1.4877466280014102	13.479
393.5	1.5874484868900418	14.628
394.0	0.17812491058318752	496.815
394.5	1.3650428454722974	95.653
395.0	1.6071002749516903	112.202
395.5	1.5555220766523712	50.399
396.0	1.1985314230631634	164.418
396.5	0.4452482264519986	120.858
397.0	1.9358629249377972	14.771
397.5	1.8027756844832536	95.537
398.0	0.1267456925617218	14.413
398.5	1.765614315750863	80.881
399.0	1.705609414080211	33.101
399.5	7.908604756619548	15.567
400.0	1.700390342030481	34.53
400.5	1.4748596435765604	14.115
401.0	1.2569237113458311	121.836
401.5	1.4112272166353792	50.764
402.0	1.5905057548763177	26.569
402.5	2.032206978590684	98.693
403.0	1.9506432078625158	20.112
403.5	2.099112716201672	24.723
404.0	1.5524207622629924	131.259
404.5	1.3903165115622997	111.213
405.0	2.0247436599996425	134.58
405.5	1.6007900599856657	20.323
406.0	1.4553625490930404	20.12
406.5	0.5045457505756417	20.132
407.0	0.42147046861472076	20.116
407.5	1.7606355122504478	70.57
408.0	1.9559786631677345	70.459
408.5	1.6117883692581334	70.443
409.0	1.8041008887104206	110.721
409.5	1.8371088328303555	110.685
410.0	1.78593131932978	110.687
410.5	2.0384283294173198	60.276
411.0	2.135000656528142	60.248
411.5	2.12199030518533	60.308
412.0	1.4277217445454806	80.602
412.5	1.482486555973332	80.515
413.0	1.7258304284542976	101.332
413.5	1.7709192458937972	182.364
414.0	2.4226511611841466	95.487
414.5	2.3087591096480424	161.716
415.0	1.7907236137237337	140.688
415.5	2.287198788933353	422.359
416.0	1.90823984474787	168.782
416.5	2.173885570708763	80.43
417.0	1.662757139398233	73.831
417.5	1.8996188427285106	292.906
418.0	1.7064139668367464	40.175
418.5	2.3344666046773233	40.233
419.0	1.6924251345663786	40.087
419.5	1.7655516503029969	40.294
420.0	1.7544041313609389	60.475
420.5	2.042350149549501	90.467
421.0	1.412550262628531	162.528
421.5	1.916108739226184	86.397
422.0	2.492074756800468	20.206
422.5	0.721765009226245	686.566
423.0	1.6467432664762105	106.072
423.5	2.00921489155567	33.02
424.0	1.6501705906471724	34.934
424.5	1.776753323664954	70.472
425.0	1.448965255399591	90.616
425.5	5.795421212314687	50.352
426.0	1.5386587099346327	50.224
426.5	2.037953509782976	50.232
427.0	1.8923742432227182	50.328
427.5	1.2615099519632402	434.803
428.0	1.556277138319097	50.223
428.5	2.0443495620256753	40.298
429.0	2.155358114766882	50.398
429.5	0.17600135081569723	580.87
430.0	0.13105754783229653	75.469
430.5	2.541265908689529	161.928
431.0	1.9462469776034172	63.836
431.5	1.4122044833027196	141.95
432.0	6.013860037153519	297.637
432.5	3.339716916800495	34.324
433.0	1.752912276902863	70.519
433.5	1.1721928585971173	70.569
434.0	3.3931012017361377	359.993
434.5	1.259534502549863	60.533
435.0	1.4688511257777717	60.965
435.5	1.2962859123425226	60.596
436.0	2.776906902020202	359.147
436.5	1.451009725268887	100.787
437.0	1.6293907174591002	100.825
437.5	2.0727327191779166	44.912
438.0	1.181002990293493	171.02
438.5	1.2839802454761367	60.21
439.0	1.3145674749406975	60.225
439.5	1.692526814005876	60.475
440.0	2.114969688919607	95.941
440.5	1.2436373692008102	60.32
441.0	1.2445010105011192	60.335
441.5	1.5064957920753643	12.644
442.0	1.583734423553601	81.694
442.5	1.3994824541542124	60.348
443.0	1.3273952740696013	60.36
443.5	1.247203628833687	60.404
444.0	1.5309713798599645	70.802
444.5	1.1250076286945	31.306
445.0	1.564040664298849	155.735
445.5	1.5750113940297872	14.283
446.0	0.9274612627287119	60.252
446.5	1.4132228770567157	38.355
447.0	1.2533723497742164	110.567
447.5	1.200108435315025	34.425
448.0	1.5801017646233542	110.568
448.5	1.693097333237828	80.368
449.0	2.0128855863559796	20.113
449.5	1.6121495087016395	80.229
450.0	1.5907738601764385	110.417
450.5	2.2371574662156988	66.635
451.0	2.469494474944904	20.908
451.5	2.063408958503532	20.301
452.0	1.6242158966623526	150.822
452.5	1.4281481701757157	110.685
453.0	1.185288193982908	70.535
453.5	1.468199480633424	120.874
454.0	1.885766248338426	12.323
454.5	1.62615923440233	34.176
455.0	1.8945453690744973	60.466
455.5	1.9692615745208406	16.356
456.0	1.557871480466273	393.33
456.5	1.1022014490103715	15.588
457.0	1.0825367233026806	110.73
457.5	1.3245730940756422	34.092
458.0	1.6967629274997234	120.695
458.5	1.836478170998123	120.64
459.0	1.447900525919155	191.172
459.5	1.2946793738016984	120.7
460.0	2.442702054414092	60.46
460.5	2.6629535124260264	120.848
461.0	1.858258436683916	150.38
461.5	1.6560378425203945	121.767
462.0	1.2962249905515784	136.428
462.5	1.3242553837237387	119.002
463.0	2.39880831514005	70.428
463.5	1.9262583451400006	51.359
464.0	2.2948048637756453	32.087
464.5	2.2620072740733193	20.233
465.0	0.9386223353867221	60.269
465.5	0.8106367262956231	60.282
466.0	2.2081671466782375	70.45
466.5	1.8305944289996166	70.457
467.0	1.8986585341177373	50.478
467.5	1.8175639163851278	50.428
468.0	1.7330417059644263	14.702
468.5	2.1706158826931423	17.263
469.0	0.6761067066883545	120.831
469.5	0.6561039961162874	120.901
470.0	1.6096186933399916	124.219
470.5	1.5382525378694851	80.552
471.0	1.4087709646967128	20.111
471.5	1.3995686519643187	130.693
472.0	1.9036419312939294	151.36
472.5	2.313147389202593	120.743
473.0	1.5963458485101159	37.766
473.5	1.8982935681913629	131.428
474.0	1.3338422958672256	80.627
474.5	1.4030667565242432	80.578
475.0	1.7674775460435608	81.009
475.5	2.322241302521799	45.406
476.0	1.279941470191329	33.013
476.5	1.280673105611894	118.969
477.0	1.2275670589476377	10.704
477.5	1.2697920016584727	24.21
478.0	2.441926289739538	40.282
478.5	2.1016113810302746	40.159
479.0	1.7252928370959388	211.608
479.5	1.525418978070399	50.354
480.0	2.112745767847907	130.772
480.5	1.745429356107775	130.782
481.0	1.588215624775128	39.181
481.5	1.80503551607946	60.08
482.0	1.7800533540603443	109.893
482.5	1.2949266575696403	107.794
483.0	2.273642762560587	50.375
483.5	2.098372285878453	50.383
484.0	2.091519689553162	80.663
484.5	2.2695283709171066	34.309
485.0	1.422899410593171	109.615
485.5	1.6569007233538504	40.258
486.0	1.8738277965643535	36.963
486.5	1.661087423606323	34.419
487.0	1.7553429722820628	20.147
487.5	2.1220098387822635	20.159
488.0	1.830390344170842	90.91
488.5	1.671597565532174	90.771
489.0	1.6392874912191566	55.68
489.5	1.9550790866397807	24.816
490.0	1.5727688832510698	13.161
490.5	1.6918893647524322	54.403
491.0	1.8910641078506842	90.659
491.5	1.645375818379982	90.79
492.0	2.278665166164161	40.42
492.5	1.9959924897993708	15.939
493.0	2.246877716914195	70.427
493.5	2.079945211655709	70.635
494.0	1.1570608594082783	90.597
494.5	1.3806014932419401	90.637
495.0	1.7971106849045282	50.287
495.5	2.2142551656461893	50.293
496.0	1.282433194029316	48.731
496.5	1.8691559128201751	34.572
497.0	1.7043236955928434	33.751
497.5	1.3150598089590415	40.251
498.0	1.6339125054502102	121.239
498.5	1.989282561968999	136.065
499.0	1.400565248396137	363.36
499.5	1.1722562617165353	759.444
500.0	3.7153294755801776	16.506
500.5	1.4150569634140067	105.87
501.0	1.5396786875894137	34.219
501.5	2.268226063186714	59.524
502.0	1.0842005268604182	57.919
502.5	1.616349529965827	50.351
503.0	1.380105786226022	110.822
503.5	2.0160058664083276	104.773
504.0	0.8801076786309211	130.986
504.5	1.4137263110467393	456.171
505.0	0.16831037871150964	831.636
505.5	0.701959333194355	1765.044
506.0	1.5948528467052383	43.132
506.5	1.4195685636135125	20.045
507.0	1.7824168374539413	87.788
507.5	1.2661251143258059	141.678
508.0	1.9011717282356932	166.925
508.5	1.254382266418451	216.051
509.0	2.706091784717774	313.689
509.5	2.8691483191861407	730.967
510.0	0.9893999818545964	1263.101
510.5	1.4855694402043114	1232.391
511.0	0.9295292262788414	2143.294
511.5	4.275612554851417	447.858
512.0	0.15287623615621235	81.198
512.5	8.081202124985209	100.675
513.0	1.1797472558215958	555.774
513.5	0.1683085439552895	555.774
514.0	0.13179901933456384	95.633
514.5	7.696113169202029	110.08
515.0	1.4043023631042415	130.142
515.5	1.7114347922417104	94.485
516.0	0.9229863002137765	186.526
516.5	2.3934605052230014	121.271
517.0	2.1661444139633503	110.928
517.5	2.236591638578873	106.675
518.0	2.1826253856144877	103.626
518.5	1.1403082602204055	100.592
519.0	1.788853660175966	142.434
519.5	2.105714130919609	80.584
520.0	1.998831683394683	209.823
520.5	1.4563029035337531	171.686
521.0	2.244456587421837	86.63
521.5	1.7312977359670432	100.772
522.0	1.7334851686158288	90.629
522.5	1.4115920718164434	100.626
523.0	1.5833614280869877	84.528
523.5	1.9634300504230455	209.966
524.0	1.5858569865648597	111.124
524.5	1.493331551587553	81.341
525.0	1.8151480223231706	100.817
525.5	0.9757829184273569	131.216
526.0	2.454481822037687	122.448
526.5	1.727648427593863	101.303
527.0	1.7849135632835693	132.893
527.5	1.9527873083651552	141.094
528.0	2.023429163096015	107.776
528.5	1.7335276982686216	204.744
529.0	1.8680290761125522	130.9
529.5	1.810228832170934	212.295
530.0	1.4886962991058545	83.59
530.5	2.1647714635506685	100.684
531.0	1.9077783540696074	119.996
531.5	1.8076195031995765	91.001
532.0	0.7875144559759555	121.13
532.5	3.048113832726807	108.756
533.0	2.150306038885017	121.134
533.5	2.39604125798451	87.994
534.0	1.5582394480526627	121.413
534.5	2.0464584198137405	129.573
535.0	1.5971850611687692	113.867
535.5	1.5746960535726156	171.206
536.0	1.1816810062618621	97.075
536.5	2.1735825226012007	171.418
537.0	1.905251824645123	108.249
537.5	2.1124189310446466	100.776
538.0	1.695060122013307	120.648
538.5	2.3035013144406955	162.965
539.0	1.8550169695008627	123.093
539.5	1.4962312275915248	100.686
540.0	1.5805566195400853	142.136
540.5	1.975518523786771	100.633
541.0	1.7712704386706546	149.984
541.5	1.8150492174757369	135.045
542.0	1.9357817161670268	111.023
542.5	2.2275966551669653	159.929
543.0	1.7748104568475807	130.627
543.5	1.0707271625730492	111.349
544.0	2.0980603436431964	95.011
544.5	1.9042101893203818	90.522
545.0	1.638163548027779	140.885
545.5	1.3403014878233483	101.208
546.0	1.6900120621974948	170.933
546.5	2.2680956170160624	100.656
547.0	2.1713414567072222	100.81
547.5	1.2337274394228641	100.726
548.0	2.1991670543951423	131.169
548.5	2.337486108034973	163.573
549.0	1.6855448860893432	100.681
549.5	1.287490666694092	97.673
550.0	2.136482594563758	105.083
550.5	1.623399851452495	120.003
551.0	1.9737362620146566	113.106
551.5	1.435532997989045	121.331
552.0	1.5120744205427756	100.709
552.5	2.12716713417569	156.984
553.0	2.4121914828428688	111.003
553.5	1.616321336091001	201.963
554.0	1.812467774748568	149.238
554.5	1.8102616348130884	103.63
555.0	1.5042043780183627	107.783
555.5	1.6027120815611309	193.231
556.0	2.5607569711407647	141.576
556.5	1.9059263052290123	141.026
557.0	1.5273635936138017	110.806
557.5	1.2992642553767098	146.661
558.0	1.8366278728734902	200.083
558.5	1.672410982893865	167.258
559.0	1.619049242993876	151.428
559.5	1.153695255072964	121.015
560.0	2.137342928621308	100.55
560.5	2.271287107244956	182.464
561.0	1.9445214863180638	161.155
561.5	1.6464161807465245	100.622
562.0	1.7679786925912035	90.672
562.5	1.7981007388354495	130.883
563.0	1.3038668461084677	83.907
563.5	1.4276299035432338	120.845
564.0	1.5230136819040812	100.653
564.5	2.1493178359140006	142.038
565.0	1.713117179666448	110.216
565.5	1.8230443794574671	119.864
566.0	2.1023978099509253	84.666
566.5	1.957549036198575	82.098
567.0	1.474231852414224	171.526
567.5	1.5621689954032678	101.343
568.0	2.128793553347106	101.268
568.5	1.467740887500603	170.819
569.0	1.7562086200859781	140.915
569.5	2.0134994084702305	150.963
570.0	2.183607343074259	111.165
570.5	2.0262750820189828	191.556
571.0	1.5642120259640522	90.855
571.5	1.254240947561304	171.687
572.0	2.51010721339067	131.368
572.5	1.427279620315901	84.878
573.0	1.8451150919472985	192.934
573.5	1.959301558142345	90.752
574.0	1.3419635161428218	186.754
574.5	2.612845222083251	141.594
575.0	1.7721889690580759	100.652
575.5	2.000259909920396	126.631
576.0	1.8597118252220017	101.678
576.5	1.6584572176839247	154.803
577.0	2.2562589215484663	121.426
577.5	1.5542159426894462	167.663
578.0	1.9184836006932033	96.011
578.5	1.1724032536806757	151.121
579.0	0.9033174440751004	109.685
579.5	3.1806396442624405	90.986
580.0	2.8326539096313	120.956
580.5	1.8062999175780865	120.802
581.0	2.007220146982552	180.276
581.5	2.401437584246112	171.845
582.0	1.7510581830151304	89.967
582.5	2.1699683889272565	141.544
583.0	0.5953918602304817	84.13
583.5	3.4027845004437123	182.188
584.0	2.2045127313575015	158.541
584.5	1.6314175962802504	141.01
585.0	1.5082579023696705	131.029
585.5	1.590583022132937	121.758
586.0	1.9308172392629965	92.261
586.5	1.898368556466026	84.249
587.0	2.6744693049123667	131.35
587.5	1.3508226273582844	191.778
588.0	1.6033765807697973	111.05
588.5	2.023534356728717	95.298
589.0	1.5967089321805978	160.994
589.5	1.2337502648143235	190.352
590.0	2.2785301096713275	146.243
590.5	2.224222489592133	151.407
591.0	1.4199197354556203	100.125
591.5	1.439368664383918	90.818
592.0	1.8220378743192815	101.109
592.5	1.7643645105680075	120.801
593.0	1.7114247938844704	161.355
593.5	1.70494624946399	141.245
594.0	1.9231712403783947	141.013
594.5	2.0846425863308986	143.384
595.0	1.756905820038785	181.914
595.5	1.4155517872303653	182.618
596.0	2.201424700617748	100.642
596.5	2.782954840305051	141.388
597.0	1.2507889577022917	110.926
597.5	1.4343844755930528	106.609
598.0	1.86903547024411	90.859
598.5	2.2460589121731123	120.988
599.0	1.3750506587827935	131.051
599.5	1.6550799843587949	111.162
600.0	1.3755627678483306	139.949
600.5	1.3973589924683667	151.005
601.0	1.4939107310419226	191.094
601.5	2.400251587493945	141.243
602.0	0.9145627107254063	151.005
602.5	1.8190740412720139	161.18
603.0	1.1486136202620838	136.406
603.5	1.2585448154699839	127.621
604.0	1.9729337296612757	170.5
604.5	1.7494436619338678	142.03
605.0	1.6043238692799755	95.864
605.5	1.9776688766745387	132.727
606.0	1.6642933456185136	161.239
606.5	1.40162114935446	191.688
607.0	1.5029117306302415	100.698
607.5	2.0083477807039274	170.08
608.0	2.0135463983451616	130.869
608.5	0.9619111551192375	142.045
609.0	1.7431551334928308	106.266
609.5	1.4961041899918874	140.852
610.0	1.8503147564718705	181.604
610.5	1.4651941526474972	161.126
611.0	2.002172827883007	151.672
611.5	2.13762572101453	80.517
612.0	1.668862413918918	80.496
612.5	1.379954832112299	151.005
613.0	2.0146104198431445	185.42
613.5	1.520783464583013	104.445
614.0	1.9244295388152004	91.401
614.5	1.846610128331483	153.054
615.0	1.8488704136574707	99.298
615.5	1.7330706272672267	170.095
616.0	1.9273816084455686	143.126
616.5	1.7704404075774607	121.42
617.0	1.172956547222221	106.735
617.5	2.1346850381113582	171.718
618.0	1.1467362535487802	100.879
618.5	1.9358156764999088	161.318
619.0	2.310101369538629	175.807
619.5	1.9709044888764549	181.82
620.0	1.7331093137892806	109.844
620.5	2.2683780970742338	151.437
621.0	1.962952699444293	98.399
621.5	1.9836961761611418	121.112
622.0	1.113648018433069	107.703
622.5	2.0710562255986775	111.078
623.0	2.146048939949486	100.944
623.5	1.9054010150356313	106.045
624.0	1.4679383444978822	113.829
624.5	1.573472474360164	90.555
625.0	1.8801364252874877	120.646
625.5	1.7884444286130727	130.297
626.0	2.28612337862526	111.53
626.5	1.470121842662782	160.989
627.0	2.43914541121916	131.327
627.5	1.4372405783586222	161.451
628.0	1.830648194128616	124.635
628.5	1.9199195427781197	90.721
629.0	1.6898800515028929	150.953
629.5	1.6235067638394463	141.402
630.0	1.606037266268787	101.081
630.5	1.538755020391314	132.905
631.0	1.9841666424743802	171.114
631.5	1.0010925105217758	82.069
632.0	1.7443211826187626	90.835
632.5	2.038640418384566	131.442
633.0	1.6237420728047967	141.116
633.5	1.1501539428381493	99.465
634.0	1.6167566960447128	110.78
634.5	2.281233482480111	121.154
635.0	1.1701236981574745	132.934
635.5	1.7330523121886183	91.185
636.0	2.0283135197616864	100.575
636.5	2.323465884269285	201.486
637.0	1.5529149468290986	93.488
637.5	1.6137683232498512	110.791
638.0	1.406141107318672	203.233
638.5	1.5893005714926602	151.39
639.0	1.1905946339028148	197.486
639.5	1.680186234223682	151.312
640.0	1.258900873519136	120.97
640.5	2.427146879237837	83.515
641.0	2.0105402976489066	153.252
641.5	1.5133906090283318	150.918
642.0	1.3088507929438733	92.643
642.5	1.8123913288435058	140.926
643.0	1.4095956719195857	163.783
643.5	1.5059480740325906	127.03
644.0	1.7947268550077946	105.746
644.5	2.175079971640588	106.416
645.0	1.3359927819654764	170.932
645.5	2.262184900336963	110.866
646.0	2.205114463564433	161.449
646.5	1.1064579074746927	100.759
647.0	1.0173112086335	130.829
647.5	1.7877246298600231	89.694
648.0	2.2336213889600884	185.867
648.5	1.899473922127184	120.977
649.0	1.1118035018271175	112.341
649.5	1.9332790558372286	92.135
650.0	2.1785467091466497	140.977
650.5	2.40818306281642	99.029
651.0	1.3591539374458583	120.839
651.5	2.2433266673321812	184.065
652.0	1.8548250039177998	121.029
652.5	1.8990624496382766	120.866
653.0	2.232143054349108	155.165
653.5	1.9425460213514305	161.765
654.0	1.609055944643989	100.912
654.5	2.1435672672053654	137.77
655.0	1.477810461994631	151.054
655.5	1.9668490309858733	141.91
656.0	2.4286515917117417	129.67
656.5	1.441955370233147	101.01
657.0	1.494413962674087	111.049
657.5	1.827240329577196	162.273
658.0	1.6162129272487038	151.0
658.5	1.6786750246792146	121.014
659.0	1.6712634749891893	91.143
659.5	1.6738337925561253	90.987
660.0	2.4163479871016156	211.85
660.5	1.1413991730061228	121.064
661.0	1.4670813450936417	140.862
661.5	2.5240167314676154	121.325
662.0	1.6866531919847125	100.977
662.5	0.9644953492197302	155.539
663.0	2.5152370228807053	171.617
663.5	1.315815087195612	182.956
664.0	2.19799392353829	87.694
664.5	1.8685276975799137	191.765
665.0	1.4675427674967505	160.041
665.5	2.2728695721727505	140.9
666.0	2.050412144618185	171.387
666.5	2.325095029148317	151.68
667.0	1.4698180522642703	81.348
667.5	1.2994626026716307	111.349
668.0	2.1981127319648714	101.166
668.5	1.079097373560936	171.067
669.0	1.9537859248228748	137.769
669.5	2.0728601691831754	110.608
670.0	1.6732130806421281	120.814
670.5	1.1074892630844542	98.6
671.0	1.9281550147800215	80.448
671.5	1.8465946647422693	211.865
672.0	2.067511623975147	139.768
672.5	2.086068558158876	141.008
673.0	1.7511288471393522	108.452
673.5	2.071826074859132	212.181
674.0	1.1663287852397424	161.763
674.5	1.5046596670340238	100.893
675.0	1.800005734283243	110.797
675.5	2.267987423265678	131.216
676.0	1.4309923995218248	141.357
676.5	1.8016408343533041	96.55
677.0	1.9588802907100569	100.99
677.5	2.075216404766296	151.225
678.0	1.999559060061147	136.515
678.5	2.570099803747826	101.192
679.0	1.5691554045260632	110.961
679.5	1.6752293557874807	100.846
680.0	1.2014704117625556	101.055
680.5	1.6571307307599388	78.136
681.0	1.7833823064182164	81.455
681.5	1.6595680050353028	143.65
682.0	1.9181230394985447	121.299
682.5	1.5756517072481508	154.859
683.0	1.5899400540557314	140.652
683.5	1.7458799917320673	211.312
684.0	1.3216671890089136	100.654
684.5	2.0218360515697813	110.87
685.0	2.3862694983067043	180.001
685.5	2.0508032262376985	140.99
686.0	1.780635432357898	121.064
686.5	1.8721631030873715	92.63
687.0	1.7708487369550114	101.477
687.5	1.002464117032123	150.548
688.0	1.4313745946216456	140.899
688.5	1.7624558267370758	91.252
689.0	2.1543759710562593	167.426
689.5	1.7534742870519429	100.716
690.0	2.1725552353929225	135.536
690.5	1.8794978518042713	100.019
691.0	2.181559310919318	224.259
691.5	1.552089073627624	151.018
692.0	1.8616823067698012	129.267
692.5	2.0823355692230847	160.128
693.0	1.9985901437180362	100.794
693.5	1.702536207235407	181.639
694.0	1.6833574076987061	196.226
694.5	1.575044235765727	120.374
695.0	1.8613239559454147	110.707
695.5	1.035909120382603	129.584
696.0	2.2062857415945643	90.745
696.5	1.5175534450382004	158.077
697.0	1.6504906486167361	161.567
697.5	1.4322364104394836	191.748
698.0	1.8535034663255896	120.87
698.5	2.195671584999575	120.952
699.0	1.8396248393283714	90.743
699.5	1.661013418063459	91.843
700.0	1.988243919446773	150.274
700.5	2.095504738716579	91.019
701.0	1.441409954554894	179.454
701.5	1.280780984428178	96.912
702.0	1.780943629909936	119.546
702.5	1.7692226446390649	101.178
703.0	1.4712053290918614	150.91
703.5	1.5156013847040084	145.269
704.0	1.7162855504178511	216.699
704.5	2.0578313019454657	96.898
705.0	1.5814570239527153	106.627
705.5	1.5262400885064042	190.271
706.0	1.721720562391909	141.975
706.5	1.7922739870263578	78.972
707.0	1.3893819240371783	93.74
707.5	1.9599911643504533	171.669
708.0	1.831190075546697	161.852
708.5	1.544528511348738	83.501
709.0	1.6001846546398872	111.218
709.5	1.7401120598425497	131.114
710.0	1.7494782098533246	114.499
710.5	2.3262043920875115	86.366
711.0	1.1879377079815374	142.376
711.5	2.042292076012551	121.282
712.0	1.2795448932170643	100.693
712.5	2.0364476426958977	105.035
713.0	1.3284071427002282	129.436
713.5	2.107846260156425	181.739
714.0	1.9693270368221214	90.76
714.5	1.2399995897526408	91.037
715.0	1.2373658232412272	115.262
715.5	2.22895900388418	110.412
716.0	1.977443589669206	112.114
716.5	1.271923009812309	110.675
717.0	1.6199678745414403	91.162
717.5	2.141023376280671	182.223
718.0	2.063155237430043	101.048
718.5	1.695917105127152	105.393
719.0	1.6823136145719557	99.152
719.5	1.6459690328845602	160.002
720.0	2.288616921758453	119.348
720.5	1.3592835750448993	161.534
721.0	1.4652531185066355	171.722
721.5	2.3145541749223564	121.004
722.0	1.7749743524148112	190.326
722.5	1.6386176476342953	88.236
723.0	2.1374493631793254	129.215
723.5	1.868507104363459	100.694
724.0	1.6507037390466184	176.723
724.5	1.1703084221386824	121.445
725.0	1.710600975309385	120.789
725.5	2.292203156249528	126.841
726.0	1.4111188938655923	144.212
726.5	1.082630868370362	137.33
727.0	2.327401489862016	155.905
727.5	1.929144246364326	181.647
728.0	1.829219053521327	112.873
728.5	1.5431261113486991	171.338
729.0	1.9711103912203682	170.005
729.5	1.4626624432800273	104.219
730.0	1.6614948208154032	120.998
730.5	1.7323097643203897	100.604
731.0	2.289212412312792	120.887
731.5	2.058393952468955	130.95
732.0	1.8327245276225648	120.879
732.5	1.2907574499342822	120.921
733.0	1.8494515826669138	116.317
733.5	2.2211456923352473	155.864
734.0	1.5748113607298864	140.924
734.5	1.9161611485788732	114.492
735.0	1.4792980300884435	110.833
735.5	2.434973328075192	110.656
736.0	1.6080489830873506	107.097
736.5	1.4659412539014143	162.148
737.0	2.1413293959033055	181.877
737.5	1.9217227435331365	100.742
738.0	1.4194016783230554	181.776
738.5	1.3735932160010365	147.764
739.0	2.232264642098113	120.804
739.5	2.4940132090855167	100.81
740.0	1.813973342311532	109.939
740.5	1.3734136624170148	90.676
741.0	1.655945462446454	110.796
741.5	2.162873444105482	97.807
742.0	1.4268706193830123	161.152
742.5	1.6662807291415487	148.379
743.0	2.2646375374594068	91.022
743.5	1.4894145599538644	154.624
744.0	1.6988864975903675	117.484
744.5	2.017460982814363	214.187
745.0	1.8701019635151384	110.587
745.5	2.152373644626927	82.567
746.0	1.6858793709640123	107.18
746.5	1.9282588427942737	89.778
747.0	2.0526601515296896	127.14
747.5	1.2762975366127116	80.662
748.0	1.504333799257633	134.589
748.5	1.8590288650536217	120.165
749.0	2.0522043909271797	97.375
749.5	1.6759295437978596	101.089
750.0	1.8800531065882284	114.658
750.5	2.368418674907012	172.86
751.0	1.6354130015910977	151.404
751.5	1.6322637817614738	141.083
752.0	1.958109064527987	101.011
752.5	1.6498244380707552	130.186
753.0	2.325529050628446	151.162
753.5	1.9014633426358492	151.377
754.0	1.641903370796082	150.914
754.5	0.5415531327611113	95.965
755.0	3.9100554181321314	112.073
755.5	1.6189540229079582	94.233
756.0	2.503980302415269	93.489
756.5	1.4790221803559611	86.775
757.0	2.1484455688079604	90.886
757.5	2.0962169613974413	121.427
758.0	1.5958900695708333	110.914
758.5	1.680302316691781	89.83
759.0	1.4673788712427198	86.476
759.5	2.3704589229859168	141.312
760.0	2.0035420623042226	121.402
760.5	0.8250162234054041	96.778
761.0	2.4558557557408074	90.871
761.5	1.8571275583025642	201.743
762.0	2.0469194945380695	151.538
762.5	1.5144945517712036	90.535
763.0	2.2576324439956736	123.653
763.5	1.3419593197233657	92.307
764.0	1.6083535905881177	90.648
764.5	1.4877964712841576	90.977
765.0	2.099816499520995	195.673
765.5	2.0765331959983238	100.437
766.0	1.8408622727272699	120.901
766.5	2.223420948517684	151.494
767.0	1.6830568008796216	144.693
767.5	1.6189448966775226	121.385
768.0	1.8554182040623923	139.381
768.5	1.2825784661264887	90.638
769.0	2.232076771631464	151.74
769.5	0.9960504740030915	85.158
770.0	2.804092531853506	141.318
770.5	1.890575798467973	151.027
771.0	1.9048477529550585	80.741
771.5	2.081257982078885	115.595
772.0	1.3171123974090304	99.321
772.5	1.8129659648510708	155.591
773.0	1.793279284298696	147.881
773.5	2.063575859707313	102.9
774.0	1.9327676253264043	103.677
774.5	2.0541743704704545	140.927
775.0	1.5384169940381718	152.314
775.5	1.839920754199692	102.757
776.0	2.046058674548702	160.615
776.5	1.6331845990757818	83.373
777.0	2.1940482793173204	170.137
777.5	1.235512498941564	81.376
778.0	2.3008193240971213	123.342
778.5	2.0566354479089966	186.873
779.0	1.4476662811400143	150.601
779.5	1.5777966964665489	90.942
780.0	1.6274322091324398	122.636
780.5	2.0961001298582578	93.019
781.0	2.30810152715311	170.148
781.5	1.3880402378279273	161.427
782.0	1.6045051455304822	110.98
782.5	1.7547894128995687	150.803
783.0	1.6914818881551053	112.403
783.5	1.3221077886504773	101.906
784.0	2.124004814043936	111.172
784.5	2.573687839616233	100.571
785.0	1.361981586167502	113.713
785.5	1.614184467676151	100.516
786.0	1.6565135952039514	122.257
786.5	1.659801190200971	136.1
787.0	1.5847942577681073	120.996
787.5	1.7030160254158866	110.725
788.0	1.7803941221115858	127.89
788.5	1.9908156351128519	121.009
789.0	1.3528441803681293	110.927
789.5	1.8894613003796057	110.773
790.0	1.9925495059138703	121.381
790.5	1.9198586045695436	110.512
791.0	1.0498549677228366	150.139
791.5	1.821018632925813	110.942
792.0	1.492685921017467	100.908
792.5	1.8438862424990967	80.805
793.0	1.450531309385928	130.901
793.5	1.6848095031079975	100.999
794.0	2.5213710703324135	111.326
794.5	1.751949951614275	104.189
795.0	1.879300621102161	90.991
795.5	2.1550664022714088	105.558
796.0	1.8770163907286952	151.181
796.5	1.6292080356036946	90.95
797.0	1.3508709829341696	171.657
797.5	1.6797445713334045	111.086
798.0	1.7214867937796692	153.909
798.5	1.2617896402422	199.921
799.0	1.58806549276784	113.189
799.5	2.144864307016936	141.475
800.0	1.738101976226829	91.966
800.5	1.336176297239947	175.964
801.0	2.129106231259198	90.888
801.5	1.820322825338009	73.871
802.0	1.8081349625124488	120.708
802.5	1.5498407528154692	100.889
803.0	2.0370209096549767	104.219
803.5	1.5811905050790958	141.458
804.0	1.8652902454938263	90.825
804.5	1.5624173391478275	141.302
805.0	1.8533624083441498	165.739
805.5	1.639360693896477	72.269
806.0	2.021918797483465	92.132
806.5	1.6853064130684374	108.035
807.0	1.9541718632105407	150.915
807.5	1.9177225393845962	127.679
808.0	1.7374527471690424	131.073
808.5	1.5031004546597946	141.137
809.0	1.6570531588837625	138.954
809.5	1.7323355523278716	91.306
810.0	1.1324938590498905	127.76
810.5	1.8226784808543783	123.161
811.0	2.3695339643938955	83.724
811.5	1.9230391699964227	100.898
812.0	1.5665358237253322	131.033
812.5	1.7727348752284984	109.838
813.0	2.471464225117052	141.146
813.5	2.080451118865327	157.948
814.0	1.5090810618388815	142.319
814.5	1.4885707681184701	90.866
815.0	2.889975656646911	109.91
815.5	1.7164640923663839	161.109
816.0	1.8254739766603418	154.985
816.5	1.291920260187658	140.916
817.0	1.7544040713146911	151.242
817.5	2.245653447724894	121.95
818.0	1.8100599592544988	85.208
818.5	1.9266411375156651	121.266
819.0	1.9947790548562485	141.571
819.5	1.6665603804865796	120.889
820.0	1.5677961228030273	141.039
820.5	1.8331016854147835	104.327
821.0	1.97878392871885	90.518
821.5	2.213092908568553	211.841
822.0	1.5310969087463424	130.972
822.5	1.7877980193981355	120.948
823.0	2.1888288017116846	117.891
823.5	1.478462582007234	100.711
824.0	1.0702963530350105	90.777
824.5	1.6001406780143943	110.602
825.0	2.1780098013704476	100.868
825.5	1.8849502657149098	101.072
826.0	1.1808823889295537	151.426
826.5	1.5202678346423601	137.726
827.0	1.7443454186955138	131.324
827.5	1.8689790934553396	120.942
828.0	1.777882121562648	90.456
828.5	2.0744122792697217	120.952
829.0	1.6262142349670792	104.092
829.5	1.6489144039369505	131.561
830.0	1.3169620773861446	184.501
830.5	1.9021843812972985	131.178
831.0	2.2381548660885495	189.476
831.5	2.0426706584351653	191.814
832.0	1.5002085899049817	100.747
832.5	2.0707151586591834	82.112
833.0	1.7604884143280006	109.179
833.5	1.2703258048105903	141.328
834.0	2.3008315067316376	151.763
834.5	1.9610674551392246	101.006
835.0	1.9176023840223895	110.998
835.5	1.4186908931530693	141.11
836.0	2.24521350637978	161.427
836.5	1.4964359963236367	161.224
837.0	1.742997524964234	118.205
837.5	1.4055926896618496	151.46
838.0	1.673688259607899	154.819
838.5	1.6626526082548878	152.604
839.0	1.8192813877893277	121.183
839.5	1.3478573102940377	90.558
840.0	2.4411361216278293	161.604
840.5	1.4984360501319303	141.465
841.0	2.3853641584703396	123.538
841.5	1.1996779534949993	161.444
842.0	1.864491523306116	121.287
842.5	1.6760385028098275	146.595
843.0	1.8289204221077382	100.845
843.5	1.6735969784252915	120.837
844.0	1.694515484721249	191.981
844.5	1.597398200953319	140.287
845.0	1.6938268692150067	140.825
845.5	1.752568725377184	81.054
846.0	1.8866404751115864	108.54
846.5	2.5808348208433536	143.028
847.0	1.702677213791977	100.49
847.5	1.486134038322528	103.583
848.0	2.3094551083721844	156.142
848.5	2.1921234092376474	96.896
849.0	1.656108099614204	121.123
849.5	1.2691597292991732	91.577
850.0	1.6181568719072053	130.818
850.5	1.8623111344460839	111.114
851.0	1.7931020783539722	171.586
851.5	1.1488184608861631	141.124
852.0	2.0961123444363343	151.612
852.5	1.4232173142607398	140.922
853.0	1.582358323444707	141.197
853.5	1.411290149743947	116.43
854.0	2.2826280321276378	89.438
854.5	1.8174974636191552	100.903
855.0	1.2661407953175992	100.869
855.5	1.6464729525858615	83.422
856.0	1.7913496222048853	172.844
856.5	2.2501700494095016	90.837
857.0	2.0835407123400187	120.902
857.5	2.0343911379295783	101.604
858.0	1.545756136895397	102.707
858.5	2.340156736839611	147.747
859.0	1.1515831330808741	137.469
859.5	1.6396271937293418	121.897
860.0	2.071549511862946	78.497
860.5	1.4579976680912359	87.622
861.0	1.185846061246172	111.052
861.5	1.479517195252726	99.718
862.0	1.926811425874549	150.659
862.5	1.8359112853544093	107.776
863.0	0.9975281697309255	121.304
863.5	2.182537112547098	135.407
864.0	1.8711983864585393	131.411
864.5	2.0336342156414027	181.27
865.0	1.378826448021713	131.31
865.5	1.5293721572375019	97.595
866.0	1.797464598581902	151.656
866.5	1.7381850381399893	105.997
867.0	1.3858773567657994	131.658
867.5	1.8899044622565022	131.376
868.0	1.942669483317739	100.854
868.5	2.3289058522322468	110.565
869.0	1.0187358046868673	161.177
869.5	1.8181116567934201	141.014
870.0	2.2124120219897394	120.705
870.5	2.0078871679699364	87.136
871.0	1.4390264804946458	100.716
871.5	1.8925822431509247	161.262
872.0	2.0138799443635165	86.995
872.5	2.3989411166501973	132.143
873.0	1.248649813051738	94.945
873.5	1.8929903867526272	160.319
874.0	1.9258110786531644	129.852
874.5	1.6489100719388916	100.792
875.0	1.549663173136912	158.181
875.5	2.0103858902503893	121.7
876.0	1.6846786703656638	181.704
876.5	2.1096988888338024	90.781
877.0	1.0567808152579388	155.511
877.5	1.6073668940732275	161.358
878.0	2.1911778076530894	100.8
878.5	1.7683675215797157	80.244
879.0	1.4983343691491808	94.767
879.5	2.467824560026639	138.962
880.0	1.6751623925406747	113.183
880.5	1.328100330492199	93.339
881.0	1.4389615033098853	131.462
881.5	1.710320624596363	141.413
882.0	1.7734029081987532	90.85
882.5	1.409108006222197	111.971
883.0	2.0243383054196666	158.899
883.5	1.7988786798121343	161.643
884.0	2.345520603101589	107.305
884.5	1.5126962323501998	169.85
885.0	1.9107778537124904	181.049
885.5	2.1431750659595457	158.503
886.0	2.288031315494737	171.796
886.5	0.9102662984044307	121.043
887.0	1.8977790622503499	181.673
887.5	2.279097005721469	199.908
888.0	2.047813206775514	161.74
888.5	1.1004691808816085	112.02
889.0	1.944707847193084	96.409
889.5	2.2333111835468102	132.091
890.0	2.5945434858002714	101.695
890.5	1.1317963779438494	121.114
891.0	1.431512913937605	120.912
891.5	1.7136032087785436	140.849
892.0	2.0526902644379668	211.021
892.5	1.309752121893251	171.519
893.0	1.6785938028585505	90.877
893.5	2.0439631128630533	131.248
894.0	1.9413083654577565	90.623
894.5	1.3728055865245523	151.053
895.0	1.6614277248371703	159.828
895.5	2.429732768618384	118.392
896.0	1.6548517852590638	101.069
896.5	1.15055672425833	116.776
897.0	1.9715760937428284	141.998
897.5	1.5677983933703041	121.001
898.0	2.1656892099946483	111.091
898.5	1.201180339355486	126.509
899.0	1.7263522397581912	90.936
899.5	1.7964023373122342	138.505
900.0	1.4699924102796094	136.78
900.5	1.248425126724806	124.322
901.0	2.0483272612306966	131.427
901.5	1.9403200443391029	132.75
902.0	1.5302916358853023	151.308
902.5	1.707935297005238	140.939
903.0	2.287645262335342	105.134
903.5	2.041221756093081	99.091
904.0	1.3621059984130122	163.129
904.5	1.8551835741748857	100.845
905.0	1.7495976602799648	101.338
905.5	1.666176317389825	110.841
906.0	1.7120132496132285	145.656
906.5	1.8240943623959252	87.973
907.0	2.2541734231896737	135.651
907.5	1.8275064900919402	110.862
908.0	1.8730599609248153	100.882
908.5	1.9413876167075514	121.134
909.0	2.345413440837766	82.988
909.5	1.6346770046284422	136.788
910.0	1.4925689628595165	87.184
910.5	1.6930751070590502	131.086
911.0	1.7652865663283959	110.825
911.5	1.4987022737299032	100.673
912.0	1.6547410017532302	130.995
912.5	2.2649490294239976	151.535
913.0	1.7602949858367887	141.136
913.5	1.9348209680938606	121.42
914.0	1.6925127298447369	150.939
914.5	1.7169374374304331	90.955
915.0	2.6182590002154136	141.57
915.5	1.9742981292507367	110.963
916.0	1.3243029595003029	109.647
916.5	1.6430413710800107	100.713
917.0	2.254141321210463	171.184
917.5	1.3133368738199214	80.855
918.0	1.8532936586347672	161.465
918.5	1.8469045744533152	109.708
919.0	1.661541989095959	94.94
919.5	1.6523104175308128	91.083
920.0	1.1709209233403095	171.359
920.5	1.488815301238196	131.014
921.0	1.315416325623584	120.765
921.5	1.2737403690624989	137.485
922.0	1.4348346728016315	90.895
922.5	1.662190324228845	121.109
923.0	1.670420883312913	118.653
923.5	1.4043229193550937	141.13
924.0	1.8539767241186391	151.957
924.5	1.978900826465172	110.847
925.0	1.7946662180605366	131.045
925.5	1.2113237745396008	110.914
926.0	1.9898519647044814	155.482
926.5	2.302949489472218	121.312
927.0	1.687665335967841	100.908
927.5	1.626339502538493	151.69
928.0	1.4991375617503935	99.849
928.5	1.7471675248024554	96.391
929.0	2.2628374804357785	171.681
929.5	1.6111528407181277	174.033
930.0	1.5158426303585435	80.786
930.5	2.31656241210877	130.725
931.0	1.3202295263816652	120.901
931.5	1.6219202343206094	100.608
932.0	1.9023945975644632	130.485
932.5	2.020526263977434	178.995
933.0	1.6343490159937866	119.261
933.5	1.9862960474546614	102.716
934.0	1.9032608787543843	86.798
934.5	2.3212411199076173	105.381
935.0	1.3996875529405475	100.536
935.5	2.182750813391988	77.525
936.0	2.059695906786597	181.989
936.5	1.3856474987077538	201.304
937.0	1.335399238554033	155.038
937.5	2.158069033617445	161.039
938.0	2.361233390073278	121.489
938.5	1.462124801502507	106.862
939.0	1.4321746266660413	151.568
939.5	2.070398226714074	141.576
940.0	1.7135870104546371	165.358
940.5	1.9885337212980534	158.021
941.0	1.4382552172680747	105.689
941.5	2.043710113737467	99.129
942.0	1.701262896449035	163.207
942.5	1.8124843239754613	112.173
943.0	1.3700555786552866	109.59
943.5	2.1578378836723457	81.099
944.0	1.6444947814785613	123.852
944.5	1.7279355054865035	102.157
945.0	1.6211005676801098	100.6
945.5	1.779880526465177	137.295
946.0	2.0885031519513473	110.802
946.5	1.9171946506287025	146.986
947.0	2.371350407552244	93.785
947.5	1.2176347589774479	181.16
948.0	1.876834382656134	120.777
948.5	1.0807349552489014	175.167
949.0	0.8138278345156844	201.234
949.5	1.4852034156345837	191.309
950.0	1.6203020342151284	161.282
950.5	1.428336972405425	91.433
951.0	1.4481683966933991	139.267
951.5	1.8244739527054388	90.145
952.0	1.4319943604348098	200.921
952.5	1.242963648560157	171.155
953.0	1.3081759251262421	90.954
953.5	2.396375285341712	155.455
954.0	1.5066743760612038	90.587
954.5	1.2706171609209265	230.944
955.0	1.7813721918829832	127.446
955.5	1.9771668426455657	131.193
956.0	2.5147910581919524	111.058
956.5	1.531679131463154	89.562
957.0	2.210667781253231	141.281
957.5	1.873806278618594	107.449
958.0	1.4735934048189467	100.621
958.5	1.702017524977473	161.465
959.0	1.379409104975604	141.04
959.5	2.382375912182043	121.252
960.0	1.6547558583602406	178.085
960.5	1.6307196397137116	96.785
961.0	1.646506651080304	193.162
961.5	1.6766216110726564	120.889
962.0	1.4993534532549357	159.451
962.5	1.7165810085645241	161.134
963.0	1.5166430814900698	121.381
963.5	1.2944527683306952	165.479
964.0	1.205716970907004	171.511
964.5	2.0513564462695424	141.633
965.0	1.8326926771812375	158.851
965.5	1.8673152181444552	199.387
966.0	1.7833095055911337	151.333
966.5	1.5862429306140469	161.95
967.0	1.9251612550421604	211.735
967.5	1.906833754494105	109.22
968.0	1.3858033539741552	163.525
968.5	1.511764661409059	161.042
969.0	1.5039850266447896	161.225
969.5	1.8737938554948552	92.514
970.0	1.2622367642184211	140.988
970.5	1.6602299066655213	110.822
971.0	2.114164703319338	120.989
971.5	2.146668813615193	133.246
972.0	1.3185840561680078	141.947
972.5	1.229970927622987	150.885
973.0	2.2009174792575403	121.406
973.5	1.6893090122393708	161.115
974.0	1.557890027753684	121.057
974.5	1.880617179848709	91.36
975.0	1.541960722119859	161.256
975.5	1.286653052819008	161.714
976.0	1.8016192835947022	120.848
976.5	1.968442656302238	95.122
977.0	1.9177257759473085	102.554
977.5	1.2843783827942075	164.409
978.0	2.0769077543165637	110.914
978.5	1.9090550063025262	97.433
979.0	1.76835616709922	83.961
979.5	1.7103714848301037	78.968
980.0	2.037063031598859	93.267
980.5	1.9015315168921119	191.66
981.0	1.9213491495761659	100.549
981.5	1.1248212313823924	115.483
982.0	1.925019056841079	89.229
982.5	1.481962408796515	113.682
983.0	1.812847747757319	118.237
983.5	0.6878598994611926	109.998
984.0	1.7632703037469677	159.141
984.5	1.65860754312201	161.783
985.0	1.5612544582937646	115.348
985.5	1.7683251489648086	130.549
986.0	2.644367432085678	121.065
986.5	1.4484150831319917	99.122
987.0	1.746377145914922	171.302
987.5	1.5599255920333104	163.891
988.0	1.811907769020322	99.747
988.5	1.6822857447103534	100.767
989.0	1.5501446808248927	100.585
989.5	1.9722141108898443	171.759
990.0	1.4456015852861521	133.21
990.5	2.3551096522792556	156.446
991.0	1.7800575757557697	120.939
991.5	1.694636968187145	131.119
992.0	0.9312670552529905	122.802
992.5	2.088748419210219	90.696
993.0	1.7781409470855511	100.549
993.5	2.0622831435066398	100.861
994.0	1.5890984481169428	130.729
994.5	1.7418522069115758	214.318
995.0	1.703091460469183	111.139
995.5	2.052260529710239	158.509
996.0	1.962532426447535	161.507
996.5	2.04943144242743	110.882
997.0	1.6083751821368921	141.09
997.5	1.765085811184967	182.923
998.0	1.7940897002361014	121.449
998.5	1.2106436417926452	125.976
999.0	1.621940683406024	146.015
999.5	1.6857363496393587	169.086
1000.0	1.8240423677591453	106.83
