0.5	0.13678555930628344	14.648
1.0	8.12794719916394	80.626
1.5	1.6663750446012886	50.293
2.0	0.13074080394744156	30.404
2.5	1.8865466689921684	16.625
3.0	1.1075682841214076	50.546
3.5	0.13345665369381288	32.08
4.0	6.668237775248527	100.762
4.5	2.0621955490363937	152.074
5.0	2.5676637464282397	65.932
5.5	0.16131533366325224	6.132
6.0	1.4346041021694989	116.123
6.5	0.6521669612525446	70.58
7.0	0.3630183054314022	120.9
7.5	1.2129449137106474	64.874
8.0	0.14657694992421338	19.571
8.5	1.889055288346737	50.532
9.0	0.8188810568909235	101.288
9.5	0.17871689727822193	81.573
10.0	0.15562332410223884	99.153
10.5	1.9210521481185565	511.422
11.0	0.34474867701887174	120.397
11.5	0.16949923970386505	8.842
12.0	7.555720159265989	50.573
12.5	0.8597163611436718	79.865
13.0	0.46583232505848327	20.236
13.5	0.5089424116544063	123.265
14.0	0.8989670990886196	30.264
14.5	0.45919829105098164	130.855
15.0	0.7309057967455969	110.848
15.5	0.5318262032624623	110.763
16.0	0.4925096848090651	80.489
16.5	0.5604073024299722	24.82
17.0	0.74032867763462	34.933
17.5	0.40518003690019067	33.164
18.0	0.4135231105132975	20.321
18.5	0.8995418218733859	35.191
19.0	0.6271360353112838	20.772
19.5	0.49076244372898686	152.644
20.0	0.6571309146571689	58.642
20.5	0.3901271823654681	116.304
21.0	0.4285269870357726	133.217
21.5	0.523288758507089	20.127
22.0	0.5818488589279253	131.078
22.5	0.5790846280343936	14.75
23.0	0.9034023287606255	19.825
23.5	0.5387746626886931	16.755
24.0	1.212621628766813	127.834
24.5	0.335254089053708	18.066
25.0	0.6156256133212351	37.747
25.5	0.5340530055762817	127.591
26.0	0.49446842103499206	130.832
26.5	0.49907940072793017	60.459
27.0	0.7365384689766947	90.691
27.5	0.3586492714954519	116.592
28.0	0.4280167540636948	60.689
28.5	0.6020341826557506	87.699
29.0	0.14364205791347345	28.172
29.5	4.40028694893445	70.294
30.0	1.8583940559732555	31.994
30.5	1.636045546432828	70.481
31.0	2.37685768542257	85.211
31.5	1.2632075107261878	80.649
32.0	1.9074704590146847	40.464
32.5	1.7678289937090936	76.044
33.0	1.8477737194269421	100.543
33.5	0.13627124388845197	139700428120.688
34.0	4.561489207783206	17.423
34.5	2.2439673041458246	29.182
35.0	2.197715134218153	15.374
35.5	2.119021891182894	15.549
36.0	1.614460627055797	100.536
36.5	1.383383854087584	90.507
37.0	1.6393545532684632	120.783
37.5	1.5035627060694585	13.258
38.0	1.5061275510029513	16.973
38.5	1.7916949148502017	13.374
39.0	2.473253461433064	110.636
39.5	1.298079327721101	81.029
40.0	2.34431672337429	124.762
40.5	1.6769185969112763	13.67
41.0	2.9554604519964536	161.063
41.5	1.6042688052327256	141.532
42.0	2.677017610211571	212.315
42.5	2.462550836662466	47.593
43.0	1.2493549735544587	151.868
43.5	2.551768172712791	30.305
44.0	2.5985574900892923	13.703
44.5	1.5239933235844914	90.728
45.0	1.4221226617569385	60.36
45.5	2.3247636550922426	80.373
46.0	1.9367116391127845	14.529
46.5	2.3529268766363765	14.197
47.0	1.7750460358324598	130.948
47.5	1.2672755072652657	60.512
48.0	1.843645422535052	59.952
48.5	2.0557917802781414	110.476
49.0	2.30859415604031	26.257
49.5	1.7413535281932104	15.362
50.0	1.423315425091801	251.997
50.5	1.2969417636515945	110.983
51.0	1.7406987708438975	105.611
51.5	2.6846243305442314	162.697
52.0	1.3451788882125775	449.366
52.5	1.3607932574658637	13.089
53.0	0.6366533796756678	20.828
53.5	1.0603534765513336	42.696
54.0	0.6930817088444411	15.942
54.5	2.0093266318017853	16.918
55.0	2.391772084954974	22.701
55.5	1.761056315824816	171.166
56.0	1.423778354857204	110.674
56.5	1.791504401521542	14.695
57.0	2.5261548078424516	110.446
57.5	1.3603702168688732	15.245
58.0	2.3015856842374034	150.867
58.5	2.857701991354695	90.638
59.0	1.213900214570794	556.191
59.5	1.8844430936003826	147.628
60.0	0.9699338771453836	151.345
60.5	1.6543494287974856	504.068
61.0	2.922652896670701	17.915
61.5	0.967266068407528	14.209
62.0	2.4057034436684255	19.75
62.5	3.097565949347566	87.715
63.0	0.5838129448663052	118.558
63.5	1.477825628662251	60.508
64.0	1.906574532948991	41.208
64.5	3.2371191164444095	100.581
65.0	2.3663986406155417	18.655
65.5	2.6762901630882325	15.931
66.0	1.104098939488309	34.638
66.5	0.9732566651848189	13.435
67.0	0.8469418052375298	19.884
67.5	1.1650131941633117	201.807
68.0	1.8864826527723646	20.323
68.5	1.0005184927942334	292.937
69.0	0.2555593018864234	1423.067
69.5	3.4699445512628233	14.992
70.0	1.696296432615058	27.534
70.5	2.452888434946858	24.815
71.0	2.0271417630080566	130.92
71.5	1.4404189271780923	150.969
72.0	2.6313450330681714	221.181
72.5	2.818912434248658	109.481
73.0	1.6711343551242235	155.398
73.5	2.5488683184361323	141.222
74.0	1.7164981199732046	421.216
74.5	2.749441884582403	13.842
75.0	1.5713018435040793	14.446
75.5	2.1096006122962887	70.994
76.0	1.629067032160772	20.734
76.5	1.9955933839779139	90.768
77.0	1.9035140637935675	16.262
77.5	2.0448923995446533	23.779
78.0	2.5484083824975627	110.688
78.5	1.609253617127727	19.046
79.0	1.9089178339279744	130.93
79.5	2.4981915625732953	14.828
80.0	1.44984691861088	19.084
80.5	2.007072561689432	141.123
81.0	3.136326533707653	121.377
81.5	1.982888412064337	141.317
82.0	2.2479080752629637	191.079
82.5	1.7715754906716552	111.351
83.0	1.9235806870196257	15.26
83.5	1.7463162535578756	48.454
84.0	1.103143558489981	15.943
84.5	1.5276350121324789	116.576
85.0	1.278232128829043	32.207
85.5	1.8166086065823508	12.282
86.0	0.9188499250376636	20.471
86.5	1.91613418053512	19.34
87.0	1.9418742786499745	20.167
87.5	2.4239960480509404	110.854
88.0	1.6181277779894092	13.721
88.5	1.7423769591561227	141.073
89.0	1.5277801351623312	16.087
89.5	2.3686949388703664	192.66
90.0	2.3922232652347866	122.982
90.5	2.7494265746763262	292.293
91.0	1.5616410157673652	78.875
91.5	1.6241449424455539	19.825
92.0	1.3837031845918348	16.066
92.5	1.193939062672061	22.641
93.0	1.3788979227456541	22.525
93.5	0.7328200652528722	20.347
94.0	1.8135795977168336	118.366
94.5	1.7810846480472728	14.995
95.0	1.3137247325287462	14.476
95.5	2.990144363287408	14.308
96.0	1.2151441865431654	17.66
96.5	1.9460512087651962	20.005
97.0	1.945662212754381	14.55
97.5	2.8371195855468967	23.468
98.0	1.6531932846891382	60.178
98.5	2.4897230476138152	513.691
99.0	2.3372507746610096	170.765
99.5	3.4392959850813734	19.85
100.0	1.4806290401740887	384.343
100.5	2.599817150815701	17.578
101.0	1.739141996522414	15.57
101.5	2.3945785685782472	141.012
102.0	1.9247279684194816	23.371
102.5	2.790768445591861	185.383
103.0	2.534270833548927	26.552
103.5	1.0831256169797066	13.503
104.0	0.634986532963397	16.404
104.5	1.0031703041710378	16.069
105.0	2.037580608302731	19.925
105.5	1.10840012342845	110.944
106.0	2.786115881255447	19.617
106.5	1.310341024442334	13.629
107.0	2.8227273360912424	141.715
107.5	2.2149060438044432	12.504
108.0	1.981226213026158	30.258
108.5	1.8921789402994946	40.307
109.0	1.7250431473583892	12.943
109.5	1.7246226116696592	20.154
110.0	1.7878757522132547	50.412
110.5	1.666723790327188	111.07
111.0	1.321840471296217	53.498
111.5	2.194600266383715	120.726
112.0	2.2509804668805695	29.942
112.5	0.12783067517358135	6.557
113.0	3.9450032321220223	70.796
113.5	0.33742686598590244	8.094
114.0	2.3114478894552	8.445
114.5	0.1648007251602039	12.776
115.0	0.15784657539909902	114.762
115.5	1.4694616587681977	7.456
116.0	0.1446295791859421	12.31
116.5	1.8507213147739143	20.59
117.0	0.279539753548651	116.004
117.5	0.3066884306507193	59.162
118.0	0.02484376585233488	118.575
118.5	1.470187425438362	12.041
119.0	0.16652674644880414	17.586
119.5	1.9244202581525904	12.088
120.0	0.242928473329929	17.139
120.5	0.18759679662900205	121.266
121.0	13.155314524074745	121.266
121.5	1.8013736864131014	8.749
122.0	0.2693781279205912	20.46
122.5	1.4457977177080723	11.261
123.0	1.7322846749375018	48.981
123.5	0.552772522553065	150.983
124.0	0.49599166869799843	90.799
124.5	0.6992542403514461	70.607
125.0	0.6566830815642688	114.592
125.5	0.5068925714568292	100.72
126.0	0.6889364409731707	140.871
126.5	0.5052768837566659	80.605
127.0	0.5005647956744551	46.263
127.5	0.15128917372786777	21.685
128.0	1.095384472959029	50.627
128.5	0.16780025384326702	18.14
129.0	4.152718150912659	40.357
129.5	0.9024106462432259	282.439
130.0	1.4504332030222744	69.08
130.5	0.6894849048552526	67.519
131.0	1.9797108642337697	110.845
131.5	1.1783632262709223	20.132
132.0	1.6939215882386096	24.47
132.5	1.43709761037446	97.398
133.0	2.0430017178388247	161.233
133.5	1.1487259470641589	161.107
134.0	1.5706050466564923	40.435
134.5	2.849168656597525	141.18
135.0	1.8564550125574877	91.03
135.5	2.180583975643667	182.355
136.0	3.367325266389142	50.905
136.5	2.4200288475538154	60.428
137.0	2.0795805380550445	50.406
137.5	1.5426051712860513	95.624
138.0	1.4407776400073533	70.612
138.5	2.430309277769456	136.329
139.0	1.9634401435627746	24.945
139.5	1.1744068075927192	139.341
140.0	2.2423677888629086	50.465
140.5	1.8075394492634111	101.224
141.0	0.8972284114886454	135.67
141.5	1.6080422254394404	60.512
142.0	2.1800981966349395	55.783
142.5	1.275389095931023	64.132
143.0	3.1194278930854464	19.932
143.5	1.1710273647947347	110.744
144.0	1.5036136298916463	141.123
144.5	1.051358991265559	434.748
145.0	2.4941689309381343	110.716
145.5	1.60304563013012	20.106
146.0	2.3084332612839136	70.538
146.5	1.741232082419859	70.493
147.0	1.5227792231232216	70.455
147.5	2.0855797599916865	100.669
148.0	2.688655288281233	60.126
148.5	1.4366589254421764	60.506
149.0	1.268424809090876	110.716
149.5	0.1472640401241881	42.547
150.0	0.1532682436412031	43.72
150.5	0.1466102173357328	58.667
151.0	10.97958213660666	100.999
151.5	0.17841311699992676	46.898
152.0	6.807680585804669	102.936
152.5	2.164091637945131	111.152
153.0	1.592476388224012	91.607
153.5	1.463608383040764	156.865
154.0	1.4226375106694014	131.167
154.5	1.7020928550729029	80.387
155.0	2.635681762434863	70.251
155.5	2.0431136725456374	75.227
156.0	1.6457864877877981	119.056
156.5	2.0764847330612404	110.238
157.0	1.882276419361703	150.861
157.5	2.5374993986085297	106.884
158.0	1.5273548616140311	90.18
158.5	1.7424165384681434	139.008
159.0	1.5893691763956417	100.814
159.5	1.806846608830653	60.243
160.0	1.8668423961252216	57.632
160.5	2.270128531081262	120.886
161.0	1.7425512341210496	128.937
161.5	1.8275834291924997	60.848
162.0	1.7795491442204194	50.469
162.5	2.225874832490194	127.995
163.0	2.295019325274452	80.998
163.5	1.5452493838723784	100.789
164.0	1.749297353930935	100.388
164.5	1.9515334706666503	65.936
165.0	1.3097145396430543	140.972
165.5	2.1729982788801827	50.46
166.0	2.1426138982112746	141.282
166.5	1.3472359457400926	110.921
167.0	1.7898366833209176	119.254
167.5	1.2237690062778053	73.62
168.0	1.927447855966576	80.818
168.5	1.7390165634235835	60.513
169.0	1.608074289848448	115.039
169.5	1.3667203276664228	70.377
170.0	1.6828846659447774	73.468
170.5	1.860091721315121	67.517
171.0	1.6445266479570901	50.651
171.5	1.6179956360645271	90.691
172.0	2.1961252143074828	100.623
172.5	2.3101488604545315	63.243
173.0	1.5167521270918707	80.73
173.5	1.5681318440214636	141.524
174.0	2.4786844864662503	60.452
174.5	2.1704651169347624	90.602
175.0	2.2616721681284906	90.637
175.5	2.0317752507060662	109.054
176.0	1.516742731742217	80.391
176.5	2.3029219245649513	91.474
177.0	1.9748791772184398	130.877
177.5	1.5536880667378181	70.849
178.0	1.59376354613819	98.688
178.5	1.4638320970128476	50.631
179.0	2.3455800733487298	60.402
179.5	1.6109534132446677	110.648
180.0	2.2971676032712374	100.849
180.5	2.0247139307987783	151.318
181.0	2.0989894854529436	80.371
181.5	1.543985124658417	60.378
182.0	1.5161262552101527	111.381
182.5	2.2841000313371294	60.517
183.0	1.7035160512641665	93.605
183.5	1.973837598717279	140.929
184.0	2.0661785285155174	109.993
184.5	2.017835420123799	71.041
185.0	1.6729965204456112	90.576
185.5	1.3852398046566659	151.083
186.0	1.5622430836075896	88.858
186.5	2.2868186874979006	120.708
187.0	1.5160477999566928	48.8
187.5	1.6443661583005353	110.886
188.0	1.9051531979906158	106.393
188.5	2.025270306531002	39.819
189.0	2.145395714783367	110.954
189.5	1.9008498668806677	37.894
190.0	1.5605519316082554	110.825
190.5	2.0279444626008636	80.596
191.0	2.1046217216302043	80.645
191.5	2.002341372262819	51.646
192.0	1.7263023425179442	47.238
192.5	1.9323641695315426	132.256
193.0	1.2840074900243486	80.796
193.5	1.6900499954534498	50.172
194.0	1.8917883091032464	70.907
194.5	1.8297639190087112	110.795
195.0	2.1482524337260056	120.539
195.5	1.627336389002708	50.461
196.0	1.6981058996224554	100.285
196.5	2.251943569756248	50.436
197.0	1.4905874673053914	111.034
197.5	1.8986724835863642	110.864
198.0	2.0422932242086826	110.879
198.5	1.5901676704972436	70.491
199.0	1.5134905267726508	70.511
199.5	1.9063081726684532	112.236
200.0	2.014754721554275	96.243
200.5	1.6922765013903585	70.249
201.0	1.6611727927187128	44.406
201.5	1.591802379679019	70.388
202.0	2.365803366741378	154.053
202.5	1.630160261081759	80.629
203.0	1.7145882052653236	60.34
203.5	2.018524768543068	106.696
204.0	1.8687644584319705	68.998
204.5	2.240932847835626	84.029
205.0	1.2424388443057877	68.457
205.5	2.2352192763632	80.653
206.0	1.9517051666562106	132.808
206.5	1.9779368297057403	141.016
207.0	2.2136292918303107	60.412
207.5	2.020961711519055	50.539
208.0	1.6265109117692376	60.529
208.5	1.9445236649539406	60.86
209.0	1.9270000262532458	54.742
209.5	1.3718647470369751	60.964
210.0	2.1082125323638423	45.179
210.5	1.8203739033682962	70.909
211.0	2.0741047253192697	90.621
211.5	1.2350666013147469	90.752
212.0	1.872789344403734	72.682
212.5	2.052422185129326	107.772
213.0	1.6802353297129156	120.872
213.5	2.0479661338825625	136.836
214.0	1.480885429682063	49.87
214.5	2.4035600514978377	50.456
215.0	2.0111367159971416	20.266
215.5	0.45406891977888564	123.007
216.0	0.6720453037438119	87.441
216.5	0.9855099609307343	100.861
217.0	0.7546566960861116	84.8
217.5	0.8172143048437586	94.453
218.0	0.7272708534993562	33.63
218.5	0.39462626030387415	100.795
219.0	0.5232116767813741	70.537
219.5	0.13171130433798753	15.127
220.0	5.297960888436896	50.64
220.5	2.2676306827789046	44.917
221.0	1.7697165331049707	30.178
221.5	0.12206774290027303	10.428
222.0	2.043298872840343	10.842
222.5	0.3996774137816957	160.928
223.0	2.3325637196187685	50.639
223.5	0.5837940330091071	27.906
224.0	0.6090790360003795	17.873
224.5	0.7796297973678569	171.202
225.0	0.5760855952431065	159.859
225.5	1.0292226431079343	80.637
226.0	0.6462996005439159	111.091
226.5	0.4937505678569887	131.094
227.0	0.023168718646691306	35.386
227.5	0.6440967958967749	80.547
228.0	0.5717620482588541	37.983
228.5	0.5143844428293688	126.256
229.0	0.6183056900588798	20.154
229.5	0.4120991642251255	35.656
230.0	0.7333370559612351	28.153
230.5	0.7562428901518353	139.853
231.0	0.5980500679036993	17.004
231.5	0.5883307373048766	40.167
232.0	0.1418103274394727	51.507
232.5	1.227761041243997	130.741
233.0	0.7091106343849054	110.807
233.5	0.47918457603528763	100.797
234.0	0.4296591264717284	84.086
234.5	2.8512762357969472	152.731
235.0	0.48508683710032213	80.958
235.5	0.5288029397342803	41.529
236.0	0.6641874613658294	60.355
236.5	0.5322025310288138	62.324
237.0	0.5235651715351763	130.904
237.5	0.5853024773157263	121.542
238.0	0.30380551695972735	130.901
238.5	0.31408558532707576	75.694
239.0	0.8123432026848915	80.05
239.5	0.509222103642122	137.64
240.0	0.42860008519316733	87.926
240.5	0.7053337229774875	16.2
241.0	0.4464685610117677	141.343
241.5	0.42078436626022203	90.7
242.0	0.6913953360847018	137.622
242.5	0.4101713202593824	130.857
243.0	0.4151890705256736	100.693
243.5	0.6422426228021246	36.891
244.0	0.3156903417367508	107.97
244.5	1.2204771150846723	93.893
245.0	0.5836693800806849	60.42
245.5	0.9312362177850984	129.683
246.0	0.7024129241020207	98.708
246.5	0.5851098462912582	70.484
247.0	0.5858472541085713	80.442
247.5	0.6644754208903808	221.98
248.0	0.7401465154000757	91.103
248.5	0.48631188295405153	206.634
249.0	0.6122375815521066	100.743
249.5	0.14756808858271617	17.142
250.0	0.15144573972594788	88.742
250.5	0.1755325849395955	139691466711.664
251.0	0.13473561434481235	125.151
251.5	0.14533335859119953	125.151
252.0	3.1870728097914642	117.346
252.5	2.8592637784248036	131.84
253.0	0.18178790511186974	99.459
253.5	2.3354409213077503	110.903
254.0	1.983016701151365	141.146
254.5	2.4481601355057987	131.173
255.0	2.6509174232722525	120.986
255.5	1.4060152831164971	201.878
256.0	1.9019338377927217	140.878
256.5	2.0855060265996603	100.961
257.0	1.8241371583182273	141.515
257.5	1.2404994389610406	139.179
258.0	1.3247319878929515	121.131
258.5	2.2525919366289218	108.678
259.0	1.9249151780318035	91.777
259.5	1.0676559836727533	151.017
260.0	2.0767585087743696	121.241
260.5	1.7994590861308073	132.306
261.0	2.2991519626552246	161.327
261.5	1.4319272136328953	111.139
262.0	1.9520310355355712	159.427
262.5	1.8939973207362941	122.856
263.0	1.9095200673449606	120.724
263.5	1.494794452215958	193.189
264.0	2.6236955731762825	91.225
264.5	2.3069927748913965	181.73
265.0	1.6829768695534604	140.088
265.5	1.5779957040881025	110.614
266.0	2.0982832337080666	161.457
266.5	1.7098706731626725	100.754
267.0	1.9548795265584693	83.991
267.5	2.0097173453508956	91.032
268.0	1.5461346971689123	140.771
268.5	2.2671545824878145	90.652
269.0	1.7428980453260994	100.795
269.5	1.9851245744466546	149.961
270.0	1.9165409101198518	120.851
270.5	2.488948966220563	129.302
271.0	0.7598057741718985	112.814
271.5	1.8572440097844098	171.357
272.0	2.102206521005406	130.557
272.5	1.5591585802098584	100.094
273.0	1.5234130754182784	107.008
273.5	1.6688894698196712	105.715
274.0	1.750653538466237	100.624
274.5	2.1363106846602564	138.308
275.0	1.739542706445437	100.616
275.5	2.3555308942307147	107.885
276.0	1.4617119235725091	120.949
276.5	2.236472885973674	139.178
277.0	1.8214988277565711	91.093
277.5	1.8705104683803935	133.76
278.0	1.494231700620211	100.596
278.5	1.813179716355947	210.459
279.0	1.5810691980806737	171.456
279.5	2.5817414750726497	139.618
280.0	1.678865060395966	90.777
280.5	2.2971431894705017	98.981
281.0	2.0163958755460403	117.947
281.5	1.6768278284549063	146.667
282.0	2.2497689690905056	131.055
282.5	2.441703252627038	151.647
283.0	1.5781410876653355	120.982
283.5	1.724470871088447	170.891
284.0	1.829067601321317	110.869
284.5	1.7549482502244076	121.808
285.0	1.8903759634657518	161.942
285.5	1.5616889533475824	89.084
286.0	2.860061152365077	199.886
286.5	1.1713278536163705	87.48
287.0	1.761715627715605	151.546
287.5	2.5366123660343822	135.008
288.0	1.7642827309046574	90.884
288.5	1.3871440852806725	112.246
289.0	2.2282872847952833	116.387
289.5	1.8074162913265588	120.645
290.0	1.9911364262256723	140.985
290.5	1.809212579888011	86.934
291.0	2.37052241205458	130.851
291.5	2.009487515336435	155.141
292.0	2.5321095013376533	159.426
292.5	1.316377788746848	130.782
293.0	1.8490988742899648	91.132
293.5	2.1503298157286648	100.983
294.0	1.5583887859760004	171.167
294.5	2.2729900106887317	132.521
295.0	1.5323135643656227	161.421
295.5	2.1655930034139974	87.309
296.0	2.1673920507666447	208.797
296.5	1.5297167542812253	100.686
297.0	1.6387653496295604	100.756
297.5	2.1757321225705932	117.791
298.0	1.9497945982638656	201.612
298.5	1.5748854168836763	100.779
299.0	2.110756597896492	132.331
299.5	1.722966045235348	119.095
300.0	1.4182756540805852	142.446
300.5	2.565274303834596	86.551
301.0	1.52075737632825	100.822
301.5	1.8825191174078826	93.663
302.0	1.6660154318522868	94.85
302.5	2.5183745243971063	110.716
303.0	2.182948388839094	121.262
303.5	1.6819103891967397	100.997
304.0	1.896802572775079	112.384
304.5	1.8219503526652383	120.899
305.0	2.1238118830464012	131.596
305.5	2.21026509209964	90.693
306.0	1.6084639054208614	110.814
306.5	1.7298666274631347	90.817
307.0	1.5537689833842212	78.49
307.5	2.0017097500460466	141.238
308.0	2.080789830107191	163.862
308.5	2.058455068148974	108.869
309.0	2.145814925448165	171.427
309.5	1.908844900182377	151.356
310.0	1.5806749748669906	162.748
310.5	1.825994699588546	217.036
311.0	2.3922108382820997	125.1
311.5	2.3513468663185004	142.363
312.0	1.5224384430458622	139.013
312.5	1.8779342443225806	100.54
313.0	2.0558912961853126	152.433
313.5	1.7825432697866543	141.227
314.0	1.014988970780131	90.869
314.5	2.0447416248974832	87.844
315.0	1.3906997340992153	130.792
315.5	2.109574856325195	94.596
316.0	1.5838934776038667	181.736
316.5	2.466601231799376	174.082
317.0	2.423880963180758	91.115
317.5	1.76101910160649	161.079
318.0	2.1001852679803474	110.802
318.5	2.1033971949538515	121.107
319.0	1.2214733516299445	112.848
319.5	1.7176609592115073	141.323
320.0	2.0174552533564065	140.881
320.5	2.1604070818194248	100.904
321.0	1.9117507379202108	90.497
321.5	1.8420892361610692	161.273
322.0	1.7117502410724663	126.32
322.5	1.4498901097985764	89.858
323.0	1.9597690663651113	94.074
323.5	1.010444018225825	137.417
324.0	1.7180116534861058	140.945
324.5	2.4101101891413057	105.043
325.0	2.031770356854255	190.357
325.5	1.8459451034729688	111.204
326.0	1.6647214382538842	147.993
326.5	1.995738657626518	170.861
327.0	1.6916590317795843	101.099
327.5	1.5403667225416535	102.467
328.0	1.5637869266747626	146.542
328.5	2.0757502720310295	151.377
329.0	1.5747515688645406	162.951
329.5	1.5579273784320933	142.104
330.0	2.1277635476791588	192.666
330.5	2.238784427111179	134.716
331.0	1.8852663457877634	219.138
331.5	1.6407790003127853	110.957
332.0	1.4282875896724638	167.398
332.5	2.541330107950439	201.577
333.0	1.3706973999628722	212.081
333.5	1.6306845263191072	110.64
334.0	2.058593372628284	110.045
334.5	1.784823742613197	154.79
335.0	1.5078107430437306	110.814
335.5	1.8951652155192362	121.28
336.0	2.544348694481956	199.046
336.5	2.338190106625223	88.2
337.0	0.9133014566718959	88.458
337.5	1.862523697631548	191.731
338.0	1.6888253035191452	110.756
338.5	2.2341441381478635	83.632
339.0	1.099897078894174	191.548
339.5	2.5788924997679192	119.058
340.0	2.275159583040913	168.935
340.5	1.8668764674187026	90.718
341.0	1.5882636636210838	101.241
341.5	2.0389825169407323	120.998
342.0	1.553696082035434	100.67
342.5	2.56920302684184	130.854
343.0	1.1496921014349235	151.431
343.5	2.1250395280889456	111.673
344.0	1.7105419608255577	120.721
344.5	2.0717146407211815	96.193
345.0	1.5419459991679463	101.341
345.5	1.6712627727933504	199.896
346.0	1.598607312965226	92.488
346.5	1.4441640987701245	135.311
347.0	1.3009396479389765	111.038
347.5	2.555887891443282	153.109
348.0	1.7817087122643829	110.988
348.5	1.5571081078371414	109.837
349.0	2.322379559546914	151.456
349.5	1.4597357019604957	90.942
350.0	1.9109364777642739	120.955
350.5	1.6328398222640188	110.655
351.0	1.794812184919148	131.193
351.5	2.16709005263679	110.695
352.0	1.1547506776492482	129.782
352.5	1.4289758912193615	90.516
353.0	2.007842843114883	107.089
353.5	2.5199646671388773	100.641
354.0	1.6613208839073383	152.793
354.5	1.4843917272017486	151.167
355.0	1.8333854288910243	120.72
355.5	2.0661743461589177	346.413
356.0	1.7353310184482988	127.94
356.5	1.087675167892189	94.002
357.0	1.9244181826090152	141.651
357.5	2.0047899146467993	86.528
358.0	2.6708525016884423	141.615
358.5	1.8034416451416628	191.267
359.0	1.7475394000339444	111.781
359.5	2.3005375250372637	191.686
360.0	1.7548106240439936	151.418
360.5	1.4995859209721543	151.057
361.0	1.6690394387954421	110.444
361.5	1.9812822211025396	111.168
362.0	2.0934705051910605	132.571
362.5	1.474864407444096	110.908
363.0	1.9379652754154935	111.299
363.5	2.2509888728710363	109.999
364.0	1.9658703503002364	210.055
364.5	1.9342191674676534	120.757
365.0	2.468667625314308	90.548
365.5	1.8666832930066137	114.248
366.0	2.120381887331767	161.31
366.5	1.3936704205796895	110.764
367.0	1.9171318545685896	136.136
367.5	2.3428015721196878	90.859
368.0	1.5401015743319946	103.485
368.5	1.8212720374638254	90.922
369.0	2.2103470888771897	130.771
369.5	2.354282935073299	100.917
370.0	2.69185830228559	121.404
370.5	1.1958418616426385	160.989
371.0	1.4981328783673473	101.311
371.5	1.8207461732236974	100.578
372.0	2.3295584871147854	111.566
372.5	1.6895301998100916	168.993
373.0	1.3652710463984383	191.319
373.5	1.6792476809401038	131.208
374.0	1.234861707126613	122.835
374.5	1.5921283756503464	110.699
375.0	1.8106871049238764	87.55
375.5	2.4766847693364102	149.48
376.0	1.8728790470057615	131.34
376.5	1.972366240469886	83.284
377.0	2.5561602791905282	131.484
377.5	1.8306813925941305	120.774
378.0	1.9776221121448592	172.964
378.5	2.011259452287939	151.744
379.0	1.6382416068246373	129.942
379.5	2.0307725315528806	110.793
380.0	1.7663365701427391	140.973
380.5	2.205898614205463	168.758
381.0	1.9219342681437084	85.745
381.5	2.327171554544021	90.667
382.0	2.3831207841844586	151.721
382.5	1.6981781695969032	91.047
383.0	2.1647335098375424	188.571
383.5	1.480483642656116	127.266
384.0	1.8242413004531182	131.384
384.5	1.8637540154108663	94.741
385.0	1.7946913004294625	115.464
385.5	1.8505856699444507	111.394
386.0	1.6639056822427074	110.646
386.5	1.8745188365761294	199.767
387.0	2.1821102900631018	201.867
387.5	1.4938603758363933	80.701
388.0	2.3963624335509284	110.252
388.5	2.366798623624384	105.061
389.0	1.8000459647155755	100.502
389.5	1.7220738893776149	100.597
390.0	2.4393739609806144	113.449
390.5	2.2228856584161054	171.42
391.0	2.0153946397434974	85.382
391.5	2.0353818574811613	108.913
392.0	1.8369346747012956	151.379
392.5	2.3410065206393558	129.826
393.0	2.3623521936833445	151.779
393.5	1.0984117644770415	100.886
394.0	2.301581048960046	137.546
394.5	1.5343021047769314	110.983
395.0	2.3077476810519664	232.48
395.5	1.3994817203435297	130.19
396.0	1.9373481425706616	90.636
396.5	2.144299685193381	131.258
397.0	2.516862120556672	100.835
397.5	1.471350522911537	110.842
398.0	2.3802128573794	78.259
398.5	1.9304902082287831	111.219
399.0	1.6328759826163293	161.328
399.5	1.5517980384102321	110.665
400.0	2.4861533276994456	137.774
400.5	1.7658919909865634	220.201
401.0	1.9098707553844474	131.317
401.5	1.2931541521010494	113.309
402.0	2.232301119853222	90.952
402.5	2.0673828293993104	85.629
403.0	1.816932210811708	117.176
403.5	1.57419006657978	141.638
404.0	1.7223761958755137	121.254
404.5	2.427367432880345	201.214
405.0	1.7590359347207858	120.959
405.5	2.1377668561340992	148.73
406.0	1.9553488952607454	110.984
406.5	1.6392201093483987	93.146
407.0	2.1179465292814275	90.606
407.5	2.3010817952429994	105.962
408.0	1.7163134565234452	90.096
408.5	1.8549087388912928	113.1
409.0	1.5542555246082304	107.029
409.5	2.1292184049351692	181.331
410.0	2.348053813466694	79.919
410.5	1.586823712187524	151.225
411.0	1.3037171503238014	153.864
411.5	1.6360748105957905	191.174
412.0	2.188610159856045	181.12
412.5	1.5057903111928894	204.355
413.0	1.7002099235247594	151.402
413.5	2.089928983443501	120.712
414.0	1.9898896101638153	91.104
414.5	2.886990443975968	102.724
415.0	1.2400381489987118	147.881
415.5	1.914296083198539	90.57
416.0	2.2975200265857443	141.097
416.5	1.6646872884762642	110.932
417.0	1.5668650883027417	100.505
417.5	1.570963093269086	160.866
418.0	2.362223985626761	80.61
418.5	1.9615236041348585	90.372
419.0	2.284798908202834	138.746
419.5	2.24666708235723	113.073
420.0	2.03512362908294	106.679
420.5	1.824387914298287	90.159
421.0	1.628987475861964	111.769
421.5	2.2158972965922077	100.504
422.0	2.045756126816852	139.903
422.5	1.7347731244326163	161.098
423.0	1.8766316528920053	120.028
423.5	1.774865322949712	110.965
424.0	1.8141992081603748	161.645
424.5	1.4768173965088252	115.004
425.0	1.5975429947554571	199.725
425.5	1.7572993875729417	100.692
426.0	2.1538765687115555	90.865
426.5	1.4465069383169114	101.288
427.0	1.864354553707655	100.992
427.5	1.8651746454205764	161.416
428.0	2.361042927883449	181.527
428.5	1.8685208203126138	86.342
429.0	2.567761163478708	80.57
429.5	1.862037122863796	114.971
430.0	2.2816965114302246	89.009
430.5	1.4839722130114517	132.96
431.0	2.3040742912633867	120.795
431.5	2.4465695749676986	151.846
432.0	1.5495180745365236	120.802
432.5	1.7176979854484955	90.699
433.0	1.7008343590456727	212.042
433.5	1.5600481541020017	110.647
434.0	2.359446441822434	131.678
434.5	1.212704966117922	111.531
435.0	1.5145815947762895	120.843
435.5	1.9127722543148704	111.596
436.0	1.6349498038340113	131.143
436.5	1.880090634247782	90.317
437.0	1.9352958670408493	120.702
437.5	1.9200415560764719	107.266
438.0	1.8557721547788766	212.843
438.5	1.6294988289194274	113.362
439.0	1.8527337883191648	80.897
439.5	1.8336463956031828	131.317
440.0	2.133562706369264	87.437
440.5	1.7100655065127333	171.777
441.0	1.63950256344379	141.05
441.5	2.484303278629952	160.781
442.0	1.4128835309616614	121.081
442.5	2.4911448599636206	168.943
443.0	1.6525525958812757	171.555
443.5	1.9355159698939375	90.621
444.0	1.7639209296882932	161.918
444.5	1.6647683302954575	130.71
445.0	1.8931770455616304	131.09
445.5	2.5501453424441145	101.061
446.0	1.5217379821148875	87.424
446.5	1.7560425166877036	131.172
447.0	1.8685062881815164	211.421
447.5	1.8474590732308984	107.942
448.0	1.5106443074364677	192.495
448.5	2.198066341598008	174.337
449.0	1.5722397784406397	111.348
449.5	2.135446025926365	100.682
450.0	1.674993738516252	151.524
450.5	1.6211967751213032	100.726
451.0	2.101211402900417	151.176
451.5	2.415398792465253	110.425
452.0	1.3587298663940455	141.295
452.5	2.1909178225181667	171.835
453.0	2.185054424825952	90.665
453.5	2.3783512386946177	130.748
454.0	1.7066645944378729	112.14
454.5	2.5448011057702353	109.837
455.0	1.5440985600670036	121.031
455.5	1.6430463464539475	110.973
456.0	2.389339165336615	119.918
456.5	2.3246483149216646	101.224
457.0	1.8119141299693993	106.616
457.5	1.6697096600802144	90.805
458.0	1.6102528742074813	130.619
458.5	1.7942345980636558	130.99
459.0	2.1035556154646473	110.829
459.5	1.3648289612394124	115.748
460.0	1.9674155477749702	128.283
460.5	2.1882581751212093	161.617
461.0	2.213341558768293	89.993
461.5	1.7113514099512563	83.333
462.0	1.876858652329553	90.668
462.5	2.369395970815924	121.03
463.0	1.9029651994264878	107.113
463.5	1.8793821996640532	101.855
464.0	1.5309625287515423	110.654
464.5	1.6209000482211509	90.349
465.0	1.88713851825301	140.955
465.5	1.826117089080398	121.011
466.0	2.6331034782029907	121.215
466.5	1.9596471911239706	131.424
467.0	2.405905363003378	161.686
467.5	1.3770279240624934	191.678
468.0	1.7506633261126372	110.776
468.5	1.499706240102093	101.184
469.0	2.1996928946643353	141.558
469.5	1.6800082186245808	192.06
470.0	1.7777506964298222	100.565
470.5	1.8057125076546356	110.719
471.0	1.9707285903294798	128.627
471.5	1.3692261717561416	105.567
472.0	1.7492122639289782	171.034
472.5	1.9994647158891126	73.48
473.0	1.8862634595187655	140.962
473.5	1.7632819384223821	82.762
474.0	2.27627261490043	101.02
474.5	2.0938606567566582	108.581
475.0	2.2842138543041477	133.302
475.5	1.6484483235780656	130.978
476.0	1.7904789378881316	181.566
476.5	2.354941384587041	85.341
477.0	2.741460093072549	121.118
477.5	1.524908028818605	133.361
478.0	1.68263749509052	137.088
478.5	2.45209936318118	121.132
479.0	2.21765660404492	210.101
479.5	1.4669798045176696	170.664
480.0	1.5733052912252738	171.51
480.5	1.6031405541265773	145.624
481.0	2.502144710479508	120.934
481.5	1.1141732970459495	131.084
482.0	2.1546926376009123	121.474
482.5	1.4460529356293013	120.736
483.0	2.5069126169426377	190.131
483.5	2.1289829622977208	162.291
484.0	1.6609035290928227	130.923
484.5	1.9714538077928305	125.3
485.0	2.2933212205172766	86.96
485.5	1.6890650078812914	90.618
486.0	1.8185071504130692	119.523
486.5	1.5669935699045245	110.664
487.0	1.6882077745650776	151.176
487.5	1.5848207762035484	90.785
488.0	2.5804239544270513	171.601
488.5	2.0121039610806144	90.831
489.0	1.659379984532024	120.89
489.5	1.4615490786112808	142.115
490.0	1.7123649642962306	110.675
490.5	2.096540155225739	100.868
491.0	1.455640987396346	114.457
491.5	1.6306394609311101	110.768
492.0	2.546493213401293	110.778
492.5	2.038249569067239	202.045
493.0	1.9170416578659326	89.683
493.5	2.4238210936455338	131.346
494.0	2.696335273160399	100.865
494.5	1.4980561290742782	139.901
495.0	1.9913146396292931	146.482
495.5	1.6461614620947287	109.794
496.0	2.18994799798823	83.949
496.5	2.3449460661933332	169.46
497.0	1.6770870645778224	91.203
497.5	1.9326067438051888	90.904
498.0	2.1131383030199355	136.331
498.5	2.6364894012049294	80.211
499.0	1.433733560407671	127.966
499.5	2.4372146130984245	121.4
500.0	1.9043724353113796	97.064
500.5	2.3139521989347256	116.738
501.0	1.3791428966657437	103.155
501.5	2.056836913294816	118.198
502.0	1.8469922436240933	81.2
502.5	1.741722384866808	127.154
503.0	1.368713370334935	91.23
503.5	1.636362527746189	214.839
504.0	1.796992783331262	90.948
504.5	2.3588136549034426	102.783
505.0	1.3296612882964638	88.979
505.5	2.056500027007461	108.974
506.0	1.9509346191451882	102.237
506.5	1.824848231383445	86.093
507.0	1.6755986303518262	79.276
507.5	2.2555831268123367	161.938
508.0	2.3569080525546537	78.356
508.5	1.307473918445424	141.224
509.0	1.7332667178617127	88.457
509.5	1.7897861797195658	82.363
510.0	1.6250897063200573	145.112
510.5	2.0375277939578575	89.758
511.0	1.3995186527063854	100.83
511.5	2.2070307090610397	162.986
512.0	1.798019718681912	110.695
512.5	2.261853472632258	79.372
513.0	2.0228249008241805	181.985
513.5	1.4552616711500033	129.604
514.0	2.2393047920558615	199.741
514.5	1.5983661029511274	171.806
515.0	1.588680460288687	132.439
515.5	1.9466744430192808	145.707
516.0	1.8576654574214293	171.667
516.5	1.4077186821363838	170.047
517.0	2.189680324501695	120.729
517.5	1.9732192308068517	148.343
518.0	1.4699962009512497	131.047
518.5	1.7203925613956055	135.736
519.0	2.5072943053479246	111.529
519.5	1.7480125479467494	84.415
520.0	2.3598525175309746	192.158
520.5	1.4293646933591504	161.294
521.0	2.0803030595498653	128.038
521.5	2.3373169960605393	90.434
522.0	1.6845096866178972	171.138
522.5	2.191147596872218	140.984
523.0	1.7377696619982592	100.572
523.5	2.5292937253713004	109.874
524.0	1.6980549979275212	95.201
524.5	1.166359520283747	141.221
525.0	1.8885875517062285	154.716
525.5	1.822217188024098	130.784
526.0	2.0606471789208043	110.648
526.5	2.0011303137675984	202.264
527.0	2.1937880953372684	130.825
527.5	1.7996156249745259	169.881
528.0	2.2585701858356444	116.268
528.5	1.519384874000374	151.209
529.0	2.4298736723422363	108.782
529.5	1.511539411751668	93.001
530.0	1.5841277230016289	101.063
530.5	1.5033738080112213	140.213
531.0	2.0440413655547203	100.788
531.5	2.269486850014864	118.866
532.0	2.142398417418674	129.657
532.5	2.3170178999676563	181.747
533.0	2.225252520621215	151.66
533.5	1.834370222146628	103.229
534.0	1.925988668962565	141.206
534.5	2.2667583292606284	90.53
535.0	1.6903232652595213	191.586
535.5	1.5245374745816913	110.741
536.0	1.6957224540552114	153.232
536.5	1.9095595017161984	108.689
537.0	2.427422441378855	141.239
537.5	2.345131683120497	105.73
538.0	1.5598155225500925	90.585
538.5	2.4516151304001483	91.99
539.0	2.070747455729021	90.832
539.5	2.4945141841128424	161.877
540.0	1.080635118037696	106.839
540.5	2.051179886268074	182.345
541.0	2.1424287337438193	110.85
541.5	2.361772474341585	75.395
542.0	1.1245293223913908	155.095
542.5	2.2546645417048725	110.838
543.0	1.7700154797103707	110.787
543.5	1.623545710997339	93.294
544.0	2.082079603429991	99.53
544.5	2.1432696779053706	110.744
545.0	2.371136799288029	127.029
545.5	2.0941752029497573	111.015
546.0	1.61890878751621	100.614
546.5	1.963215141821589	102.589
547.0	1.4627360805100336	136.258
547.5	1.5331732562530616	127.503
548.0	2.1876544934813915	81.325
548.5	1.7516022230937898	107.292
549.0	1.8527305139714532	90.654
549.5	2.086741073466857	212.082
550.0	1.6715507801151739	190.149
550.5	1.7437615447468464	141.248
551.0	2.0926312412331476	101.021
551.5	1.8945428841279786	90.401
552.0	1.703889553569175	100.638
552.5	2.297841216603145	100.999
553.0	1.8707468051155824	180.073
553.5	1.6561594744756236	119.993
554.0	1.7805763316319225	172.186
554.5	2.1337041577179705	137.565
555.0	1.6993970163164225	100.848
555.5	1.936309987683353	141.912
556.0	1.6317864839979699	109.718
556.5	1.7622141163447664	90.697
557.0	2.124552837059564	124.359
557.5	1.5521588166388567	101.104
558.0	1.6212016186977363	100.723
558.5	1.9246145442681526	151.429
559.0	1.7408899482423488	101.284
559.5	1.7883043321085537	121.1
560.0	1.7666834984283286	100.868
560.5	2.002543263747559	111.088
561.0	2.2480553204201636	100.837
561.5	1.3169665143701936	130.859
562.0	1.8854925815458101	80.877
562.5	2.386319190383675	151.453
563.0	1.7250557120541365	151.307
563.5	1.7041064507482189	105.033
564.0	2.640390793970065	102.763
564.5	1.8191012986072428	141.236
565.0	1.9107898999274056	115.187
565.5	1.273686971041187	110.885
566.0	2.589344902196251	79.368
566.5	1.6450829656565231	100.538
567.0	1.736732669148502	86.041
567.5	1.6053204132556198	100.661
568.0	2.02117953098475	135.173
568.5	1.8551302346189242	141.995
569.0	1.984178965434836	85.691
569.5	1.8046200746364958	90.709
570.0	1.927762316609344	103.765
570.5	1.9194134803551124	101.11
571.0	1.9918194959537951	131.127
571.5	2.014494572075547	125.909
572.0	1.6235187663294164	131.135
572.5	2.230753690449377	91.172
573.0	1.590971655054639	121.384
573.5	1.8782466462880978	80.553
574.0	2.2661882118126595	111.09
574.5	2.269997082070051	78.786
575.0	1.0340827388875047	164.385
575.5	2.478145169008907	157.854
576.0	1.7896047549850502	111.142
576.5	1.8698996019012566	100.597
577.0	0.9956450573003038	100.808
577.5	1.9569078988736592	91.216
578.0	1.8239607656946197	138.569
578.5	1.9479572703169061	191.645
579.0	1.43387977403306	81.224
579.5	2.517912996831192	191.811
580.0	2.0011553701427363	140.964
580.5	1.8396428281256134	80.659
581.0	1.7192320310837876	132.074
581.5	1.592506823303617	103.408
582.0	2.2916188969300495	143.305
582.5	1.6008977407293488	100.678
583.0	2.0526296719136465	110.853
583.5	1.7077792389925865	231.211
584.0	2.398860673294104	186.911
584.5	1.7810193249723214	109.762
585.0	1.9990280965870335	155.784
585.5	1.823604223590031	162.332
586.0	1.784213466304373	80.832
586.5	1.7472457253939486	100.819
587.0	1.6540158273821457	100.89
587.5	1.7430608644173884	93.873
588.0	2.595449702496664	80.91
588.5	1.2997734763855617	121.101
589.0	1.9570433596172085	107.039
589.5	1.7786510590128377	104.264
590.0	2.3544558914611025	158.335
590.5	1.4576084949774537	191.704
591.0	2.0522257085891007	131.578
591.5	1.6047381868918311	151.578
592.0	1.7160395423819208	111.01
592.5	1.8495400246472433	145.822
593.0	1.4762012342107995	313.27
593.5	1.9602576449984936	121.037
594.0	2.122197734922247	126.569
594.5	1.5181716510050403	120.935
595.0	2.4685518253295227	141.789
595.5	1.9568145785297406	112.919
596.0	2.06765459524292	216.796
596.5	1.517202238303867	88.687
597.0	2.6783481358225214	101.289
597.5	1.4700682053736964	111.388
598.0	2.578660014807607	131.058
598.5	1.4344536120734233	212.013
599.0	1.7636287486251518	110.855
599.5	2.2366334906822667	200.045
600.0	2.364856948836387	106.556
600.5	1.8273225147917613	101.05
601.0	2.365750172653021	110.656
601.5	1.993196666652044	201.973
602.0	1.6842493042850608	121.238
602.5	1.5219475212477551	105.032
603.0	1.3020092679091217	121.023
603.5	2.1042610150232757	120.745
604.0	1.8881410922795265	100.67
604.5	2.2693253252435874	91.766
605.0	2.0863306287570587	104.545
605.5	1.1699669027149904	113.127
606.0	2.781428604813179	151.689
606.5	1.2790917421710335	101.034
607.0	1.65700084007038	90.384
607.5	2.6156492499457915	154.035
608.0	1.7337807213558623	111.035
608.5	1.9563129811023494	131.124
609.0	1.7700289250701209	107.597
609.5	2.092138096419594	111.259
610.0	1.0901327908182648	120.738
610.5	2.6018377530924957	159.743
611.0	2.0865251719150417	150.818
611.5	2.315296181496275	137.658
612.0	2.094600401852664	131.64
612.5	2.1350108986418097	157.174
613.0	1.9992857460743494	110.51
613.5	2.21338411477125	97.215
614.0	1.7321147290133696	82.585
614.5	1.7363730456974333	111.18
615.0	2.3678309756459757	107.558
615.5	1.7152787456387915	110.841
616.0	1.781251361657778	84.923
616.5	2.0335822861047297	88.636
617.0	1.5337867847440445	121.23
617.5	2.1149982817250317	130.846
618.0	2.2433985815790267	80.647
618.5	2.1568364977178613	113.921
619.0	1.5659537967617128	189.307
619.5	1.9900195610204272	139.396
620.0	2.154985072449315	118.478
620.5	2.3774587895417914	130.981
621.0	1.8733648079991732	131.122
621.5	1.539349851325724	131.298
622.0	2.1514241193534724	160.127
622.5	2.3227820047079666	161.74
623.0	2.0481657467917143	120.981
623.5	2.012715134877137	130.855
624.0	1.8324350326397862	86.711
624.5	2.016394624762062	80.755
625.0	2.0262428606445093	131.049
625.5	1.8092188460956087	90.384
626.0	2.4758890269798854	80.648
626.5	2.1801525961459727	109.91
627.0	2.173213549478208	151.472
627.5	1.0061454242362504	100.71
628.0	2.0778631109093606	115.347
628.5	2.402037248812703	130.811
629.0	2.224382473412687	100.679
629.5	2.0463275548907554	108.068
630.0	1.9826988632074556	83.183
630.5	1.7352548719530145	151.885
631.0	2.052967425588768	209.549
631.5	1.4546802433881476	120.989
632.0	2.140511477661954	80.585
632.5	2.0713880223124126	131.072
633.0	1.3510552015669894	130.998
633.5	2.148166914377671	110.85
634.0	1.54827587009635	135.311
634.5	2.3563293629788853	131.073
635.0	1.962003620087677	130.86
635.5	2.345012054546334	161.323
636.0	1.7549470050779727	90.579
636.5	2.236469510107821	90.834
637.0	1.2323268825325435	110.648
637.5	2.2790301420807793	110.912
638.0	1.581742398206235	151.329
638.5	1.9879203124941054	125.943
639.0	1.777893621431074	171.453
639.5	2.2647155822222413	110.694
640.0	2.297838322248622	151.781
640.5	2.3644258380492884	157.092
641.0	1.291825121986744	98.158
641.5	1.6508141691005955	136.728
642.0	2.1563824603353505	100.643
642.5	2.0285475822673136	101.068
643.0	2.1810102460514846	141.252
643.5	1.9692775289820226	120.784
644.0	1.8211210090085577	111.045
644.5	1.663354091536437	85.577
645.0	1.5914053446113783	140.323
645.5	1.6746767611338065	124.277
646.0	2.830604065826079	118.195
646.5	1.6254670497093768	142.808
647.0	2.1317424930837907	171.782
647.5	2.258756645143539	128.572
648.0	1.8275326750144134	135.461
648.5	2.146493432303626	151.556
649.0	1.6592682697653758	124.088
649.5	1.6508978835323178	87.271
650.0	1.84258010690181	110.6
650.5	1.7285469538635387	140.919
651.0	1.9297301427521882	116.649
651.5	2.116368520422729	153.718
652.0	2.197040019698061	130.708
652.5	1.4636089670316288	111.122
653.0	2.697586336789307	185.146
653.5	1.946394986263184	161.279
654.0	2.4191071299102425	122.015
654.5	1.6052419921957737	121.132
655.0	1.6295208026186716	252.409
655.5	2.6944782500549485	141.456
656.0	1.9535641861960713	183.003
656.5	1.304124711236399	181.927
657.0	1.6603742184293018	128.092
657.5	1.9377979030106596	101.114
658.0	2.3958538086027725	76.474
658.5	1.456929933249752	76.422
659.0	1.7008165827658737	102.634
659.5	1.4395342340031316	100.634
660.0	2.2130111388009888	182.11
660.5	1.7053681200824524	222.043
661.0	2.126358744598337	141.035
661.5	1.825864670034394	101.055
662.0	1.5477496248200917	162.009
662.5	1.9784985637291845	130.984
663.0	2.0228987528908022	133.536
663.5	1.6319967673662954	116.125
664.0	2.0810475573215337	121.112
664.5	1.3425292897148864	100.642
665.0	1.9416129932130741	151.602
665.5	2.085693103867785	131.124
666.0	2.1168037323350575	101.351
666.5	1.9092357689460744	116.355
667.0	1.534054213104385	190.057
667.5	1.8639311462594026	121.146
668.0	1.6542478389850617	151.657
668.5	1.8336477360673387	75.815
669.0	1.6134207924711155	109.253
669.5	1.988589300994773	120.897
670.0	1.8611984202299976	106.482
670.5	2.050721406499112	171.305
671.0	1.891880607365345	90.831
671.5	1.7108344555553132	90.682
672.0	2.0218920715325703	120.775
672.5	1.8337296774055272	100.717
673.0	2.2567284707866997	119.112
673.5	1.864637449783078	119.935
674.0	1.32837755921851	87.436
674.5	1.8581854411583203	110.784
675.0	1.584172759591521	131.274
675.5	1.6500382297004628	119.966
676.0	1.0456068331737756	83.992
676.5	1.4795480041566316	100.901
677.0	1.9933994696246906	160.152
677.5	2.288220029465649	127.123
678.0	1.3611504752063113	161.484
678.5	1.688938083396675	110.663
679.0	2.195728332241907	151.663
679.5	1.6204269532536937	191.51
680.0	1.9001104942836013	90.541
680.5	2.495368901490656	100.637
681.0	1.965012625873924	131.258
681.5	0.937982131828834	115.763
682.0	1.467474472733033	170.969
682.5	1.505073631325774	110.824
683.0	1.9031538476153715	129.929
683.5	2.108559587296228	110.929
684.0	2.2137850596294233	90.6
684.5	2.486593711931713	181.854
685.0	1.9966678109527232	110.963
685.5	1.4940363496322382	161.691
686.0	1.485121274641711	90.733
686.5	2.019303667487525	90.814
687.0	1.9300622375840015	100.695
687.5	1.0736277428940249	171.274
688.0	1.584039388953708	131.037
688.5	2.022561182694837	131.129
689.0	1.53968219654496	100.657
689.5	2.425415955704697	111.086
690.0	1.4408144727586554	85.596
690.5	2.1427246783038147	119.573
691.0	1.5565474644758708	110.86
691.5	2.3223317400921006	120.918
692.0	1.8638255020457601	80.465
692.5	2.7744925953987822	135.599
693.0	1.3116893665316571	96.525
693.5	1.6682841880782007	161.301
694.0	1.6703988109154413	145.611
694.5	2.0024311918467306	131.497
695.0	0.7001900380656155	138.084
695.5	1.7780966829992586	171.828
696.0	2.28042631187864	105.866
696.5	1.4286858065888561	151.203
697.0	1.4511689754622616	84.362
697.5	2.2812957933569726	121.491
698.0	1.9064562864708345	117.607
698.5	2.1131991340972984	96.41
699.0	1.5564689908383076	98.191
699.5	1.6458638268560108	100.745
700.0	2.527350329187916	171.484
700.5	1.8304071664505455	161.587
701.0	1.6861360557241474	120.567
701.5	1.6223026612048044	108.987
702.0	2.0092237916066766	114.826
702.5	1.9111397756174715	151.015
703.0	2.353795452958367	88.725
703.5	1.7402776982173667	131.41
704.0	1.867291449956404	182.813
704.5	1.4098343510276927	131.349
705.0	2.6825254585386786	129.86
705.5	1.7357252685529725	104.725
706.0	1.9187107598739408	94.852
706.5	1.7418441426918305	102.936
707.0	2.232611364496472	100.868
707.5	1.813332876812969	130.784
708.0	1.6298782119608726	120.937
708.5	2.033437940553409	108.382
709.0	1.8845265993280216	141.415
709.5	1.4512879699349284	222.205
710.0	2.183851721292536	131.427
710.5	1.276606332238987	94.992
711.0	1.5529933120103954	141.584
711.5	1.6842715503501307	82.212
712.0	2.853648055932503	136.396
712.5	0.8807206442126526	97.153
713.0	2.4506928595187745	104.536
713.5	1.6906731083372761	108.864
714.0	2.529408440266661	120.882
714.5	1.8702740948764696	111.299
715.0	1.192397543435039	171.206
715.5	1.9388115445412684	116.756
716.0	2.5057913991715632	126.367
716.5	1.322789289223314	131.029
717.0	2.4310800383792173	111.025
717.5	2.2713675120951673	128.35
718.0	1.8521128744608213	81.32
718.5	1.4887203087891774	110.827
719.0	2.6269552946438086	158.794
719.5	1.6427486016054984	100.739
720.0	1.3816178804837969	139.745
720.5	1.4036001028265626	164.086
721.0	1.443245491683522	129.836
721.5	1.7977726825813316	131.42
722.0	1.1192359243494876	95.53
722.5	1.0032238289166255	94.205
723.0	1.8752527351715684	150.894
723.5	1.6529291180737662	201.116
724.0	0.8749138609792116	79.798
724.5	1.9645924913318877	80.579
725.0	1.7406883668938202	101.362
725.5	2.2325059631486974	90.565
726.0	1.570860348989653	162.061
726.5	1.8120067008025276	100.091
727.0	1.9488614045491668	100.537
727.5	1.463112891624054	110.74
728.0	3.0170371820822877	92.389
728.5	1.7308379405835417	102.518
729.0	2.6878375966544015	90.488
729.5	2.4162761656665634	110.712
730.0	2.1512162783104767	124.702
730.5	1.674584661231451	188.635
731.0	2.1666779235773777	192.076
731.5	2.522344337731373	157.14
732.0	1.9790113056661387	118.846
732.5	1.375174896741096	90.083
733.0	1.88556090391777	145.653
733.5	1.857739292440478	90.724
734.0	1.5621484451570808	93.626
734.5	1.923484197272394	115.941
735.0	1.357035782070905	139.753
735.5	1.7214327044530136	124.65
736.0	1.7388729961052527	131.053
736.5	1.6431839310560228	117.457
737.0	1.9307386058254012	90.514
737.5	2.3575974698397015	100.852
738.0	1.7500538563867194	171.104
738.5	1.8676382583715234	100.412
739.0	1.3120462642938597	151.407
739.5	1.3950396724477105	161.457
740.0	1.9524879635922998	130.948
740.5	1.6653985916335032	178.612
741.0	1.5048126122745205	100.879
741.5	2.2219639975269017	170.116
742.0	1.5610612540028508	161.101
742.5	1.713868073404449	111.365
743.0	1.2604269265128754	100.871
743.5	1.714518752845503	140.998
744.0	2.5371861473817825	142.855
744.5	1.8520607858778462	120.864
745.0	2.557980827086375	130.914
745.5	1.5108522005117933	151.116
746.0	1.7739616150476891	130.342
746.5	1.9346985397483085	111.535
747.0	1.4185346546210171	100.623
747.5	1.7776209583240612	132.434
748.0	1.91970403182715	151.075
748.5	2.736052884999532	119.978
749.0	1.8947718743135493	202.039
749.5	1.1434110685566203	96.113
750.0	2.4189169096670673	92.049
750.5	2.150371300588979	134.088
751.0	1.2882998461477033	110.926
751.5	1.552504045625772	131.216
752.0	1.5493615294194825	100.895
752.5	1.32747990645082	181.061
753.0	1.7509268125979138	191.76
753.5	1.7177797374220358	82.199
754.0	2.1051169356333763	112.785
754.5	2.1105041722049434	126.928
755.0	1.2669082618387186	110.927
755.5	1.9718034221461593	250.315
756.0	1.5710811255505581	150.943
756.5	1.9744504567241559	110.931
757.0	1.6591866821350514	127.188
757.5	2.2158616470913426	202.176
758.0	1.9365258432324057	100.683
758.5	2.4939413970081428	131.085
759.0	1.6943507222726764	99.427
759.5	1.435055858743357	171.528
760.0	1.6322196175234673	100.742
760.5	2.134621768972795	161.365
761.0	1.816550248225633	90.65
761.5	2.0056827250877345	220.008
762.0	1.6415615938517807	96.234
762.5	1.8672258822691443	168.611
763.0	1.6129273222369385	161.304
763.5	1.9913408448859646	88.649
764.0	1.7557591160119703	122.74
764.5	1.9925796863665874	107.767
765.0	1.836865374203451	131.268
765.5	1.7424514929273232	100.669
766.0	1.854222743900703	125.709
766.5	1.9320412087626477	113.378
767.0	2.047579219629739	121.038
767.5	2.3111170263947947	111.066
768.0	1.549484116670953	110.773
768.5	1.5661015757555634	201.962
769.0	2.1699366468552475	119.085
769.5	2.2430417568570777	101.603
770.0	1.674538258256969	86.845
770.5	1.3586520208599824	181.824
771.0	1.7389991368590194	100.614
771.5	2.151307660402998	131.397
772.0	1.9698331520129682	140.849
772.5	1.5964584666602455	101.481
773.0	2.534160020220093	131.393
773.5	1.6513237109988885	134.005
774.0	2.1777262437062697	158.74
774.5	1.6383209606877536	141.224
775.0	2.0348235222862625	156.728
775.5	2.030652281182137	116.407
776.0	2.445357043865539	110.657
776.5	1.3214900610907252	120.796
777.0	2.3640908617546366	100.689
777.5	1.3278796289743264	111.112
778.0	2.0288158495150825	90.935
778.5	1.6872054355607884	141.218
779.0	1.9987826988736055	94.896
779.5	2.45300377333556	96.715
780.0	1.6473989680569334	211.402
780.5	1.1353683261242702	131.032
781.0	1.8993263624960528	140.858
781.5	2.1533894957410036	161.03
782.0	1.1333825095831518	141.056
782.5	1.289238570472913	181.299
783.0	1.7642838553692521	160.784
783.5	1.814922171142487	100.964
784.0	1.8640129364671987	156.311
784.5	1.6479860388440137	151.171
785.0	1.8572379754293893	151.299
785.5	2.19143472752433	131.129
786.0	1.8406677125893196	151.474
786.5	2.133617107420858	131.152
787.0	1.6978442773281348	90.815
787.5	2.6822271238565416	134.968
788.0	1.0089307044703333	190.393
788.5	2.367925547886122	148.919
789.0	2.1097030376741466	141.021
789.5	2.110139468983906	111.224
790.0	1.8607660032750444	131.31
790.5	1.9220037098868392	130.447
791.0	2.404709926411284	100.72
791.5	2.247623261520275	90.605
792.0	2.4012729753373727	111.367
792.5	1.6417403346425745	191.569
793.0	2.518960085880523	222.051
793.5	1.4911607985695148	177.518
794.0	1.3870145587701128	85.101
794.5	2.2808209042855236	139.81
795.0	2.321637465876035	102.352
795.5	1.4486216831000962	146.975
796.0	2.0892010719454337	151.575
796.5	1.8733561665975598	121.126
797.0	2.018463796113922	112.443
797.5	1.8982399009614193	114.28
798.0	1.3746502896640354	130.777
798.5	1.631519553253763	121.368
799.0	1.8015326857492124	139.241
799.5	1.6693474942874524	141.113
800.0	1.9806611523941906	131.251
800.5	2.4015627435302385	121.618
801.0	2.0044939278384946	180.136
801.5	1.3433443210442106	138.892
802.0	2.286569466195994	131.277
802.5	1.9700012362260568	109.472
803.0	1.9690294111345246	131.452
803.5	1.9344746728748052	96.053
804.0	2.2251783992604914	120.746
804.5	2.345762024089257	86.795
805.0	2.42033788591973	122.321
805.5	1.234834699677959	161.316
806.0	2.1004496924321256	90.507
806.5	2.0419468685057	91.662
807.0	2.310688804523745	151.202
807.5	1.0645768715593742	131.258
808.0	1.8160134178459224	91.015
808.5	2.5354663304569804	201.848
809.0	2.3855079735897076	116.914
809.5	1.3970031585722702	85.17
810.0	1.966189511454138	100.641
810.5	1.9712896575575147	113.478
811.0	1.764829989991495	122.788
811.5	1.4401076774625938	91.063
812.0	2.542716697466261	131.382
812.5	1.8617896030282848	121.032
813.0	2.080462216333083	117.533
813.5	1.3875328452676685	151.716
814.0	2.5194403704087973	151.424
814.5	1.8364968179976902	118.766
815.0	1.74043731420509	101.885
815.5	1.9410963706981317	121.357
816.0	2.199620778697659	80.845
816.5	2.203976060373304	94.644
817.0	1.841864073296492	130.977
817.5	2.263523992038035	121.208
818.0	2.0957541150935697	84.008
818.5	1.9828195198537515	186.044
819.0	1.4667637421273572	144.051
819.5	2.000814234602852	191.837
820.0	2.6190269438148968	121.226
820.5	1.3948638539679756	103.849
821.0	2.132620487959031	151.578
821.5	2.253109452627022	110.671
822.0	1.9405605849160001	100.827
822.5	2.1479653959709286	98.37
823.0	1.4592241086159032	152.825
823.5	2.5084359030711663	191.645
824.0	1.5961360796069362	130.752
824.5	1.168173170132353	100.697
825.0	1.9611395682638317	171.383
825.5	1.8534992944250568	90.631
826.0	2.374614790777231	155.077
826.5	2.1839945445158095	122.307
827.0	2.0662457632453326	85.533
827.5	2.1569334451579323	110.794
828.0	2.668717480866976	140.173
828.5	1.449185758614096	161.102
829.0	1.9509386884247946	129.951
829.5	2.135962645927104	151.279
830.0	1.8226285310272483	90.585
830.5	2.088864336180231	113.277
831.0	2.074566661938897	168.784
831.5	2.097865628767262	191.198
832.0	1.4700128204373117	113.659
832.5	2.544782985244106	181.607
833.0	1.8223729684037668	102.404
833.5	1.7848121881308299	171.619
834.0	1.2091250866505694	126.439
834.5	2.1809164512840593	83.069
835.0	1.8976335205825927	185.342
835.5	2.2685423683146806	151.101
836.0	1.9998295400709367	100.775
836.5	2.119045105165402	141.768
837.0	1.8269309779142133	166.199
837.5	2.6504619859295757	131.295
838.0	1.5571252663719166	171.718
838.5	1.8688467463551808	151.021
839.0	2.305370198352671	120.899
839.5	2.3415068542185717	114.838
840.0	1.5237748388102177	80.854
840.5	1.8384432523361283	123.718
841.0	1.7174559163821002	153.927
841.5	2.1922217733581304	102.242
842.0	1.391522707682229	116.767
842.5	1.7457635309988246	130.197
843.0	2.631143488902976	91.174
843.5	1.6604585057338443	149.055
844.0	1.2037098605941432	122.844
844.5	1.735062826084705	199.048
845.0	2.1568305808850416	100.576
845.5	2.092459730467357	151.305
846.0	1.694294582864324	119.815
846.5	2.3737696141354356	113.071
847.0	2.2371618270106883	141.516
847.5	2.0221244258829447	151.149
848.0	2.002504706691143	131.054
848.5	1.5553540397104144	100.989
849.0	2.243747974315671	100.621
849.5	1.5812641391984585	86.153
850.0	2.072373966700925	87.09
850.5	1.832330546433796	150.961
851.0	2.0801404443026414	155.019
851.5	1.6349820567058442	131.12
852.0	2.4265392459726307	110.868
852.5	2.016816749548272	90.512
853.0	1.9901793764910172	172.173
853.5	1.5688370288587534	110.736
854.0	2.203647048093632	122.902
854.5	2.3284115431463337	90.705
855.0	2.272996084121573	131.427
855.5	1.0512197736936149	100.913
856.0	1.6929008102532512	104.005
856.5	2.305539292366793	96.444
857.0	2.022774061354212	160.491
857.5	1.4056206494741885	159.758
858.0	2.1490304152697792	90.646
858.5	1.9430902642703392	121.024
859.0	1.5517465388327387	97.716
859.5	2.101345075347534	82.187
860.0	2.0877482926664745	147.107
860.5	2.1552829894117354	112.162
861.0	1.5255851944701335	111.082
861.5	1.7889021468978694	131.062
862.0	1.8994791708760979	90.956
862.5	2.440659506741914	110.922
863.0	2.100015399740714	171.753
863.5	1.4137930432401156	82.065
864.0	1.7461571006577388	91.053
864.5	2.067925844646573	110.851
865.0	1.9606637733927739	100.897
865.5	1.7213352876602663	90.779
866.0	2.3149674240436506	199.993
866.5	1.632388745098989	141.121
867.0	1.3815581797890895	111.37
867.5	1.8243905349258032	201.731
868.0	1.2656404403897599	151.002
868.5	1.737479680586989	109.091
869.0	1.2442857312161137	108.389
869.5	2.0985792220021264	144.375
870.0	2.1747218353376763	107.711
870.5	1.9315964803637193	107.514
871.0	1.805524557802855	100.846
871.5	1.894058690267966	120.889
872.0	1.9665997705291833	110.483
872.5	2.7400514702776224	182.38
873.0	1.5865068552612416	100.863
873.5	1.7772676435531107	151.877
874.0	2.3470195404240872	120.833
874.5	2.261890577179971	72.937
875.0	1.4278809842672127	83.031
875.5	1.8258292396947082	262.133
876.0	1.8791112618921337	131.039
876.5	2.0756910366620374	90.601
877.0	1.5609311894407418	121.208
877.5	1.6215574440742109	136.968
878.0	1.811749060837821	180.071
878.5	1.5787230685835758	135.151
879.0	1.9178009121075992	213.034
879.5	2.268693397440928	120.691
880.0	1.533086267256371	139.027
880.5	1.8145844885652285	82.644
881.0	1.4536947312241617	141.026
881.5	1.8742203450358093	157.572
882.0	2.1584136064039203	90.765
882.5	1.6164698433695903	151.687
883.0	1.6842147833558907	120.768
883.5	1.7046690829873574	86.911
884.0	2.409569842666014	111.645
884.5	0.8576305678409429	101.007
885.0	2.138469607486719	126.119
885.5	1.686848427451618	110.273
886.0	2.001806215620154	218.459
886.5	1.519825310923377	99.123
887.0	2.204214040252142	86.246
887.5	1.8863527501273523	142.215
888.0	2.0418633217139464	100.713
888.5	1.614748427099662	158.235
889.0	2.2835369104465673	171.152
889.5	1.8670204363300285	163.946
890.0	2.083646108359715	201.892
890.5	1.4062441624339344	110.834
891.0	1.9644178375489385	139.89
891.5	2.352298769558066	90.656
892.0	2.213257195769268	131.097
892.5	1.750635579605487	100.842
893.0	1.627086906310605	131.431
893.5	1.810572719989275	147.511
894.0	1.4692005712033365	101.51
894.5	2.1387634982370876	166.944
895.0	2.352645199746169	101.155
895.5	1.9105231914629863	151.169
896.0	1.5578301361805784	84.951
896.5	2.0696519186357425	101.938
897.0	1.5128348905036275	73.277
897.5	2.2279360734666653	111.097
898.0	2.2274152656146233	114.788
898.5	1.9395385079642158	161.154
899.0	2.161171443105554	90.89
899.5	1.9024896710329544	95.49
900.0	1.6860269046182166	89.877
900.5	1.9629399919130388	163.996
901.0	2.55109210160201	146.136
901.5	1.6611684953247796	120.951
902.0	1.791182324378782	105.454
902.5	2.3554481829089626	90.554
903.0	2.607595144375894	151.079
903.5	2.1043459995798304	138.673
904.0	1.5786251247524208	111.35
904.5	1.9208406115710481	146.429
905.0	1.743752661225074	110.659
905.5	1.9768263932793055	150.217
906.0	2.0021316485780547	129.647
906.5	1.782233354145002	131.015
907.0	2.181141610778225	130.146
907.5	1.8249478940853046	111.167
908.0	1.8924307867184145	90.545
908.5	1.8329306188524699	171.301
909.0	1.7045042879305519	161.403
909.5	1.8484035174858386	140.393
910.0	1.8923552012660836	211.761
910.5	1.7978559842159725	113.469
911.0	2.3002950945155782	83.897
911.5	1.4833992824934157	90.763
912.0	2.3151939147238685	91.084
912.5	1.7779686045054341	139.779
913.0	1.8125717410225268	100.852
913.5	1.7829469562434388	121.179
914.0	1.792104004198321	161.632
914.5	2.1381073414340936	141.1
915.0	1.7009889743489495	212.037
915.5	1.8356905347557564	141.106
916.0	1.7052870479356934	111.117
916.5	2.334548366861091	146.379
917.0	1.8538188702456029	207.085
917.5	1.7093585896860153	174.837
918.0	2.0743102780688476	120.843
918.5	2.027317579400435	111.643
919.0	1.9725184555226578	191.745
919.5	2.2747749277256046	141.005
920.0	2.055950313807451	101.04
920.5	2.04433866688244	202.009
921.0	1.3231377733324743	181.488
921.5	1.6874929888061185	130.797
922.0	2.624434036700827	141.256
922.5	1.752853316979135	141.404
923.0	1.916106903006302	154.565
923.5	1.0833983843352544	87.413
924.0	1.4648720372658808	111.937
924.5	1.6769600348136033	126.602
925.0	2.719074116847227	140.911
925.5	1.2230016569940159	110.585
926.0	1.9689070074242634	161.21
926.5	1.2766158680149366	151.872
927.0	2.144303867472789	104.943
927.5	1.4489184533093404	112.976
928.0	1.9799269916898785	171.601
928.5	2.0650443448068567	101.243
929.0	1.5180891338050284	90.478
929.5	2.04376706450697	101.183
930.0	1.9267499833189214	202.151
930.5	1.6255565032206154	131.305
931.0	1.6766308725225691	121.137
931.5	1.7613367098074453	110.723
932.0	1.7957351473795475	98.375
932.5	2.0453797357821797	191.209
933.0	2.2105455347124363	114.439
933.5	2.2903098445771315	151.519
934.0	1.3634222334697983	120.93
934.5	2.2045047098277832	191.719
935.0	1.60671332228336	161.069
935.5	1.7978558155659574	90.801
936.0	1.820114532989595	100.832
936.5	1.6519347777099476	92.609
937.0	1.593558592866342	111.1
937.5	2.181151300648428	142.209
938.0	1.4448731373108679	94.452
938.5	2.652426456210077	90.391
939.0	1.0381597373726252	94.478
939.5	2.2192169968696756	219.482
940.0	1.7713877160482214	84.0
940.5	1.8697766780479128	90.279
941.0	1.4701206133992528	161.032
941.5	1.8203776830550886	91.363
942.0	1.7924321525248876	110.646
942.5	2.359590096949989	131.005
943.0	1.4652001921170228	100.931
943.5	1.7240954433050266	171.686
944.0	2.0156129841893433	111.838
944.5	1.6207529852666493	90.715
945.0	1.4931761887942805	151.116
945.5	2.2065458069349684	128.47
946.0	2.328569047042804	120.968
946.5	2.040689704961449	73.21
947.0	2.149729952818985	101.187
947.5	2.1213065998894414	90.675
948.0	1.8807693793517188	85.665
948.5	2.031708561744575	133.487
949.0	2.0483967563030214	184.447
949.5	2.2117410409609435	110.859
950.0	1.5656728381920222	100.742
950.5	1.700680234195648	106.347
951.0	2.3592843816632008	99.893
951.5	2.276244854070287	72.751
952.0	2.0134130386488627	121.064
952.5	1.7773862561985303	149.604
953.0	1.331010391696591	140.981
953.5	2.014474635287586	81.24
954.0	1.8632476240144533	91.036
954.5	1.215225153810858	157.247
955.0	2.4051865287894505	111.596
955.5	2.445919434015843	171.377
956.0	1.9359676070571927	114.776
956.5	1.9177671743550022	131.734
957.0	1.9570699926637505	87.236
957.5	1.8758414794888163	161.746
958.0	1.9316559603357302	161.184
958.5	1.6719139611039464	87.454
959.0	1.8591981593566025	121.085
959.5	1.8126688116383347	96.985
960.0	2.229086970349012	86.165
960.5	1.5438003820253994	141.286
961.0	1.7728312961576964	117.507
961.5	1.9035662260526427	131.152
962.0	1.7781440673902194	120.588
962.5	1.9116171759718446	150.308
963.0	1.8838845130160664	89.028
963.5	1.7006217347378065	140.78
964.0	2.2067497536755614	111.061
964.5	1.4320326882275358	161.502
965.0	1.5291271022491209	151.581
965.5	1.5987432429351824	111.076
966.0	2.5407926548446924	91.072
966.5	1.6666788670978105	90.63
967.0	2.0752943798651904	110.762
967.5	2.3981809804686818	133.707
968.0	2.12254062707781	111.343
968.5	1.5840018994080407	101.449
969.0	2.0125186036620035	100.954
969.5	1.385241907946711	120.892
970.0	1.423627790701802	111.366
970.5	1.8177507288719548	129.207
971.0	1.7741597726118508	181.305
971.5	2.195993655527973	145.245
972.0	1.57100768401915	91.176
972.5	1.5345169317661431	150.928
973.0	1.8570865176232199	110.526
973.5	2.2686040679596378	119.765
974.0	1.3150590110348426	145.503
974.5	1.604280269783613	131.928
975.0	1.812308545203621	189.127
975.5	1.949580114096329	111.117
976.0	1.3636017529361388	151.215
976.5	1.7492675655515793	150.065
977.0	2.1548198383206327	181.898
977.5	1.73970303295322	105.673
978.0	1.3992617460865875	131.168
978.5	1.8451042764899501	80.66
979.0	1.3850059535925716	141.103
979.5	1.992563767131415	139.474
980.0	1.6940895908941815	113.803
980.5	1.6398381125715604	100.846
981.0	1.8935677887312952	111.161
981.5	1.6119367900234793	120.519
982.0	1.2116060003230342	137.941
982.5	2.2444452163585633	186.891
983.0	1.7560209893535654	139.968
983.5	1.7569504071170687	100.642
984.0	1.3283376583746322	131.023
984.5	1.8257744177750506	108.483
985.0	2.1130614879554357	130.914
985.5	1.7366333222414045	85.049
986.0	2.349343050412201	141.423
986.5	2.034726236038113	161.191
987.0	2.450212094311939	87.026
987.5	2.0134290637142964	112.089
988.0	1.6806219610287167	116.381
988.5	2.363993249273576	161.406
989.0	1.5330471705266933	141.197
989.5	1.4542920945283422	128.595
990.0	1.557916643077345	143.339
990.5	2.203937144510538	140.986
991.0	2.2679186246934977	120.79
991.5	2.062794567489474	131.237
992.0	1.4886499726164393	213.933
992.5	2.090873832095406	139.85
993.0	2.559612292151171	86.818
993.5	1.5540320803175458	101.209
994.0	1.7586032237453115	123.04
994.5	1.5730107532492303	116.678
995.0	1.831374166327314	191.396
995.5	1.7494895120248661	154.881
996.0	1.7310225215323045	198.863
996.5	2.3982015208355034	91.554
997.0	1.983057617602433	104.729
997.5	1.6639907844901611	95.412
998.0	1.8667433017466315	129.78
998.5	2.358161109568963	126.756
999.0	2.1441436893051264	131.196
999.5	2.2470933354080143	90.898
1000.0	1.62465096628517	111.298
