0.5	1.8148893826557342	72.598
1.0	2.045398591444295	70.447
1.5	2.514304545830213	120.981
2.0	1.898246129304162	60.68
2.5	1.6740161465223544	40.251
3.0	1.4904513479068506	76.033
3.5	1.7078443919041968	132.004
4.0	1.4188112447504069	136.813
4.5	2.1054774798421274	75.02
5.0	2.6069731228755932	60.679
5.5	2.016397983178921	20.07
6.0	2.011274652162823	80.502
6.5	2.6166978071380576	93.577
7.0	2.2208838973123544	40.156
7.5	1.7527781327660787	120.991
8.0	1.8811959640514027	120.739
8.5	1.385856480228052	80.238
9.0	2.041045983359557	52.786
9.5	1.8170952803281797	70.432
10.0	1.8510076561195286	75.777
10.5	1.9342498704309612	60.489
11.0	1.5185434045699975	60.467
11.5	1.7207135384082473	100.407
12.0	1.4260632732335117	100.66
12.5	2.2748831799719187	110.764
13.0	2.6122967991383157	60.586
13.5	1.622102288154475	60.375
14.0	1.8402073248143884	41.376
14.5	2.1710621551257554	42.627
15.0	2.335518133205548	41.143
15.5	1.8084395939349054	70.631
16.0	2.075180892766112	90.796
16.5	1.634298144906136	73.701
17.0	1.8240667961778354	80.632
17.5	2.3317150005465863	70.431
18.0	2.225193052989206	70.482
18.5	1.4009595444350877	58.556
19.0	1.4917333322413429	31.444
19.5	1.5694988658293476	77.464
20.0	1.4419901001253903	19.478
20.5	1.720869718795903	72.999
21.0	1.8277243506344503	66.671
21.5	1.9591748297844034	107.175
22.0	1.6403539329180317	120.731
22.5	2.143298906549621	124.753
23.0	2.090736693486214	70.557
23.5	1.6542919292827296	191.517
24.0	2.0376965618352147	120.899
24.5	1.5129056659862636	120.769
25.0	1.8864156049290892	120.798
25.5	2.2101938916605897	50.322
26.0	2.0391216989838985	50.312
26.5	2.0677565227115307	70.361
27.0	1.7330826077146153	20.971
27.5	1.5021014976231233	103.247
28.0	1.4659048275797073	94.46
28.5	1.4655168866517845	60.482
29.0	1.766163293390679	62.799
29.5	2.163178035545099	70.277
30.0	1.9936455622245797	26.093
30.5	2.0129432374947687	121.479
31.0	1.87500319523179	98.5
31.5	1.6057873611405749	131.198
32.0	1.7309011804410952	70.77
32.5	2.3169910532277234	60.531
33.0	2.4776702110737427	80.522
33.5	2.2011986390972655	80.526
34.0	1.9194418645938496	23.6
34.5	1.9275868215235044	121.037
35.0	1.7503006556575733	161.412
35.5	1.9607135261808661	80.463
36.0	1.9238421638131011	86.227
36.5	2.432956979422956	80.216
37.0	2.141073894214499	80.856
37.5	2.168267397733622	30.139
38.0	1.9436554328207796	82.001
38.5	1.8852488047937492	80.774
39.0	2.0357324714662117	80.805
39.5	1.8541669309807023	90.5
40.0	1.959400903784851	32.13
40.5	1.511492587659217	79.988
41.0	2.0899766759885594	70.529
41.5	1.9728639868127753	87.481
42.0	1.6568962390986122	43.402
42.5	2.059565820313792	31.471
43.0	2.1748451616766786	25.098
43.5	1.7066888493151922	18.891
44.0	1.6592351349504535	100.775
44.5	2.104226968276311	100.153
45.0	2.001134318102862	88.824
45.5	1.563909648512108	110.721
46.0	1.5258966638654337	110.757
46.5	1.655057470716086	181.612
47.0	1.6107228479948164	80.91
47.5	2.1250473692304976	21.319
48.0	1.7073585139313787	88.902
48.5	1.8114707091319187	130.804
49.0	1.7021510845761008	28.99
49.5	2.341116476269781	70.316
50.0	2.3879482466577064	70.442
50.5	1.808771339355564	80.788
51.0	2.382862691426287	50.243
51.5	1.8571192177968672	31.867
52.0	1.4936549693210004	34.115
52.5	1.9556926816986153	80.444
53.0	1.6126080510166576	80.371
53.5	2.2167050737809193	100.657
54.0	2.0957083507942276	100.635
54.5	1.7972402982118307	85.828
55.0	1.4736076724503837	50.361
55.5	1.825427395340246	37.111
56.0	1.5767167658190842	39.352
56.5	1.8991871826566027	77.024
57.0	1.87013629470812	240.977
57.5	1.7618917026760497	60.528
58.0	1.9947814365502217	80.697
58.5	2.22098730095605	70.618
59.0	1.6028958058816298	27.69
59.5	1.8536688535211552	80.59
60.0	2.0391757420285255	60.478
60.5	1.9815969804000477	31.617
61.0	2.084641838079563	120.922
61.5	2.1195761703768223	50.527
62.0	2.182894709411049	34.452
62.5	2.017264751148809	60.88
63.0	2.3359479851278597	72.346
63.5	1.377688409273448	80.617
64.0	1.3563192478127641	151.326
64.5	2.5002402326974127	92.918
65.0	2.216310413146675	111.003
65.5	1.6199369948491056	131.018
66.0	1.7681769795853493	130.997
66.5	1.878453013413187	80.579
67.0	1.8667999001364715	80.46
67.5	2.2286415457849316	19.818
68.0	2.334989820807258	80.419
68.5	2.0587775073218335	21.783
69.0	1.9220341399645575	115.898
69.5	2.2514481685475958	100.883
70.0	2.355186002902444	100.852
70.5	1.5726829173772638	100.498
71.0	1.5648741221017592	100.571
71.5	2.293459363593271	80.716
72.0	2.543756653007739	81.234
72.5	1.8934469730956278	60.449
73.0	2.040512623643524	110.718
73.5	2.417551956517449	178.866
74.0	2.071862182209714	100.539
74.5	2.904098313656481	141.478
75.0	1.447823265074009	80.472
75.5	1.8754250359154176	131.145
76.0	1.5423881721499317	131.148
76.5	1.5817506680593296	80.983
77.0	1.9588236275067954	80.672
77.5	2.234328734756232	95.62
78.0	1.8606716777579462	84.182
78.5	1.7958224366800524	111.081
79.0	1.949437771958395	56.089
79.5	1.8094462472909214	106.725
80.0	1.6921252707057213	22.725
80.5	1.9433848594924328	123.769
81.0	1.5728362436397276	210.03
81.5	2.023238256978423	80.625
82.0	2.372638501607504	161.156
82.5	1.3569818443955526	262.92
83.0	1.8765632863145196	60.561
83.5	1.411708060467251	80.634
84.0	2.0088006783111534	60.538
84.5	2.022656006565156	92.24
85.0	2.3594028003795757	100.624
85.5	1.9000224786609075	70.76
86.0	1.6535164106408438	56.716
86.5	1.7970703048471024	15.819
87.0	1.5951377081030147	46.577
87.5	1.9531506813187762	120.568
88.0	1.795571223358085	100.788
88.5	1.7733224603713493	20.128
89.0	1.7071668785374061	80.335
89.5	2.496684798266068	60.224
90.0	2.3900017944669085	60.335
90.5	2.195013691801379	60.464
91.0	2.199524873227272	60.477
91.5	1.4964668759230495	259.358
92.0	2.188664753547721	80.502
92.5	2.3320400114433215	60.92
93.0	2.349433429547729	43.057
93.5	1.182199215177518	100.746
94.0	1.1724011319477268	100.84
94.5	1.9958058219288224	44.036
95.0	2.503987785913899	20.186
95.5	2.1137943355374547	19.479
96.0	1.5830203611554279	60.314
96.5	2.5466297496967285	20.155
97.0	1.801088589600089	40.563
97.5	1.3827516276893277	50.353
98.0	1.5984133010645656	130.913
98.5	2.2311671994587634	110.948
99.0	1.8447942371702135	121.075
99.5	1.751840558932957	171.405
100.0	2.2169206764862164	110.584
100.5	1.9116712522037862	161.403
101.0	2.313961623275816	20.712
101.5	1.9798247561152267	565.761
102.0	1.2673562127489646	100.833
102.5	1.7232809878616908	34.18
103.0	1.7644113127898167	31.007
103.5	2.585891592147264	26.093
104.0	1.9726773024345916	80.674
104.5	1.281093756669874	130.975
105.0	1.6635001006421668	80.008
105.5	2.12016874102535	110.65
106.0	2.0496975875089833	70.782
106.5	1.9933032118358835	161.482
107.0	1.7981142451183492	80.635
107.5	1.5364599406253343	120.843
108.0	1.3051554312121274	72.399
108.5	2.2491911858765947	80.671
109.0	1.8551408477895397	39.116
109.5	1.286528188466215	128.39
110.0	1.6625324430886759	130.98
110.5	2.244458542048292	70.483
111.0	2.009863667093492	83.715
111.5	1.8465927925681784	130.941
112.0	1.664196574112503	130.92
112.5	2.375363767899534	19.819
113.0	2.119638446010488	42.756
113.5	1.5197716280733335	76.702
114.0	1.502060945900526	50.503
114.5	1.4290090467436602	99.19
115.0	1.6408929583843936	141.348
115.5	2.27975524069651	13.534
116.0	2.5310582986083334	19.591
116.5	2.1607920587309217	236.605
117.0	2.2127518654844915	60.426
117.5	1.8002553938360308	30.141
118.0	1.9267668466655063	30.136
118.5	1.7359144594241087	80.598
119.0	1.582766470312423	80.524
119.5	1.921381881853046	60.803
120.0	2.186720847185678	50.225
120.5	2.2301805984981873	60.428
121.0	1.9717098393254344	39.429
121.5	1.847814301317323	80.462
122.0	2.1549803984601157	20.155
122.5	1.5466053956509869	120.859
123.0	1.6425348086405627	120.874
123.5	2.1498008074646817	107.926
124.0	2.198311607308911	50.231
124.5	1.4788294139635902	110.793
125.0	1.6769826028284016	21.966
125.5	2.2803776111242353	29.447
126.0	2.020387112949575	90.39
126.5	2.1443281858713097	111.245
127.0	2.4167807261427474	171.687
127.5	1.489689155081528	19.836
128.0	1.676791145843091	100.515
128.5	1.5763129679576622	70.387
129.0	1.5189023541325224	32.162
129.5	2.4335233668150686	20.433
130.0	1.9584138269037248	80.786
130.5	1.498665531796232	70.276
131.0	1.5558143633943398	85.066
131.5	2.1166785687286533	100.63
132.0	1.6530679525805974	151.74
132.5	2.4032319567619322	104.811
133.0	1.2587205439184324	104.47
133.5	1.76135529242616	67.774
134.0	1.8146668714112815	130.941
134.5	2.415573153805533	7.674
135.0	2.2799271014206255	80.429
135.5	2.0079160992500875	18.071
136.0	2.635636776959042	141.55
136.5	1.1928737905162232	110.81
137.0	1.1176391709835671	46.226
137.5	2.4672683860130693	20.343
138.0	2.0311722343214877	41.492
138.5	2.5374889267353966	19.184
139.0	2.065857716118075	50.446
139.5	1.7003952058707277	131.093
140.0	2.2349282510101465	35.376
140.5	2.136323868863019	60.644
141.0	2.024758841209446	20.102
141.5	1.6981089060723782	31.868
142.0	1.4873833511270644	70.547
142.5	1.9308138837817541	34.967
143.0	2.041650032719534	26.53
143.5	2.466095302416557	21.967
144.0	2.238491642758525	80.657
144.5	1.822961175455981	131.031
145.0	1.807231828117556	80.624
145.5	2.408492045422764	84.828
146.0	2.045554523928294	130.19
146.5	2.215264399060629	139.131
147.0	2.3502425814705403	44.167
147.5	1.7544808463603623	110.889
148.0	1.8648080297275944	110.945
148.5	2.1683458787373717	161.306
149.0	1.68993883191177	100.447
149.5	2.2140856007442524	80.972
150.0	1.8416459843973905	20.179
150.5	1.5749153380613587	120.854
151.0	1.377156538650919	274.182
151.5	1.7826352336394538	183.117
152.0	1.6427311344429503	20.152
152.5	2.4632927456754232	81.378
153.0	2.54341831202309	50.38
153.5	2.2283611671747057	120.81
154.0	2.19637775040658	234.657
154.5	2.1284853700402837	151.347
155.0	1.5416836162554841	80.514
155.5	1.9082017504071365	40.18
156.0	2.162519669406671	39.944
156.5	1.5926439819824498	312.646
157.0	1.5121800016458227	101.639
157.5	1.7195643404209262	40.244
158.0	1.5694097868362709	60.422
158.5	2.4271978777498906	11.36
159.0	2.6453213053315565	50.236
159.5	1.2951664097831777	130.884
160.0	1.5635401964605367	90.705
160.5	1.976097782610215	90.425
161.0	2.3653161401861156	20.144
161.5	2.294437548850297	17.302
162.0	2.0286768214775988	21.126
162.5	1.5639172118077782	60.457
163.0	1.394156097775558	100.599
163.5	1.6068298823721072	90.539
164.0	1.4190786431253997	201.04
164.5	1.8235458860106306	60.447
165.0	1.989815271396317	61.542
165.5	2.149813337892828	60.389
166.0	1.7520865880711538	29.469
166.5	1.9291752308419583	80.451
167.0	1.7814267969052078	120.263
167.5	1.579821123622668	100.667
168.0	1.364123949930882	100.555
168.5	2.865765538681403	67.866
169.0	2.105520735557812	76.037
169.5	1.9440131881933242	90.616
170.0	1.547080176717452	19.76
170.5	1.7659210990042324	90.568
171.0	2.0970698012022146	20.124
171.5	1.5916882121165037	60.379
172.0	1.822890313491664	60.389
172.5	1.941432337929674	50.477
173.0	1.9186399634495295	50.433
173.5	2.3073131120839268	192.029
174.0	1.7224342925697766	70.44
174.5	2.2508727493821206	70.791
175.0	1.8226217306640533	22.049
175.5	1.2827863027396185	60.57
176.0	1.4472132191814495	28.778
176.5	1.809653100659699	20.836
177.0	2.1800915798018647	31.443
177.5	2.0950808980915037	40.314
178.0	2.130196073291156	110.671
178.5	1.9182963893412643	10.68
179.0	1.5405292185591104	70.475
179.5	2.299455821326896	60.427
180.0	2.3047670538849787	25.086
180.5	2.1389176726998382	40.383
181.0	2.2374886322754466	60.552
181.5	1.846238908564178	99.206
182.0	1.8128240409478265	24.171
182.5	1.1247634675405012	130.87
183.0	1.1630601142614414	63.482
183.5	1.6613226657243383	19.792
184.0	1.7783247137821492	70.409
184.5	2.371356132413987	17.464
185.0	1.6487718581532067	130.675
185.5	1.979734943715671	141.098
186.0	1.878157291966147	21.171
186.5	2.0573284622969408	162.293
187.0	1.7548751019791673	57.81
187.5	2.3833332992299154	60.297
188.0	1.7336698771245995	60.18
188.5	1.3020716464371163	90.548
189.0	1.4653766477997185	90.663
189.5	2.8281183006559476	222.183
190.0	2.3930471791737804	70.583
190.5	2.1878508888286947	60.526
191.0	1.5507340506531881	110.702
191.5	1.915031688249372	51.207
192.0	2.0366000769681474	80.35
192.5	1.8109399531172912	18.141
193.0	1.8961754289908368	60.94
193.5	1.7448311075435952	31.165
194.0	2.19348047205174	70.491
194.5	2.014523567044102	50.207
195.0	1.6428641359148304	50.174
195.5	1.8697309216073312	131.03
196.0	1.626289987903583	116.304
196.5	2.0638240284627956	80.543
197.0	1.7646599726240526	80.553
197.5	2.400386919279494	120.792
198.0	2.447650978447694	20.036
198.5	1.370339215892141	90.484
199.0	1.6325911668346331	90.463
199.5	1.7820697076060228	95.055
200.0	2.0317797503346444	100.217
200.5	1.7138598023554017	130.751
201.0	2.055197147073126	40.288
201.5	2.7548565424351463	21.929
202.0	2.522611267445688	232.886
202.5	1.5456320394813796	18.767
203.0	1.2864106737668481	106.17
203.5	2.0175536252136173	141.394
204.0	1.7488357185053758	62.357
204.5	2.2105467604098235	89.472
205.0	2.3585210057479404	79.549
205.5	1.9753249901552736	201.457
206.0	2.3173790150689717	41.375
206.5	1.6038200816834602	33.837
207.0	1.4097778036558797	50.252
207.5	1.7634905536992698	62.925
208.0	2.2085957054970913	70.109
208.5	1.952179251057761	70.418
209.0	1.6130591737706874	70.37
209.5	2.7446221012272902	80.759
210.0	2.7161770633957123	44.113
210.5	1.5419490558704405	60.491
211.0	1.5585409132556032	110.656
211.5	1.7448685265098653	70.25
212.0	2.365560510705677	70.197
212.5	1.9376553327639494	141.732
213.0	1.8843669817648032	84.09
213.5	1.6721037077802574	110.76
214.0	2.0968553742817697	110.784
214.5	1.616064161018698	50.326
215.0	1.544294225593915	50.306
215.5	2.1462628466391225	80.914
216.0	1.9818996288637458	61.647
216.5	2.0481955069373936	31.101
217.0	1.686305689709776	80.558
217.5	2.612174780901618	50.44
218.0	1.9584870913852017	50.462
218.5	1.186795164437547	19.119
219.0	1.145798257741765	23.12
219.5	1.932005081673886	86.034
220.0	1.7868956139731444	90.616
220.5	2.017805788106175	28.86
221.0	1.9882037043111576	19.528
221.5	1.6626304091899162	70.681
222.0	2.1163336665673147	60.485
222.5	1.9042023205304248	100.367
223.0	1.7600718548945764	34.29
223.5	1.7832329938101286	30.372
224.0	2.3282192271373754	30.272
224.5	1.4138305545557968	20.142
225.0	1.788520251952233	79.728
225.5	2.1426211644307696	99.687
226.0	1.8362942279337633	161.414
226.5	1.288574754882041	112.608
227.0	1.6722301586372352	23.854
227.5	1.886394793454172	116.333
228.0	2.3688135787685387	90.586
228.5	2.1765376972247075	50.395
229.0	1.7486456491018065	30.218
229.5	1.4287069681572497	131.111
230.0	1.5849580807237797	131.091
230.5	2.0428623561198926	24.107
231.0	2.0565375623197175	38.702
231.5	2.4692634156015965	71.363
232.0	2.0453848329292863	70.44
232.5	1.8136141259724134	30.114
233.0	2.003184400732567	30.123
233.5	1.6091173805522287	40.516
234.0	2.079072174091487	30.59
234.5	1.533625710261992	65.889
235.0	1.2583813095072032	126.644
235.5	1.5712167686525207	80.46
236.0	1.937963377097305	80.517
236.5	1.8513704417548567	60.263
237.0	2.422964978165723	211.766
237.5	1.3730151050869484	60.55
238.0	1.4681547480777115	161.582
238.5	2.218964922139779	17.073
239.0	1.9589421884458793	93.779
239.5	1.8889019282292594	50.188
240.0	1.9991763548300454	50.25
240.5	2.1839697510216207	60.499
241.0	1.481406385056849	42.079
241.5	2.3802083777148795	90.614
242.0	1.7411031912212702	26.206
242.5	2.1064209298046332	60.51
243.0	2.3836387805215735	82.312
243.5	1.8422055897388154	73.837
244.0	1.4244828834009078	50.432
244.5	1.969069910175877	58.102
245.0	2.4725568640439013	73.733
245.5	2.0068432303165618	73.693
246.0	1.6392841846389827	61.122
246.5	1.9337670923127115	80.422
247.0	1.621105944870389	52.096
247.5	2.580110645794572	27.355
248.0	2.4768777395050336	70.588
248.5	1.6612799036959967	151.405
249.0	1.7133497594044482	70.419
249.5	2.504009661354862	192.144
250.0	1.9210439459692559	70.819
250.5	1.673120793831691	130.849
251.0	1.493084972249404	47.133
251.5	2.000048548242457	187.793
252.0	1.7116969944135876	23.53
252.5	1.6003854029824862	121.101
253.0	2.19029110531598	140.584
253.5	1.5409350776536928	80.443
254.0	1.8067275388628083	93.459
254.5	2.0122873754507413	205.898
255.0	1.847080626533046	90.626
255.5	2.0069449955658025	101.053
256.0	2.1992368978405548	96.402
256.5	2.1011578782001887	150.974
257.0	2.2892926843487293	173.377
257.5	0.7620276915997743	80.661
258.0	0.9686438409800519	43.602
258.5	2.1180419570685576	70.514
259.0	1.9537057774011883	70.489
259.5	2.2281741300131555	30.1
260.0	1.9999766456065333	29.766
260.5	2.515770516551201	70.65
261.0	2.3607530356060904	30.92
261.5	1.5784138094948557	50.278
262.0	1.9089171801575027	50.283
262.5	2.154611450283159	50.274
263.0	2.165431725418203	153.298
263.5	1.9585382954328283	70.463
264.0	1.5930248827669171	70.411
264.5	1.791032544346581	75.487
265.0	2.081369574384656	27.909
265.5	1.297186174285046	90.392
266.0	1.748239251007463	76.428
266.5	2.155060226065266	101.694
267.0	1.9649139392225694	50.163
267.5	1.9833049513166021	40.347
268.0	2.2154112842387197	35.487
268.5	2.344143422997881	80.453
269.0	2.017191030927237	80.547
269.5	2.025004533033241	20.268
270.0	1.4766569648496315	19.466
270.5	1.7250588775182338	18.862
271.0	2.1599148799081482	20.46
271.5	2.4422197281697273	60.432
272.0	2.4263757394133907	60.451
272.5	2.455483459306441	70.539
273.0	2.451118231514084	70.515
273.5	1.3047499256221158	31.247
274.0	1.227054863036548	70.527
274.5	2.6320150110240115	40.061
275.0	1.7618659958135665	81.542
275.5	1.900718998226105	60.434
276.0	1.6071551190475488	76.941
276.5	2.4270549819867218	103.814
277.0	2.4482855071283254	129.407
277.5	1.0572350653095064	89.796
278.0	1.4928776438255802	77.714
278.5	1.9842618009272734	141.095
279.0	2.0814720820656314	80.186
279.5	2.3102814326809757	20.346
280.0	2.2824698987273373	20.254
280.5	1.7300029382081477	70.833
281.0	1.5628273485581579	59.833
281.5	1.5462854793934848	80.548
282.0	1.5758626944681238	21.125
282.5	2.1953768605134236	70.375
283.0	2.0092542812424306	70.389
283.5	1.6818221617677311	179.52
284.0	1.5110359797841093	49.259
284.5	1.6929211360791252	57.897
285.0	1.878411274697848	18.926
285.5	1.4129753260495759	70.465
286.0	1.8976114147853465	70.384
286.5	2.391776517478246	72.098
287.0	2.5380493188264954	10.096
287.5	1.7867678174440464	120.902
288.0	1.6229877685581775	77.274
288.5	1.5197236206008509	141.186
289.0	1.8273974347886623	27.726
289.5	1.9500870729183553	70.288
290.0	1.7572766983499595	70.213
290.5	2.5658274126717724	68.313
291.0	1.7571431782002267	91.139
291.5	1.7763942616469819	27.056
292.0	1.7240967045055184	30.341
292.5	1.8123549935314303	191.903
293.0	2.0323962891292386	110.642
293.5	2.2089980742904434	50.268
294.0	1.797658296267467	75.923
294.5	2.5107084261205608	60.432
295.0	2.536715672149767	60.471
295.5	1.8093778769936193	123.395
296.0	1.85633240608326	121.134
296.5	1.340420725156456	80.53
297.0	1.4929324552037198	80.522
297.5	1.9593843113340352	58.44
298.0	1.869540164690708	71.49
298.5	1.8956260478177571	90.59
299.0	2.256707201267993	111.091
299.5	2.773469815456785	80.585
300.0	2.0864909777127956	80.571
300.5	1.4351079201094514	161.3
301.0	1.8638089221863676	57.668
301.5	2.0187276465926853	80.748
302.0	1.776251082862376	131.14
302.5	1.8357607497953268	120.957
303.0	2.076656096613096	21.81
303.5	1.5542231396231694	20.12
304.0	1.6580376100094507	90.633
304.5	1.8496595831625842	40.262
305.0	1.936688398536379	83.485
305.5	1.8340337151006898	88.711
306.0	1.4031641346955774	100.892
306.5	1.8479177835094487	80.422
307.0	1.889132069377879	70.487
307.5	1.5901028859318673	50.304
308.0	1.8793784567260177	191.766
308.5	2.4297117359046245	80.696
309.0	1.4392747097919008	80.69
309.5	2.1228202296221226	22.698
310.0	1.9590167049502805	80.454
310.5	2.017557000015527	60.475
311.0	2.3243888751816	80.674
311.5	1.490036795191352	130.94
312.0	1.4598459458423803	130.957
312.5	1.4917919339019325	43.661
313.0	1.62484460244519	50.104
313.5	1.8606745998237761	31.197
314.0	1.8589035722706153	70.518
314.5	1.5893790887970534	50.379
315.0	1.6622354451826808	50.391
315.5	1.9669560118580414	70.511
316.0	2.1311816731436393	50.438
316.5	1.7027973085115873	130.779
317.0	1.7321698332947406	165.817
317.5	2.2474512100255644	19.648
318.0	1.6393357913768634	49.86
318.5	2.239047323579822	50.39
319.0	2.5139935179120907	93.532
319.5	1.1067957124610164	60.446
320.0	1.0945252156308722	78.846
320.5	1.72602242538772	156.881
321.0	1.6402784516375502	70.553
321.5	2.182675549234634	91.883
322.0	2.642853941662289	50.277
322.5	1.4468948410596059	136.231
323.0	1.6367228158871028	121.02
323.5	2.056032891825879	69.48
324.0	2.012485751013592	130.729
324.5	1.9146900590717248	70.396
325.0	2.2859196866000917	42.701
325.5	1.6628640846510854	80.571
326.0	1.768065008543466	44.286
326.5	2.2454001884290524	68.128
327.0	2.3430693935297287	70.732
327.5	1.3361668001302238	80.484
328.0	1.369431040943272	80.429
328.5	1.8523739915379043	50.141
329.0	1.834398119946606	50.415
329.5	1.6829922842854639	50.406
330.0	2.260614683971898	50.099
330.5	1.5614441950709412	131.045
331.0	1.8483486527856061	131.055
331.5	1.9675938672370068	97.699
332.0	1.608992170643209	75.472
332.5	2.2596124544634404	15.014
333.0	2.2743841262096685	19.705
333.5	2.2457550228749072	90.653
334.0	2.039010247170831	90.676
334.5	1.6543150480632283	20.103
335.0	1.6538476630451866	29.617
335.5	1.8661415113124253	80.666
336.0	1.9004677734849766	101.208
336.5	1.864694304765148	80.373
337.0	1.4998822907859242	80.474
337.5	2.243863484273521	60.465
338.0	2.4751775533957185	60.486
338.5	1.3490482899384515	12.641
339.0	1.3567357367999269	90.713
339.5	2.0285661092837604	70.368
340.0	2.0872779072208556	70.359
340.5	1.4710683018381099	80.614
341.0	1.6663221345645773	60.507
341.5	1.9543320168785472	90.398
342.0	2.2645149416177524	90.58
342.5	1.7997491554721974	70.514
343.0	1.7259515906391134	76.921
343.5	1.3489917176729995	90.537
344.0	1.7811562628478907	90.537
344.5	2.2067265183181837	70.286
345.0	1.937068932802856	70.424
345.5	1.5524030650983605	80.586
346.0	1.7093904699753342	80.625
346.5	1.5613031192743059	88.996
347.0	1.8522466987921355	80.568
347.5	2.4041484163374665	74.354
348.0	1.9854073230541902	40.212
348.5	2.0996294094532346	13.829
349.0	2.00182346724869	70.416
349.5	1.9434586618708563	109.61
350.0	2.3221238123804713	40.089
350.5	1.3228104725437635	60.431
351.0	1.250000007515761	78.223
351.5	2.014281669500087	35.329
352.0	1.6255469263326776	8.438
352.5	2.3827506258752282	50.352
353.0	2.7265549691629185	50.313
353.5	1.8219499996242878	23.587
354.0	1.4007283886834128	70.461
354.5	2.1737130982354573	124.76
355.0	1.9020525281569212	107.144
355.5	2.236540443084725	131.023
356.0	1.8641797822123305	80.572
356.5	1.6951214545685058	70.645
357.0	2.2958960799590726	70.674
357.5	1.895176085166467	73.039
358.0	1.789297425122744	80.727
358.5	1.3899201165393646	66.021
359.0	1.4523109588117775	50.41
359.5	1.7168215248344845	110.537
360.0	2.157562301950345	110.592
360.5	1.8674585606252287	50.554
361.0	2.032793448516091	50.523
361.5	2.0877322279799246	80.589
362.0	2.183290522802653	75.203
362.5	1.830094240611711	140.921
363.0	2.167675162749656	62.643
363.5	2.0139693699955723	90.59
364.0	2.4454619754266536	104.615
364.5	1.7622115420069033	31.946
365.0	1.6126625462115576	42.83
365.5	1.7775695128938482	80.722
366.0	1.7438554972585227	161.198
366.5	1.827387854838228	21.836
367.0	2.6730375787641067	59.915
367.5	1.9435672172133547	130.737
368.0	2.2354608598598755	130.941
368.5	1.4723910516804921	80.532
369.0	2.0215581531507563	80.622
369.5	2.061094576757113	92.981
370.0	2.07021677415443	78.276
370.5	1.846611556777834	80.742
371.0	1.4011302004599477	80.758
371.5	1.9208195461662216	81.388
372.0	2.0659531958426416	94.636
372.5	2.021453750373851	60.484
373.0	2.1553373931207496	130.95
373.5	1.7742308179889055	80.594
374.0	1.4997520536409459	80.511
374.5	2.079545467239528	60.238
375.0	2.2941947095223294	20.262
375.5	1.983315444546547	80.516
376.0	1.4788417634040418	80.59
376.5	2.0598714837753085	109.37
377.0	2.3961070581055153	94.631
377.5	2.1253224519878424	50.341
378.0	1.7010395969107959	65.086
378.5	1.527234050546451	70.271
379.0	1.9058251153888397	70.45
379.5	2.4988416145569587	50.337
380.0	2.392599862198205	50.161
380.5	1.9962958349222095	70.539
381.0	2.1247520565284694	90.612
381.5	2.3388862842829337	39.112
382.0	1.6596688553281398	105.498
382.5	1.3103077455470884	120.977
383.0	1.8132335800502069	120.953
383.5	2.232464914961052	11.012
384.0	2.2052915876318666	100.799
384.5	2.070790459386734	60.549
385.0	1.5570866017472011	171.71
385.5	1.9106381996776192	202.188
386.0	1.6096649121359679	50.477
386.5	1.9100437703926112	164.942
387.0	2.2983766651055286	153.994
387.5	2.5471530557293325	60.589
388.0	2.3781414038584576	60.603
388.5	1.8321137171462476	70.356
389.0	1.9360786720603163	70.424
389.5	1.927956628367616	97.418
390.0	1.621178838016747	70.392
390.5	1.5079848183808076	40.452
391.0	2.0712045604000044	100.717
391.5	1.7408932009132185	90.763
392.0	2.2961469893154005	90.754
392.5	1.6947870688022388	131.068
393.0	2.1035169589395073	96.917
393.5	1.578450603707189	70.534
394.0	1.4630389469975684	70.396
394.5	2.1581545057228886	60.381
395.0	2.357483908885101	60.376
395.5	1.8424006191536901	104.639
396.0	1.9820207372744718	97.629
396.5	1.9286426174286837	60.556
397.0	2.2159162434293367	80.696
397.5	1.7686262200880496	161.439
398.0	1.8137700928531635	151.126
398.5	1.780825270955402	31.15
399.0	1.6890238694663904	56.028
399.5	1.5571294901397303	39.566
400.0	1.6777987110338932	20.184
400.5	1.3727804595402966	40.123
401.0	1.0275554962055795	110.89
401.5	1.1668393950840459	120.814
402.0	1.2178069143283912	20.143
402.5	2.353673125497013	20.136
403.0	1.5890177856485335	101.284
403.5	2.492780763605071	80.478
404.0	2.811481957521405	14.242
404.5	2.076272998514132	80.677
405.0	1.6343349364586157	80.715
405.5	1.8774919690803837	162.038
406.0	1.6208851171060177	43.304
406.5	2.8352459835212853	20.083
407.0	2.3824884966921034	44.761
407.5	1.4179809805628476	120.959
408.0	1.6980898909517435	50.801
408.5	2.4896329427059256	80.312
409.0	2.5110276323207694	70.531
409.5	1.449314284630786	88.4
410.0	1.6339185863676553	89.601
410.5	2.074272764155718	120.795
411.0	1.6661771407497286	70.58
411.5	1.8768127715551546	110.788
412.0	2.2573075468867794	110.836
412.5	2.7170970675289343	30.995
413.0	2.3498546829400686	30.335
413.5	1.5179974975200083	110.75
414.0	1.4398326504580212	71.254
414.5	1.9537261172667584	90.464
415.0	1.623557802702769	103.655
415.5	1.8337807445146492	100.716
416.0	2.0880947188382626	112.11
416.5	0.9532195717205602	425.325
417.0	2.168860581884937	20.229
417.5	0.8849562295324223	1232.366
418.0	1.5499800995286228	121.524
418.5	1.6379947748519406	70.43
419.0	3.8112022283843707	52.667
419.5	1.713203342558244	80.498
420.0	1.6393862321168493	26.082
420.5	1.903529434057996	70.485
421.0	1.6519080797090682	110.922
421.5	2.2194740922577685	140.977
422.0	1.90512326988567	105.349
422.5	2.0688589397531962	25.6
423.0	2.460911031490002	98.439
423.5	2.346505357611323	60.406
424.0	2.0535668900766737	243.422
424.5	1.058987288355621	69.065
425.0	1.9934019602540138	120.703
425.5	1.5856397019115445	80.607
426.0	1.622175379860986	80.513
426.5	2.0386910996514307	51.84
427.0	2.327233900421967	80.429
427.5	1.6547485810394311	70.531
428.0	1.7356283097885794	80.545
428.5	1.5190961424277984	232.316
429.0	1.32912384741677	41.334
429.5	2.351365544713278	31.029
430.0	2.0674081701483367	78.835
430.5	1.394676185371039	74.515
431.0	1.60836711652723	60.549
431.5	1.8267669675340334	14.886
432.0	1.1831715164876422	121.009
432.5	1.373150335069843	121.023
433.0	1.398494393347536	70.486
433.5	1.45286576524192	9.798
434.0	2.4619914755890315	23.931
434.5	2.843377609139645	171.161
435.0	1.59769161657015	104.956
435.5	1.2931671758999284	45.838
436.0	1.358983441513082	120.771
436.5	1.7705746306622951	120.755
437.0	2.1239189814856467	31.707
437.5	2.4276925861665175	35.829
438.0	1.7713233892339748	60.513
438.5	2.168992042714044	60.507
439.0	1.75495341359715	130.915
439.5	1.882419543608674	60.623
440.0	1.5474759917507948	72.558
440.5	1.9537687332522768	70.282
441.0	2.3320554149007084	10.562
441.5	2.1425857094986758	40.54
442.0	2.1159353382754755	17.647
442.5	1.8680851075071767	19.969
443.0	2.2976952927128287	74.173
443.5	2.6170176708840853	59.804
444.0	1.1862843458887367	70.584
444.5	1.7035231689270764	44.674
445.0	1.3811773920661754	20.152
445.5	1.6300749343897494	10.469
446.0	2.4048636866727477	90.408
446.5	2.0512654271207746	25.877
447.0	2.502229305855321	24.148
447.5	1.9991648345270565	60.561
448.0	1.229557798384435	20.118
448.5	1.520438132953649	100.611
449.0	1.4925663955434059	15.73
449.5	1.5352255194914137	28.513
450.0	2.132205668266064	70.543
450.5	2.3850832062244995	49.087
451.0	1.8703582154493412	136.138
451.5	1.7413773267936874	50.452
452.0	2.234899624172336	60.792
452.5	1.8182842894978752	50.46
453.0	1.4476360825887271	48.113
453.5	1.834256428186953	80.542
454.0	1.645189678234485	30.086
454.5	2.1129070651783737	17.325
455.0	2.1667469181588737	60.378
455.5	1.8213105844404758	181.068
456.0	1.4158256865056351	63.63
456.5	1.6046053710536075	60.496
457.0	1.818444469741904	70.433
457.5	1.7745918380859567	90.59
458.0	1.440325232899862	140.906
458.5	1.3449491884483542	120.879
459.0	1.7482687493881757	80.488
459.5	1.4981990265448506	70.551
460.0	1.5572532510936916	125.523
460.5	1.3155448427597196	149.618
461.0	1.7527099544818012	152.032
461.5	1.347264181537185	20.207
462.0	1.699574882254559	100.643
462.5	1.6354212623020095	263.258
463.0	1.3172104228814392	100.605
463.5	2.0903416336770944	181.469
464.0	2.642017779161441	267.85
464.5	1.5833420613376283	90.575
465.0	3.139298918099441	202.05
465.5	2.351831952184416	94.092
466.0	1.9222332287986135	90.598
466.5	1.1727330565750793	41.245
467.0	1.5130706380819443	125.435
467.5	1.640232240197245	19.066
468.0	1.6594831823141787	70.383
468.5	2.175676135487245	99.586
469.0	1.3851320498024597	15.215
469.5	1.4238212056783757	161.462
470.0	2.454551040412991	50.779
470.5	2.5417167604202655	44.255
471.0	1.0989791725252458	30.126
471.5	1.145925288774179	36.903
472.0	2.0432121604538804	50.418
472.5	2.028004636095839	50.487
473.0	1.6154410329416413	80.55
473.5	1.3485019930031992	60.465
474.0	2.338784659992759	107.245
474.5	2.437342940964397	52.048
475.0	1.4236634837591458	60.433
475.5	1.8029453914981788	60.391
476.0	2.14435830405896	130.878
476.5	1.991690788250117	130.89
477.0	1.6916259661102193	70.52
477.5	2.05395852768122	70.514
478.0	1.8812972381484507	15.4
478.5	2.301230594788292	103.598
479.0	1.8884269563974894	70.66
479.5	1.8258241409637486	41.296
480.0	2.018270731151596	121.011
480.5	1.799293864385566	231.858
481.0	1.908414222848033	70.551
481.5	1.6228644106606793	106.369
482.0	1.864933414761857	71.479
482.5	2.0907761858199887	80.582
483.0	1.656550501516907	80.616
483.5	1.43345293215925	80.594
484.0	2.3245750647665817	41.079
484.5	1.8237398485253853	22.468
485.0	1.6367159077692297	9.132
485.5	2.2220154630011693	25.995
486.0	2.2687661039253557	221.605
486.5	1.7680316650083443	96.205
487.0	1.3637982824548605	57.121
487.5	1.5976854432054906	73.216
488.0	1.6492838085163761	50.184
488.5	1.5321436396308374	58.528
489.0	2.142785173245091	80.606
489.5	2.502139473152243	80.427
490.0	2.192470571645378	130.823
490.5	2.0823537032994386	130.922
491.0	1.6276021035973793	70.488
491.5	1.756470178056985	99.305
492.0	1.7432919915047334	40.23
492.5	1.6137435070905384	162.798
493.0	1.7394181398929522	212.285
493.5	1.8171870287590821	130.864
494.0	1.3864605911187549	90.579
494.5	1.5222091145647714	79.231
495.0	1.787416024958011	164.954
495.5	2.1435547878226653	36.862
496.0	2.275313022697752	35.727
496.5	1.851273871448206	102.19
497.0	1.6661016630739436	60.374
497.5	2.1691734790447015	93.551
498.0	1.902705050284036	73.111
498.5	1.3818924776272796	76.331
499.0	2.6970641192513134	60.425
499.5	1.9142094907470144	82.162
500.0	1.7353210632323235	101.689
500.5	1.936316038601121	50.378
501.0	2.0895732126837623	90.532
501.5	1.885742015938341	90.59
502.0	2.1136367020910143	222.18
502.5	2.0986352998432976	80.641
503.0	2.0019613497332127	20.001
503.5	1.8155792417516519	30.17
504.0	1.8547032990833199	82.778
504.5	1.9633289939555487	39.103
505.0	2.3512900506097427	161.825
505.5	2.027459261241475	80.693
506.0	2.186903299919271	70.494
506.5	1.8731730505588977	75.079
507.0	1.6375340735103432	142.399
507.5	1.5654735416406684	70.357
508.0	1.8580428774768587	50.238
508.5	2.3504343476560625	201.961
509.0	1.929973336036956	90.687
509.5	1.6612631932047421	70.555
510.0	1.9073090211394106	36.522
510.5	1.778095484795237	43.205
511.0	1.983712055393977	14.116
511.5	1.9940662769944189	70.84
512.0	2.137329325746384	35.837
512.5	1.4622080787914646	43.569
513.0	2.5296106808615297	14.957
513.5	2.4830653765072728	80.405
514.0	1.5257500240500854	50.414
514.5	1.7558086479473223	70.569
515.0	1.8736951425194404	90.592
515.5	1.4467651576383767	139.549
516.0	1.7119100248052719	20.057
516.5	1.5014811560370167	70.68
517.0	1.515427094132724	100.625
517.5	2.0168214028062836	101.834
518.0	1.736069616837524	93.077
518.5	1.5795234477845554	102.803
519.0	2.1949785761474105	60.344
519.5	2.155946417715615	60.271
520.0	1.5402591239790262	161.614
520.5	1.8559588104120852	20.128
521.0	1.4175753026584736	19.546
521.5	1.5713940693325055	21.053
522.0	2.1852802251827765	90.704
522.5	2.119141920878719	90.689
523.0	1.5292420077698692	110.835
523.5	1.6018539669690517	110.843
524.0	1.304057079838598	13.956
524.5	1.6326640304406246	140.703
525.0	1.5601833192493049	26.727
525.5	1.5266056211969885	20.338
526.0	1.457298550953908	24.725
526.5	1.1580235549621205	12.287
527.0	2.2237883676065167	50.527
527.5	2.038434596837943	38.888
528.0	1.9967943091963363	110.741
528.5	1.9724412618906124	111.063
529.0	2.174583569856444	20.791
529.5	2.7808078793812614	185.565
530.0	0.9786093939834962	212.38
530.5	1.6468622326126876	70.749
531.0	2.045329139693665	60.496
531.5	2.9127314567194245	60.873
532.0	1.7627492322655092	175.762
532.5	2.116158416391365	20.229
533.0	2.2710702447865554	50.411
533.5	3.015998327778326	71.085
534.0	1.6161542996552607	118.094
534.5	1.4766230431744414	19.219
535.0	2.3023347648131445	60.333
535.5	1.761281025220035	60.341
536.0	1.6884087890281605	120.599
536.5	2.044250943454336	272.764
537.0	0.9846156836289144	434.522
537.5	2.2138672020708277	20.122
538.0	0.8927513556114893	1312.248
538.5	1.9972668229341337	34.192
539.0	1.783917803019632	9.363
539.5	0.1741597170814681	1312.248
540.0	1.4175375593848099	110.995
540.5	1.9024056220003305	70.581
541.0	2.0984309746387213	137.046
541.5	2.623971358204327	70.184
542.0	1.7845584448123144	78.445
542.5	1.6875677486861211	50.34
543.0	1.4900652197341475	70.376
543.5	1.555783566722878	50.413
544.0	1.9702188060024026	15.422
544.5	1.3692978809099237	381.282
545.0	1.756334595118874	110.897
545.5	2.334614532829146	80.659
546.0	1.8324984856892763	64.236
546.5	1.7714808166559792	70.302
547.0	2.415257064386332	50.324
547.5	0.1381625414254212	18.017
548.0	1.8046353695590327	100.628
548.5	5.0228460576851175	50.403
549.0	1.6927154882638995	70.575
549.5	2.2446267251232634	95.064
550.0	1.7213604586578033	70.58
550.5	1.7174863520127008	100.622
551.0	1.5121488254507123	121.165
551.5	1.948721362078141	124.801
552.0	2.2021063841950665	101.206
552.5	1.6048564214997305	100.553
553.0	2.285931715914546	50.443
553.5	1.8545458809396262	70.462
554.0	1.2781401239434766	202.021
554.5	2.036738241873854	50.719
555.0	2.227325606670038	70.669
555.5	1.8769397563667556	33.609
556.0	2.5572261679690147	81.051
556.5	1.7406464636437184	80.575
557.0	1.6204108297162887	70.637
557.5	2.021099944059926	20.746
558.0	1.9987907351775678	130.72
558.5	1.3000154386572755	120.792
559.0	2.0373789203696866	11.255
559.5	2.625761556825477	80.474
560.0	1.8097335752963688	70.547
560.5	2.2391349457601675	70.395
561.0	1.853362836561253	95.927
561.5	1.40642736679327	130.959
562.0	1.4481895232886919	80.792
562.5	2.331704721814039	80.595
563.0	2.0596648258308097	24.52
563.5	2.042542747731494	60.524
564.0	2.0092583291055046	130.819
564.5	2.2045526109363087	70.511
565.0	1.7795347495803018	70.651
565.5	2.063714509186322	20.157
566.0	1.9024168138770523	107.352
566.5	2.0219029536049433	131.014
567.0	1.6772905615957472	80.543
567.5	1.6423262574396706	60.352
568.0	1.8794423122496875	23.845
568.5	2.1050692177699712	50.904
569.0	2.000681261860548	14.591
569.5	1.3984525466742377	70.353
570.0	1.9312497772685704	80.459
570.5	2.7060546515073503	70.433
571.0	2.3828858335479417	60.459
571.5	2.31718900802104	60.391
572.0	2.3812795936554045	50.409
572.5	1.9028749135081118	90.682
573.0	1.842668765887993	292.649
573.5	2.0571552807194675	99.174
574.0	1.5877249905943323	96.444
574.5	1.5836480786352976	20.144
575.0	1.9873214307773084	70.564
575.5	1.9689487892798485	127.257
576.0	1.9389400503683596	90.494
576.5	1.5680088962749303	130.85
577.0	2.6272020687620157	30.893
577.5	2.2977176329048232	20.177
578.0	1.6663601215379957	30.305
578.5	1.7527856608798908	72.612
579.0	1.9049080690644546	70.588
579.5	1.8239622453154325	27.683
580.0	2.010548004630135	31.393
580.5	2.5558116638001485	92.576
581.0	1.638026109767348	20.145
581.5	1.4386007601161341	88.622
582.0	1.8750207936397185	20.053
582.5	1.8043096157121532	37.341
583.0	1.8822862647598426	34.717
583.5	2.0960272763395404	40.217
584.0	2.0074094574532158	20.122
584.5	1.375324068685647	20.132
585.0	1.537827706074548	90.549
585.5	1.6097125776452175	20.079
586.0	2.7258572093996056	95.766
586.5	2.391236399799864	60.424
587.0	2.230634037011248	37.253
587.5	1.9560887629943584	131.159
588.0	2.54892408560537	80.347
588.5	1.929652654088296	80.196
589.0	1.6342472222799609	23.048
589.5	1.6211149998119612	162.165
590.0	2.6308143986852355	151.451
590.5	2.2410302729726372	60.456
591.0	1.8244440780856659	16.409
591.5	1.4391666208668215	9.506
592.0	2.3318699219021033	60.474
592.5	1.9077563344905022	40.337
593.0	1.5654667992572886	19.175
593.5	1.6059263662098953	30.386
594.0	1.9176268746369192	100.511
594.5	1.8254386526971405	100.633
595.0	2.3858882977103812	20.13
595.5	2.36186641520025	81.946
596.0	2.1443921530333094	20.093
596.5	1.4868567070181857	70.559
597.0	1.8289795850201036	131.044
597.5	1.995814859877137	118.025
598.0	2.260462715879908	100.666
598.5	1.691768758234464	100.714
599.0	2.110027066913844	80.824
599.5	2.5128533941591917	70.446
600.0	1.7658629680676778	70.605
600.5	2.0628636850656656	202.388
601.0	1.646221496596957	70.431
601.5	1.9885869208226907	70.476
602.0	1.962159652294183	60.35
602.5	1.94964241827478	60.355
603.0	1.5980438708766984	130.841
603.5	1.7307239614522767	130.822
604.0	2.2886571183677846	18.005
604.5	2.230590843160142	107.369
605.0	2.071383916892373	24.044
605.5	2.274840370748681	72.067
606.0	1.5776603253525405	80.51
606.5	1.6977752133923039	80.597
607.0	2.3991596083702387	27.409
607.5	1.813049009789472	17.63
608.0	1.7125276772901832	40.341
608.5	1.7042514751015356	44.811
609.0	1.3942819684593706	20.737
609.5	1.3885092545044395	70.627
610.0	2.5607120703877704	92.139
610.5	2.513166732317957	60.708
611.0	1.7448956737349246	30.317
611.5	1.8171281518720919	70.495
612.0	2.0897158081345513	91.885
612.5	1.9921204093388412	91.523
613.0	1.5198261646766336	80.679
613.5	1.533171378550177	60.529
614.0	2.0805702795108347	80.676
614.5	1.9227689104946273	8.301
615.0	2.03816698689644	80.518
615.5	2.3398138098839443	80.549
616.0	1.8206210050015912	100.874
616.5	1.5384004793685122	100.951
617.0	1.9618470942166162	190.764
617.5	2.048089970174508	70.406
618.0	2.3694302980065096	50.32
618.5	1.6318200622993233	101.471
619.0	1.4328708279041975	70.447
619.5	1.9403589081348516	78.719
620.0	1.9365387187530008	137.679
620.5	1.7871514516597644	84.759
621.0	2.084236757020655	50.379
621.5	2.0885216859073656	110.659
622.0	2.2276103334256363	64.502
622.5	2.0595636083592783	80.565
623.0	2.3104564540202963	121.15
623.5	2.259088482724106	50.616
624.0	1.8630742934270725	140.954
624.5	1.3496488039344439	115.865
625.0	2.331592203965124	69.692
625.5	2.3255775334812965	140.814
626.0	2.11718971775362	80.39
626.5	1.5292666803464985	171.038
627.0	2.0861060339213435	50.257
627.5	1.9911319372441956	16.707
628.0	1.516572088907968	38.746
628.5	1.1993742638833251	36.48
629.0	2.2538605902670814	110.731
629.5	2.216056701077399	87.648
630.0	1.9733193506285611	18.075
630.5	2.363350771792687	151.639
631.0	2.78075238459038	30.748
631.5	2.020214361269439	130.566
632.0	1.571009184349195	60.346
632.5	1.7426643856847428	60.277
633.0	2.128090328568352	50.333
633.5	2.560394273688317	50.179
634.0	1.5164443733855262	24.425
634.5	1.5675014180498996	18.531
635.0	1.8350554868618558	24.37
635.5	1.4378341131884336	16.613
636.0	2.129242743396509	33.382
636.5	1.6708656993898536	90.677
637.0	1.8435153622727163	62.769
637.5	1.9194417624479685	80.546
638.0	1.3646566446369033	60.518
638.5	1.6692216449357016	131.098
639.0	2.304204737730712	20.143
639.5	2.176039460123431	182.206
640.0	1.9342174337894078	90.605
640.5	1.742351212923074	90.602
641.0	1.6361036817881602	90.724
641.5	1.7029420348523097	90.894
642.0	2.2080858804084826	50.258
642.5	1.80805789711469	50.308
643.0	1.45313174467935	120.861
643.5	1.673674643400189	141.374
644.0	1.5733249049231874	161.204
644.5	2.2158050636306577	20.137
645.0	1.7193523466290332	166.02
645.5	2.0123800375085676	85.433
646.0	1.6298911611653741	80.571
646.5	1.9598623615088746	80.432
647.0	2.4723347543592338	20.252
647.5	2.4220646482593113	56.592
648.0	1.7236046965725598	74.016
648.5	1.9792271577415301	78.845
649.0	2.2911489120159456	100.684
649.5	2.2484144731499316	100.605
650.0	1.8303658708740191	60.042
650.5	1.8844325747175026	130.862
651.0	1.498221053994568	14.52
651.5	1.4323780892765414	70.526
652.0	2.4321197258005043	17.879
652.5	1.958310326761477	50.363
653.0	1.7858978393441995	110.615
653.5	2.2677941114500464	121.384
654.0	1.9114606369709322	15.205
654.5	2.201628091369609	70.504
655.0	1.6384535625421208	80.468
655.5	1.4600102121744432	251.641
656.0	1.5530934518534238	90.52
656.5	2.150262349228193	18.766
657.0	2.583393886272067	82.731
657.5	2.602216344975586	98.093
658.0	1.8774342759567473	38.162
658.5	2.3288661656856253	79.919
659.0	1.8806518346833871	100.47
659.5	1.5808282998182457	100.532
660.0	1.4353716405120271	130.976
660.5	2.005339513831279	130.974
661.0	1.7650607694471991	50.289
661.5	2.404693050102314	50.301
662.0	1.7819071670430788	80.386
662.5	1.9320238981361617	273.055
663.0	1.4122471168746709	80.748
663.5	1.9507720551857237	60.55
664.0	1.689375260893536	70.332
664.5	2.241913098112283	20.753
665.0	1.6491101830440582	17.936
665.5	2.110871652753903	80.957
666.0	2.013115303018888	111.465
666.5	1.8924634289649533	16.297
667.0	1.512953622816795	20.156
667.5	1.5546544543044212	80.517
668.0	2.3494743198453842	65.201
668.5	1.7976721049204192	69.344
669.0	2.1911306250780753	15.078
669.5	1.687873862216855	23.746
670.0	2.579680498360467	60.387
670.5	1.85561472249845	60.353
671.0	2.0525039140816754	50.389
671.5	1.5694644138379603	114.098
672.0	1.9761584182762515	80.442
672.5	1.6667144345789457	80.468
673.0	2.1578777449856967	90.483
673.5	1.6136211917767744	20.124
674.0	2.260739985268987	60.525
674.5	2.5280005198074393	103.695
675.0	1.373817537637669	37.351
675.5	1.5763337748618094	110.585
676.0	1.816784727098341	8.766
676.5	1.5669950967286752	80.536
677.0	1.8479301714481784	80.375
677.5	2.4970758476951076	44.006
678.0	2.045992072842144	60.398
678.5	2.2820539110853453	60.413
679.0	1.6485212280430739	50.454
679.5	1.962027294975518	50.326
680.0	1.563169306735993	130.601
680.5	1.7726284556311487	40.351
681.0	2.154257469645631	70.673
681.5	2.46131175477144	70.561
682.0	2.308943241833664	80.491
682.5	2.138113682493304	80.634
683.0	1.4315020856136849	22.511
683.5	1.6510269528341133	70.32
684.0	2.3037595691367345	84.62
684.5	3.0613888961507842	50.362
685.0	2.035060610794471	100.664
685.5	1.4552820668871709	100.623
686.0	2.057527338668429	141.201
686.5	2.062799755773548	80.589
687.0	2.4711101087803673	152.33
687.5	1.9046097201209313	50.113
688.0	1.7509342028329393	130.847
688.5	1.658562064890127	130.898
689.0	2.027496604990872	90.638
689.5	1.181930472023348	309.674
690.0	4.27350591948777	12.649
690.5	1.8557985971099622	70.64
691.0	1.6055864632727215	130.686
691.5	1.4860203062774635	27.908
692.0	2.1109242746912975	70.835
692.5	2.065032635196181	68.722
693.0	2.0907818324722887	64.317
693.5	2.1644539632561943	73.848
694.0	1.6164833006442005	120.982
694.5	1.211065179129474	115.185
695.0	2.2113619734684598	80.569
695.5	2.035014688668782	30.294
696.0	2.268817316687906	26.174
696.5	2.3225639903743165	20.275
697.0	1.7640654298928398	64.723
697.5	1.8000463031950549	18.895
698.0	1.3876036114459083	70.265
698.5	1.5399802038768104	225.748
699.0	2.106977800616575	30.154
699.5	2.102197721425013	30.228
700.0	1.7135657338646286	50.235
700.5	2.0082053582513164	56.322
701.0	2.151251580795216	19.827
701.5	2.0191452501264036	19.43
702.0	1.4283645813128003	80.576
702.5	1.7627275230170796	94.688
703.0	1.914620966208336	20.156
703.5	2.611475076927881	59.984
704.0	2.280599615504362	50.233
704.5	1.615588727035079	50.276
705.0	2.097031630041509	50.384
705.5	2.1350990090056055	141.302
706.0	2.1015625304250585	112.082
706.5	1.9916948429524122	30.176
707.0	1.5130146585203241	70.528
707.5	1.6889356148471062	142.531
708.0	1.8975978144611747	13.544
708.5	2.224620069488488	80.222
709.0	1.9266934541935552	131.235
709.5	1.822271384551656	60.558
710.0	1.8165645515327493	45.282
710.5	1.8848330024822932	70.549
711.0	2.1487419278752733	11.198
711.5	1.9406478545257968	17.162
712.0	2.4992212448882674	60.41
712.5	1.9991885839811516	72.829
713.0	1.786704081563112	31.74
713.5	1.877938969277948	77.702
714.0	1.9009446688974014	58.722
714.5	2.021058747639239	105.997
715.0	1.7831332666027102	70.54
715.5	2.464005815813732	20.184
716.0	2.0397896887005778	60.372
716.5	2.170349633252029	60.369
717.0	1.725879871707978	50.44
717.5	2.1578133214623016	110.983
718.0	1.4252702645022208	161.821
718.5	1.2878912937571507	78.488
719.0	2.2893230529876476	40.628
719.5	1.8187665078533102	60.832
720.0	1.5702193987014024	70.451
720.5	1.9064634711587218	70.445
721.0	2.1945769084214497	70.666
721.5	2.250703690833785	183.002
722.0	0.9125120594683047	110.781
722.5	0.9073398962618767	110.759
723.0	2.288526410998221	40.208
723.5	2.4033734890742666	222.141
724.0	1.4792813799681312	70.407
724.5	1.9764186870961895	37.331
725.0	2.09793908327549	50.466
725.5	2.497901440100915	50.477
726.0	1.668474320351908	39.386
726.5	1.7327929292903446	39.616
727.0	2.3354871781550037	160.417
727.5	1.988557608374964	110.696
728.0	2.385549180318338	50.216
728.5	2.296052050271814	50.242
729.0	1.5143725818779528	26.869
729.5	1.5624515760166517	19.6
730.0	1.5654631715700136	148.676
730.5	1.5912024969272183	41.476
731.0	2.25423501737176	60.746
731.5	2.3355839097651137	50.268
732.0	2.2949150287281084	50.257
732.5	1.9840288342946666	50.206
733.0	1.2496664066601237	90.759
733.5	1.799496716613747	60.492
734.0	1.968477143152817	20.258
734.5	2.2433260135189697	58.492
735.0	2.6189503391010254	60.754
735.5	2.121847169580696	60.73
736.0	1.8345317034485236	131.06
736.5	1.4995841781684043	147.174
737.0	1.747443896269379	246.557
737.5	1.7397161037928213	60.393
738.0	2.0008487589274266	134.141
738.5	2.3123113020134833	118.764
739.0	1.907864724191508	97.61
739.5	1.94930369786892	70.44
740.0	1.685804021531878	60.604
740.5	1.413260988323088	142.5
741.0	1.488580757908212	70.506
741.5	1.9404639305316262	31.257
742.0	2.6484033688391495	60.402
742.5	2.400320002175469	60.341
743.0	1.73355553393913	36.964
743.5	2.1988970137182746	110.751
744.0	1.9562575884857836	126.526
744.5	2.8136949815684456	104.22
745.0	0.9709244258033674	63.236
745.5	0.7969770321406421	50.086
746.0	1.814982506890043	61.81
746.5	1.4382536231400702	130.728
747.0	2.233870482409821	30.356
747.5	1.8253049894764044	17.221
748.0	2.2717332628646383	50.729
748.5	2.5790757719517936	50.417
749.0	1.9444585298888113	63.355
749.5	1.3317038464916129	21.067
750.0	1.9445910518882097	80.708
750.5	1.9614536411383976	20.164
751.0	1.9516896164681319	60.399
751.5	2.109202615810136	60.38
752.0	1.4121625689704371	40.283
752.5	1.677252984075258	60.401
753.0	1.6623305219649502	80.601
753.5	1.581801797093387	17.355
754.0	2.7600133388157975	80.408
754.5	2.819142858390222	60.453
755.0	1.5218610219687052	90.564
755.5	1.3418202498406218	90.587
756.0	1.6583736254981742	80.724
756.5	1.857971899626199	18.535
757.0	1.386200645484879	60.462
757.5	1.3582779985043554	131.135
758.0	1.5024586858259348	80.368
758.5	1.484211262946086	80.402
759.0	2.1762472841553246	50.323
759.5	1.7050629292817532	50.294
760.0	1.5294372280501343	136.547
760.5	1.6979360636312972	140.956
761.0	1.7381335599315157	80.613
761.5	1.3482986602471145	80.624
762.0	1.4977734501462876	60.526
762.5	1.7539291596068742	18.494
763.0	1.5134320320325876	130.586
763.5	1.2037641221563156	21.014
764.0	1.4663550138751562	127.588
764.5	1.6676236903385764	119.693
765.0	1.6464463424103268	136.109
765.5	1.7402728172819915	70.544
766.0	2.0566489424813548	101.98
766.5	2.1023561691520136	40.328
767.0	1.3649493831714703	100.615
767.5	1.3344364766912282	100.682
768.0	2.36079044242748	61.269
768.5	2.2633421078060656	20.223
769.0	1.8054385690342445	40.419
769.5	1.8758750345197464	40.37
770.0	1.7006693769914594	94.329
770.5	1.8163804107834283	130.925
771.0	1.7633429196721986	110.558
771.5	1.3442123738856386	110.571
772.0	1.6564396623609854	50.363
772.5	1.9604509618561339	50.152
773.0	1.0076775248629826	140.987
773.5	0.9859836612809793	245.537
774.0	1.9695326793356958	211.684
774.5	1.7383858820718783	64.858
775.0	1.5387316055349625	18.604
775.5	1.492379134959066	24.854
776.0	2.0678302381449885	131.034
776.5	1.5918416539680982	131.058
777.0	2.1048009402585537	120.914
777.5	1.800513539082026	113.027
778.0	1.474763191526701	130.745
778.5	1.8238875165109478	130.809
779.0	3.008785744418879	68.789
779.5	2.5950879574527423	80.612
780.0	0.9623747362869794	20.221
780.5	1.147419370421924	20.291
781.0	1.6846573253460575	118.231
781.5	1.401136506848054	150.692
782.0	1.521801832274973	140.403
782.5	1.2626176362041968	140.56
783.0	1.7697137750684526	80.671
783.5	1.703288274282831	80.696
784.0	1.8349685989255928	181.652
784.5	1.655940650361742	73.599
785.0	2.746033421703393	120.987
785.5	1.9427783382403698	113.306
786.0	1.399186258137822	120.779
786.5	1.3634109866656121	120.793
787.0	2.61644637826204	20.058
787.5	1.813780737124325	60.39
788.0	1.6963332695231395	60.456
788.5	1.5962457803390104	60.445
789.0	1.7874385474512642	90.712
789.5	2.597142460555332	61.835
790.0	2.4245543715428455	30.692
790.5	2.2765645389181137	30.774
791.0	1.4634750306263262	70.466
791.5	1.6315820712165485	394.344
792.0	1.5632678718548207	70.438
792.5	1.6711190231026962	70.373
793.0	1.7329796886348934	110.687
793.5	2.4164289032727586	110.562
794.0	1.6565938006501508	20.188
794.5	1.6813940814010089	30.015
795.0	1.7195342774472138	222.505
795.5	2.3477818597630002	20.226
796.0	1.5304402273912507	20.195
796.5	1.5457589347691791	20.195
797.0	2.1517630768121907	40.238
797.5	1.9080812647918899	89.856
798.0	1.4663551009022548	63.365
798.5	1.8785531830828754	69.366
799.0	1.902294224602255	252.375
799.5	1.952625709441958	50.197
800.0	2.553826891504933	141.751
800.5	2.751772249534716	42.12
801.0	2.0771799577467065	31.945
801.5	1.3820221380053976	25.018
802.0	1.6354191919860253	216.272
802.5	1.8223948472746552	85.968
803.0	2.085594825697204	67.88
803.5	1.7052529379468364	40.411
804.0	1.4066021983744499	80.52
804.5	1.8343569718466048	35.928
805.0	2.240370242999402	30.67
805.5	2.4237695832339416	18.364
806.0	1.795282947137574	37.726
806.5	1.6280531086668497	70.345
807.0	2.2517377679277812	30.567
807.5	2.123333899751356	19.111
808.0	1.5612357758830095	16.221
808.5	1.892956264143904	80.588
809.0	1.913689636979403	80.372
809.5	2.19102105239549	120.935
810.0	2.177822355164385	60.33
810.5	2.130548537171957	141.771
811.0	1.8142887047785452	100.695
811.5	1.7093274230974946	100.764
812.0	2.2436516487676963	17.457
812.5	1.6193657985234007	70.774
813.0	2.12435767599738	30.896
813.5	1.778126390437965	70.484
814.0	1.4233823102961736	82.889
814.5	1.5520080617505185	38.06
815.0	2.154227989833568	161.639
815.5	1.9138906571117875	70.409
816.0	1.6803004282794636	88.623
816.5	1.990300259293653	80.482
817.0	1.8819291371893603	83.189
817.5	1.8924895243824622	80.531
818.0	1.663227941318371	151.22
818.5	2.27471549503554	70.481
819.0	1.5952498373796211	134.379
819.5	1.4797139702561095	20.486
820.0	2.0445192712963944	78.006
820.5	2.139807647972559	70.527
821.0	1.6686669704073782	30.313
821.5	1.8961829959546295	90.557
822.0	1.763871792755135	61.404
822.5	1.6801635118226514	94.853
823.0	1.6089759076499437	120.942
823.5	1.8980744237247242	120.905
824.0	1.9012692391365102	110.736
824.5	2.004278380518273	130.788
825.0	1.7142328042334622	130.627
825.5	1.978268094917158	120.902
826.0	1.8864564006327262	90.471
826.5	2.63053993457345	90.624
827.0	2.09813304491172	40.44
827.5	1.4919022242013655	20.409
828.0	1.4025309205258418	130.868
828.5	1.1814702006068194	18.632
829.0	1.5841931052234117	207.726
829.5	1.9057800898605315	36.118
830.0	2.1192378973727917	56.011
830.5	1.6825421696055982	76.751
831.0	1.6845551557140028	50.456
831.5	1.8900331013375593	30.275
832.0	1.5809797617899537	39.709
832.5	1.6465684273433052	20.183
833.0	1.8311026480374508	68.969
833.5	2.1813485953947525	30.205
834.0	1.941621553297864	80.6
834.5	2.1425165419337264	33.43
835.0	1.6197296724538075	60.519
835.5	2.13457618740879	10.42
836.0	1.5784970373107994	60.469
836.5	1.9727381715602283	80.66
837.0	2.2473251158234437	50.415
837.5	1.6505562365009971	151.673
838.0	2.9862565092502362	73.793
838.5	1.8421296787058512	26.158
839.0	1.4789771621453627	140.863
839.5	1.3780257938541414	73.112
840.0	1.9732240444932294	181.534
840.5	1.9839289728087581	30.516
841.0	1.6951639925664843	147.832
841.5	2.2420516072294365	110.715
842.0	1.6565890945445545	60.591
842.5	1.9190514040667792	96.951
843.0	1.4635817550103962	70.532
843.5	2.0015238911176794	41.423
844.0	2.139597042647455	80.48
844.5	2.2640567639252387	80.507
845.0	2.265507569973221	80.443
845.5	2.2819665178951505	80.404
846.0	1.3380293086692006	60.484
846.5	1.813632350586338	61.457
847.0	1.534172519174473	98.254
847.5	2.165639807037776	117.123
848.0	2.003506810996093	80.548
848.5	1.5680822310626805	80.644
849.0	2.084223513729253	80.473
849.5	2.0736986228236396	80.426
850.0	1.192274530709911	90.782
850.5	1.7429647497276801	90.81
851.0	1.534403902083262	20.161
851.5	1.981416893650434	50.222
852.0	2.532947948787897	16.288
852.5	2.6582069143836398	109.008
853.0	2.314698272965871	130.893
853.5	1.7973110925305225	60.518
854.0	1.5155162675700187	60.334
854.5	1.5826286398954759	16.358
855.0	2.202333509694555	84.918
855.5	1.7430054422111823	70.795
856.0	1.8767489504464636	90.888
856.5	1.4717907755705317	20.872
857.0	2.635273028890124	80.659
857.5	1.884275155228348	20.364
858.0	1.5621684529301494	80.573
858.5	1.5893254308933533	20.917
859.0	2.1373755878869334	90.65
859.5	2.0404640937004013	100.616
860.0	2.2731340629399077	99.899
860.5	2.5179937676211974	30.225
861.0	1.808250515397646	20.38
861.5	2.16071000874586	18.134
862.0	1.5556757123769662	17.464
862.5	1.443996802531169	70.467
863.0	2.018792280682624	101.544
863.5	2.488595562580895	70.387
864.0	1.4481120797386764	70.43
864.5	2.5636349500836295	70.501
865.0	1.7132836912924105	60.492
865.5	2.124692991261186	51.441
866.0	1.3358853850201218	60.175
866.5	1.5051652007985818	60.225
867.0	1.7607578845441672	88.08
867.5	1.6583335942398307	123.689
868.0	2.074437864119847	140.975
868.5	2.1428121635092032	141.022
869.0	2.3484397251220877	100.724
869.5	2.1787679674634854	100.689
870.0	1.8932039256653097	100.696
870.5	2.2756742094917066	78.103
871.0	1.991393394617932	110.859
871.5	1.4635897155527593	36.55
872.0	2.15858183966285	60.396
872.5	2.331240590683947	8.471
873.0	1.5269545610955886	71.507
873.5	1.6941159826997214	70.361
874.0	1.7989550871511681	41.063
874.5	1.9159525971355222	41.064
875.0	1.7167357067186737	36.92
875.5	2.1564915118224586	80.58
876.0	2.545624774815098	10.092
876.5	2.814102109027282	106.021
877.0	1.206034804628116	110.728
877.5	1.5496315606075988	37.917
878.0	1.746241030477496	91.221
878.5	1.944588478824993	90.538
879.0	1.8530627091080876	60.497
879.5	1.664984369439583	30.734
880.0	2.4244977775659513	20.119
880.5	1.86521688905594	8.588
881.0	2.041886337100047	34.78
881.5	1.9451186753152734	60.452
882.0	2.1767978508050767	80.581
882.5	2.069283520867545	21.019
883.0	1.8761761861613677	90.914
883.5	1.9813722435167325	80.487
884.0	2.1036999560355687	50.442
884.5	1.5049485343068956	136.932
885.0	1.552074104563797	41.379
885.5	1.7628113827600624	30.248
886.0	1.8008983008614452	15.061
886.5	1.9463903520484613	112.428
887.0	1.5462157459816241	32.313
887.5	1.7466086287221105	29.828
888.0	2.22847828838675	60.371
888.5	2.130787653355269	40.382
889.0	1.5288389758196266	80.632
889.5	1.9746273006887192	23.564
890.0	1.5949931864811169	101.224
890.5	2.163379211004952	105.456
891.0	2.8280574022775182	60.449
891.5	1.9922353035774738	104.706
892.0	1.6107415604075952	56.426
892.5	1.9055118510688065	116.131
893.0	1.4320650258104612	99.339
893.5	1.370675298991418	87.484
894.0	1.5331714403390362	80.583
894.5	1.440953821267939	80.606
895.0	2.333813347653373	70.32
895.5	2.02949533680198	70.539
896.0	1.8472772859620528	60.301
896.5	2.104249496099335	60.261
897.0	1.3880184450295863	90.714
897.5	1.530452362045254	90.816
898.0	1.822922557488964	60.589
898.5	1.5977878460742372	60.663
899.0	2.102367815367627	80.607
899.5	1.784735360333944	90.386
900.0	1.7824966165270895	85.267
900.5	1.7170051059892182	150.93
901.0	1.5515574262107568	70.409
901.5	1.479402893855841	31.983
902.0	2.6378212898871096	99.032
902.5	2.349734735134288	101.248
903.0	1.6373344796648244	76.655
903.5	1.994589210867032	17.062
904.0	1.692840211610565	80.844
904.5	1.868562570896445	80.742
905.0	1.9159441417228338	106.094
905.5	1.7757337181523196	122.174
906.0	2.0143601722488724	120.579
906.5	2.0188682053479994	120.641
907.0	1.9092647769169953	70.444
907.5	1.7403804224994972	70.4
908.0	2.2539426065621315	122.73
908.5	2.1763571031220748	138.965
909.0	1.5282977105950852	34.13
909.5	1.3273522208576283	80.522
910.0	2.2887048872199967	92.358
910.5	2.1520665390414706	82.681
911.0	1.7341605913141678	60.434
911.5	1.6239911380542225	120.85
912.0	2.1493704557435884	130.851
912.5	2.0739571617119834	18.612
913.0	2.1309678546185697	172.377
913.5	2.161538136786991	60.333
914.0	1.3466250099734254	60.562
914.5	1.7520706789443437	20.176
915.0	1.8195464324313464	107.105
915.5	2.0834586919318916	96.5
916.0	2.0307652194107892	141.143
916.5	1.5823238804635997	36.03
917.0	1.8106558636744845	80.441
917.5	1.5121936025293055	80.521
918.0	2.148433524431988	101.259
918.5	2.565649221359114	70.316
919.0	1.723272560522288	80.671
919.5	2.073465238146649	171.638
920.0	2.3057406575884	164.564
920.5	1.8081007833566098	29.36
921.0	1.7448726777644394	40.204
921.5	1.3865245755430846	124.568
922.0	1.450661490237793	130.998
922.5	1.5052185066796349	130.986
923.0	1.3495737435735669	645.976
923.5	1.9845018682865552	50.362
924.0	2.8649629803833507	105.994
924.5	1.9621079411118747	37.351
925.0	1.8338569848115713	193.839
925.5	1.756340686489415	71.156
926.0	1.9886387983963856	19.437
926.5	2.055731640699694	80.52
927.0	1.6857007764555354	120.829
927.5	1.6987294653028262	59.895
928.0	2.2708530791086408	80.853
928.5	2.0925625812645214	86.372
929.0	2.0124941111974595	40.136
929.5	2.3058481252895184	75.43
930.0	1.4468756094403714	45.988
930.5	1.3396531875737792	100.655
931.0	2.1519671788827535	60.41
931.5	2.532042773570736	17.655
932.0	1.9213493594713191	60.459
932.5	2.1157969509614665	140.513
933.0	1.4083655638148338	22.144
933.5	1.3279048072349864	100.984
934.0	1.9989425848364202	30.559
934.5	2.513739653634583	30.309
935.0	1.7806760107979747	70.556
935.5	1.96023877247765	131.052
936.0	2.161291901888973	80.653
936.5	2.1107804580567464	80.635
937.0	2.385514237724534	17.528
937.5	2.306027823030188	40.18
938.0	1.8000497879120065	60.451
938.5	2.070282787916579	60.338
939.0	1.8114643428257573	55.315
939.5	2.403175360834002	70.407
940.0	2.058404946828785	50.39
940.5	1.8892476698999852	60.482
941.0	1.6618183018269457	151.197
941.5	1.9446160150002176	20.178
942.0	2.0953577062696978	50.24
942.5	1.8088908254738787	80.126
943.0	2.1037911658803288	36.26
943.5	1.6521549050730147	80.641
944.0	1.9314733340049828	72.658
944.5	2.047320023319907	60.501
945.0	2.3695442482637104	131.983
945.5	2.3057576774391055	90.706
946.0	1.6703319560415593	110.901
946.5	1.8029992925719323	36.541
947.0	2.1147378875341856	70.365
947.5	2.333772269234956	70.455
948.0	1.6548225188666221	141.065
948.5	1.9378240447790012	78.554
949.0	2.0887058774341143	20.401
949.5	2.225436929770767	111.343
950.0	2.164313776413383	171.309
950.5	2.027157867233911	90.344
951.0	1.711773264752406	34.384
951.5	1.972097355238301	80.598
952.0	1.8089228394773522	130.858
952.5	1.8507667113830057	60.481
953.0	1.5667075934866894	70.425
953.5	2.1477581335061835	317.889
954.0	1.765095805153236	141.703
954.5	2.4033026029901134	19.001
955.0	2.0507720960406783	60.516
955.5	1.6520697745310013	37.283
956.0	2.0293686054186737	40.044
956.5	1.6566354606043445	20.182
957.0	1.7749011655574685	62.004
957.5	1.7066886491491535	80.626
958.0	1.7795272140023632	80.511
958.5	1.8708080513102006	80.4
959.0	2.138809847152836	74.863
959.5	2.099824906906562	80.957
960.0	2.3987052952537233	131.217
960.5	2.3933013222471824	131.195
961.0	1.6242460076461998	70.34
961.5	1.789358849106557	26.647
962.0	1.9097619466979963	161.29
962.5	1.9483726556851066	48.604
963.0	1.856337605722718	252.06
963.5	1.3934081401812008	80.67
964.0	1.7621954341512032	110.77
964.5	1.6127878780611256	10.423
965.0	1.692035100911564	20.133
965.5	2.1481828823901967	40.258
966.0	2.8186822341801037	133.73
966.5	2.1190389711487287	80.758
967.0	2.3164491870884616	112.927
967.5	2.20276176677867	161.411
968.0	1.70893038584175	100.605
968.5	1.6290071333271334	60.388
969.0	1.5924617897293571	212.309
969.5	1.6321699721920493	70.567
970.0	2.5961563739081144	100.753
970.5	1.8034695445458861	40.371
971.0	2.2457582278424577	17.887
971.5	1.9012940401059766	171.713
972.0	1.4545086001138647	30.305
972.5	1.8752136689525305	60.383
973.0	2.466553365093538	101.902
973.5	2.00203018613641	100.614
974.0	1.9608516307725572	9.379
974.5	1.906156525147869	80.47
975.0	1.929943654667851	172.21
975.5	2.1637230608584197	50.439
976.0	1.4622548826094486	13.016
976.5	2.117380899632365	16.815
977.0	2.2683841694667826	100.703
977.5	1.8176386270279432	100.659
978.0	2.5471527559514437	50.21
978.5	2.7795348437590697	50.325
979.0	2.156441774238892	57.906
979.5	2.085902648795258	92.604
980.0	1.5695151150335214	50.452
980.5	1.5292444019728795	99.898
981.0	2.5124976975139712	20.127
981.5	3.3536039607193002	26.956
982.0	1.4246360187358198	50.332
982.5	1.6591052548095944	70.358
983.0	2.0354074627545335	30.277
983.5	1.8834582454495228	141.452
984.0	1.5723018013217527	100.351
984.5	2.0837284303952037	20.127
985.0	2.184862377731975	20.163
985.5	2.4586203936901008	60.389
986.0	1.670449043275779	60.432
986.5	1.839257165176078	201.966
987.0	1.7952539061515655	70.513
987.5	1.5127723762245595	20.181
988.0	2.3644302434675915	90.277
988.5	2.4119793721414595	70.466
989.0	1.6716180629276367	130.909
989.5	2.1541049339975262	130.933
990.0	1.9929284604254498	90.355
990.5	2.083299262188982	25.99
991.0	2.47876971533867	30.13
991.5	2.124171560211746	30.008
992.0	1.625080036956097	60.347
992.5	1.836669447002351	60.264
993.0	2.444652451446624	109.417
993.5	2.319366599599981	19.295
994.0	2.0114718430859053	130.929
994.5	1.9870892790388581	130.99
995.0	1.8381475756674337	20.28
995.5	1.7576936103408993	20.848
996.0	2.0839826551150624	40.771
996.5	2.2737540328516523	81.91
997.0	1.6733134433318175	90.429
997.5	1.4984881460650312	78.79
998.0	2.1696524263075263	19.069
998.5	2.5169936424213084	70.451
999.0	1.7684975930917903	310.998
999.5	2.332948519587436	50.279
1000.0	2.3931672394067456	78.072
