0.5	0.16719239783626816	25.177
1.0	0.9808020773569884	153.913
1.5	0.1621952298667958	139691475694.192
2.0	2.0019113862818103	16.642
2.5	0.6583347887171643	128.973
3.0	0.7928817982198254	32.838
3.5	0.6467827346574461	100.769
4.0	1.119863729521411	80.575
4.5	0.34313413748939625	61.517
5.0	0.5555404089352525	15.414
5.5	0.6048224136917975	105.943
6.0	0.3602386912732394	90.678
6.5	0.54240317829265	52.528
7.0	0.4049338680479988	54.479
7.5	0.1256785328554548	54.782
8.0	2.8894780347080906	39.138
8.5	1.1428491570566626	31.284
9.0	0.7303865974909147	150.858
9.5	0.14490347398851017	52.922
10.0	4.09784461272569	200.768
10.5	0.7831726742748086	50.507
11.0	0.14961281756456557	44.27
11.5	3.8729952351838475	124.454
12.0	0.40122353219495976	50.579
12.5	2.681026304271833	60.419
13.0	1.7322323141992726	116.022
13.5	1.787660210658247	50.322
14.0	1.669519832779669	100.609
14.5	1.8100136265406774	30.258
15.0	2.25648312089331	110.91
15.5	2.8936416465153423	165.566
16.0	2.637542959410283	40.295
16.5	2.515004984946037	90.602
17.0	2.742924294880502	30.236
17.5	2.8295918927002863	151.573
18.0	2.053728559993604	30.155
18.5	2.2979086794914543	30.383
19.0	1.6141493035624295	22.417
19.5	2.2627903436513037	90.663
20.0	2.369245910593266	76.769
20.5	1.9493192269509114	161.391
21.0	2.343745212333691	100.65
21.5	2.439148523379893	70.553
22.0	1.9365352855728242	60.381
22.5	1.2519765858442706	14.815
23.0	1.6868004108953878	15.502
23.5	3.0896143755290124	201.339
24.0	2.7465517688142365	20.264
24.5	1.6296138591804266	14.33
25.0	2.3053666242510165	30.125
25.5	1.9166553951807666	366.743
26.0	3.8761634284337574	14.564
26.5	2.411585898677571	30.202
27.0	1.5863937705893492	49.877
27.5	1.7776371381339588	40.441
28.0	2.5680753784230297	68.017
28.5	2.00545999528075	35.416
29.0	1.9204785810050542	100.722
29.5	2.3364636635842086	40.473
30.0	2.7072451900749734	60.355
30.5	1.741836016463975	20.277
31.0	1.4637388544346897	110.389
31.5	2.7150923886424336	80.682
32.0	1.7634645183830426	30.386
32.5	2.965836493863129	50.5
33.0	1.692555640506376	90.794
33.5	2.31056741958557	70.518
34.0	2.023653914665567	100.286
34.5	2.4097095732892697	50.639
35.0	2.390770690226585	60.588
35.5	2.142662726434497	80.932
36.0	2.264882118513421	14.43
36.5	1.9770572254007373	16.592
37.0	2.7831583976318015	17.841
37.5	1.4889657546926034	16.804
38.0	2.475133613574722	50.041
38.5	2.670380465264075	70.411
39.0	1.9637600456751927	31.577
39.5	2.3446775128863546	76.571
40.0	1.8340949999653506	120.914
40.5	2.4229461345837295	90.631
41.0	2.124670049619087	84.833
41.5	2.5569759639085308	97.401
42.0	2.684100790589516	30.276
42.5	1.317621176111442	68.284
43.0	2.7136622094073206	50.511
43.5	1.8353152637134045	15.36
44.0	1.9166433660774755	34.477
44.5	2.466483564631897	95.212
45.0	2.3320595301246083	45.795
45.5	3.245038544695212	60.624
46.0	2.008229190123606	70.922
46.5	2.6720857106225204	20.144
47.0	2.0965611776446336	30.26
47.5	3.1542728070339354	30.322
48.0	1.5917941210355147	80.559
48.5	2.5468389464108694	47.305
49.0	1.6851182235611737	30.417
49.5	1.562458418452137	60.551
50.0	1.848886856447859	100.841
50.5	3.3493339281928023	35.432
51.0	1.9972546734418013	23.402
51.5	2.5580930910687627	14.545
52.0	1.7123196859819036	15.568
52.5	1.9428745077844123	46.659
53.0	1.8855643914706866	30.278
53.5	2.9156459791496996	22.541
54.0	2.3502714481574034	26.623
54.5	1.3393548339621242	49.299
55.0	2.263246901731551	25.247
55.5	1.559635704344049	45.994
56.0	4.6973943541157706	162.146
56.5	1.8645098343224198	15.96
57.0	1.5023895566145808	50.295
57.5	2.1980656714271913	20.255
58.0	2.1480126278510956	20.471
58.5	1.926928657102746	91.3
59.0	2.015456702322306	191.85
59.5	2.8444622075939243	110.77
60.0	2.0012400907538637	30.309
60.5	2.8224329973538715	20.255
61.0	1.8362253699654	60.478
61.5	1.482594705384249	30.165
62.0	2.49237552867737	121.486
62.5	2.018661491664959	24.258
63.0	1.9218034574901959	77.657
63.5	3.0413677714411205	30.33
64.0	1.6944652668543585	20.207
64.5	1.8337592886370422	100.734
65.0	2.626026822212004	188.623
65.5	1.6808520626395393	90.49
66.0	2.1445565323534064	211.596
66.5	2.935211531150505	60.477
67.0	2.0520805990373363	99.999
67.5	1.7617790085613396	105.37
68.0	4.0022410185012065	205.804
68.5	1.505850263624117	120.852
69.0	1.6781857902002466	127.569
69.5	2.542566859465704	66.25
70.0	2.402912435968151	68.083
70.5	2.446728201380776	20.211
71.0	2.6649953041631154	20.082
71.5	1.8881180547655374	17.964
72.0	1.8605489992915754	18.748
72.5	2.043881735978574	36.457
73.0	1.7479346858952263	18.144
73.5	2.6587769058274975	60.256
74.0	3.0887267995183563	48.506
74.5	1.7014576645912	43.33
75.0	2.726314264004037	80.437
75.5	1.4939484270922438	101.27
76.0	3.284267964913565	20.243
76.5	1.2102855760510454	14.874
77.0	2.5368023212690773	110.63
77.5	2.2197501387383314	120.421
78.0	1.7225312990650345	70.543
78.5	2.449766085710033	34.236
79.0	2.146865859564885	20.076
79.5	2.1842858720594553	183.004
80.0	1.5909843640328467	24.143
80.5	2.160741060769909	17.885
81.0	1.6275993651440561	90.728
81.5	2.061785593487657	20.256
82.0	1.6834467951320924	80.584
82.5	2.5708504716884715	191.967
83.0	2.8078204627552172	100.369
83.5	1.970299826848813	86.225
84.0	2.124289618418785	46.852
84.5	2.0233227750400578	47.051
85.0	1.7898386196611835	30.203
85.5	2.7120293422706827	151.222
86.0	2.4490477737966265	231.887
86.5	2.8320253642723956	44.736
87.0	2.2979724125278396	15.2
87.5	1.427696043290456	60.328
88.0	1.447690319038323	39.756
88.5	1.7816161437890399	17.357
89.0	2.608587715706166	85.14
89.5	1.3153388006040607	30.198
90.0	2.7411879592234976	30.267
90.5	1.69882934423022	35.731
91.0	2.1927760464180817	92.538
91.5	4.0030916555225025	49.013
92.0	1.549079952578866	110.684
92.5	2.3563595143928038	23.014
93.0	2.1913501096614483	35.659
93.5	2.3320002400157156	15.037
94.0	1.4354055539087038	191.875
94.5	3.03454093298102	90.578
95.0	2.141705730417927	70.557
95.5	2.178238939038516	358.366
96.0	3.741610039186183	36.438
96.5	2.069757608628563	76.575
97.0	1.7094377631848001	30.112
97.5	2.371374338934895	46.355
98.0	2.2231774671200593	30.032
98.5	1.6746156143273059	23.411
99.0	1.4137588732353108	120.825
99.5	2.118524263385493	60.519
100.0	2.0048960456598377	29.178
100.5	2.4391693738393547	31.5
101.0	2.417821590411346	20.316
101.5	1.6485786522007104	30.121
102.0	2.740286397302489	17.755
102.5	1.454669149589015	60.478
103.0	2.4422057889680566	30.408
103.5	2.02804048754769	123.952
104.0	3.15176160923698	26.386
104.5	2.0294026504089215	80.599
105.0	2.260488505443477	31.629
105.5	2.3357317546823064	120.666
106.0	3.0194934922875167	30.358
106.5	1.87106980960565	15.002
107.0	2.087000318593831	82.53
107.5	1.7431361752629968	16.123
108.0	2.150723902771124	60.517
108.5	1.4539925191784027	20.308
109.0	2.629519890481996	15.531
109.5	1.9293643526396356	99.498
110.0	2.665106489328831	40.338
110.5	1.7294880902681842	15.575
111.0	1.2266689178368981	100.713
111.5	1.9029466788018643	60.55
112.0	2.7357219469985576	70.502
112.5	2.229487863864503	50.251
113.0	2.3404885388950425	17.256
113.5	1.9421348471001627	50.556
114.0	1.7279501927651222	70.607
114.5	2.304233764371864	60.567
115.0	2.226155186614387	84.977
115.5	2.589190877872487	181.475
116.0	2.7245479514758335	129.283
116.5	1.5846768411948349	30.206
117.0	2.27878988960592	30.285
117.5	2.5412551331590216	90.856
118.0	1.7463729814969955	60.489
118.5	2.0801845603030205	24.728
119.0	1.4031939335606893	19.038
119.5	2.437104817595473	23.872
120.0	2.0303799289832294	105.034
120.5	2.216156198063166	121.627
121.0	2.5607783562597266	14.421
121.5	1.9922859468265945	30.293
122.0	2.6766216928857824	15.893
122.5	1.3155697500008794	18.139
123.0	3.0423982836916648	40.289
123.5	1.1684373952767704	272.364
124.0	3.7677524459049487	48.953
124.5	1.5418047376191144	50.399
125.0	2.3271553386387263	30.143
125.5	2.996872620015584	140.94
126.0	2.752536610867425	60.474
126.5	1.7949733601814195	70.748
127.0	1.7272490981197146	120.871
127.5	2.6768533551676765	30.152
128.0	1.941761332795639	70.462
128.5	1.9325958990662937	18.902
129.0	2.1697532868905403	87.101
129.5	1.878534208220474	45.468
130.0	2.106602808154476	36.374
130.5	2.3033700946632805	30.141
131.0	1.587913538468774	70.428
131.5	2.5525466599368567	30.056
132.0	1.5997395643780006	40.046
132.5	3.138174200839749	29.795
133.0	1.0312456883032917	122.324
133.5	2.093474731219572	60.316
134.0	2.1556978028128326	16.383
134.5	2.887629961197159	19.594
135.0	1.5413938410695964	60.299
135.5	2.1269589869659944	148.566
136.0	2.235382049743909	148.534
136.5	2.4517034282762085	16.443
137.0	2.5582830155886556	20.15
137.5	1.9388062685841196	38.834
138.0	1.8856105138288255	90.687
138.5	2.6537589025635007	75.939
139.0	2.747277888691197	60.393
139.5	1.5664881496958558	20.106
140.0	2.523293062665234	40.697
140.5	1.4301964641387732	130.927
141.0	2.690254355153139	90.601
141.5	2.4819631271546054	30.199
142.0	1.866817312086803	60.338
142.5	2.1035066657334243	27.743
143.0	1.413389389079553	45.562
143.5	2.3910201674825946	86.575
144.0	1.9636454063119153	30.229
144.5	2.6013988403966994	15.317
145.0	2.055086829117982	60.157
145.5	1.992418377284117	90.736
146.0	2.7883616835214586	283.237
146.5	1.5200706525686705	60.634
147.0	1.7978567518703568	80.613
147.5	1.793414001519968	85.415
148.0	1.6996516095713659	50.423
148.5	3.2967360337183242	40.396
149.0	2.204438068841253	50.398
149.5	1.7499539184594148	27.315
150.0	1.836772448162336	30.212
150.5	2.44691032693812	45.585
151.0	1.8597416975157592	30.068
151.5	1.8174485255548074	16.435
152.0	2.254742089074784	103.334
152.5	1.5377873837897735	59.978
153.0	1.6579818179676515	89.661
153.5	2.8104440649849614	60.732
154.0	1.941596158824474	70.472
154.5	1.8506673487265093	40.311
155.0	1.9229411041135434	50.31
155.5	1.6485221330138713	97.183
156.0	3.4141585943482	40.544
156.5	2.592876201056436	293.252
157.0	2.191487250974722	30.197
157.5	1.649409601800245	50.491
158.0	2.084089669205628	70.588
158.5	2.3834057231238424	50.26
159.0	1.8955665891688844	80.632
159.5	3.1258546081802674	89.843
160.0	1.6172339786760266	130.682
160.5	2.5797695059003436	40.365
161.0	1.7504129559155017	60.437
161.5	2.6478406761219744	60.409
162.0	2.05189683248368	176.603
162.5	1.4576621128183453	79.005
163.0	2.4361606692397406	50.381
163.5	1.9009071001247224	20.098
164.0	1.9606922864408232	15.45
164.5	1.3777094219181458	70.759
165.0	2.3781244667404833	60.349
165.5	2.6460492675812826	90.602
166.0	2.573913823255654	55.557
166.5	3.398822198297807	70.406
167.0	1.7272147043591874	70.576
167.5	1.9946842633534114	60.53
168.0	1.8547993323313487	90.54
168.5	2.6123479100052602	50.456
169.0	1.6512437147917363	98.904
169.5	2.2492283759611036	105.477
170.0	1.8553974856509585	46.771
170.5	2.3777851139792943	100.763
171.0	2.2487008190662214	56.827
171.5	3.052834706417641	44.845
172.0	1.4941169566355659	40.385
172.5	2.6046677196680745	40.445
173.0	2.6255443131211553	30.1
173.5	2.9479436504104095	33.586
174.0	1.9841976321855161	20.336
174.5	2.232276756673738	60.379
175.0	2.023758032701871	50.073
175.5	1.595031469975149	128.275
176.0	2.9013499004547407	131.706
176.5	2.177283327226947	110.842
177.0	2.1144346593395027	49.123
177.5	2.434242739756552	20.128
178.0	1.9489158297166196	50.533
178.5	2.7120392887542017	24.309
179.0	0.748830158112977	25.743
179.5	2.2050528127971063	171.784
180.0	2.6016420458334433	46.786
180.5	1.7291217505480472	70.531
181.0	2.496052040971963	76.807
181.5	1.7703258876134187	20.148
182.0	1.6283226235956871	34.665
182.5	2.158172255623148	166.227
183.0	1.919886840315592	20.396
183.5	2.2282715902574823	30.232
184.0	1.769928088009724	90.56
184.5	2.1173620205352877	16.034
185.0	2.480314256455851	48.294
185.5	2.0928177958004928	162.616
186.0	3.0107604334179934	154.377
186.5	2.641257209854804	80.615
187.0	2.711002208793785	47.416
187.5	1.8771956818877082	100.561
188.0	2.7055247661260915	17.985
188.5	2.3561163098086024	81.85
189.0	2.1075476977817	46.838
189.5	1.8271399205923788	120.766
190.0	2.0614026046655716	70.494
190.5	1.741092174952643	25.699
191.0	1.441540383826387	27.215
191.5	2.8895820107217633	35.043
192.0	1.7691579579742531	60.415
192.5	1.84147090784261	100.598
193.0	1.9940855799583943	30.295
193.5	1.1899961605093896	30.438
194.0	3.4260052335639184	17.526
194.5	1.8218334885509948	100.666
195.0	2.19085005356896	91.199
195.5	1.9412826087949357	70.42
196.0	2.3444311277989653	171.841
196.5	3.1045282235853633	16.042
197.0	2.188070455998905	181.14
197.5	2.9195071328257027	30.192
198.0	2.0537909962612884	80.713
198.5	1.717870271011147	70.341
199.0	2.0463116107311894	60.385
199.5	2.402331882071425	33.207
200.0	2.2702957806963124	131.005
200.5	2.4526660546620698	20.196
201.0	2.17470128528731	14.509
201.5	2.4208114025009526	58.379
202.0	2.45568179556294	47.421
202.5	1.5444426164731164	26.384
203.0	1.480661424344658	211.893
203.5	2.633981908291916	60.545
204.0	1.748183724387625	80.678
204.5	2.449663636935107	30.102
205.0	1.9336252982597872	96.07
205.5	2.259500013465229	151.109
206.0	2.182284293467467	181.846
206.5	2.9798984299018225	60.489
207.0	2.149694979668202	30.215
207.5	2.004266421041226	30.226
208.0	1.4253206495774358	15.827
208.5	1.863697667422301	21.451
209.0	2.3982800485578153	132.668
209.5	1.644281872112465	100.796
210.0	1.7871869497088677	100.71
210.5	2.29872004162017	30.152
211.0	2.319730009547315	24.327
211.5	2.02008354252222	30.187
212.0	2.23611897278087	282.852
212.5	2.5411726382678235	20.91
213.0	1.740588195514906	71.457
213.5	1.4809270213519132	70.481
214.0	2.40727053842661	30.391
214.5	2.078498821111285	90.369
215.0	2.902712936338996	50.474
215.5	1.1394504274356785	30.304
216.0	3.09116116631619	140.538
216.5	3.3478582966646133	15.587
217.0	2.518210487851055	36.904
217.5	2.111159354904345	50.721
218.0	1.7430092568837794	80.68
218.5	2.055325964609361	18.174
219.0	2.6231385723194074	50.587
219.5	1.8130451045179186	48.763
220.0	2.119787425901756	48.725
220.5	1.818717978508566	121.132
221.0	2.185338239110072	106.061
221.5	2.2163702058328214	44.643
222.0	1.702252726437596	18.53
222.5	2.7085786005621726	24.595
223.0	1.6894509175722636	40.456
223.5	2.42774983152946	35.395
224.0	2.259077668717281	16.11
224.5	1.9212676098664854	53.375
225.0	2.321875002903485	40.246
225.5	1.0742986254663658	44.058
226.0	3.1293071010474853	20.683
226.5	2.327599009396876	100.594
227.0	1.8548096176660616	85.339
227.5	2.4796826980842166	47.83
228.0	1.7787023087571097	17.753
228.5	2.3382652270374726	60.438
229.0	1.9680909746106943	59.961
229.5	1.7294052916942213	20.285
230.0	2.845382840390894	120.962
230.5	1.4384976672409593	66.088
231.0	1.9186286230431018	19.407
231.5	2.155133136347914	20.192
232.0	2.2531760991300636	53.549
232.5	2.411296565624976	70.828
233.0	3.3588750082277548	30.363
233.5	1.9862194519117535	90.663
234.0	2.9342709646840177	60.037
234.5	2.1070978465501295	69.614
235.0	1.6614920705480785	30.379
235.5	2.5998765763015936	121.274
236.0	2.1811852424290197	161.732
236.5	3.348463849111836	20.123
237.0	2.0206516499690017	30.271
237.5	2.3755847591032873	60.419
238.0	1.8408973007397986	38.197
238.5	1.2800323241162725	96.859
239.0	2.718369792567899	34.681
239.5	1.5226797578581035	30.089
240.0	2.626277178060809	29.93
240.5	1.8360978339607819	50.083
241.0	1.7381700520540921	50.47
241.5	2.4954225907636256	81.257
242.0	2.6914805200765177	20.137
242.5	1.8482566268213456	51.012
243.0	1.7337872200681148	18.089
243.5	2.6892101791417358	30.097
244.0	1.506668474410311	107.82
244.5	1.9078309292969842	131.451
245.0	2.4823498853757093	20.129
245.5	1.9271083591481195	50.238
246.0	2.3873599327162314	119.6
246.5	1.8505270476028295	70.653
247.0	2.8629444597398437	100.704
247.5	2.189690585958782	161.752
248.0	3.2259979286341776	70.817
248.5	2.205715296175223	80.532
249.0	1.4292883147037452	60.152
249.5	2.3736381489079723	16.726
250.0	1.9581710812848199	16.112
250.5	1.5809964546968724	61.095
251.0	2.780405709965672	36.129
251.5	2.4670414409776833	120.52
252.0	1.9023818737366265	16.835
252.5	2.1618334508128516	110.727
253.0	1.526317018982024	30.211
253.5	1.9356777857028595	181.758
254.0	2.052547407695716	46.007
254.5	2.2853376890823283	47.874
255.0	2.298521629427455	30.216
255.5	2.337083555206391	35.546
256.0	2.525707620505564	20.265
256.5	1.4555949619006117	249.812
257.0	2.1095999750969208	70.503
257.5	1.7139829217899611	70.578
258.0	2.4856204299655045	90.635
258.5	1.560127122855593	90.584
259.0	1.5087230442288082	60.757
259.5	2.058301015379253	181.768
260.0	1.9827788952529009	30.318
260.5	2.2326932155174237	80.602
261.0	2.2098312314022146	70.512
261.5	1.819634958485324	97.241
262.0	2.0211347631457555	120.865
262.5	2.6518801939727576	90.723
263.0	2.564078986843074	60.479
263.5	1.6479216094746196	78.387
264.0	1.8371068678922284	15.089
264.5	1.938265802725286	100.425
265.0	2.973564424150409	48.527
265.5	2.605098728396332	19.083
266.0	2.814545267153077	72.546
266.5	1.8584515547691984	20.259
267.0	2.6416263700456373	20.798
267.5	1.3760099398056695	33.031
268.0	2.583313765363796	30.462
268.5	2.5347714793506455	30.786
269.0	2.203436443617876	101.61
269.5	1.467529389095922	117.809
270.0	2.389156617252235	95.6
270.5	1.7959599109966193	100.682
271.0	3.0217669994881504	90.944
271.5	2.118607596901386	66.768
272.0	2.084260913705207	90.86
272.5	2.292889212571373	60.423
273.0	1.9856543580621528	30.269
273.5	2.736502030060351	45.371
274.0	2.525097065755956	100.967
274.5	2.106428402955668	26.422
275.0	1.9965950996666595	25.799
275.5	1.8228189473929013	70.554
276.0	2.477690714442176	47.791
276.5	2.160684709484264	70.564
277.0	2.9949013135552502	121.392
277.5	2.280680400692485	30.081
278.0	1.7028977839068882	35.622
278.5	2.1706234981046033	14.618
279.0	1.89878113402202	15.356
279.5	1.5150050980706717	60.452
280.0	2.2244718589830668	151.53
280.5	1.867438448060785	69.527
281.0	2.3229572267957477	30.127
281.5	2.5407767874187415	50.353
282.0	2.011790417442883	50.479
282.5	2.771131487964438	30.339
283.0	1.682735124032411	131.182
283.5	2.740683984462284	45.681
284.0	2.2640521094882526	60.575
284.5	1.5843830152727942	46.118
285.0	2.044991892744442	51.015
285.5	2.0742304038099544	17.089
286.0	2.220286895508689	80.62
286.5	3.569271688493711	90.711
287.0	2.457884212036119	111.39
287.5	3.1156384327495847	30.271
288.0	1.5861496708138878	103.988
288.5	2.1008943438449608	70.447
289.0	1.5286345942710422	50.463
289.5	2.378023486150363	110.762
290.0	1.9314768093470385	67.026
290.5	1.692584930398141	107.026
291.0	1.893280290066822	95.624
291.5	2.4802693887736154	40.996
292.0	1.7180947412294953	140.855
292.5	2.8712927874194074	44.875
293.0	2.0164333462597877	90.776
293.5	2.0425279879309706	30.123
294.0	2.2126437044385794	70.035
294.5	2.3569566068825933	30.097
295.0	1.8929884744483092	30.267
295.5	1.9517292152832266	249.552
296.0	2.084275382833113	20.216
296.5	2.41211205047832	14.481
297.0	2.189785090107994	81.018
297.5	2.3308855031655225	105.774
298.0	2.204500990015633	18.474
298.5	3.115485952021013	110.834
299.0	2.709335110148082	64.821
299.5	1.469092767706658	50.708
300.0	2.6882003208069816	30.221
300.5	1.5263589926626788	121.107
301.0	2.375344546513789	100.868
301.5	1.6517140665362566	102.058
302.0	2.3486556313881066	90.458
302.5	1.5816282891573454	80.532
303.0	1.7605937699914525	100.69
303.5	1.8943460607858669	60.496
304.0	2.4003903189610507	202.421
304.5	2.2393208078102527	51.324
305.0	2.393137588482302	60.414
305.5	2.111485588397231	120.843
306.0	2.4163798305922883	50.525
306.5	2.407496989592477	30.219
307.0	1.2838846006260878	138.647
307.5	3.064635615892019	252.301
308.0	2.155978586592891	80.576
308.5	1.9422565927890256	121.273
309.0	1.9526539048687197	100.506
309.5	1.8433404465958614	27.91
310.0	1.9418378268409497	172.037
310.5	1.9367454423644999	29.734
311.0	2.0571744038100803	123.667
311.5	1.8851747564783063	90.725
312.0	2.8894346138274165	30.365
312.5	1.425799617940437	115.633
313.0	3.1744188629000862	24.467
313.5	2.5007816533138105	100.794
314.0	2.029955474326945	60.445
314.5	2.5794915744212163	18.06
315.0	1.5306098507946955	18.531
315.5	2.5388090987283323	80.566
316.0	2.498579171063964	50.38
316.5	1.4386921997611457	30.173
317.0	2.7491978260932655	181.506
317.5	3.5553404102716577	91.118
318.0	1.6049482104395723	50.485
318.5	2.1076587380643304	30.278
319.0	1.812082191303531	15.693
319.5	2.3180325982773415	80.838
320.0	1.9530244772124787	50.429
320.5	1.4070356410509053	90.462
321.0	1.8184407266259202	53.545
321.5	2.027996264793977	201.342
322.0	2.787310222981077	20.248
322.5	1.9795312875024664	18.507
323.0	2.6261526442874303	60.523
323.5	1.706011564318732	70.628
324.0	2.164268316203017	98.899
324.5	2.1646167907172362	157.082
325.0	2.292434819813811	20.031
325.5	2.015255754478264	23.208
326.0	1.1209448593626556	123.196
326.5	0.4089275831921422	89.41
327.0	3.29556665843379	201.94
327.5	2.6697996038541882	30.205
328.0	2.5060492446796254	80.548
328.5	2.1203724247162548	20.108
329.0	3.4781827402854093	35.701
329.5	1.5123051462573565	70.552
330.0	2.3679200898846693	45.701
330.5	2.3924614225207606	20.375
331.0	1.9051266669673304	50.392
331.5	1.7646201823321956	18.571
332.0	1.6191220536989035	45.913
332.5	2.4001713937706928	30.579
333.0	1.4827394376273715	30.227
333.5	2.411595252472327	14.361
334.0	2.511936834215295	70.581
334.5	2.629759477372853	39.583
335.0	1.4486999760123618	70.585
335.5	3.1049553225332067	30.234
336.0	2.6711341074332355	90.754
336.5	3.515631643644016	30.191
337.0	1.9407052887740954	101.005
337.5	4.635146639884974	15.739
338.0	2.039224699615669	141.265
338.5	0.13144728513966183	12.933
339.0	3.897336720005427	60.568
339.5	0.1552629912025555	33.041
340.0	3.4086112442141037	76.25
340.5	2.114564679678898	29.862
341.0	0.16895795790897009	73.279
341.5	1.9095614483696353	90.585
342.0	0.1310885544216622	17.988
342.5	5.495414968986623	100.672
343.0	1.7278924189137272	60.388
343.5	1.7006776756596387	212.042
344.0	1.906399920756689	70.416
344.5	2.728258878690046	15.576
345.0	1.5093961110737604	90.631
345.5	2.0270011674642214	80.59
346.0	1.793251028679257	100.775
346.5	1.8487152462339846	20.116
347.0	1.7387555852558862	100.79
347.5	1.76557667581758	30.033
348.0	1.6060721831097033	120.784
348.5	2.1839948522308408	80.472
349.0	0.14224608899833657	28.088
349.5	0.8282192481967191	150.699
350.0	0.6018305735783406	70.543
350.5	0.8146642401403347	90.865
351.0	1.0189531862404553	50.315
351.5	0.7110148586893225	110.741
352.0	0.8879566400696828	50.305
352.5	0.46822157026163297	83.138
353.0	1.3743224874184545	110.834
353.5	1.6935802228430643	110.787
354.0	2.0111555629161195	24.559
354.5	1.8452032820291029	35.902
355.0	1.719179198952682	25.552
355.5	1.7874836096599591	22.002
356.0	2.3857875504908845	22.715
356.5	1.892470312180222	50.294
357.0	1.6146562621610967	16.662
357.5	1.6055013937274778	101.016
358.0	2.0710908422223198	20.182
358.5	2.579027657422098	70.383
359.0	1.5429433846420937	120.78
359.5	1.62182975568283	208.541
360.0	1.9419329113289896	64.734
360.5	1.8224222338563392	15.536
361.0	1.8326049324818126	20.35
361.5	1.8433036717059508	47.658
362.0	1.5582156406431815	58.459
362.5	2.467976152311558	70.608
363.0	1.9771450497259373	50.416
363.5	1.7527036963380118	111.183
364.0	1.938886990806612	83.553
364.5	1.7646297639994293	47.291
365.0	2.2476895451245666	108.855
365.5	2.1822297582434076	140.935
366.0	2.301342335843057	60.399
366.5	2.1970731980273603	110.596
367.0	2.1376185359197506	43.774
367.5	1.9109335336876356	60.402
368.0	1.5147835695723189	90.636
368.5	1.820330952655765	20.224
369.0	2.2611691535750933	100.193
369.5	2.052020615820514	120.883
370.0	1.68046354554576	202.261
370.5	1.3965949804628552	130.776
371.0	1.9997290165245971	90.851
371.5	1.9837019939755125	100.754
372.0	2.114723277883452	60.588
372.5	1.757626998022058	51.016
373.0	2.1775058822809537	136.595
373.5	1.9802237267509106	110.839
374.0	2.074752975638531	96.427
374.5	1.6159986866718732	60.478
375.0	2.4095956076369145	40.147
375.5	1.8175168672261022	60.738
376.0	1.8306759046664824	80.424
376.5	1.7565498222510776	80.62
377.0	1.711918757501564	60.481
377.5	1.689757326749565	12.427
378.0	1.7270039044717003	60.496
378.5	1.7886541819921564	20.141
379.0	1.726289833260331	100.56
379.5	2.208103197120875	96.917
380.0	1.417445633477008	94.679
380.5	2.235712869612093	13.132
381.0	2.406427493600891	12.405
381.5	1.8701678030324491	14.668
382.0	1.769659759164535	70.527
382.5	2.210833788535113	80.662
383.0	1.8351197138922575	82.509
383.5	1.7185973063820577	120.891
384.0	2.0047949733294126	36.557
384.5	2.329321079489599	222.032
385.0	1.6852673209074718	60.386
385.5	0.1306825652538125	13.533
386.0	7.967177914040992	101.681
386.5	1.5739031335511302	50.286
387.0	0.5768280407413064	150.747
387.5	0.667588500128064	92.986
388.0	0.45375419888384844	120.92
388.5	0.5092061337786788	89.646
389.0	0.5356180289655696	171.621
389.5	0.5698823256982715	100.739
390.0	0.5547749152483745	191.276
390.5	0.4987684901986392	90.856
391.0	0.5378109407872225	141.393
391.5	0.4390382299366627	93.485
392.0	0.5450376680767773	160.863
392.5	0.1455988075712909	66.432
393.0	6.737705317409923	22.289
393.5	1.9769039463145555	110.863
394.0	2.1290688350241997	56.019
394.5	3.4417927077959476	28.002
395.0	1.9055542649119512	141.653
395.5	1.941921837834697	40.054
396.0	2.2853886306136793	50.303
396.5	1.855271972855561	131.089
397.0	2.0237344945289952	87.347
397.5	2.0783809368565476	141.104
398.0	2.301433666840601	66.792
398.5	1.9751880427821324	110.917
399.0	2.115345767948393	110.733
399.5	2.425237704792639	15.252
400.0	2.001212022726248	20.226
400.5	2.021852620557599	46.615
401.0	1.393742204232111	30.204
401.5	1.9747810659817093	42.211
402.0	1.9717138787251136	110.713
402.5	1.499509973356929	50.442
403.0	1.478298867273357	40.083
403.5	1.7852330066233324	15.705
404.0	1.296763282749491	37.067
404.5	1.9840948882394167	15.41
405.0	1.4560333147621112	130.898
405.5	1.8484750287696914	76.706
406.0	2.0950295556451684	70.503
406.5	1.3883992579859359	50.677
407.0	1.4195598328825325	90.79
407.5	1.7472967451055608	17.465
408.0	1.3728794083924138	130.939
408.5	0.7578926479325325	69.328
409.0	0.1338622324602532	69.328
409.5	3.9752709004046345	39.69
410.0	1.6582173754842133	46.733
410.5	2.2963636361691324	31.294
411.0	1.6528338461068786	130.838
411.5	2.717940372021817	70.971
412.0	1.6347817244159144	68.836
412.5	1.8530568072662559	90.775
413.0	2.094261901663743	80.562
413.5	1.5700490652289836	121.014
414.0	1.9625325144249135	70.398
414.5	2.015504151956828	116.524
415.0	2.3593592675161292	60.519
415.5	1.9749712425661547	120.773
416.0	2.1986417070053594	87.546
416.5	1.4193971355648982	80.566
417.0	1.6361191686286674	110.586
417.5	2.0924435810289523	70.465
418.0	2.0481454789572475	50.379
418.5	1.7565358045508508	15.612
419.0	1.6739574814599316	19.23
419.5	1.3999277026610404	211.489
420.0	1.440547796829935	159.869
420.5	1.8835245667824314	199.483
421.0	1.6949927673276608	146.264
421.5	1.30064518363007	60.25
422.0	2.042245717614859	17.011
422.5	2.7352658335396396	20.154
423.0	1.599950617242983	16.453
423.5	1.854537334430736	40.261
424.0	1.7472400817259057	30.187
424.5	2.183502105489443	90.696
425.0	1.689981746143341	70.525
425.5	1.3688328851450842	17.382
426.0	2.1189883537196286	110.739
426.5	1.7543855364754568	70.425
427.0	1.482511836347786	83.562
427.5	1.5206197795308511	14.832
428.0	1.910672930767072	80.648
428.5	1.9638224019791486	20.4
429.0	2.2767419992280016	78.604
429.5	1.339368951464027	30.224
430.0	1.4625198428859547	70.514
430.5	1.7643750386363453	15.232
431.0	2.132899390201497	46.51
431.5	1.4342810794691179	80.594
432.0	2.025249604825535	64.176
432.5	1.5923747772585028	20.2
433.0	2.036481377209927	17.067
433.5	2.080073009797217	15.506
434.0	1.8794417346390015	45.885
434.5	2.358118609194978	15.758
435.0	1.3424128156964692	100.78
435.5	1.923640143147646	100.632
436.0	1.3770371304305655	94.956
436.5	0.46555959836255534	20.762
437.0	3.4544867941635444	110.722
437.5	1.6778507452379225	20.194
438.0	1.139983420761133	116.224
438.5	1.8623034767167805	14.879
439.0	2.627437884162049	37.727
439.5	1.6919873883496772	80.592
440.0	2.2059234253831708	50.353
440.5	1.9529304059600616	14.8
441.0	1.2820227045724788	27.806
441.5	1.8298847412528911	40.289
442.0	1.749822182378601	32.356
442.5	2.2846219747044554	30.173
443.0	1.4935910453001524	16.377
443.5	0.6853093970759315	17.206
444.0	3.9922396368379593	50.563
444.5	1.5190960550080768	30.202
445.0	2.091481592453465	90.638
445.5	1.753058689790809	70.628
446.0	1.9637347944363894	68.428
446.5	2.2517993400407037	50.281
447.0	1.4265233479928763	130.95
447.5	1.6563053097687348	100.736
448.0	2.340904650698359	60.437
448.5	1.7720395861359706	20.071
449.0	2.01520966858498	110.916
449.5	2.0375371545572127	46.937
450.0	1.617830214932518	90.439
450.5	1.6360145615680683	100.513
451.0	2.490521395687825	38.309
451.5	1.9847180970247877	54.175
452.0	1.7116186170441294	22.705
452.5	2.089607634661039	48.623
453.0	1.5275052099640076	50.352
453.5	1.8501617181366874	80.693
454.0	2.076324666308332	77.108
454.5	1.7045934739891193	77.1
455.0	1.8206983898470899	90.937
455.5	2.0741528820931303	100.723
456.0	2.253035700612851	69.738
456.5	2.2383949761543724	30.231
457.0	1.3950118243473633	100.762
457.5	1.4527421196492936	100.688
458.0	1.983797867690344	14.984
458.5	1.7297515657186515	30.197
459.0	0.08785032984348856	18.039
459.5	3.394383810927205	19.546
460.0	3.061791565974169	60.402
460.5	1.5894916802111527	90.568
461.0	1.6515186439777934	58.004
461.5	1.789162738071454	100.684
462.0	0.12569053787245213	54.72
462.5	6.285661070585573	101.48
463.0	2.443964792482248	110.708
463.5	0.141597727157524	143.25
464.0	4.546700895947912	161.782
464.5	0.4602980910358969	199.894
465.0	2.4924609846151635	199.969
465.5	3.0651360269438355	125.949
466.0	2.5324394035871514	100.957
466.5	1.8648899197511015	148.085
467.0	2.5997925802170485	103.457
467.5	1.7062940531618789	111.505
468.0	1.6112549505234397	227.721
468.5	0.906635792613397	578.055
469.0	1.0439644496705802	528.362
469.5	2.8087567877505726	278.951
470.0	4.217464036776163	213.185
470.5	1.3171345705105098	454.387
471.0	1.4762330137509552	879.25
471.5	3.598715287721075	465.478
472.0	3.68090536041364	252.932
472.5	1.5531035958859003	20.498
473.0	1.438353142222823	151.204
473.5	1.8070082892584751	463.405
474.0	1.6189006370492642	42.656
474.5	2.0402411650138728	110.796
475.0	1.8667462810596254	100.753
475.5	2.285116097394457	90.611
476.0	1.4112421273093314	163.182
476.5	1.3533434342500654	534.797
477.0	1.3833614705285127	283.161
477.5	2.434421984946842	185.405
478.0	1.1727407593230232	105.614
478.5	1.6118138092542134	181.499
479.0	1.710033923640017	329.845
479.5	1.5045654720717783	187.206
480.0	1.5619718009392953	110.915
480.5	1.8104390061098048	169.744
481.0	1.6275961102938508	61.409
481.5	1.8122325769076655	80.781
482.0	2.0957995603509922	50.4
482.5	0.6163013661069824	90.746
483.0	1.5702483637229654	130.623
483.5	1.1474945340023344	60.866
484.0	1.7015678777084573	66.575
484.5	1.3649393174988156	495.45
485.0	1.0738376753954855	52.414
485.5	1.991085218873101	39.026
486.0	2.8966635112083066	177.836
486.5	1.7480483487186536	45.311
487.0	2.3096903849991177	129.298
487.5	1.571426978888325	75.353
488.0	1.6707760297584697	24.704
488.5	1.7629663568868512	110.623
489.0	1.3892305903905202	100.877
489.5	1.9345533226945502	25.065
490.0	2.544401589098531	123.338
490.5	0.7312507589434556	113.451
491.0	1.800217034841382	292.933
491.5	1.7970811581240784	110.833
492.0	2.248381251148116	98.564
492.5	1.642054942634331	19.135
493.0	1.9526422566633745	21.324
493.5	1.7983288046863106	201.922
494.0	1.9139412785957854	130.789
494.5	0.7571106126628746	202.452
495.0	3.027069705815494	50.469
495.5	2.0853762185835425	79.085
496.0	2.01077125546906	111.025
496.5	1.1804580432472962	37.105
497.0	2.0936167888867168	83.116
497.5	1.6063619823146353	110.859
498.0	2.3046176567105476	111.045
498.5	1.4336997851804691	91.678
499.0	1.9677598456368295	56.5
499.5	1.9424599566415977	171.352
500.0	4.022303908052586	481.748
500.5	1.5443450878306504	471.104
501.0	2.642863586815929	471.104
501.5	1.9650763312743131	22.223
502.0	2.322384222957929	101.44
502.5	1.6708110937308471	74.23
503.0	1.2668359833419742	60.409
503.5	1.9661399042109349	110.618
504.0	1.7741552371318563	110.536
504.5	2.2174155873027352	70.468
505.0	1.8736028215119582	45.426
505.5	2.383410062898556	100.51
506.0	2.6549700876668147	30.335
506.5	2.0094000065140785	90.657
507.0	2.6218245175759574	110.654
507.5	1.8927156801808187	100.782
508.0	1.5373420084093252	104.933
508.5	1.751161236548905	110.76
509.0	1.5420189810681761	20.442
509.5	1.933531727680257	70.498
510.0	2.450971504514337	32.732
510.5	2.024188802448145	100.666
511.0	1.549705436702254	48.995
511.5	1.3959868218789633	111.039
512.0	1.189364620590451	64.077
512.5	1.9780397713619666	40.193
513.0	1.8741573169659425	21.756
513.5	2.01405994501007	30.333
514.0	1.7495621356353277	70.384
514.5	1.749931689917413	17.188
515.0	1.8244339926532165	121.176
515.5	2.216998276167391	414.277
516.0	1.8841443505097522	374.404
516.5	1.7296582717789017	110.527
517.0	2.104382867225652	100.622
517.5	1.7292429782029273	102.028
518.0	1.4828673408068935	156.98
518.5	2.0187700308030294	161.087
519.0	2.0594057996868167	110.8
519.5	2.2492303283502975	69.847
520.0	1.9762705857237741	161.785
520.5	1.8680605690965522	60.433
521.0	2.507532932717383	151.52
521.5	2.1684976942895395	60.518
522.0	1.3672108404654653	212.36
522.5	2.4286014099016278	149.339
523.0	2.5552376799879597	165.107
523.5	1.7900623789635222	262.466
524.0	2.069422921825221	212.321
524.5	2.0026536165508264	277.461
525.0	2.1659505142912603	100.718
525.5	1.7856225337020237	222.111
526.0	1.4075394893238165	440.031
526.5	1.6701622204745648	20.417
527.0	2.0016089023199113	141.138
527.5	2.070895312065002	100.249
528.0	2.004983310397683	50.586
528.5	1.8663789671460755	141.062
529.0	1.8097720042428929	90.772
529.5	1.4259992347281079	181.633
530.0	1.8551454621416879	213.512
530.5	0.7294846113721395	638.868
531.0	2.21151135406397	78.999
531.5	3.2597325988014303	152.047
532.0	2.04002668116147	60.448
532.5	1.7290859384009793	80.586
533.0	1.8516022156273684	74.878
533.5	1.847437867276606	140.986
534.0	2.5073193837548953	80.481
534.5	1.9504145983111236	161.618
535.0	1.3667329445460705	80.641
535.5	2.2575015225826243	454.819
536.0	2.3029923137241672	615.035
536.5	2.481720145491372	86.175
537.0	1.803520000892909	51.03
537.5	1.8434957845407334	116.92
538.0	1.110859939378421	37.498
538.5	1.6020396101523144	123.286
539.0	2.3757140919895474	60.678
539.5	2.033369166066263	222.671
540.0	1.1131157410765335	161.456
540.5	2.253912913707853	40.304
541.0	1.8645716586031476	60.849
541.5	1.9997291851380994	30.172
542.0	2.199276787174853	84.196
542.5	1.9920621343565434	100.772
543.0	2.3406371453947026	52.082
543.5	1.511688925107628	455.31
544.0	2.37497872486283	130.944
544.5	2.001865405281139	202.075
545.0	1.5386239022718242	491.921
545.5	0.8816396139554908	900.711
546.0	0.160054262636764	937.526
546.5	0.39930990143951517	1860.371
547.0	0.7181727142358495	1745.798
547.5	0.37094458134902974	2897.728
548.0	0.5268044446934258	1926.496
548.5	0.2353391047661578	1219.513
549.0	0.08369362354213328	1740.0
549.5	0.6381023304809886	90.957
550.0	2.0908109339858774	100.93
550.5	1.8695155962087173	130.895
551.0	2.3065134099479	151.706
551.5	2.5805262134734317	81.476
552.0	1.8801513593689316	92.493
552.5	1.97343605447936	161.292
553.0	2.3202990733089255	90.91
553.5	1.9410878692024744	131.233
554.0	2.247127518891266	151.57
554.5	1.4878088646368313	33.563
555.0	2.2857225967026595	80.577
555.5	1.7038496533388805	40.413
556.0	1.641293706806081	90.6
556.5	2.6666929485905593	91.382
557.0	1.768049665063737	111.094
557.5	1.4859981545900522	130.862
558.0	1.867109451003386	40.308
558.5	1.9194277704359486	50.848
559.0	1.8400715780315582	140.905
559.5	1.860018106479069	31.349
560.0	1.9971984440754413	130.856
560.5	2.2020281505407593	17.377
561.0	2.1854625967571044	131.161
561.5	1.6251262359123373	120.747
562.0	1.6379624615031105	50.486
562.5	1.8429780612108033	60.426
563.0	2.33570037935118	100.923
563.5	1.7218849370221254	60.586
564.0	1.911329087121134	165.588
564.5	2.0455500817218613	201.97
565.0	2.0108924642687636	299.198
565.5	2.062811653181756	70.447
566.0	2.361847747378494	30.248
566.5	1.9877664657638814	192.446
567.0	1.6704980855852718	142.667
567.5	1.921738226476078	131.386
568.0	1.4484445417943068	25.37
568.5	2.420622149055528	124.884
569.0	1.8750547945034843	92.338
569.5	1.7945381610918194	157.274
570.0	2.5500430514458823	143.219
570.5	1.7606624949033627	25.417
571.0	1.7099394781524686	50.547
571.5	1.8049211886113803	69.988
572.0	2.03356580166777	40.211
572.5	1.9279504074368763	100.615
573.0	2.5182083721642785	50.419
573.5	1.0937524546156654	181.543
574.0	2.4549648828528636	141.977
574.5	2.220749293871005	42.894
575.0	1.4175900842492755	90.703
575.5	1.5938337146818304	90.379
576.0	1.788029733947829	110.579
576.5	2.050128647153944	100.782
577.0	1.6500772657988914	98.93
577.5	1.5422542823233933	30.241
578.0	1.8137520292122749	90.827
578.5	2.2913904464579558	39.691
579.0	1.7265469785106908	48.434
579.5	2.106166775711137	40.431
580.0	1.6255721087289952	60.472
580.5	2.168441101327547	50.558
581.0	1.5307426582466868	80.835
581.5	1.6755053059712612	17.42
582.0	1.6234951231220895	86.927
582.5	1.9468740401843048	101.074
583.0	1.6130529966635103	57.644
583.5	2.2404321898036192	110.805
584.0	1.4740801178340448	212.646
584.5	2.115714194777505	159.581
585.0	1.6991033666079143	130.947
585.5	2.158627048231548	120.869
586.0	2.332565246238087	495.362
586.5	1.6038296768940534	72.794
587.0	1.9655407168320944	50.319
587.5	3.206034178158862	100.795
588.0	1.094532478969727	170.926
588.5	1.2446547222294442	93.606
589.0	1.412443736246931	138.92
589.5	1.4891424326812055	72.76
590.0	1.2383391548806753	55.462
590.5	1.218477947842398	100.985
591.0	1.877681588180677	221.861
591.5	0.8663044789670472	509.915
592.0	2.226055059922803	100.403
592.5	1.9430262640218128	80.274
593.0	1.3985992196624983	40.377
593.5	1.8580254180059363	48.464
594.0	1.8357500682653	140.973
594.5	1.2934715672223838	130.863
595.0	1.739711278123815	89.347
595.5	2.153724770378757	70.529
596.0	1.6006087095425456	35.846
596.5	1.5122034836759628	100.671
597.0	1.8262611645023727	60.413
597.5	1.6373606251935078	101.422
598.0	1.7214670368036362	146.688
598.5	1.8017495344196814	118.023
599.0	1.660349471104032	100.501
599.5	1.9949317411877923	90.236
600.0	1.7619118870545647	211.994
600.5	2.8787840912469966	74.235
601.0	1.8852483758571363	40.24
601.5	1.6945069822789396	45.984
602.0	1.8516950372931533	16.335
602.5	1.9595464533472233	62.264
603.0	1.9452432612238573	131.035
603.5	2.23568058027093	84.971
604.0	1.225982275448179	110.713
604.5	1.697264561912519	86.758
605.0	2.1159629248738505	100.788
605.5	2.0218158689224492	76.77
606.0	2.2074734197854142	60.51
606.5	1.4216324751115141	161.309
607.0	1.4218823721917375	171.409
607.5	1.769540332429297	145.375
608.0	1.9892532766840192	30.188
608.5	1.5226142246949919	30.123
609.0	1.728563778235657	100.566
609.5	2.0308289816496345	116.828
610.0	2.2643362500623683	96.819
610.5	1.920657693563273	140.799
611.0	1.7825669260671377	68.06
611.5	1.998112604892456	91.988
612.0	1.4791427381209594	191.687
612.5	2.2514624324611354	151.931
613.0	2.1977063682462856	34.539
613.5	1.1852324500421791	76.895
614.0	1.7838111693067087	110.87
614.5	1.8960814267665345	80.462
615.0	2.067789849692124	80.495
615.5	1.687061359295248	21.724
616.0	1.462953027835016	60.46
616.5	2.3390808169352355	58.979
617.0	2.430093309693925	106.438
617.5	1.6803237733293177	40.287
618.0	1.5447434174990222	100.53
618.5	2.1862130234740818	88.675
619.0	2.093673250164486	80.677
619.5	1.8206351184185676	69.715
620.0	1.9266993133990362	80.82
620.5	2.098326576845949	100.564
621.0	2.4174018888052573	32.584
621.5	1.6626845170946694	102.554
622.0	1.679466805526982	25.483
622.5	2.381506360221575	164.75
623.0	0.24974261223280406	192.4
623.5	0.8879827407305066	56.007
624.0	3.8020433470226713	22.498
624.5	2.224413593852888	50.333
625.0	1.9687791110971218	78.457
625.5	1.4768609715255525	70.608
626.0	2.0315193865034527	65.788
626.5	2.183400469127636	90.627
627.0	1.6863013932252688	60.386
627.5	2.546890995562101	70.687
628.0	2.240435419315479	80.659
628.5	1.4090612418657444	49.736
629.0	1.6378980377623495	81.376
629.5	1.5159972848257506	52.116
630.0	2.058491793809937	70.308
630.5	1.2467510684755077	120.564
631.0	1.9996272419114933	141.256
631.5	2.6548435470356124	25.359
632.0	1.9346108233386488	80.575
632.5	1.630948359087784	54.869
633.0	1.6699165538707716	179.502
633.5	1.8091186229111478	100.817
634.0	1.6016299917854826	112.946
634.5	1.8150343293138294	90.603
635.0	1.9903786666679266	30.165
635.5	1.5354904389408353	110.666
636.0	1.8416473830924271	40.31
636.5	2.2553054682025326	40.321
637.0	1.6666774982609385	137.676
637.5	2.5032938325572585	146.716
638.0	1.6826722169970612	80.57
638.5	1.9004689381557585	100.855
639.0	1.6356057594966054	70.799
639.5	1.5841716982867253	20.259
640.0	1.8857287348794989	30.448
640.5	1.465821668988027	70.55
641.0	1.5447249012218738	80.626
641.5	1.8014875307112763	181.469
642.0	1.2932711478484888	192.35
642.5	1.8068035661533148	96.289
643.0	1.6408732989879502	90.705
643.5	1.9044078028479974	80.349
644.0	1.63440226883474	90.565
644.5	1.4812338274737404	90.689
645.0	1.8821401119021306	43.396
645.5	2.5517695572137122	80.466
646.0	1.2612250261179776	92.963
646.5	1.7721343285867504	120.709
647.0	1.5270873511013894	60.374
647.5	2.1767042319939085	53.919
648.0	0.961722554392157	50.74
648.5	2.2146193456419665	68.761
649.0	1.9960541222488024	80.316
649.5	1.8418688220848785	103.008
650.0	1.4453003287354174	80.599
650.5	2.0506838887810557	80.565
651.0	1.9650958430485619	100.6
651.5	1.4649079583323532	109.184
652.0	1.9757079077746713	89.766
652.5	1.5777514535571864	70.83
653.0	1.8247296575271645	124.855
653.5	2.385724968277236	16.953
654.0	1.2751068393106677	30.222
654.5	2.2314763856961077	111.047
655.0	1.4816806533456166	150.878
655.5	2.2638641657247147	137.324
656.0	1.2960359981615588	80.525
656.5	1.7563428371968932	80.612
657.0	2.280750248402648	23.205
657.5	1.6216695869056217	122.869
658.0	1.3061345315650554	111.019
658.5	1.6839083711841432	51.433
659.0	1.6791227468902126	60.09
659.5	1.9398663579409463	23.058
660.0	2.0809184662235216	70.531
660.5	1.8834004517975529	17.472
661.0	1.6581574253273066	110.846
661.5	1.6047578825224948	41.885
662.0	2.182545639902765	50.374
662.5	1.973455016253642	112.405
663.0	1.5999325176368666	151.33
663.5	1.9975279474526788	90.595
664.0	1.8366465101877232	157.352
664.5	2.0332468207792407	364.165
665.0	2.2380394791672944	50.502
665.5	2.1550105506415536	44.024
666.0	1.816981189387476	35.92
666.5	1.9563992657013465	72.169
667.0	1.7190501835461414	22.229
667.5	1.694164939512388	60.889
668.0	2.1862062557945894	60.544
668.5	2.334835053334786	90.688
669.0	2.3202487845656106	113.466
669.5	1.3102765126844944	110.671
670.0	2.453394336242161	70.543
670.5	1.9171448723401743	49.067
671.0	1.6038333538964276	111.827
671.5	2.3622243346517773	25.809
672.0	2.1521525874118255	83.326
672.5	2.175511625860987	60.732
673.0	1.6056931910718848	151.488
673.5	2.6660685543618587	81.376
674.0	1.6055475200984672	70.578
674.5	2.3327238988505554	40.207
675.0	1.8156460261266805	111.984
675.5	1.9486571079626482	70.68
676.0	1.3609405425958776	80.61
676.5	1.633411884805657	151.673
677.0	1.8518397466760235	136.856
677.5	1.861188599709898	70.522
678.0	0.14005527074914936	8.649
678.5	4.189924913081265	100.463
679.0	2.3197957278694123	50.272
679.5	1.821486558545418	120.807
680.0	1.5211885121865107	100.731
680.5	1.6299798509834962	31.846
681.0	1.8883244097976315	84.866
681.5	1.7954652559358728	100.767
682.0	0.17136208847818224	16.631
682.5	2.223911199800791	100.629
683.0	1.0247213521499536	80.871
683.5	0.4363299684977297	51.005
684.0	0.13986751884321602	31.589
684.5	0.1687866086530636	17.539
685.0	0.34002312309723537	19.929
685.5	0.7566125606909473	22.268
686.0	0.14497006409669463	129.667
686.5	0.11893595374911525	129.667
687.0	0.15503753044089047	48.134
687.5	2.424972186304859	38.797
688.0	0.1781480945805022	9.724
688.5	1.538892284732989	128.438
689.0	0.8655090581956736	50.572
689.5	0.6499705889073841	11.931
690.0	0.15701055194140007	14.617
690.5	1.2085380383957578	141.114
691.0	0.16516798086366366	12815.378
691.5	1.389093765264107	70.856
692.0	0.17674463395772616	44.935
692.5	0.44058840234026675	50.89
693.0	0.3262305448918798	28.139
693.5	0.9541888795367471	125.807
694.0	0.5575981785736002	133.442
694.5	0.35098564433322765	110.844
695.0	0.38712560796648704	59.177
695.5	0.4320661211503192	171.612
696.0	0.5458453085962908	108.885
696.5	0.2976531333407809	80.567
697.0	0.5103269656187214	26.826
697.5	0.4180574287954723	60.324
698.0	0.496292860930123	46.77
698.5	0.41254117692797176	120.895
699.0	0.48667292319560046	110.91
699.5	0.4454284518567412	20.349
700.0	0.30135330226562723	110.791
700.5	0.42050868134923497	20.221
701.0	0.5541442736472797	110.625
701.5	0.3845580964187416	90.679
702.0	0.4286415493935705	90.621
702.5	0.49408183670000133	80.558
703.0	0.5196944538423921	120.984
703.5	0.3484150964283264	40.454
704.0	0.39306024555282854	130.945
704.5	0.4909263662027288	41.031
705.0	0.37392224483541253	113.111
705.5	0.4473905081773268	50.64
706.0	0.37041742384899395	120.921
706.5	0.49193285045255025	161.24
707.0	0.5678510996058773	26.364
707.5	0.35612917869079563	121.107
708.0	0.3386454886265085	24.11
708.5	0.32002502504054137	17.118
709.0	0.542226030755391	50.417
709.5	0.37222329487681194	38.574
710.0	0.4566766847261481	120.852
710.5	0.5896825702878878	46.353
711.0	0.16452954565475356	16.066
711.5	1.971627545132672	110.753
712.0	0.8041497537934493	130.925
712.5	0.1469445414667347	12.667
713.0	2.251148839481978	30.249
713.5	1.6132472985783335	20.277
714.0	2.3437775903256264	24.103
714.5	0.1387991440995174	10.806
715.0	5.022502710905785	53.363
715.5	1.5326207756596204	50.343
716.0	2.4737751527818004	73.224
716.5	1.5579230168536489	120.802
717.0	2.2998622897793872	100.642
717.5	1.5386096511805998	30.961
718.0	2.2288855782942445	10.492
718.5	2.0728867868864675	40.078
719.0	1.6257212481769556	80.643
719.5	1.9830435527513088	33.191
720.0	2.634545712582131	32.128
720.5	1.8828403526496924	51.591
721.0	1.8619882619098547	21.382
721.5	2.108964997349806	20.176
722.0	1.5809467037524023	80.504
722.5	2.082916122953227	92.639
723.0	1.7376346875448523	20.169
723.5	1.9007298501243994	24.895
724.0	1.5641550893871383	40.385
724.5	1.7577318918848204	32.265
725.0	1.820339818176709	16.246
725.5	1.013652435985563	120.849
726.0	2.721206938753157	60.486
726.5	1.28007990170766	110.821
727.0	1.9721998394136444	48.355
727.5	1.6587259586445644	22.146
728.0	2.019715614820552	20.693
728.5	1.1508049779014902	40.208
729.0	2.777469118832846	90.65
729.5	1.4982696717789834	37.823
730.0	1.97990907790021	11.911
730.5	1.3220900563045888	137.281
731.0	2.6253235614610198	10.744
731.5	1.6715424409980018	90.588
732.0	1.7393118411663093	100.623
732.5	1.7618343198675048	140.926
733.0	2.0500328455394694	70.208
733.5	1.6267807686466274	130.819
734.0	0.1416468309546338	44.59
734.5	0.07827806411804364	184.932
735.0	5.642472110526578	111.017
735.5	0.6076736328959096	110.927
736.0	0.6962812239286069	80.63
736.5	0.3631223153847041	110.819
737.0	0.7636509518566011	50.625
737.5	0.64917491935039	120.904
738.0	0.4118402665354682	131.064
738.5	0.5512550451869599	60.544
739.0	0.6142657330250452	121.009
739.5	0.4226892555744924	30.28
740.0	0.3878595270731039	48.989
740.5	0.7925059529104111	27.027
741.0	0.5196223240928276	80.678
741.5	0.7510529509614956	47.314
742.0	0.8728523151323014	120.974
742.5	0.5680705587340732	80.525
743.0	0.4359886130001705	153.642
743.5	0.6953518102891704	158.298
744.0	0.5976064677690814	90.873
744.5	0.15572347783851642	26.479
745.0	0.15023250597836088	8.249
745.5	0.24882855853498834	8.935
746.0	0.7042900979638816	90.61
746.5	0.5056068922903261	11.129
747.0	0.4752976141885207	121.295
747.5	0.5378317596849241	117.184
748.0	0.5887086490930699	40.41
748.5	0.4587426411017635	83.025
749.0	0.362587484524317	81.418
749.5	0.41755052551705274	12.314
750.0	0.5687355217762157	124.24
750.5	0.4392281566313562	70.853
751.0	0.4632924549212406	11.527
751.5	0.5505969615670804	128.349
752.0	0.5430585438670701	134.463
752.5	0.6714295958525373	119.32
753.0	0.3194658666199425	12.905
753.5	0.4880511615488009	80.576
754.0	0.5642483611895129	41.56
754.5	0.7743324018421973	9.636
755.0	0.5287333236705815	21.529
755.5	0.8044893965671409	60.448
756.0	0.5672510098011789	120.945
756.5	0.5569865264868376	80.646
757.0	0.7358348903815294	110.792
757.5	0.4257996932656545	130.729
758.0	0.43935650462824904	121.671
758.5	0.6718757202457665	123.664
759.0	0.399687808360881	120.836
759.5	0.48944865335673926	128.052
760.0	0.44739626246316555	13.036
760.5	0.021320456357886878	9.339
761.0	0.6802622657175449	80.747
761.5	0.41841057941073645	90.6
762.0	0.49883928693270957	28.794
762.5	0.7017761335861373	71.478
763.0	0.45861133286950856	50.46
763.5	0.535887412868787	70.474
764.0	0.6873167618675806	80.684
764.5	0.6652693445711767	90.688
765.0	0.6777816331954725	70.56
765.5	0.17914293173028584	8.692
766.0	0.13593009895149008	8.836
766.5	0.958089489856439	201.746
767.0	1.8550586444029078	59.497
767.5	0.8687465612105579	26.303
768.0	0.7255793399326983	61.082
768.5	0.9215360204032618	90.719
769.0	0.3745168119588656	40.515
769.5	0.5473591962665438	98.09
770.0	0.37532221019613093	94.819
770.5	0.5314937287678637	8.646
771.0	0.2599327646883025	137.457
771.5	0.34056259256373506	59.508
772.0	0.14604921903176468	78.586
772.5	3.9794524571271013	20.269
773.0	1.7593003847075201	40.289
773.5	2.1433790251722904	30.263
774.0	1.8207541203936461	30.219
774.5	2.1802004400349806	80.539
775.0	1.4788550056976233	80.621
775.5	2.4087669864351553	50.275
776.0	2.5122651657616273	140.998
776.5	2.116945068509233	108.85
777.0	1.9983929579681639	70.453
777.5	1.9067872248447542	20.205
778.0	1.9126471843167894	40.407
778.5	1.9091361378328213	15.282
779.0	1.8201039595790185	100.7
779.5	2.2405027834901423	14.032
780.0	2.8621669689493343	70.483
780.5	2.2099424516158734	55.335
781.0	2.223615474595905	20.235
781.5	1.6625862276494854	121.181
782.0	2.290279843587676	90.59
782.5	2.3034449130393253	70.378
783.0	1.6832044001709559	56.44
783.5	1.8102992374674949	70.548
784.0	1.2916797874703811	75.056
784.5	1.8833730716595096	79.475
785.0	1.4607955629634133	50.382
785.5	1.6170703011095242	90.455
786.0	1.6458682865680965	60.437
786.5	1.7428455460096186	90.727
787.0	1.4168198831079997	50.41
787.5	2.3912701213526946	90.506
788.0	1.850621920362425	80.509
788.5	1.968637059470021	95.371
789.0	1.9371137103629532	110.625
789.5	1.7328698206209625	70.516
790.0	1.6327453630178528	46.119
790.5	1.8441487471945874	60.539
791.0	1.6858468473156756	20.067
791.5	2.0645352409234925	100.55
792.0	2.0001355416799464	58.085
792.5	1.4747938210106066	50.363
793.0	2.0032975173955556	110.776
793.5	1.9341962322464243	30.153
794.0	2.0400673687274473	18.228
794.5	1.5635562980706124	70.593
795.0	1.5791779580652967	69.942
795.5	2.073730828981073	50.587
796.0	1.6960550024542365	80.705
796.5	1.6583973347884449	60.496
797.0	2.2548780325627504	60.785
797.5	1.4570913668189032	70.341
798.0	1.9759591902731277	90.524
798.5	2.156312533959669	50.365
799.0	1.9493896014891487	110.756
799.5	2.2381407128006665	24.997
800.0	2.2319582771371316	100.661
800.5	1.5072384319743402	90.775
801.0	1.938185792978736	100.621
801.5	1.8562071000405889	16.501
802.0	1.4060403460290467	20.913
802.5	1.7688597834744948	98.067
803.0	2.197190641264631	95.654
803.5	1.5338896123167822	60.327
804.0	2.2984809851500687	20.229
804.5	1.5107911788540034	120.872
805.0	1.5298256941128647	60.462
805.5	2.0259102861521847	60.286
806.0	1.7345216709621405	20.196
806.5	2.016900192953027	60.26
807.0	2.3804095969676937	17.732
807.5	2.0600427492821884	50.492
808.0	1.912076750420308	20.215
808.5	1.5193685756617241	40.379
809.0	1.7578072154381104	15.508
809.5	2.3597568359095322	40.43
810.0	1.7498694642143573	30.223
810.5	1.736724996340817	18.566
811.0	2.0045643113324103	64.764
811.5	1.994075743533295	30.233
812.0	1.6103873444492882	70.814
812.5	2.098845704752493	30.208
813.0	1.8384862544696274	60.296
813.5	1.983821866753402	40.322
814.0	2.0674622047971245	60.289
814.5	2.181231855655948	60.454
815.0	1.9749787377588328	44.889
815.5	2.6190043017140243	40.36
816.0	1.3323655793473859	30.199
816.5	2.1340886199451226	30.16
817.0	2.089822422810109	45.352
817.5	2.05289979520661	17.038
818.0	1.7813602437878189	30.178
818.5	1.874955678035539	80.745
819.0	1.6499448938428836	80.569
819.5	2.1594109179506997	46.506
820.0	1.5377889726088925	120.949
820.5	1.5850362007865169	70.477
821.0	1.6802620013965266	80.54
821.5	1.7662993230151136	70.669
822.0	1.713950822522259	80.592
822.5	1.880774439547797	90.668
823.0	1.8992433833616225	100.834
823.5	1.9797574294223084	70.453
824.0	1.7115830308222688	55.472
824.5	1.7456494579140005	80.563
825.0	1.6691574190947627	133.883
825.5	2.013287053021131	55.202
826.0	1.811068764275668	38.768
826.5	2.055004994287442	90.721
827.0	1.9680102427684423	40.226
827.5	1.751525068218763	60.466
828.0	1.705078760819147	70.405
828.5	2.0265323364741654	86.444
829.0	1.6546339631345786	41.02
829.5	2.316600118935216	20.167
830.0	1.9972024546787381	53.237
830.5	2.0150755410399044	30.195
831.0	1.6594762777491339	65.453
831.5	1.5232884488333334	97.334
832.0	2.3641114754752777	40.178
832.5	1.4624406451040322	80.69
833.0	2.5246547491807996	60.481
833.5	1.8986122876220326	114.808
834.0	1.512436697370748	37.094
834.5	2.5222654744690667	40.506
835.0	2.053068665690515	60.515
835.5	1.6531609203179816	80.528
836.0	1.7106483418072371	105.946
836.5	1.8345105449060228	55.447
837.0	2.442949733227634	70.616
837.5	2.0232632895742637	90.75
838.0	1.496034461477233	100.749
838.5	1.5528027345840223	60.494
839.0	1.5062787363468995	87.261
839.5	1.808340406947287	70.455
840.0	1.6693044064700673	80.654
840.5	2.004847646854974	60.507
841.0	2.3486363152560075	45.301
841.5	1.4539559867251761	56.936
842.0	1.6556001320254332	70.364
842.5	2.0413735824859414	85.516
843.0	1.574535592226567	70.45
843.5	1.9018468827915727	20.319
844.0	1.935500881187922	40.293
844.5	2.309864343113156	30.292
845.0	1.937357164065868	60.385
845.5	1.9209115403708492	20.152
846.0	2.009647318168878	120.771
846.5	2.048335031710832	80.626
847.0	2.3081024762815865	45.645
847.5	1.529410341777583	40.18
848.0	1.5767900329996083	40.576
848.5	1.838510519145577	60.36
849.0	1.8340450566107545	70.479
849.5	1.9064677042273417	60.585
850.0	2.0718132556561306	30.424
850.5	1.6263771835220295	87.13
851.0	2.011849313977681	100.655
851.5	1.6445843358651575	60.475
852.0	1.556816743302571	70.518
852.5	2.0109188390887898	80.407
853.0	2.0859748679206542	131.069
853.5	2.0838770652961527	120.917
854.0	1.7854107683113551	60.497
854.5	1.9599141132563769	20.061
855.0	1.6921144044131282	90.648
855.5	1.6957179380126264	20.231
856.0	1.7902306262448022	70.52
856.5	2.1356052444442453	44.804
857.0	2.31525491500943	30.239
857.5	1.7302142434697316	72.847
858.0	1.7605075736228126	16.211
858.5	1.4483635238229315	70.561
859.0	2.0068702548962927	80.667
859.5	1.468634064840145	40.243
860.0	2.1348887523390645	70.4
860.5	1.7563319374601754	110.909
861.0	2.3038580989382402	70.552
861.5	2.1682385786463447	50.269
862.0	1.9073666558862497	45.602
862.5	1.7906709595341697	50.317
863.0	1.5574706443531896	44.83
863.5	1.7712842098893855	34.808
864.0	1.8740555602708833	65.748
864.5	1.5679591639130506	60.508
865.0	2.4036250581815612	80.545
865.5	1.7286835254960116	90.718
866.0	1.6132281113637281	90.572
866.5	2.449884395010146	30.192
867.0	1.9303428225349055	115.164
867.5	1.4710613583421257	110.773
868.0	2.610163580088604	52.968
868.5	1.8987273436973653	120.953
869.0	2.243282416540543	14.958
869.5	2.1427183354008297	40.636
870.0	1.7142666266867377	80.286
870.5	1.8367597460891076	80.506
871.0	1.6819694506647835	110.841
871.5	1.4501592596227482	90.314
872.0	2.2759877867501466	14.863
872.5	1.7345801405498824	105.75
873.0	1.7240495055548806	57.717
873.5	2.0794459738663407	60.483
874.0	1.4673101940514464	30.19
874.5	1.631133741632308	80.666
875.0	1.7440432467750508	65.586
875.5	1.7824377553285649	20.172
876.0	2.2030542473085055	34.885
876.5	2.153752996228241	50.624
877.0	1.6616049772653916	80.609
877.5	1.927842467466908	65.287
878.0	2.528070225989494	60.466
878.5	1.7138993000113316	50.423
879.0	1.518301044839453	50.228
879.5	2.0263012651569476	45.034
880.0	1.474449537854525	37.709
880.5	2.1980223285599454	20.264
881.0	1.5895714591470502	80.643
881.5	2.1323710744826463	98.114
882.0	1.9853778164810894	20.137
882.5	2.001575571503023	18.547
883.0	1.8000659700440398	20.116
883.5	1.73686175088506	40.244
884.0	1.656299585754212	77.341
884.5	1.5595930550855048	65.488
885.0	1.8038676416081314	20.148
885.5	1.8164128675003202	80.56
886.0	2.0466858836484145	60.379
886.5	1.893075888932186	100.711
887.0	1.5856654129419359	85.857
887.5	1.7144636684338654	36.328
888.0	2.0322108176309044	80.588
888.5	1.704824930169336	40.291
889.0	2.023754734994307	60.981
889.5	1.3986002223427831	50.404
890.0	1.8670312523464982	50.401
890.5	1.988142062534894	100.813
891.0	1.5461740016127228	40.386
891.5	1.4767396039259428	100.676
892.0	2.3309428104143652	50.436
892.5	2.3057054529382093	105.332
893.0	1.4799429915850597	60.365
893.5	2.1825304608915324	54.308
894.0	1.802843042374028	90.728
894.5	2.0723164918849575	90.726
895.0	1.3778118959638026	14.124
895.5	2.339407689491679	60.365
896.0	1.6893875122015536	110.814
896.5	1.6226186807123697	56.202
897.0	1.4333101927612821	14.109
897.5	2.0120675120585383	60.473
898.0	2.5542110886214684	77.607
898.5	1.7364123022196456	40.237
899.0	1.6167658804351486	20.129
899.5	2.0062291494315483	57.01
900.0	2.1316094015546274	20.161
900.5	1.513482798972672	90.659
901.0	1.5799243499020206	51.369
901.5	2.001620211125984	172.027
902.0	2.0822777636845964	183.72
902.5	1.7491411994027257	65.479
903.0	1.5233607416045276	26.191
903.5	1.7123582517670084	41.231
904.0	2.423490542037289	70.397
904.5	2.106511148481228	46.7
905.0	1.6382383240422183	60.267
905.5	1.5283498198888237	15.126
906.0	2.133263715468573	70.569
906.5	2.187294434965816	20.097
907.0	1.615394680611702	80.415
907.5	1.5922718417351538	53.986
908.0	2.241987705026065	60.357
908.5	1.359721723845878	100.717
909.0	1.5948975408202137	15.658
909.5	1.999496194195147	14.054
910.0	2.214909985024276	70.5
910.5	2.2548672242805545	66.074
911.0	1.6206514060680433	23.41
911.5	1.5966876225943576	28.883
912.0	2.0555998917347433	35.896
912.5	1.9428304667286405	27.92
913.0	1.748988260902592	38.216
913.5	1.4442132529287381	60.569
914.0	1.9528732314723274	87.671
914.5	1.337991443518289	36.498
915.0	2.8259931209866194	20.303
915.5	1.525239479715754	36.724
916.0	1.7682274264971711	30.213
916.5	1.5156104802331023	70.825
917.0	1.4814356702682292	80.587
917.5	1.823610149688273	30.174
918.0	2.514235806326523	46.395
918.5	1.6547671572265785	50.423
919.0	1.4146547615812743	80.739
919.5	1.8373721400089362	65.931
920.0	2.073413872602422	70.338
920.5	1.6879291183430265	60.448
921.0	2.0294370745609305	50.294
921.5	1.8062158354929603	110.823
922.0	2.148599959252644	57.172
922.5	1.898468140136835	14.322
923.0	1.7185491773430912	110.773
923.5	2.32201346268107	54.681
924.0	1.857775512350566	13.941
924.5	1.9585283521847665	80.696
925.0	1.4185456475097686	14.083
925.5	2.4549868909335593	14.963
926.0	1.3757820446107187	14.193
926.5	1.8175713951005052	70.471
927.0	2.0260179114773367	85.549
927.5	1.4991024472059291	100.816
928.0	1.6331046913730365	100.727
928.5	1.4119343582659574	40.618
929.0	1.8089397110501695	60.368
929.5	1.6703015106752561	14.39
930.0	1.7964796815366286	35.618
930.5	1.6236537030079221	100.727
931.0	1.9566357499022409	30.192
931.5	1.7407564981040475	110.781
932.0	1.9624385588121362	117.302
932.5	2.3655038086785733	25.098
933.0	1.6251248689129132	14.129
933.5	1.5772222446454092	30.265
934.0	1.8533147099262373	72.447
934.5	1.4807985308621496	44.587
935.0	2.583538463640859	20.266
935.5	1.3350513673411344	30.192
936.0	2.138971338652059	78.931
936.5	1.6164957805643838	31.134
937.0	1.9601044386303772	50.359
937.5	2.3458882694917675	20.27
938.0	1.5403223950748541	80.696
938.5	1.9901485966377856	50.35
939.0	1.9133801357386198	80.664
939.5	2.015353729034426	44.392
940.0	2.0999677021026337	80.581
940.5	1.514657606018059	70.652
941.0	1.916438910675858	55.698
941.5	2.2313051760787297	40.255
942.0	1.7617456778369391	130.958
942.5	1.5788758021937181	60.353
943.0	2.0650177858288234	20.164
943.5	2.0814766749514213	60.552
944.0	1.704301604391248	100.63
944.5	1.7479886477793856	97.421
945.0	2.0894434732817566	110.741
945.5	2.3088878595150812	16.938
946.0	1.3932760385465222	80.446
946.5	1.7949234891869466	80.726
947.0	1.9638761251917252	90.641
947.5	1.5377047394693832	20.177
948.0	1.826786980308152	117.573
948.5	1.4857891793800608	121.066
949.0	2.13660496699325	40.199
949.5	1.9030073853413332	30.211
950.0	1.6444887713896401	65.639
950.5	1.940620852653745	50.473
951.0	1.5288848086331552	60.446
951.5	1.9767450827258495	15.777
952.0	1.5030314086747107	67.948
952.5	1.6022347391062595	120.857
953.0	1.4831672336682138	68.316
953.5	2.0146662623991602	90.592
954.0	1.5423941649867463	120.904
954.5	2.2180976848209015	64.671
955.0	1.9131431072099345	70.483
955.5	1.573824289932255	40.378
956.0	1.4815226170375821	54.797
956.5	2.5458388084071504	64.801
957.0	1.6724266100299978	75.82
957.5	1.6882328048737743	20.186
958.0	1.5724288320851263	86.173
958.5	1.5711887435951342	60.316
959.0	1.7989084688672203	50.437
959.5	1.2545938616706607	80.808
960.0	1.7916120390081345	95.904
960.5	1.7495102617378213	68.022
961.0	1.7740363637977459	80.434
961.5	1.735429952918093	20.174
962.0	1.4396349012529852	90.659
962.5	1.7302928978972771	90.498
963.0	1.8016431902868328	20.158
963.5	1.8450990039491546	50.393
964.0	1.5884277256571384	110.583
964.5	2.084495154108417	30.216
965.0	1.4992066893304141	130.978
965.5	1.4695498375558567	14.632
966.0	2.4476278272636467	20.203
966.5	1.9764330173640878	90.667
967.0	1.9109622492311795	70.547
967.5	1.6001988412481174	54.873
968.0	2.321821537544749	14.482
968.5	1.7627008290431467	28.595
969.0	1.9601327511943885	90.862
969.5	1.6309539299239866	35.189
970.0	2.4033222753758348	30.278
970.5	1.7238555580625348	70.95
971.0	1.6202442174823244	50.481
971.5	1.693988337758999	30.243
972.0	1.50569464629624	40.407
972.5	1.5779944058364763	70.437
973.0	1.5653736704756744	70.595
973.5	1.383137169246454	49.185
974.0	2.5744975319822974	60.496
974.5	1.493083153925106	110.65
975.0	1.4022188367897663	20.268
975.5	1.7304963085693812	60.89
976.0	1.6860829241666604	60.498
976.5	1.5189835102586418	80.608
977.0	1.9562335550691587	60.323
977.5	1.6778139285635802	40.278
978.0	1.6306939682704118	14.415
978.5	2.3602573215726044	40.308
979.0	1.4989558363991435	60.581
979.5	1.3844767530901487	18.274
980.0	1.5690625059716563	70.664
980.5	2.180947528612814	46.353
981.0	1.8769293853275981	40.259
981.5	1.6531456426179083	100.715
982.0	2.021304349114814	12.943
982.5	1.615530391819306	80.427
983.0	2.094137093588994	70.38
983.5	1.7642733107945536	60.191
984.0	2.5593493023614426	38.052
984.5	1.8926990764974558	90.611
985.0	1.9584445612642516	100.637
985.5	1.7005923599798536	20.092
986.0	1.6045714906000237	60.441
986.5	2.048289395999636	80.492
987.0	1.756477841666341	130.905
987.5	1.795545822050452	56.72
988.0	1.9942124018749394	90.495
988.5	2.4434130515299577	50.298
989.0	1.7181552758516518	75.704
989.5	1.6472657088461853	15.215
990.0	2.1127691961537525	20.121
990.5	1.8306544019854316	80.534
991.0	1.5070348610462838	40.33
991.5	1.7403986196048784	70.705
992.0	1.6701429643257764	90.508
992.5	2.116844544804021	88.022
993.0	1.717537482385545	57.188
993.5	2.023532520511299	90.511
994.0	1.9155711981870314	17.054
994.5	1.8638983943975487	30.223
995.0	1.922322093840702	23.985
995.5	2.352874237048936	20.032
996.0	2.17700399123289	40.438
996.5	1.8419584458127503	66.964
997.0	1.6562410395065366	14.629
997.5	1.3949370429965648	90.391
998.0	1.9878689580368354	70.631
998.5	1.7064500590777179	70.573
999.0	1.882248225560353	100.631
999.5	2.133134359273877	20.171
1000.0	1.4536664712289382	14.847
