0.5	1.5526385741216544	120.875
1.0	0.3017550990367827	120.868
1.5	0.3883984872965282	110.937
2.0	0.9080048946710075	15.867
2.5	0.5493800961295535	80.591
3.0	0.5432948483780045	97.756
3.5	0.7809729609252746	98.968
4.0	0.4424624661341238	130.894
4.5	0.15981382843346534	22.659
5.0	1.5601743123757363	98.588
5.5	0.5820395061795413	130.886
6.0	0.7410337763706407	91.067
6.5	0.15424173186964138	20.714
7.0	3.328715445640602	50.529
7.5	1.0259138982208038	26.05
8.0	0.16408448906967638	23.588
8.5	0.8953736680847062	149.65
9.0	0.4955790780615419	504.305
9.5	0.16499533091117932	10.989
10.0	6.257684128952285	168.784
10.5	1.8131301428454292	96.23
11.0	1.0630763915380501	71.697
11.5	1.826491261963866	80.614
12.0	2.3392480746860054	80.586
12.5	1.7497994772020657	31.354
13.0	0.9606970665752461	110.636
13.5	0.16112151561712373	19.255
14.0	2.5815485085328027	22.243
14.5	0.5543499090642849	121.129
15.0	2.3798382283944	40.337
15.5	1.497888645514536	50.451
16.0	1.678196777471307	48.076
16.5	2.488675438795477	26.203
17.0	1.0857481760003729	60.5
17.5	2.1917312069248807	36.197
18.0	1.7430717786320302	80.471
18.5	2.849824578783336	100.667
19.0	1.3078757062944537	63.579
19.5	1.8926419944988169	30.215
20.0	1.8550468879517494	97.445
20.5	1.64832023879778	50.362
21.0	1.7585526959526638	30.234
21.5	1.9113214940535772	85.431
22.0	2.170183124668347	80.492
22.5	1.77129971941117	42.297
23.0	1.7120754238015559	16.07
23.5	2.0733685385484666	100.542
24.0	1.9535314823735563	70.388
24.5	2.2770061068042997	71.174
25.0	1.5861117595395708	60.151
25.5	2.064237168422418	118.902
26.0	1.7267153599605936	70.531
26.5	1.3262727115117823	60.483
27.0	2.3546250550363785	40.105
27.5	2.007432307474374	47.011
28.0	2.221033225569954	15.191
28.5	1.8977227795203044	70.433
29.0	2.164014204676132	100.672
29.5	2.263740112890634	110.752
30.0	1.9076357188816917	60.053
30.5	1.7087377191547202	32.102
31.0	1.5882283795823093	80.441
31.5	2.209565187586716	40.291
32.0	1.9264725026950191	80.727
32.5	1.9824223725732237	90.636
33.0	1.8906410333171686	40.322
33.5	1.5239401165885724	99.682
34.0	1.9901922628125204	15.623
34.5	1.3549147676149964	50.282
35.0	1.7808797789692075	16.823
35.5	1.6750815975421036	99.791
36.0	1.7558010634443546	116.497
36.5	2.026024768240738	110.729
37.0	1.7678579209581662	110.627
37.5	1.9275444717565682	80.535
38.0	1.998241772762932	80.548
38.5	2.0436738608858227	131.366
39.0	1.8238497318943838	27.02
39.5	1.9779817526634682	26.651
40.0	1.44551898157768	61.245
40.5	2.0489422900829246	40.269
41.0	1.862590066272811	70.476
41.5	1.9389060254849146	20.239
42.0	2.1537095255300542	36.893
42.5	1.445293559176608	78.261
43.0	1.9395935322621014	39.838
43.5	2.2182917863758997	70.331
44.0	1.5008788272986266	60.479
44.5	1.5774942754193213	40.19
45.0	2.5769216808109743	111.033
45.5	1.5896351444224102	70.257
46.0	1.9101501465919815	60.434
46.5	1.5678118548878983	71.638
47.0	1.5589024648760572	70.359
47.5	1.6323585240919458	41.093
48.0	1.690542152894925	80.445
48.5	1.1034839324447605	150.882
49.0	1.2963589010148393	54.687
49.5	1.7919389488798472	88.681
50.0	1.3458627048068215	60.586
50.5	1.5594398393478863	120.584
51.0	1.7508914817368435	71.593
51.5	1.7586835252239792	80.603
52.0	1.6192512721977312	110.355
52.5	2.1273716295057947	105.799
53.0	1.8957650997051239	72.352
53.5	1.2109252963094326	80.49
54.0	1.7393136279979764	110.704
54.5	1.7388299595703183	90.53
55.0	1.744431310245733	26.122
55.5	1.7568727440739242	30.257
56.0	2.1290776676664356	80.597
56.5	2.254314924536287	16.102
57.0	1.9287989949143187	110.251
57.5	1.3781193821542144	33.638
58.0	2.311980999805325	80.676
58.5	2.0285477747537857	60.419
59.0	1.6594626254533311	80.542
59.5	1.7739165604654084	90.523
60.0	1.6127005021485676	15.162
60.5	2.0951347691974234	50.377
61.0	1.4932851512846481	100.862
61.5	1.3918282353126472	110.702
62.0	1.718553713623457	113.191
62.5	1.7876774661049404	30.257
63.0	1.3173979731630585	65.348
63.5	1.5785422160696285	130.96
64.0	2.1627669712969477	90.664
64.5	1.2830873624890335	128.574
65.0	1.8932808848101133	41.433
65.5	1.322946353806479	44.974
66.0	1.9118522621232554	80.539
66.5	2.6071860093586903	81.233
67.0	1.2773856562344552	39.313
67.5	2.4037993687370665	100.943
68.0	1.8970598899844624	93.702
68.5	2.469126710798054	89.357
69.0	1.6716680275594076	121.054
69.5	1.3833970899227672	76.681
70.0	2.3811635768134165	67.204
70.5	1.8860366127307824	70.177
71.0	1.6958288293732033	60.325
71.5	1.8835777044626592	80.784
72.0	1.5394395733830473	27.892
72.5	2.219557070939359	67.866
73.0	1.3896139415035207	38.075
73.5	2.3377761665985966	46.858
74.0	2.041385070004308	20.211
74.5	2.048385168649542	20.256
75.0	1.267018936341895	16.974
75.5	2.375295884162721	30.22
76.0	1.7556610579552792	20.213
76.5	1.530608374548218	40.309
77.0	1.7706495819701948	51.418
77.5	1.7152654268669032	155.71
78.0	2.223322743254315	73.443
78.5	1.8013211504552922	47.805
79.0	1.2477100476149343	35.518
79.5	1.8291093076789142	50.273
80.0	1.7330533681668687	68.058
80.5	1.2983558314070345	40.504
81.0	1.64602246901408	127.769
81.5	2.1680789187195004	102.653
82.0	1.8540405742304553	35.7
82.5	1.3721817660573368	60.41
83.0	2.3364423371381817	50.448
83.5	2.1258222573536334	60.489
84.0	1.716822072280176	50.469
84.5	1.6835928770813025	80.489
85.0	2.1448961661651107	70.331
85.5	2.0149863382616213	80.646
86.0	2.0385351497562065	80.317
86.5	1.441533238255976	90.808
87.0	1.6274383024377308	29.171
87.5	2.049731491305723	36.641
88.0	1.5228976018196771	30.198
88.5	1.3031250072202203	40.308
89.0	1.5702492781277158	30.244
89.5	2.3155848138142576	16.025
90.0	2.1499378369418145	30.219
90.5	1.541091148437062	80.627
91.0	1.980707558006446	48.207
91.5	1.5034075973726293	112.235
92.0	1.8152329105420721	137.253
92.5	1.3223462706536424	50.384
93.0	1.6764659924929657	100.416
93.5	1.8982056436604098	50.323
94.0	1.7208809226942032	60.409
94.5	1.3924448342912545	90.7
95.0	1.8718540969587494	50.19
95.5	2.564203691810416	16.742
96.0	2.001874194684157	70.604
96.5	1.7269564166064397	80.487
97.0	2.2870911733912944	35.905
97.5	1.7916559181584002	80.419
98.0	2.0712107809955995	30.314
98.5	1.7128217428114498	15.156
99.0	1.8187660551352605	70.391
99.5	2.1823709554370256	60.421
100.0	1.5266684730644038	55.729
100.5	1.9716186232500656	130.674
101.0	2.1541740489058414	51.298
101.5	2.278832663429967	74.687
102.0	1.6751823237990662	29.136
102.5	1.6252889102673465	60.391
103.0	2.176923449765635	80.65
103.5	2.06705109564263	119.47
104.0	1.3885100594142943	60.364
104.5	2.2190769436807307	60.492
105.0	1.5947266869271017	113.36
105.5	1.6770049096352122	80.575
106.0	1.3622250686385304	36.591
106.5	2.3083234699932818	40.368
107.0	1.5319629978194258	100.658
107.5	1.5061670822827276	50.361
108.0	1.7323851952099496	80.737
108.5	1.761453789503031	20.299
109.0	1.8064659899202786	110.701
109.5	1.2826770892529418	50.339
110.0	1.7788442971651697	30.218
110.5	1.9438299069354579	70.533
111.0	1.7091185489791902	84.657
111.5	1.8094269148888829	67.166
112.0	2.0696067199188253	29.996
112.5	1.5417851390807567	50.496
113.0	1.9249758956882523	20.162
113.5	1.8484190836314136	88.563
114.0	2.0382990479667837	139.389
114.5	2.297672006250972	60.529
115.0	2.3957932680098057	36.04
115.5	1.061876273975466	20.139
116.0	1.9657156034297996	70.301
116.5	1.457576899832362	70.559
117.0	1.7323330542716302	40.302
117.5	1.7146188649469394	39.876
118.0	1.7276065081730183	123.72
118.5	2.0967163334891525	69.008
119.0	2.101513272491842	92.54
119.5	1.535979562267024	30.252
120.0	2.204316512385412	30.151
120.5	1.8587481792158262	65.877
121.0	2.0873730325666764	50.287
121.5	1.8434825987533976	78.632
122.0	1.4660227229265521	141.037
122.5	1.774444302893513	30.223
123.0	1.7200671234047238	60.314
123.5	1.8713679442088993	105.68
124.0	1.9541894256793597	82.448
124.5	1.6050616330211258	60.276
125.0	0.08677398563743556	129.394
125.5	0.997329791350934	110.813
126.0	1.14848128115658	87.971
126.5	1.1208908935770963	101.751
127.0	0.7159035924625015	70.457
127.5	0.7878048682871512	100.54
128.0	0.9228891441271373	68.95
128.5	1.287199450508433	48.003
129.0	0.5346103536311141	17.173
129.5	0.5039545174184884	70.517
130.0	0.8826301680763233	70.517
130.5	0.801012341802571	50.378
131.0	1.1329486687329589	130.959
131.5	1.0037474044758528	73.332
132.0	0.8297694056931127	109.101
132.5	0.43909495086321865	50.483
133.0	-2464187.6537615224	139700394832.496
133.5	0.1268170499345151	32.557
134.0	2.5813475933006518	12.941
134.5	1.7111363466790306	100.503
135.0	2.328244891466644	50.79
135.5	2.3655576446904596	20.191
136.0	1.682408172308131	31.703
136.5	1.8206876794781712	16.598
137.0	1.7369122116595033	118.413
137.5	2.097332729474327	120.805
138.0	1.7722624041994743	70.269
138.5	1.503522953884543	141.457
139.0	1.9249012518988133	14.413
139.5	2.039816942730153	70.447
140.0	1.8354164372630466	13.919
140.5	1.4316722742440944	90.646
141.0	2.4907863026650747	110.923
141.5	1.7151316832026589	110.826
142.0	1.7990636544787744	79.282
142.5	2.3507323250592376	30.186
143.0	1.4267293951234086	43.899
143.5	1.6970647859708747	17.589
144.0	2.016135412422421	20.268
144.5	1.806923826648124	16.326
145.0	2.065712183018517	30.178
145.5	2.0192271689236114	94.032
146.0	1.3365771704850486	80.531
146.5	1.7628793945668824	81.74
147.0	2.0664236949861	110.404
147.5	1.7136150933464422	64.558
148.0	2.1248898151503632	42.324
148.5	1.2839626560229407	12.645
149.0	2.078150397036185	11.892
149.5	2.008523056000313	70.41
150.0	1.9316658972041238	90.688
150.5	1.6886740537569074	46.426
151.0	2.042350263353643	40.01
151.5	0.9634725992328693	120.875
152.0	2.210470221568429	90.353
152.5	1.7328964291045326	135.329
153.0	2.3459834258020873	141.203
153.5	1.123930179466267	131.405
154.0	1.7556867887841732	40.242
154.5	1.8556144891866226	50.673
155.0	1.9551299632990486	80.581
155.5	1.2859921016042293	12.107
156.0	2.207800444139494	70.491
156.5	2.048807061580422	42.821
157.0	2.315841386594434	62.042
157.5	1.4941988143797045	42.623
158.0	1.4988176790478525	65.899
158.5	1.9873674743733185	69.798
159.0	2.18336579334514	70.436
159.5	1.3316622602658352	12.464
160.0	2.500719911464114	33.407
160.5	1.6744764864272053	14.87
161.0	2.148414523890789	74.508
161.5	1.885595662804425	60.214
162.0	1.8855072279525098	19.929
162.5	2.0144411687570423	23.097
163.0	1.5853873679340422	82.259
163.5	1.7749967845805568	60.416
164.0	2.087599996073161	30.111
164.5	1.7772043620410294	11.842
165.0	1.9672843224893029	70.522
165.5	1.5182950230912298	110.485
166.0	1.8061360074888988	87.645
166.5	1.6648356846735524	53.113
167.0	1.8849411237089717	110.717
167.5	1.85806769427858	50.285
168.0	2.120660368034228	73.943
168.5	2.288536787068865	60.063
169.0	1.18073447079446	111.008
169.5	1.5616878828815717	13.586
170.0	1.8854315700916986	100.631
170.5	2.0320172955627838	80.532
171.0	1.5727906728546757	70.501
171.5	2.347419213640754	90.573
172.0	1.954847866753228	60.513
172.5	1.6675998117004502	20.113
173.0	1.7651228674884893	18.07
173.5	1.5914345016500366	45.271
174.0	1.5369773998299043	30.349
174.5	1.3978236958842976	18.699
175.0	2.1478722088899542	30.567
175.5	1.5704055422561825	44.919
176.0	1.2777853858717196	130.841
176.5	1.2281102067623526	76.518
177.0	1.9883507591229985	30.14
177.5	1.6333717061740587	41.313
178.0	1.649295417353662	80.501
178.5	1.9696773893997293	60.358
179.0	1.7075914577389957	47.256
179.5	1.6172321308037307	120.67
180.0	1.586336188606554	120.821
180.5	1.9756752509007258	105.703
181.0	2.1172737191094444	136.836
181.5	2.3187811693646476	16.584
182.0	2.58235190896963	62.985
182.5	1.423348967396078	52.775
183.0	1.738335432503178	20.768
183.5	1.6995535938121993	90.448
184.0	2.159940777906799	30.352
184.5	1.5699009529623118	90.655
185.0	1.8954021123616023	20.064
185.5	1.8007412150292936	80.506
186.0	1.426672376425126	100.681
186.5	0.9053489496726789	131.026
187.0	2.1411435074164413	110.892
187.5	1.6989258248624768	50.335
188.0	1.8438334011535988	60.303
188.5	2.0839507045831245	12.938
189.0	1.7218115281546151	120.814
189.5	1.9565979734622796	80.596
190.0	1.7045342864636466	60.35
190.5	1.3658582477830579	70.598
191.0	1.6271818829850622	70.346
191.5	1.9524854293129073	140.87
192.0	1.6082479967154537	70.377
192.5	2.110309841748352	100.6
193.0	2.0559694359424325	12.747
193.5	1.97031775024441	43.203
194.0	2.00066601969056	48.36
194.5	1.6762088120860028	20.08
195.0	1.4664563213675836	16.065
195.5	1.9450799161257113	30.3
196.0	1.4345642371261946	20.199
196.5	1.2604676683856624	30.209
197.0	1.9940981553773611	90.387
197.5	1.356156693903943	120.799
198.0	1.8916472303957232	72.668
198.5	2.5007151471928366	31.074
199.0	1.422810891559342	11.744
199.5	2.0585196577643634	136.536
200.0	1.363657699520268	83.519
200.5	1.8215086989079112	50.514
201.0	2.088335049659225	30.163
201.5	2.1141725403062877	72.792
202.0	1.5417887964016888	62.908
202.5	2.493772134762142	124.242
203.0	1.3804237584592014	41.99
203.5	2.7709246524488624	60.65
204.0	1.7071480014426201	70.417
204.5	2.1420728595579734	11.926
205.0	1.832900502160054	90.682
205.5	2.0919627258227997	111.976
206.0	1.1188581649548381	34.608
206.5	2.156581222360179	20.193
207.0	2.1530548366674203	98.438
207.5	2.158296303272713	70.546
208.0	1.3103904776058286	12.153
208.5	1.5706900641355637	41.564
209.0	2.028601690721212	90.523
209.5	1.8740915130539044	30.38
210.0	1.4695446071832943	171.757
210.5	1.86502293057021	90.682
211.0	2.079392215864184	90.594
211.5	2.099648088194879	62.089
212.0	1.9399432742647427	80.588
212.5	1.6180597163266504	15.993
213.0	2.118993920952585	60.416
213.5	2.1225986027446684	45.583
214.0	1.571703507328506	80.479
214.5	2.1605170979807973	14.705
215.0	1.513686323739592	100.584
215.5	2.14002261239517	30.227
216.0	1.4968342729070963	94.0
216.5	2.027839613554292	12.341
217.0	1.9167057537341807	50.288
217.5	1.9022808030901572	110.803
218.0	1.2230616622263626	90.498
218.5	1.8665706050054673	30.2
219.0	2.3993691340828422	20.12
219.5	1.2154671550980136	120.893
220.0	2.59576347592073	43.178
220.5	1.49172449936982	30.289
221.0	1.8141149145267514	60.438
221.5	2.470027244788271	40.567
222.0	1.7493542729115577	100.808
222.5	2.0337698405308253	60.419
223.0	1.979303259546974	110.927
223.5	1.6906952026759676	100.719
224.0	1.1876325316359997	130.811
224.5	1.868900842235869	12.009
225.0	2.067676499980866	20.206
225.5	1.0139268746680412	75.228
226.0	1.974570485707522	130.823
226.5	1.6256419140721008	130.821
227.0	2.688588858501241	58.4
227.5	1.258417353225071	60.409
228.0	1.9091865425820684	70.393
228.5	1.6032644413532564	80.615
229.0	2.347455829316314	84.402
229.5	1.8278144427681275	27.184
230.0	1.806027996821158	23.196
230.5	1.9577735480255314	39.999
231.0	2.0221219551462046	20.086
231.5	1.3997137559810988	30.281
232.0	1.887365033212248	74.748
232.5	1.386204167963976	32.205
233.0	1.7644018807669786	40.064
233.5	1.9078990234710733	41.908
234.0	2.0717941081629636	30.184
234.5	2.267136098928497	30.069
235.0	1.6761101321369631	12.96
235.5	1.9235852814673735	64.678
236.0	1.958777687784734	60.436
236.5	1.7655210779542854	62.315
237.0	2.1928656113226697	70.466
237.5	1.9907038389513791	24.261
238.0	1.59329578508918	110.675
238.5	1.6091273377285649	90.488
239.0	2.177169895984749	162.94
239.5	1.4543846353696335	60.647
240.0	1.7280144567332578	90.668
240.5	2.451266428694045	100.462
241.0	1.5772359499044994	30.354
241.5	1.330850793315842	50.567
242.0	1.588031523553073	120.702
242.5	2.332028236496657	63.03
243.0	2.077978990533652	80.649
243.5	2.4859149935081795	20.093
244.0	2.0486660078547807	100.639
244.5	2.031207537434081	70.475
245.0	2.1478093837879406	70.339
245.5	1.3291530303706767	110.718
246.0	1.6306330036617989	63.755
246.5	1.995825166220551	35.561
247.0	1.6600380881870054	30.045
247.5	1.3479585502304074	90.625
248.0	1.7666274747600925	12.438
248.5	1.6145619805181577	50.405
249.0	1.8277842622775615	12.156
249.5	1.9931228239551575	17.121
250.0	1.63101784555034	13.606
250.5	2.6921973003146378	30.394
251.0	1.5604916215265883	105.145
251.5	1.7193195065901108	80.399
252.0	2.049915851911983	30.203
252.5	1.738050351070051	42.22
253.0	1.885921797694461	44.839
253.5	1.530296948967128	112.106
254.0	2.0953839007579855	90.505
254.5	2.122249955385116	13.721
255.0	1.6748091251635049	64.815
255.5	1.9815298984879288	80.524
256.0	1.830158174627898	80.699
256.5	2.294400858525639	90.399
257.0	1.4878735203628228	62.292
257.5	1.8738974343591368	90.532
258.0	2.3242715884904492	41.817
258.5	1.6259116825411755	80.613
259.0	1.8535066874317057	90.54
259.5	1.836070670863183	30.198
260.0	1.3755807791837058	60.431
260.5	1.7307440451153115	72.437
261.0	1.7478673896242278	30.224
261.5	1.660343568111409	43.749
262.0	1.8067105540288024	90.452
262.5	1.994230466752206	90.481
263.0	1.5508377857847155	45.283
263.5	1.8285996824131046	30.263
264.0	1.492516327061184	100.607
264.5	2.105490993544627	80.653
265.0	1.3583720696699197	11.669
265.5	2.2548918240790776	42.063
266.0	1.5779576444004046	93.59
266.5	1.588473513867507	30.304
267.0	1.0515737559190592	110.716
267.5	1.7281244344345281	89.066
268.0	1.9239947191255693	60.338
268.5	1.8875749244998115	42.051
269.0	1.2090003243726193	130.744
269.5	1.9851354207573912	70.393
270.0	2.1441440925541775	62.841
270.5	1.7951937231573156	30.256
271.0	1.6773842654502913	11.523
271.5	1.7256782148304266	30.278
272.0	1.3560576737003391	82.248
272.5	1.9979546839415738	42.111
273.0	1.91701090798851	110.721
273.5	2.137569735766489	130.618
274.0	1.9655787237705202	30.204
274.5	1.127507950047062	80.476
275.0	1.278048400525372	95.017
275.5	2.353325452075146	110.68
276.0	1.7723466080322758	80.526
276.5	2.16787855388763	100.295
277.0	1.755199407362336	75.025
277.5	2.189300148012108	22.738
278.0	1.8721512143357106	30.174
278.5	1.8081545654026452	50.379
279.0	1.531056186134184	60.498
279.5	2.0788190516587437	74.259
280.0	2.036278145944021	50.221
280.5	1.035240365134392	60.455
281.0	2.089463859354476	43.282
281.5	1.716911925276636	14.912
282.0	1.731968020646652	72.923
282.5	1.6697390651381805	22.046
283.0	2.0890819663325866	74.261
283.5	2.0800592456927673	119.594
284.0	2.123148508856763	50.402
284.5	1.182601386973848	50.404
285.0	1.9094995696351211	93.301
285.5	2.4870668814851564	50.403
286.0	1.710237041261097	100.576
286.5	2.205866272539237	11.444
287.0	1.3295503915055247	140.924
287.5	2.1650107123989804	50.357
288.0	1.5958778241004299	70.517
288.5	1.7225357654514928	110.716
289.0	2.150679895595879	60.468
289.5	2.201765577449338	70.5
290.0	1.7541110085426188	70.464
290.5	0.53843992291825	12.189
291.0	3.7569228905305203	46.591
291.5	1.44131273178313	80.623
292.0	1.453274196668456	110.687
292.5	1.5745545264092164	20.078
293.0	1.7313745903325626	10.953
293.5	1.8720091001710326	41.736
294.0	2.0186865033097807	13.667
294.5	1.5737879572757245	30.205
295.0	1.888129479632739	139.611
295.5	1.8378333256373496	83.647
296.0	2.3842030911447756	80.445
296.5	1.7032407321012804	110.626
297.0	2.0666474282251563	80.541
297.5	2.091885814437097	26.074
298.0	1.1208275459679207	110.728
298.5	2.0303117465607854	90.546
299.0	2.447352145328975	60.339
299.5	1.8298629053303037	90.838
300.0	1.7753591591367772	30.243
300.5	1.943660917790973	82.603
301.0	1.692336808950009	60.602
301.5	1.7962760184434636	44.622
302.0	1.9236374247480281	30.204
302.5	1.5861371244018925	110.85
303.0	2.2108660377866856	57.655
303.5	1.5022492467144182	50.333
304.0	2.0770223710818216	43.299
304.5	1.5044510505361164	70.332
305.0	2.39726345254752	30.306
305.5	1.4871762576448575	91.502
306.0	1.7708800005460819	80.495
306.5	2.1696758977745008	93.157
307.0	2.2354458866933555	100.622
307.5	1.658815120827976	80.48
308.0	2.3187510736627774	13.741
308.5	1.6986603509409288	85.856
309.0	2.1703596545460524	80.642
309.5	2.041353166406484	43.642
310.0	2.191153451653025	80.59
310.5	2.2011356749949287	20.197
311.0	1.968767531447895	80.566
311.5	2.00619481064346	12.566
312.0	2.66737608887456	28.447
312.5	1.2898386536760575	80.482
313.0	1.7076184178624223	30.176
313.5	1.5923068762689996	110.719
314.0	1.7563455977365878	100.538
314.5	1.8936058291644033	42.638
315.0	2.1155620052913173	110.812
315.5	1.4662263447841606	73.949
316.0	1.4237203466689785	100.745
316.5	2.1096039221856713	42.019
317.0	1.9867867223461282	53.794
317.5	2.0958037095664857	20.232
318.0	1.6125116378762843	69.29
318.5	1.5545958685397825	40.247
319.0	2.205306321029817	30.181
319.5	1.817264243127634	40.339
320.0	1.6941127839649952	30.395
320.5	1.5263948083910492	70.593
321.0	1.5231442258219625	90.7
321.5	2.0289926309879864	12.205
322.0	1.660516178468311	21.164
322.5	0.1600259496829799	13.543
323.0	2.9374187741175106	90.404
323.5	0.15319057552891313	13.682
324.0	1.8562700102302816	60.561
324.5	0.771389093571755	100.577
325.0	0.6012285556963937	100.917
325.5	0.42494304310982833	120.948
326.0	0.52013418078519	83.313
326.5	0.6583140934977987	130.871
327.0	0.747077013010115	15.041
327.5	0.4379304460878736	120.747
328.0	0.43915099920292333	80.724
328.5	0.6825669355582394	141.103
329.0	0.5863504746926712	32.29
329.5	0.6321002130925666	120.976
330.0	0.5515479473968509	110.7
330.5	0.5164514772339893	14.821
331.0	0.5405034094214304	74.502
331.5	0.6529976206767839	90.914
332.0	0.6104257783238822	130.941
332.5	0.5834728391059868	35.773
333.0	0.6852006846116109	80.702
333.5	0.8678275940385518	60.543
334.0	0.5978615764884758	14.945
334.5	0.48956872543627594	14.43
335.0	0.9173562965873276	80.441
335.5	0.5340965283791103	69.131
336.0	0.7810771304229095	20.21
336.5	0.7421302238222303	16.8
337.0	0.5294031949875098	30.074
337.5	0.679228144454541	90.709
338.0	0.8045663391970795	15.13
338.5	0.5513273676255726	125.681
339.0	0.5498264704656631	13.292
339.5	0.4283373053837843	130.92
340.0	0.6135298668799045	140.94
340.5	0.6812110066186111	13.192
341.0	0.6156451022624132	44.599
341.5	0.813326239438626	15.34
342.0	0.6001984826586414	82.337
342.5	0.5227018519711937	105.127
343.0	0.4891423662801764	120.866
343.5	0.4993095967359482	90.573
344.0	0.4800983889750893	21.981
344.5	0.549871779032533	141.039
345.0	0.2679045776744436	484.869
345.5	0.37500586382382484	110.787
346.0	0.6886384777113147	423.323
346.5	0.6667932498305597	927.424
347.0	0.4452936476319633	929.955
347.5	0.7973879172617758	33.134
348.0	0.49690542433738233	116.447
348.5	0.8937029630613006	120.912
349.0	0.34847233806468125	120.83
349.5	0.2864043852534163	175.482
350.0	0.981745604315881	100.786
350.5	0.3992663990871486	120.703
351.0	2.7884419207746554	70.674
351.5	0.4727275223828929	150.986
352.0	0.21076436989633585	34.565
352.5	0.06831690350659483	89.288
353.0	1.313347724093028	22.86
353.5	0.5811106095678071	23.013
354.0	11.202496862746798	32.122
354.5	0.4465285325278429	24.973
355.0	0.8494283594106998	85.415
355.5	0.5797828235639886	21.794
356.0	0.6785831570830186	21.611
356.5	1.645685561221492	111.098
357.0	0.3454985408899767	52.218
357.5	1.5085410631495255	40.39
358.0	0.7988009480890913	22.509
358.5	0.04945949613079437	23.193
359.0	0.5219136909320025	146.378
359.5	1.2402532168422957	100.834
360.0	0.5518023158401432	27.988
360.5	0.6836533797153801	30.272
361.0	0.6466404591705316	60.278
361.5	0.583623201109863	110.79
362.0	0.8516129525083971	80.664
362.5	0.24218094555074865	28.545
363.0	3.442865707517848	136.89
363.5	0.4203366064093183	31.678
364.0	0.4792189138970186	123.531
364.5	0.7156032351230426	130.838
365.0	0.3521329646747384	110.797
365.5	0.3723935001714221	25.104
366.0	0.8585993573453652	130.84
366.5	0.6199938098521129	120.809
367.0	0.4018684698080011	70.498
367.5	0.6371020483882582	80.197
368.0	3.768619851587435	21.982
368.5	0.22532857221379385	21.388
369.0	1.7430468692985435	60.485
369.5	0.27583784484550145	21.166
370.0	1.9614351408348885	70.771
370.5	0.2580998339628102	150.76
371.0	0.12914002160795096	16.876
371.5	4.083631441293268	121.127
372.0	0.5077388547805716	40.343
372.5	0.5388319921363911	99.267
373.0	0.6891898552714496	109.638
373.5	0.44212280410707433	161.325
374.0	0.709975401616864	17.845
374.5	0.7142273086225911	101.028
375.0	0.4692715381678342	100.785
375.5	0.5059109098419846	100.748
376.0	0.6410530496512538	20.226
376.5	0.6336510072886131	40.36
377.0	0.5825051829450199	38.601
377.5	0.8572151360370839	90.698
378.0	0.719705871233518	90.864
378.5	0.4528504457797956	136.263
379.0	0.9487786128705842	70.673
379.5	0.46796426147427067	35.269
380.0	0.5993894247107652	120.797
380.5	0.7477860763891476	334.528
381.0	0.7973999875976883	38.315
381.5	0.458780257749979	201.46
382.0	0.7807322648911836	120.868
382.5	0.5940276725888178	60.517
383.0	0.8749645209453282	107.391
383.5	0.5976667142131332	40.522
384.0	0.6390269184230275	31.933
384.5	0.13267167832191915	21.905
385.0	3.7344478176609046	60.69
385.5	1.9660205751664424	30.237
386.0	2.6281407532363783	60.715
386.5	0.1733845958707826	73.076
387.0	3.2062128774403615	73.982
387.5	0.16846924370337035	12.253
388.0	0.9918093055919484	110.291
388.5	0.13172780906190165	13.955
389.0	6.5708806158514586	64.06
389.5	2.117457612714079	81.491
390.0	1.9926889566827641	100.668
390.5	1.7196816658977208	50.364
391.0	1.7996270065238766	15.192
391.5	1.4469516323529412	51.463
392.0	1.9987256933728512	18.16
392.5	1.5517576971912992	139.253
393.0	2.5443163904523587	110.954
393.5	1.6693188559605239	18.559
394.0	1.395588846397369	60.46
394.5	1.862744671874574	80.547
395.0	2.1976326632258187	30.228
395.5	1.644620304268628	100.717
396.0	2.129433315579262	30.113
396.5	2.5491055367024598	12.788
397.0	1.7612020907126518	40.332
397.5	1.7519370955893878	80.439
398.0	1.810522902580021	70.475
398.5	2.2101604208320076	110.951
399.0	1.7941318099627017	80.685
399.5	2.145020646998848	50.273
400.0	1.4711480645340498	100.788
400.5	1.6950051102936285	70.632
401.0	1.56932047220453	130.904
401.5	1.6300936592846216	80.552
402.0	2.5628707733774867	84.424
402.5	1.902053824630768	40.335
403.0	1.6306192961839465	34.146
403.5	2.0767855646181452	63.45
404.0	2.2599084131541622	60.475
404.5	1.9669521927385	34.655
405.0	1.8760904654111343	60.467
405.5	1.6867450317026895	70.269
406.0	1.8374606065778816	110.91
406.5	1.7204882644036315	100.604
407.0	1.7119685665786424	12.205
407.5	1.618801309547319	30.098
408.0	1.7899739408702202	15.116
408.5	2.1534792014178104	103.621
409.0	1.7279779832059223	50.37
409.5	1.3904737907515927	80.711
410.0	1.4813522837490416	73.081
410.5	1.347174818977291	110.877
411.0	1.5951645939938834	82.727
411.5	2.1101003036040247	30.2
412.0	1.4244082528972593	140.948
412.5	1.8857409461881185	70.551
413.0	1.949072444588816	52.439
413.5	1.9263010719178453	41.885
414.0	2.4008851537112603	30.117
414.5	1.7875120998639202	31.795
415.0	1.4038646906121675	30.155
415.5	1.7862172844818673	90.708
416.0	1.6872171391186965	100.69
416.5	2.111526451041547	116.162
417.0	1.704342461628003	82.928
417.5	1.800941893657572	50.359
418.0	2.377647627808447	30.211
418.5	1.954377331510332	60.569
419.0	2.0536205601492608	92.999
419.5	2.1607817776700387	80.558
420.0	1.9445841700824036	70.405
420.5	2.1577510814560084	32.62
421.0	1.9896982706614776	90.659
421.5	1.411220585376508	34.089
422.0	1.6470938941165087	70.491
422.5	1.8762362565389001	40.455
423.0	1.5363156829468267	34.291
423.5	1.8278056032987382	70.567
424.0	1.5314259747395165	44.112
424.5	1.5609603733642672	73.14
425.0	1.6970302531401913	50.322
425.5	1.639366094693016	100.721
426.0	1.9994799238364145	12.317
426.5	1.7450222489758782	23.518
427.0	1.5929992159267115	50.213
427.5	2.364382656853647	30.228
428.0	2.121332717664606	35.387
428.5	1.9117110967870052	51.333
429.0	2.5011302815789156	58.81
429.5	1.7396550759453846	11.773
430.0	2.5760659066707827	16.431
430.5	1.45103422651874	80.614
431.0	1.582594265963618	70.67
431.5	0.13607491696049387	24.993
432.0	1.8279472313767295	18.913
432.5	2.31448727048237	96.217
433.0	1.4697080671244136	100.753
433.5	1.8840614057855267	34.514
434.0	1.6406521054808114	110.76
434.5	2.239299791202682	252.248
435.0	2.347391513896528	15.023
435.5	3.019722687923251	80.715
436.0	1.4859260642406376	50.206
436.5	1.4556460351226026	90.636
437.0	1.2039103142549212	34.441
437.5	1.4093075941057858	151.177
438.0	2.189671316693566	90.667
438.5	2.133493841010263	44.422
439.0	1.474358200947113	20.213
439.5	1.9589556385821212	100.766
440.0	1.4442532264090362	110.704
440.5	2.46597610839791	50.184
441.0	1.7749119677659069	48.729
441.5	1.5626134921971997	20.934
442.0	1.3110654545513019	38.327
442.5	1.4284688255913267	15.942
443.0	2.2817785028383084	50.316
443.5	1.9407858811302294	80.522
444.0	1.9567117868625081	90.623
444.5	2.3105015222219603	78.605
445.0	1.849924239785566	55.901
445.5	2.973791381976253	16.912
446.0	1.8978336420464341	120.821
446.5	2.010834063559268	67.085
447.0	2.199864982167709	59.83
447.5	1.328906063050489	25.864
448.0	1.7542370184079334	30.188
448.5	1.669165886085707	130.732
449.0	1.503843980567054	56.501
449.5	2.53379720280917	110.572
450.0	1.5884892019912	131.011
450.5	2.5541075438280574	20.305
451.0	1.5777130586065469	60.507
451.5	2.172896202156271	35.394
452.0	1.6182275301978106	80.957
452.5	1.7346270878263148	40.245
453.0	1.8748043376644103	38.673
453.5	2.06168607341205	80.594
454.0	1.866737614709781	60.997
454.5	1.644227905754098	19.138
455.0	1.4238542941872594	21.188
455.5	2.0256857226941416	20.188
456.0	2.0607406484777204	70.459
456.5	1.7191840957795146	90.621
457.0	1.502358176429094	43.742
457.5	2.3436665242979733	100.771
458.0	1.9740229093290995	68.788
458.5	1.9302310626891095	90.597
459.0	1.8968088963782588	110.721
459.5	1.5190805295745762	100.579
460.0	2.0146372891665894	20.215
460.5	1.4077692405413889	64.456
461.0	1.4367746775272627	100.732
461.5	1.4441711532366637	80.407
462.0	1.6344811583443413	38.998
462.5	2.5315871772288667	81.333
463.0	2.387841500843397	50.413
463.5	2.53930023716851	20.267
464.0	0.9131621155738975	120.963
464.5	1.8401684895262824	70.319
465.0	2.2699474662557884	50.426
465.5	2.3402103066582134	40.151
466.0	2.1246608290955584	90.545
466.5	1.675879327101587	110.737
467.0	1.7121912647771262	19.684
467.5	1.6609722847774968	100.692
468.0	2.317700266283952	90.587
468.5	2.045465790986631	88.821
469.0	2.0909025007533497	90.226
469.5	2.302541706223122	50.263
470.0	2.0217708669184007	120.814
470.5	1.8919679297913856	98.082
471.0	1.972964616448896	69.403
471.5	2.339004266663607	142.107
472.0	1.9104151156818798	72.247
472.5	1.6937928146707204	100.655
473.0	1.9087568454513066	90.645
473.5	2.6106926200623732	15.331
474.0	1.6336583746016675	20.218
474.5	1.3724230333471599	40.252
475.0	2.336372500516521	101.294
475.5	1.8749440502429737	46.058
476.0	2.026636164746302	40.297
476.5	2.0543613285336892	70.694
477.0	1.4814146582427086	90.605
477.5	1.7887596564080044	102.35
478.0	1.0632238547920185	116.795
478.5	1.551380525515577	90.534
479.0	1.7416698562616206	80.529
479.5	1.9963456105879085	81.707
480.0	1.5432651836111395	110.78
480.5	1.97637979621056	90.611
481.0	1.936592054522064	70.555
481.5	2.0667050943141057	78.655
482.0	1.992925727479938	70.373
482.5	1.971003779812087	30.08
483.0	1.917955485537855	60.499
483.5	2.1920057904305628	87.869
484.0	1.7426289023892463	21.748
484.5	2.058651784626709	65.318
485.0	2.3562532863872843	67.898
485.5	2.0968690576419386	30.174
486.0	2.0603390749995705	88.917
486.5	1.9887600890960857	41.354
487.0	2.3994911477186087	120.797
487.5	1.7498044856076067	70.517
488.0	2.214280027870303	101.263
488.5	1.309579933344445	23.328
489.0	1.8159198907671328	13.449
489.5	2.3549410749490773	90.573
490.0	2.2769029766530737	100.918
490.5	1.2911053771984968	22.433
491.0	1.6850177698462474	24.946
491.5	1.843069132029849	130.034
492.0	1.5212639890404607	20.174
492.5	1.911097161817189	100.602
493.0	2.5430093030179037	20.122
493.5	1.2360208429248556	13.117
494.0	2.1947615234871174	50.194
494.5	1.4171316571012167	70.557
495.0	1.879103036875337	17.045
495.5	1.3937935633192384	20.25
496.0	1.881658788334651	106.45
496.5	1.8294794602294417	44.511
497.0	2.0932547318062307	90.723
497.5	1.3253562929326859	100.483
498.0	1.6092228960802932	26.239
498.5	1.9052518227202977	27.063
499.0	2.4937858654973346	60.414
499.5	1.205229646096251	110.638
500.0	2.0256590184452437	30.156
500.5	2.4363884631633086	25.595
501.0	2.291071575570242	60.602
501.5	1.34750964423227	90.715
502.0	1.4407545556764774	60.311
502.5	1.2208453214011874	123.084
503.0	1.560655585208697	112.229
503.5	1.2507093000852594	50.302
504.0	2.1623111621755053	20.191
504.5	1.4091383524101835	80.541
505.0	1.4949438695954964	110.704
505.5	1.7195475806509124	132.551
506.0	1.3477071466423964	57.942
506.5	2.5527897801318256	40.458
507.0	1.3359929078964723	110.713
507.5	1.6390353627012757	100.309
508.0	2.0230664774143	145.598
508.5	1.6899944200083852	110.645
509.0	1.6515464267045832	72.315
509.5	1.5360570633585533	80.489
510.0	1.7748138560350433	125.13
510.5	2.4603251437688956	30.569
511.0	1.4763783117070612	40.421
511.5	1.345178978346516	70.365
512.0	2.0218565206179364	80.737
512.5	0.8750329100741263	110.606
513.0	2.1867342445707614	90.373
513.5	1.5373135685853736	20.03
514.0	1.5935775779532548	40.37
514.5	1.112154655191784	100.605
515.0	1.5395593071599958	120.887
515.5	2.162207520665736	63.454
516.0	1.383294117132182	150.978
516.5	1.299229083049792	115.823
517.0	1.6782658299536795	66.019
517.5	1.6452819790109294	40.528
518.0	1.5170952247760334	70.426
518.5	1.9253239734474659	47.989
519.0	2.338518275130791	90.861
519.5	1.8574254848671699	38.886
520.0	1.3319038961684138	67.072
520.5	1.489855200602401	14.024
521.0	1.5456720225731175	80.661
521.5	2.186675902324195	70.695
522.0	1.2941146911277261	115.422
522.5	1.7647641756093524	90.434
523.0	1.3702670650473268	130.932
523.5	2.364839844715772	88.981
524.0	1.1749599042412264	192.036
524.5	2.9072209335647257	121.955
525.0	1.3987675558866859	41.149
525.5	1.7802416819237978	60.403
526.0	1.6923457689493209	100.589
526.5	1.911927699040866	40.198
527.0	1.6068934447946694	134.392
527.5	1.80632342235075	36.487
528.0	2.2996728981566252	37.162
528.5	1.290005389633197	60.257
529.0	1.374205513440875	90.74
529.5	1.5342476715521343	60.495
530.0	1.9772768748595257	60.336
530.5	1.9609654797395089	80.401
531.0	1.7457665977893597	70.795
531.5	1.476043921366988	40.32
532.0	2.327346437406015	109.422
532.5	1.8462116067052852	110.405
533.0	2.310592935823303	46.794
533.5	0.9240511963474493	40.247
534.0	1.8504429158124764	13.821
534.5	2.2395851205052337	60.39
535.0	1.4618273285934713	141.148
535.5	0.9185096550515601	77.462
536.0	2.082067606724048	110.774
536.5	1.7595348509096076	20.198
537.0	1.943668881272469	13.551
537.5	1.2655218754800097	60.441
538.0	1.67808241787287	91.763
538.5	1.69628832347152	140.926
539.0	2.458987084031994	50.458
539.5	1.224574010519075	38.229
540.0	1.574188527778615	19.952
540.5	1.6929271456180353	20.125
541.0	2.314983290723231	20.347
541.5	1.0642829935160663	44.094
542.0	1.5750974961672852	141.11
542.5	1.8240803017736693	70.628
543.0	2.264867175150282	20.128
543.5	1.6500229579749897	14.104
544.0	2.114269281291292	128.511
544.5	1.4998189753184994	90.537
545.0	2.1475646230550742	118.911
545.5	1.4086460361823319	80.447
546.0	2.4178912916478685	15.585
546.5	1.8850885353677382	36.205
547.0	1.4586719008422333	30.181
547.5	1.3362042551969133	15.239
548.0	1.6879877896648445	60.507
548.5	1.5916543294866183	78.298
549.0	1.751583885241391	40.361
549.5	1.5727314736884352	31.274
550.0	1.2094847244499436	130.8
550.5	2.304600155984801	13.764
551.0	0.8850101581561636	120.595
551.5	1.9203973717470246	70.45
552.0	1.4861318420615743	120.816
552.5	2.3764670676894037	113.939
553.0	1.3904659937637178	120.935
553.5	2.504315630608865	70.331
554.0	2.1271271092341104	23.367
554.5	2.2082542050112353	19.196
555.0	1.2292371397863482	118.868
555.5	1.8891824261922603	45.389
556.0	2.0683241964805448	130.793
556.5	2.5545187602464745	110.745
557.0	2.0105438761029086	50.392
557.5	1.8911043303105968	30.273
558.0	2.2569036207610877	37.476
558.5	1.80465732790179	141.135
559.0	1.8130252930784498	70.18
559.5	2.3864667518755494	80.493
560.0	1.4602462446734839	90.78
560.5	1.5714602972534364	90.559
561.0	1.8802976784461927	75.339
561.5	1.9482482447773335	21.823
562.0	2.023006806324163	29.913
562.5	2.1173652193300057	84.784
563.0	1.3556922045766044	34.002
563.5	2.451428028696865	60.413
564.0	1.4583729562671637	50.429
564.5	1.4779541541918277	50.384
565.0	2.0948930731608484	20.161
565.5	1.4837869880428556	110.591
566.0	1.9955194115207684	40.312
566.5	2.7087305736652505	50.486
567.0	1.3810111901449282	70.557
567.5	1.8685289526412543	80.599
568.0	2.0137748085140266	80.566
568.5	1.615748167260449	65.312
569.0	1.1176971273589398	120.767
569.5	2.3147735243621512	40.374
570.0	2.148491823518902	80.501
570.5	1.8892052274451188	80.57
571.0	1.594078004355347	70.608
571.5	1.940476738110014	40.194
572.0	2.079509139176044	40.372
572.5	1.6763001818802017	80.559
573.0	1.7495718951781247	90.546
573.5	2.023019895250229	30.208
574.0	1.8298220630020503	121.04
574.5	2.2517808248715006	90.643
575.0	2.414541041580939	50.192
575.5	2.4608659448493193	80.997
576.0	1.5068797666756126	50.426
576.5	1.2355440207723867	18.845
577.0	1.8210839026070604	110.765
577.5	1.5258754772814411	40.405
578.0	2.2495803130326664	25.63
578.5	1.522847702164983	44.204
579.0	1.7789558812563968	27.114
579.5	2.171102415609645	60.234
580.0	2.4356423615864156	70.509
580.5	1.4733508958320851	90.575
581.0	1.9674662117870485	90.435
581.5	2.0339048461997606	47.023
582.0	1.8043085421687313	20.147
582.5	1.5174427360574643	14.821
583.0	2.2158652217378116	81.962
583.5	1.2623691542008375	69.666
584.0	2.1352328244922147	96.386
584.5	1.6844427579429708	15.094
585.0	1.6180141781579196	14.044
585.5	2.2883773421230122	120.939
586.0	1.4982769268727916	68.365
586.5	2.5617915946889402	88.528
587.0	1.843333431524174	90.606
587.5	1.882765701983416	151.282
588.0	1.686511061322161	50.379
588.5	1.978501480245204	50.381
589.0	1.7202770450550844	90.616
589.5	2.3527686549617624	40.286
590.0	1.4854421830887308	67.363
590.5	1.987583579216584	19.319
591.0	2.1259577310137696	131.058
591.5	2.265143638443174	80.721
592.0	1.5843730368115188	30.2
592.5	2.1832020367568314	50.36
593.0	1.8803590922082531	110.77
593.5	1.6762988634270832	80.595
594.0	1.9865101602076274	19.288
594.5	2.0229421031713426	110.647
595.0	2.2195218359950424	13.615
595.5	2.233280939434401	86.372
596.0	2.020424358457406	74.928
596.5	2.0494894779409156	80.543
597.0	2.543014622993565	15.988
597.5	1.3777186570331261	90.659
598.0	2.0448634232929552	60.278
598.5	1.9696776502731013	60.387
599.0	1.4537965158408868	110.592
599.5	2.1918845833675538	70.404
600.0	2.4191485074760806	71.043
600.5	1.6511188586486307	30.174
601.0	2.3527910666457155	21.751
601.5	0.7938142701011451	110.724
602.0	2.0120302969060124	90.092
602.5	1.8601497582203954	141.047
603.0	2.079326897405986	19.978
603.5	1.0826562189512001	50.354
604.0	1.710174650047043	131.067
604.5	1.8022752293690838	576.198
605.0	3.407666534698731	20.376
605.5	0.9910477834726651	90.335
606.0	2.0655276075493902	15.247
606.5	2.37333285409565	60.696
607.0	2.2683207417500064	20.264
607.5	0.9679250737352662	75.771
608.0	2.075759560564065	90.383
608.5	1.9219152040074432	85.908
609.0	2.3343743894344886	69.733
609.5	1.2735460648092463	90.331
610.0	2.177170124785731	74.541
610.5	1.6341868804718405	40.245
611.0	2.2570775500499693	110.893
611.5	1.6575123171766837	20.111
612.0	1.7628852420313104	80.517
612.5	1.9688479160128987	110.855
613.0	1.9819281627668823	90.67
613.5	1.3654540466035374	43.64
614.0	1.6403510917748787	30.189
614.5	1.8347638976733547	36.879
615.0	1.4687328383119913	90.715
615.5	1.80326447338307	50.334
616.0	2.1496873234267926	80.401
616.5	1.6831295703261122	107.046
617.0	1.7843182344942703	131.019
617.5	2.2145136713622713	56.179
618.0	1.4287341162446403	99.262
618.5	2.019731013326101	48.051
619.0	1.670633681456746	17.258
619.5	1.7884827924037436	90.614
620.0	1.716548049991746	80.5
620.5	2.499780170262024	104.765
621.0	1.1631212910063158	110.789
621.5	1.6918335246369023	70.376
622.0	2.7577299102440755	30.22
622.5	1.890541957524223	30.294
623.0	2.1592851630752485	13.042
623.5	2.1201206164037414	40.179
624.0	1.8548192695479797	88.611
624.5	1.706227562086979	80.629
625.0	1.3507707428376594	29.601
625.5	1.5376488265635595	118.033
626.0	1.9102739148057655	80.346
626.5	1.4997372796083819	32.683
627.0	1.3193594987350727	20.191
627.5	1.7728176911045361	60.495
628.0	1.7209885228243613	38.339
628.5	2.247601694091326	80.468
629.0	2.027244341572394	70.597
629.5	1.825143043268768	90.66
630.0	1.9053368446988839	113.186
630.5	2.2959316736979214	110.778
631.0	2.2271420729441154	70.532
631.5	1.980814882591914	56.395
632.0	2.0492223258026714	70.593
632.5	1.3157215718286515	111.036
633.0	1.1205494427863139	485.478
633.5	3.497100140434698	76.126
634.0	1.8950271754340362	50.56
634.5	2.2072236103366514	21.191
635.0	1.4832815115390032	110.678
635.5	2.004517119370302	12.85
636.0	1.4590795160635077	50.325
636.5	1.5893597909865367	100.514
637.0	2.3483389490244586	20.784
637.5	2.2061776367604016	50.355
638.0	2.2731377677491267	80.626
638.5	1.4635472379840193	110.757
639.0	1.8673489217997017	100.685
639.5	1.7323807764331067	86.684
640.0	1.640244582903374	120.903
640.5	1.549741303363247	60.27
641.0	1.3573683672305605	130.836
641.5	1.9447984624529948	90.715
642.0	2.133458514780104	50.327
642.5	2.0963807060940103	80.741
643.0	1.8209710274292836	80.361
643.5	1.4707376736211295	110.947
644.0	1.8266792322995662	146.616
644.5	1.5360556237829432	59.08
645.0	2.070353351271488	100.701
645.5	1.0900668206412818	26.543
646.0	2.27222382287949	42.92
646.5	2.1807045050158957	20.047
647.0	1.696209495885554	44.778
647.5	1.7873802406030577	19.493
648.0	1.4732489377212694	84.965
648.5	2.0149787361302502	16.137
649.0	2.1163305161520096	37.026
649.5	1.4754543827300597	45.226
650.0	1.5275001522189255	90.621
650.5	1.9814989903940567	100.716
651.0	1.9050226228401494	20.337
651.5	1.9582749625340103	148.23
652.0	1.465646166937496	91.343
652.5	2.3110502755840785	40.301
653.0	1.9781394241968926	20.17
653.5	1.9868558700922645	171.988
654.0	0.9492881458276343	621.98
654.5	2.7213296633815176	70.541
655.0	2.752683522538547	105.664
655.5	1.174410082854321	110.75
656.0	1.2724596687697973	134.944
656.5	2.2824273166110345	130.766
657.0	1.8592562706923297	14.82
657.5	1.1533083210881698	90.542
658.0	2.2988871798454737	33.881
658.5	1.5416741091399762	80.558
659.0	2.21726871782266	108.514
659.5	0.6738526355888608	105.032
660.0	2.3266640579485807	110.859
660.5	2.1206497913007407	59.229
661.0	1.1854722125679742	35.206
661.5	1.5142559471611163	36.96
662.0	1.225410768029086	44.256
662.5	2.292749364994161	22.097
663.0	1.449447328287207	80.598
663.5	1.251893591286297	29.819
664.0	2.0496897585252465	90.353
664.5	2.3305104272837283	85.061
665.0	1.5057426125222673	30.176
665.5	1.3150478867025255	69.118
666.0	2.3617036002347853	25.382
666.5	1.7276720592868497	36.094
667.0	1.4529807452413206	84.452
667.5	1.7668171100623042	100.691
668.0	1.2618039325773103	69.318
668.5	2.152642794844361	78.407
669.0	1.3618581909744703	120.701
669.5	1.4943111003092122	42.216
670.0	2.381137450143964	112.187
670.5	1.324234576174091	42.708
671.0	2.444631578058675	30.168
671.5	2.293101639256679	70.284
672.0	1.8237706877484514	35.599
672.5	1.190682725143107	74.341
673.0	1.6850725369681196	78.685
673.5	2.2872314556225883	13.951
674.0	1.9504169110505276	88.948
674.5	1.2664902424370033	46.981
675.0	2.090496494448298	40.317
675.5	1.5401510797269944	119.504
676.0	1.9515029824017487	23.968
676.5	1.0225301508331204	30.271
677.0	1.680155791680262	140.776
677.5	1.6979465747092761	120.622
678.0	1.8105380756582252	80.529
678.5	1.764280989452636	20.271
679.0	1.7777789892816693	120.83
679.5	3.19836407323699	20.108
680.0	0.9021734950345781	76.693
680.5	1.809784708074316	16.268
681.0	1.395486001378976	50.395
681.5	2.2108831322695917	112.042
682.0	1.1617701040575548	110.455
682.5	2.7680269363584435	107.877
683.0	1.4509837463739044	70.608
683.5	2.032485244958755	83.994
684.0	1.396781650988747	97.361
684.5	1.4099297475737933	77.535
685.0	1.8740619211265226	80.374
685.5	2.4533971560202708	110.76
686.0	1.4303189375623637	30.212
686.5	2.0188913385644063	120.971
687.0	1.565581915727481	80.632
687.5	1.7432204574213477	50.48
688.0	1.6537360761919522	90.61
688.5	1.6489679233711174	110.666
689.0	1.8992163137639422	70.244
689.5	1.6672315457513105	110.82
690.0	1.7380508642349604	18.4
690.5	2.186537041579313	85.129
691.0	1.950414081307517	56.428
691.5	2.186810904684131	110.693
692.0	1.9684440571758466	85.402
692.5	2.065553937649487	40.19
693.0	1.1172653361750375	162.045
693.5	2.802863244841708	50.384
694.0	2.1444568977762737	110.56
694.5	2.010897482418703	120.51
695.0	2.1698886622924523	30.208
695.5	1.7490556476219172	60.385
696.0	2.22140028724453	38.079
696.5	1.574956572921438	50.427
697.0	1.9678617532242095	93.742
697.5	1.7835906751794934	40.414
698.0	1.7363984428740418	60.437
698.5	1.6713585888175648	50.356
699.0	2.8862935251793265	43.712
699.5	1.1772861586441628	20.158
700.0	1.3057260140169942	54.07
700.5	2.143401665410396	41.328
701.0	2.9077809072799132	110.377
701.5	1.2429979980814287	50.423
702.0	1.8018306081975533	130.979
702.5	1.7025909716116057	40.349
703.0	1.723958726395597	90.763
703.5	1.717179634509622	90.64
704.0	1.7764861556206184	80.534
704.5	1.4469587490042872	134.664
705.0	1.8790066244341166	45.307
705.5	1.5448678597484804	130.695
706.0	1.8330578665307609	90.583
706.5	1.8618886304507258	139.192
707.0	2.3958286150438015	21.681
707.5	1.8118807465373838	24.741
708.0	1.94489722574043	34.999
708.5	1.810458757961023	50.477
709.0	1.0911952949180435	50.382
709.5	1.7062463130873642	40.302
710.0	2.684297919863878	30.291
710.5	2.2350106033984054	90.715
711.0	2.1459285966491657	120.846
711.5	1.6613166642002968	35.895
712.0	2.4649672891147856	55.952
712.5	1.5634780351348883	14.12
713.0	1.8821440471868993	141.036
713.5	1.8958880562397649	110.57
714.0	1.4933457211217895	34.771
714.5	2.170350136376575	79.857
715.0	1.7152185536417248	30.299
715.5	1.8353082275540151	40.401
716.0	1.7285397753142038	90.571
716.5	1.5469247660567291	130.264
717.0	2.361036396838875	37.948
717.5	2.321678462966938	40.279
718.0	1.7410146788566838	90.799
718.5	2.3138483800179306	110.854
719.0	1.7178014633567267	14.285
719.5	2.6273042571977467	14.272
720.0	1.7420984160202406	85.612
720.5	2.202241460625253	90.597
721.0	2.042903048740567	100.81
721.5	1.8250912418571223	110.112
722.0	2.4960318925625	14.25
722.5	1.8546174354832023	26.554
723.0	1.8482273727075813	86.964
723.5	1.7770375812603916	120.735
724.0	2.154635086228907	110.922
724.5	2.140052175197463	40.256
725.0	2.2022382863914345	30.158
725.5	1.7402748670576182	95.29
726.0	1.9761328961460822	20.156
726.5	2.1206825173541413	20.145
727.0	1.7604976214773655	60.528
727.5	1.921950026740515	17.025
728.0	1.794945615141166	80.669
728.5	1.287002372632166	43.868
729.0	2.0013380841464508	14.293
729.5	1.9880388223473962	15.348
730.0	2.1135075200763156	118.167
730.5	1.73590643480698	13.499
731.0	1.8719635277456361	118.916
731.5	1.979912253586681	110.924
732.0	2.0693306917278456	94.746
732.5	1.842938624034408	20.178
733.0	1.2696346872377302	90.795
733.5	2.6582430119767633	112.926
734.0	2.367091404229641	14.049
734.5	1.108081586225125	30.184
735.0	2.3030753495966874	12.92
735.5	1.9779324584736397	60.47
736.0	1.7285212794084674	50.526
736.5	1.3954639653534766	59.956
737.0	1.7534559865073498	47.719
737.5	1.6931598508240873	70.664
738.0	2.009294084198636	49.776
738.5	1.2185992565444093	101.766
739.0	1.8817003103750805	60.527
739.5	1.8351198778254336	40.306
740.0	1.6947079383072259	90.674
740.5	1.3390551528883186	41.585
741.0	2.2890575694125648	30.215
741.5	2.741779834973719	79.278
742.0	1.1545219604170196	78.74
742.5	2.320784128247694	50.347
743.0	1.8592841834485971	20.148
743.5	1.8518861133221987	70.366
744.0	1.6043532551489152	37.929
744.5	2.170929017764851	44.074
745.0	1.2454610462236422	14.323
745.5	1.8781513903610219	50.231
746.0	0.16523289804504096	16.864
746.5	9.353473019110893	50.512
747.0	1.6775121983624879	101.611
747.5	1.7567704325848823	50.377
748.0	2.0977325717601834	40.536
748.5	2.0958180802631112	80.59
749.0	1.5433756961475618	90.659
749.5	1.7380578256048285	150.922
750.0	1.8244113735125933	120.672
750.5	1.9387669719576959	14.432
751.0	1.6077605865114384	60.447
751.5	1.6657704262109965	140.891
752.0	1.9667406560511798	90.586
752.5	1.8288820271003727	20.204
753.0	1.531185184446848	100.618
753.5	1.853184076336275	80.591
754.0	1.7622540346398092	67.523
754.5	1.939560961746351	80.383
755.0	2.0929720671086685	58.269
755.5	2.327873244318089	80.728
756.0	1.852733766804993	30.241
756.5	1.3999607673085128	16.152
757.0	1.477283760773641	39.45
757.5	2.2717861027986754	70.241
758.0	1.747819400708132	47.912
758.5	1.9076420919879675	100.796
759.0	2.268522236872817	108.053
759.5	2.3836560283753254	14.863
760.0	1.4236237358194375	50.432
760.5	1.532675831350431	131.322
761.0	2.0655904852542326	67.628
761.5	1.9865765931786838	90.62
762.0	1.961206557590782	29.952
762.5	1.7792059800680868	80.495
763.0	1.510814348062329	120.852
763.5	2.173305076017126	22.33
764.0	1.4228268918458362	110.663
764.5	1.4027150350856663	91.101
765.0	1.610786480215714	40.17
765.5	1.852463533332049	130.918
766.0	2.0299252136068446	20.115
766.5	2.286817770587682	90.602
767.0	2.728126702210965	92.672
767.5	1.9180429190427386	80.502
768.0	1.1820954320653463	110.503
768.5	1.4766721246668733	126.012
769.0	1.766147165230219	112.015
769.5	2.040296572676962	50.322
770.0	1.8070110058620261	110.634
770.5	1.9122962131349877	90.676
771.0	2.927971434566153	120.767
771.5	2.6573137296056006	43.088
772.0	1.2328016431613193	90.096
772.5	1.5188735930597266	123.055
773.0	2.135680402381749	37.78
773.5	1.7446254020021326	57.447
774.0	1.711286402061256	60.434
774.5	1.5829954371842585	135.741
775.0	1.9048639391874935	50.366
775.5	2.41087135458801	70.574
776.0	1.4531997955622182	35.706
776.5	1.6369512574666945	100.753
777.0	1.7190305397407541	35.843
777.5	1.9104515433424953	75.109
778.0	1.582850944961722	49.932
778.5	1.7578996819395543	17.27
779.0	1.9977410935082334	76.757
779.5	1.723974367206053	114.536
780.0	1.7278777923581083	90.369
780.5	1.7676721366934183	12.477
781.0	2.2515778307146856	20.22
781.5	2.4697726350001328	28.142
782.0	1.618367087017992	80.677
782.5	2.1054721896334936	28.941
783.0	2.2285488199819508	110.87
783.5	1.665944380372296	110.865
784.0	2.1931292673933678	70.399
784.5	2.247944471481699	70.393
785.0	2.102809517880829	80.58
785.5	1.8649606165644133	201.649
786.0	1.8290175313445856	111.004
786.5	2.3837130899394396	111.048
787.0	1.4616112461723447	60.502
787.5	1.3491781112723409	60.53
788.0	1.7494504344740631	20.101
788.5	2.2557953158478576	20.279
789.0	1.7836986395535397	70.438
789.5	2.205865641659404	14.857
790.0	1.9868257734779986	20.305
790.5	1.88366978604045	16.632
791.0	2.1896218264046894	50.063
791.5	1.8606757713950417	50.045
792.0	1.5867370922773976	70.327
792.5	2.116067721901939	70.35
793.0	2.6282246074938294	101.091
793.5	2.6226856264189355	90.335
794.0	2.5251819043279555	24.098
794.5	2.1729076663610547	74.668
795.0	1.1657969892747115	50.458
795.5	1.2114978944248513	20.175
796.0	1.567803389571808	80.819
796.5	1.7945664519732343	30.192
797.0	1.8172259055517226	100.659
797.5	1.7302170786544828	155.592
798.0	2.0828421384471962	70.48
798.5	2.685665171477196	90.874
799.0	1.5939955180701555	90.527
799.5	1.8168660524139677	90.576
800.0	2.069576965740807	30.179
800.5	1.5713540470490512	90.48
801.0	2.5930936243901144	30.176
801.5	2.172081218896715	30.235
802.0	2.046646460689497	251.852
802.5	1.8668580649855255	80.522
803.0	0.9283572526534877	474.549
803.5	1.915402557806156	23.615
804.0	1.7939918507620778	130.814
804.5	3.14863819096511	70.567
805.0	1.6090017454868064	13.62
805.5	1.737173038905832	48.575
806.0	2.5516279251285003	56.064
806.5	2.487110045337755	90.992
807.0	1.5097725662273969	151.317
807.5	3.0771821645844537	70.316
808.0	1.5040478762657623	282.658
808.5	2.132945589449588	60.44
809.0	1.5372644337440984	90.724
809.5	1.9789634874444473	96.174
810.0	2.1707704252623237	100.621
810.5	1.5541564016043368	100.645
811.0	1.8485841487712025	70.562
811.5	1.7927287192480243	21.153
812.0	2.0880398262442563	110.66
812.5	1.8938357536653616	19.988
813.0	1.6351350024307525	110.645
813.5	1.7908431360839	73.849
814.0	1.8437185103683988	93.791
814.5	2.3327920653782233	35.02
815.0	1.962834277203361	64.027
815.5	2.0954908482640775	20.161
816.0	1.302845295632561	24.044
816.5	2.052603806485911	100.518
817.0	2.1943666137008835	14.746
817.5	2.1056424869439505	70.665
818.0	2.021421028343282	20.299
818.5	1.689348439394648	110.811
819.0	2.147662559878918	54.534
819.5	2.0881313268179023	97.276
820.0	2.208425858413981	49.691
820.5	1.6587330943432503	102.795
821.0	1.888049607297632	76.652
821.5	2.091486498389663	90.662
822.0	2.5742879005665116	39.952
822.5	1.8710323599589396	29.253
823.0	2.1336201091492835	30.179
823.5	1.752540837598022	60.387
824.0	2.2247921894345164	85.264
824.5	1.2074375376434558	16.705
825.0	1.894226355931956	50.308
825.5	1.5721900277756395	75.928
826.0	1.6683998685920347	100.719
826.5	1.465102160883434	90.551
827.0	2.401911661552342	13.839
827.5	1.8921376496708648	121.009
828.0	1.3661027963808787	80.648
828.5	1.6282339240172314	90.487
829.0	1.4095000785465892	24.83
829.5	2.5051586791794045	40.244
830.0	2.24098525477718	131.219
830.5	1.89280454505258	30.201
831.0	2.1431279954980145	33.192
831.5	1.616720468017928	70.282
832.0	1.7535784242536776	60.462
832.5	2.05398922510923	71.294
833.0	2.3987223429899798	20.29
833.5	2.1999458609559386	100.69
834.0	1.430658950005927	24.911
834.5	1.654959064527414	100.689
835.0	1.5793993521972978	60.361
835.5	1.056480973201724	110.558
836.0	1.4628948390257699	115.445
836.5	0.8259663671252904	128.744
837.0	2.3181919668255713	40.816
837.5	1.9218922817418103	110.724
838.0	1.5963305162209995	64.448
838.5	1.5506244391070185	150.813
839.0	1.5360423983662503	100.523
839.5	2.163769756870971	16.364
840.0	2.137433869983099	60.345
840.5	1.8736811578719423	45.618
841.0	1.588852113636495	90.558
841.5	2.5460412119461973	20.218
842.0	1.043357380395307	100.733
842.5	2.3877583304781673	101.163
843.0	2.152739131670202	60.985
843.5	2.715958404077979	70.161
844.0	1.4219222619290515	110.626
844.5	1.840672419864332	20.214
845.0	1.3016110186539438	70.554
845.5	1.7711688692704635	110.347
846.0	1.6647594299079176	19.115
846.5	2.303918479995537	40.154
847.0	1.6799010956186748	50.424
847.5	2.316477110354763	90.585
848.0	2.1176752097384233	85.594
848.5	1.8136386464530945	13.759
849.0	1.9590286190401462	13.249
849.5	1.9337285902693298	20.174
850.0	1.058387751040652	116.308
850.5	2.4724617390012265	125.074
851.0	1.7245499115817826	20.138
851.5	2.477075064157708	70.565
852.0	1.4130635178052273	20.244
852.5	1.7427886854223964	40.259
853.0	1.725569935328816	63.618
853.5	2.4961172612094753	40.293
854.0	1.3703815684007044	60.165
854.5	2.3788867221303662	80.343
855.0	1.4351301362253805	68.094
855.5	1.7672659344542687	44.408
856.0	1.7392791611741771	70.367
856.5	1.9867940441857124	13.881
857.0	1.5871652809640044	110.941
857.5	2.2023366268889135	100.559
858.0	1.9867026976823328	72.695
858.5	2.027111879780465	54.484
859.0	1.3337792320803916	46.344
859.5	2.0136470516031757	60.336
860.0	1.9842589187159387	50.303
860.5	1.7099303851655245	13.708
861.0	1.5914286223786205	375.217
861.5	2.2136675703746564	13.919
862.0	1.7266238856986038	110.807
862.5	1.6216779696867687	41.818
863.0	2.1416832787234776	120.697
863.5	1.9184664565827814	111.191
864.0	1.73404217088424	90.43
864.5	1.9968058923064458	140.944
865.0	2.3374582193519076	84.469
865.5	1.2807973464077838	100.822
866.0	1.7762101454481962	80.453
866.5	1.5285804511521435	141.176
867.0	1.5687518466017458	110.758
867.5	1.7500746209712634	30.198
868.0	2.45911131558573	32.789
868.5	1.405151195674158	20.316
869.0	2.0376609080968926	80.433
869.5	2.1546148826991702	70.498
870.0	1.8005689174808988	65.035
870.5	1.9540944180706998	28.885
871.0	1.5240499971167873	16.69
871.5	1.693583384967555	60.326
872.0	2.118594071400222	80.529
872.5	2.4157225316503737	80.604
873.0	2.0672410415286637	40.335
873.5	1.8854949410608015	110.569
874.0	1.7795834464337403	50.412
874.5	2.486365182020756	89.741
875.0	1.1329423696459626	13.203
875.5	1.9755487951651645	14.73
876.0	1.7926562349400523	20.165
876.5	2.7276415558514513	71.69
877.0	0.9165787729218947	23.171
877.5	1.9102447593616363	110.554
878.0	2.192949845246614	80.754
878.5	1.2599742781982581	40.627
879.0	2.9814634628919077	100.073
879.5	1.993276736715422	30.204
880.0	1.7935543062264467	40.247
880.5	1.7398293066604085	115.286
881.0	1.0949613225443222	90.868
881.5	1.7754811745733796	100.754
882.0	1.7929718671544268	115.087
882.5	1.56270161779146	40.404
883.0	1.4064618990012725	89.223
883.5	1.8971960185966665	48.123
884.0	1.4675825343501312	50.384
884.5	2.1180771475078712	90.706
885.0	1.9415432802085326	50.141
885.5	1.46078019515336	90.369
886.0	1.4580267561383486	21.338
886.5	2.2587052461888333	80.704
887.0	2.4132721478351806	15.108
887.5	1.9817910302712722	118.43
888.0	2.1364520843818506	157.15
888.5	1.0703615353844846	66.671
889.0	2.0137797903637105	64.082
889.5	1.5037622091033271	100.518
890.0	2.6404512942765437	135.808
890.5	0.9600880141178783	110.763
891.0	2.2213382865326126	30.182
891.5	1.6764705981869	80.477
892.0	2.1813585487798157	40.353
892.5	1.5857735761427767	40.687
893.0	1.851382120964187	70.621
893.5	1.8279065004677044	25.724
894.0	2.5675595350210823	44.415
894.5	1.0364058007559884	66.434
895.0	1.5047738557472035	120.757
895.5	1.6967993026658954	90.476
896.0	1.575851132324885	15.807
896.5	2.4741638943998603	20.028
897.0	1.5960187465200835	53.036
897.5	0.16748866295605072	19.092
898.0	2.2798570420086857	130.96
898.5	7.084955926909299	104.025
899.0	2.1321207236470068	50.409
899.5	2.4780615575194718	47.98
900.0	1.8126566265228903	73.396
900.5	2.5994067926734536	60.12
901.0	1.1402349907528475	100.773
901.5	1.499083049056117	84.731
902.0	1.756176798088597	92.14
902.5	2.7149195217054407	94.455
903.0	0.7666411539082165	70.385
903.5	1.7511533274374669	70.557
904.0	2.025488909489189	126.645
904.5	2.3883238571490875	104.968
905.0	1.4086682889538975	15.194
905.5	2.1272325358831066	70.96
906.0	1.946212806545832	93.777
906.5	1.7444097100857567	100.744
907.0	1.8959320573222844	21.767
907.5	1.634133542355647	20.198
908.0	1.5422974486812135	16.496
908.5	1.9564839186420795	50.389
909.0	1.7991810222915425	23.215
909.5	2.1548725782468128	50.4
910.0	1.6137097871368142	80.413
910.5	1.6736208265505934	110.745
911.0	1.950468054103652	15.392
911.5	2.102916220212087	75.521
912.0	1.3980075465698256	30.21
912.5	1.5122291306664277	54.151
913.0	1.4612762377291701	67.41
913.5	2.080943476879485	100.66
914.0	1.836183051477152	100.604
914.5	1.627013027363561	85.995
915.0	1.8785989597711183	20.368
915.5	1.6555964612458924	120.689
916.0	1.9276689860815945	70.967
916.5	1.4246494448977673	90.439
917.0	1.912632114497193	110.825
917.5	2.2722267931762254	30.205
918.0	1.7355925571573037	50.477
918.5	1.2886430129377218	120.96
919.0	1.9645057571443882	40.249
919.5	1.9693812389228897	85.058
920.0	2.727592625736992	43.533
920.5	1.0223342541239337	20.122
921.0	1.576363549615239	105.65
921.5	1.9677075386972307	30.179
922.0	2.423436557877288	96.952
922.5	1.0350573936696967	100.747
923.0	2.1071871384350622	120.78
923.5	1.7659382916401205	13.772
924.0	1.9727271301396658	20.575
924.5	1.6104383329720675	14.738
925.0	2.1091158178279	60.282
925.5	2.1812654069057587	90.694
926.0	2.0081291884699994	13.362
926.5	1.6421764677726196	30.155
927.0	2.165617682417847	33.14
927.5	1.8357978928683951	35.555
928.0	2.0755902011885845	72.463
928.5	1.9356783362666317	90.562
929.0	1.965533806198313	34.139
929.5	1.7270406079719829	110.729
930.0	1.6774726505030304	21.588
930.5	1.5484494888933533	70.405
931.0	2.1338423295598696	16.429
931.5	1.8086197489848075	120.82
932.0	1.8533725540146946	120.881
932.5	2.5580265673589055	66.68
933.0	1.264753403180713	86.928
933.5	2.283330350797238	38.381
934.0	1.566917143915084	40.286
934.5	2.1701115749186664	90.517
935.0	1.7760072177623243	72.785
935.5	2.3142575790995146	106.445
936.0	1.0600592357105463	20.297
936.5	1.6682815102463275	67.497
937.0	1.6887547226778639	13.964
937.5	2.445106890870844	110.143
938.0	0.9335993568062291	130.823
938.5	1.8471838898108	16.324
939.0	1.664925640067837	36.816
939.5	2.483082762786398	120.999
940.0	1.2458221538244356	90.33
940.5	1.9696055298058022	30.159
941.0	1.911122297650974	20.131
941.5	1.8375579369361854	110.869
942.0	1.5867568481805003	20.02
942.5	2.009305983304736	100.806
943.0	2.4309122638272793	90.518
943.5	2.650792006645679	50.38
944.0	1.234419707309945	70.435
944.5	1.8129126939677438	60.408
945.0	2.1917211117113835	70.462
945.5	2.257935705106518	50.311
946.0	1.3598205379836907	100.58
946.5	1.7063911688983486	18.7
947.0	1.4602707667675934	20.249
947.5	1.9858646051250055	93.135
948.0	1.4337035304717587	40.28
948.5	1.6002628929250675	100.736
949.0	2.281475450207927	86.444
949.5	1.7538838690675538	50.435
950.0	2.018684414967771	40.283
950.5	1.509110796208846	69.422
951.0	2.0820801805265527	40.283
951.5	1.589840144483867	14.535
952.0	1.3607390881134378	20.195
952.5	2.276249067645755	100.357
953.0	2.241753229156472	130.416
953.5	1.239826466483774	90.627
954.0	1.8178229395070074	80.445
954.5	2.4084506155342567	16.449
955.0	1.8263807841334625	17.703
955.5	1.3683249436093365	46.853
956.0	1.7387475925123257	34.006
956.5	2.5260061378802474	30.201
957.0	1.7697113325092326	100.698
957.5	2.3066585012044634	60.429
958.0	2.331985640683449	50.32
958.5	1.801818880045704	110.802
959.0	2.3501152816736126	13.348
959.5	1.4416041040437868	60.457
960.0	2.2307955806638837	30.229
960.5	1.9859195598213235	50.435
961.0	2.31453506465842	30.239
961.5	1.302915750548466	19.939
962.0	1.75385758099236	20.244
962.5	2.0520402239574076	50.31
963.0	2.390661492714066	60.467
963.5	1.216360270030522	100.733
964.0	2.154068985599902	30.206
964.5	1.4642633246577696	52.82
965.0	1.6024338651754557	100.622
965.5	2.8115297599349933	19.955
966.0	1.5085716378488767	81.089
966.5	1.552440595013745	110.586
967.0	2.0923436893855465	40.296
967.5	1.905682324146615	15.239
968.0	1.8061145714419047	20.14
968.5	1.6925636191326727	33.473
969.0	1.7673696445576097	30.117
969.5	2.1974020946613946	90.499
970.0	1.6145695326897491	86.333
970.5	1.6807697860156943	70.671
971.0	1.8161208315902493	50.322
971.5	1.7200402983503835	60.398
972.0	1.7481843262869563	30.337
972.5	1.9807165166295593	94.672
973.0	1.391058021440563	43.856
973.5	1.6615446221526502	135.714
974.0	2.0951779271775197	120.948
974.5	1.6232169947298758	70.517
975.0	2.1575500822182376	80.489
975.5	2.130240058225101	111.009
976.0	1.4552689569292243	434.366
976.5	2.560048513412458	100.667
977.0	1.905783102904322	100.554
977.5	1.988344372773292	100.539
978.0	2.386680281558708	20.014
978.5	1.2151836927251136	30.219
979.0	2.2041119634853064	65.94
979.5	1.7375965976192647	50.317
980.0	1.4867363574798296	85.464
980.5	1.5427548726189804	60.502
981.0	1.4946818550002228	110.834
981.5	2.1557767350990527	92.025
982.0	2.8546458622424744	29.979
982.5	1.538203067123724	90.68
983.0	1.940620116501502	50.566
983.5	1.2270818025880834	100.779
984.0	1.3745803232945177	100.738
984.5	2.3669795756106007	30.207
985.0	1.2566641086998867	98.198
985.5	2.0205744379729556	80.36
986.0	1.8120274288455192	90.705
986.5	1.8346084868958068	86.6
987.0	1.7823116030978705	110.657
987.5	1.910107698492325	131.275
988.0	1.4639868414901611	21.314
988.5	1.3171555720098345	30.081
989.0	1.4437050124436583	86.577
989.5	1.6805513581062874	15.093
990.0	1.1123540489104613	26.361
990.5	1.5974044018110307	23.116
991.0	1.5656566659503974	107.292
991.5	1.5055288883576456	60.321
992.0	2.1431192886946597	90.664
992.5	1.7080108894493304	50.19
993.0	1.9009130824039835	49.717
993.5	1.485828377161789	20.076
994.0	1.6687627533187388	20.933
994.5	0.796193548517629	46.485
995.0	2.449208652748322	64.526
995.5	1.4854600910592806	14.126
996.0	1.5791047270044123	58.529
996.5	2.0941057588352283	70.501
997.0	2.249671459470983	36.513
997.5	1.9937178192399667	110.829
998.0	2.5623587799542094	30.289
998.5	1.7719457134078873	20.014
999.0	1.5829754289774725	90.755
999.5	1.5125836065201257	40.366
1000.0	2.473640510571623	40.398
