0.5	0.14715072953171196	16.658
1.0	1.6234846516949186	50.333
1.5	0.9197070045793404	70.483
2.0	1.2974693153669004	23.429
2.5	0.6502991601152218	26.209
3.0	0.7794099256852702	70.492
3.5	1.0135196338886052	18.982
4.0	1.2687273149465235	80.669
4.5	0.47963796317083396	16.859
5.0	0.9190839525545019	130.88
5.5	0.9775919176680542	98.069
6.0	1.1956748910003256	70.526
6.5	0.8723472651782489	70.497
7.0	0.7635380914461471	130.869
7.5	0.5783436422570292	39.003
8.0	0.8374121649405646	70.503
8.5	1.025020644730979	70.507
9.0	0.8591055000780622	20.518
9.5	0.8764940404050974	70.563
10.0	0.7498530765316065	93.254
10.5	0.7759496264950067	39.625
11.0	0.8051545385450467	21.071
11.5	0.5133233715214702	110.852
12.0	1.1250356830082098	70.568
12.5	1.187831068618545	19.28
13.0	0.985379043717039	130.875
13.5	1.078758819698424	80.489
14.0	0.8759163782155734	70.582
14.5	0.758469753171719	50.451
15.0	0.809406950315172	90.684
15.5	1.2613280601554078	30.263
16.0	1.062068824905447	60.471
16.5	0.872766738986074	38.919
17.0	1.3471074622182801	113.907
17.5	0.9076856945885055	56.943
18.0	1.0683635570491723	121.057
18.5	1.3353827952364243	70.627
19.0	1.2632320141191755	80.545
19.5	0.8352320597992642	140.973
20.0	1.2234975365327128	90.58
20.5	1.1414314060466504	70.633
21.0	1.1081492428122324	50.381
21.5	0.9171287866978753	140.998
22.0	0.9369655706535261	80.563
22.5	0.13044093398864184	20.541
23.0	3.604086220135029	100.737
23.5	0.9176195645995877	100.713
24.0	0.1468134882313956	24.225
24.5	2.7952807410210987	100.675
25.0	0.982297595560642	72.097
25.5	0.16868908782451753	32.967
26.0	5.79022584076251	71.665
26.5	0.6553591986756012	50.608
27.0	0.8768379513462043	151.015
27.5	0.1577201072294892	42.582
28.0	3.4658071499460883	111.721
28.5	0.6841771970839515	50.687
29.0	0.1632698177898323	93.283
29.5	3.000949909653918	56.788
30.0	0.5343508567512444	113.672
30.5	0.15188331845288808	17.132
31.0	1.9470258602585697	19.551
31.5	1.0069900701769696	110.817
32.0	0.17675437440124023	14.188
32.5	1.8706420155383905	38.984
33.0	0.8571275100668527	20.164
33.5	1.09899233738187	50.39
34.0	0.9660487311412219	60.451
34.5	1.2406082998495183	90.507
35.0	1.162393925132034	30.265
35.5	1.0812519195992678	110.763
36.0	0.9599240919827429	53.878
36.5	1.2024208061757893	34.355
37.0	0.7487503006059084	60.489
37.5	0.9586058228102043	73.771
38.0	0.9270806118512583	30.337
38.5	0.627726859755142	103.77
39.0	0.7814587520622391	15.198
39.5	0.9240276333738898	60.502
40.0	0.8036646651422407	70.603
40.5	0.8758026904718345	98.897
41.0	1.1070644220585555	14.597
41.5	0.5940238353866352	34.467
42.0	0.9597251827653775	34.564
42.5	0.819272291613385	70.706
43.0	0.7559179822977424	60.393
43.5	0.6108062470109479	90.698
44.0	0.7380958298066035	70.517
44.5	0.889793742341088	60.308
45.0	0.7906116717549813	34.229
45.5	0.6071183517193732	113.849
46.0	1.130275669376152	76.198
46.5	0.7795401039235867	42.29
47.0	0.12027428261878162	12.022
47.5	8.90744493610592	120.945
48.0	1.8961601459120532	70.434
48.5	1.9048250126796324	70.504
49.0	1.8934905510572593	110.842
49.5	1.0859643365755605	74.55
50.0	3.8667313612976475	53.425
50.5	1.8307354800148745	30.184
51.0	1.8802133892300397	120.773
51.5	1.6766600018698565	70.356
52.0	2.0904290188461583	80.688
52.5	1.8281007970348868	130.787
53.0	1.607093600318328	17.939
53.5	1.5597802910886143	13.921
54.0	1.393477177455619	64.173
54.5	1.6462042674836759	100.822
55.0	1.9838827264842027	90.586
55.5	1.9785366733762944	20.228
56.0	1.659997366541378	80.481
56.5	2.4472648861474533	70.587
57.0	2.4192679655725553	60.361
57.5	1.411416857671098	90.685
58.0	2.5114242128120234	90.455
58.5	2.3008746538671723	80.423
59.0	1.511978198328571	90.589
59.5	2.1090356656254396	113.947
60.0	1.4180928580184053	120.967
60.5	1.6588400593389396	23.314
61.0	1.956095588976004	63.361
61.5	1.5641616761402248	20.271
62.0	1.3628178431876503	80.645
62.5	2.1350524874442907	60.498
63.0	0.17398894640242113	103.463
63.5	1.3563459525135535	60.432
64.0	1.015714875805299	50.426
64.5	1.0430895185449272	20.123
65.0	0.9070537705393826	50.306
65.5	0.7949636226917746	36.063
66.0	1.1118537309907848	53.24
66.5	1.206948580184966	27.168
67.0	0.7149814434943242	26.251
67.5	0.3702873872493783	82.778
68.0	0.8085902254333663	70.429
68.5	1.1461553392918162	60.391
69.0	0.9931460600525976	91.302
69.5	0.6364511993296538	90.763
70.0	0.9102853688409911	50.415
70.5	0.8534340677901135	59.203
71.0	0.8115579894504724	13.654
71.5	1.0923729039591743	20.279
72.0	1.0419426686219324	90.649
72.5	1.108154158660232	70.711
73.0	0.8664969925527944	130.88
73.5	1.0043027712871484	13.222
74.0	0.6075892053157306	60.39
74.5	1.4553115983684821	124.197
75.0	0.8292728342315434	100.781
75.5	1.3246213275469574	130.489
76.0	1.157064333306039	82.939
76.5	0.7487099100262101	90.012
77.0	0.6292855326728602	191.654
77.5	0.6696200592374264	127.948
78.0	0.8664323581585306	90.562
78.5	1.3039503792792093	27.811
79.0	0.9702117786079949	49.354
79.5	0.9770867580834061	54.551
80.0	1.303725406508783	24.454
80.5	0.8685624148125572	74.656
81.0	1.068698582875797	28.111
81.5	1.0534923852003952	13.072
82.0	1.2459820546126543	166.305
82.5	1.2008883420346539	13.97
83.0	1.0518339927380387	55.437
83.5	1.1077977745087395	161.512
84.0	1.21250336308448	80.553
84.5	1.0979547492671762	80.806
85.0	0.7709879708094591	110.952
85.5	1.0968563545457306	131.122
86.0	0.6938561532410201	60.46
86.5	0.8797868862428352	12.894
87.0	0.4435514059111794	20.14
87.5	1.0498819421889767	13.145
88.0	1.102465020437132	40.217
88.5	0.7929143112699069	107.431
89.0	0.7647244622740129	70.534
89.5	0.9722053897874412	121.233
90.0	0.6367366873645198	36.329
90.5	0.6453109087170492	17.254
91.0	0.7953482475418907	80.665
91.5	1.0198002845449765	141.006
92.0	0.8901545417702246	100.75
92.5	1.2348648715075425	70.571
93.0	0.7514083527016336	100.698
93.5	0.9243380916792477	14.478
94.0	1.0526683188135253	20.958
94.5	0.6933440333407048	47.806
95.0	0.5619301277923863	72.504
95.5	1.0761378668021082	17.984
96.0	1.041145223826492	59.146
96.5	0.6330684486050546	40.375
97.0	1.028973010307684	57.633
97.5	0.8220240230501081	90.622
98.0	1.2243088841566103	36.451
98.5	0.6368566648538386	60.419
99.0	0.896515474033599	60.359
99.5	0.8845116915626366	139.036
100.0	0.914500072534454	232.318
100.5	0.7099816654478586	80.578
101.0	0.831814627805765	70.654
101.5	0.6928036234285536	80.606
102.0	0.879695470894219	120.847
102.5	0.7895772905097348	60.509
103.0	0.641132453709299	101.111
103.5	0.8131690277055789	106.9
104.0	0.8376894626089317	78.697
104.5	0.7421097424128129	130.92
105.0	1.0759725779885259	80.566
105.5	0.8623001255718313	104.937
106.0	0.6143129854620949	38.244
106.5	1.0071676781989813	111.191
107.0	0.5796326035909423	110.798
107.5	0.8081425215451465	80.651
108.0	0.8067747851658912	102.497
108.5	0.7859405010022015	70.693
109.0	1.0348040201553577	135.412
109.5	0.9436202988268643	74.084
110.0	1.0826610188513872	111.094
110.5	0.7924960774327154	90.629
111.0	0.8737346312470584	75.626
111.5	0.7492220943347955	80.49
112.0	0.7573867411105026	20.213
112.5	0.96068020078917	60.42
113.0	0.8115964380482708	50.306
113.5	1.1556591244568015	78.454
114.0	0.6864260266333585	106.298
114.5	0.9884170925997974	70.521
115.0	0.7298708101289292	110.736
115.5	0.9038297966698874	25.531
116.0	1.3689056745369403	74.523
116.5	0.7296617645660208	14.494
117.0	1.269760693576154	47.976
117.5	0.852286303206082	124.689
118.0	0.9639948306551885	16.936
118.5	0.887134955323433	70.822
119.0	0.7520518189670269	50.37
119.5	1.0216688966741023	119.141
120.0	0.9259916988939421	20.2
120.5	0.9062886357190587	40.541
121.0	0.8820193753131778	80.534
121.5	0.8968715004201815	148.046
122.0	0.8724950261513154	80.629
122.5	1.0617450493848268	80.638
123.0	1.1569450205346823	88.363
123.5	1.003828059344599	80.451
124.0	0.5761039450223274	157.359
124.5	1.119955750962085	160.976
125.0	0.5958253487070732	33.801
125.5	0.9203734000237414	60.479
126.0	1.1000640474170336	20.143
126.5	0.8884929465884774	110.782
127.0	0.8376217152495401	80.823
127.5	1.210719457474164	80.723
128.0	0.8504274602379177	60.472
128.5	0.6706777717376688	100.724
129.0	0.8357760760328223	88.395
129.5	0.9585210683600602	120.878
130.0	1.0163841597311394	70.637
130.5	0.9582761902272987	60.517
131.0	0.873082824475053	34.251
131.5	0.6937431456428774	20.175
132.0	0.8480490135852418	110.734
132.5	0.8855387102287949	40.78
133.0	1.155385203289885	15.041
133.5	0.9270198464365739	28.285
134.0	0.7152755370592883	34.457
134.5	0.9752803314921827	80.624
135.0	0.9622386438940183	20.341
135.5	0.966023637936468	45.363
136.0	1.0740473898176626	14.394
136.5	0.8618442115630843	130.919
137.0	0.8238739661192283	90.677
137.5	0.8383566904788516	50.447
138.0	0.8436526046210738	133.161
138.5	1.0756360683567512	100.881
139.0	1.3085672725401671	20.259
139.5	0.6098936858806222	89.585
140.0	1.0754726688941758	60.483
140.5	1.0505748148382035	40.198
141.0	1.2099355596378962	60.678
141.5	0.9731991803532947	60.462
142.0	0.773893067940532	100.733
142.5	0.7756508756611709	110.914
143.0	0.13468611702986327	14.203
143.5	2.3918088077963664	100.48
144.0	1.1910350130162803	90.729
144.5	0.8356512517929946	50.441
145.0	0.6272072642357709	100.917
145.5	0.6471313361146335	71.442
146.0	0.795950713220789	161.075
146.5	0.4083600802631914	60.606
147.0	0.8095358237705493	65.51
147.5	0.3991702574340682	128.698
148.0	0.14714573007976856	55.905
148.5	1.575949277304974	121.059
149.0	0.8974200086422869	20.155
149.5	1.1139383652336856	30.336
150.0	0.7154288745821216	60.465
150.5	0.8399442337260875	55.274
151.0	1.153931895821941	20.085
151.5	0.6817743340942157	70.535
152.0	0.7656898204804898	34.337
152.5	0.5142835459044923	80.585
153.0	0.8309353447483149	80.592
153.5	0.14627282836050257	11.755
154.0	0.1741141399236935	78.67
154.5	2.0034033201136814	20.126
155.0	2.1031956697448506	32.632
155.5	1.5682068998978373	136.246
156.0	2.5018424283521394	85.404
156.5	1.9574547900483286	80.461
157.0	2.7462723567847833	80.584
157.5	2.7076900187188793	40.343
158.0	2.113442534112318	13.479
158.5	2.4112252471489266	136.927
159.0	2.5343567117036314	50.192
159.5	1.5672517968530038	16.379
160.0	1.521033699665107	70.531
160.5	2.2187798015333384	60.365
161.0	0.17759088952679122	14.37
161.5	3.2917853015405956	13.625
162.0	1.7649014299211672	80.416
162.5	2.667677730958713	30.193
163.0	2.0397251486278156	130.94
163.5	1.1829031926508502	50.416
164.0	1.729853382281311	34.945
164.5	2.016558799770881	70.381
165.0	2.101518018854668	87.63
165.5	2.240114386154526	40.294
166.0	2.5224664018083973	80.616
166.5	2.618398746351686	55.315
167.0	2.0682341567960765	100.684
167.5	1.8769385688254139	43.259
168.0	2.169351653170962	12.323
168.5	2.1172901321667577	90.38
169.0	2.5617634359820545	70.289
169.5	2.49063962892687	40.314
170.0	2.248894212584154	80.455
170.5	2.299800721134111	20.187
171.0	1.8935632542055667	32.175
171.5	2.2917728911537094	90.702
172.0	1.7507077685152461	141.257
172.5	2.385577873169666	81.061
173.0	0.6208882224547004	135.113
173.5	1.5893625972862127	100.742
174.0	1.4366400765448843	16.602
174.5	0.1508128257507512	15.255
175.0	0.1583690365179481	77.468
175.5	5.095681437958646	30.228
176.0	1.83849610658435	129.704
176.5	2.0608132133932666	110.862
177.0	1.8940469663806188	34.541
177.5	2.5055342135015817	14.73
178.0	1.051384558600448	18.558
178.5	0.16757117236939345	15.754
179.0	7.052964079531885	17.102
179.5	1.342429272056932	120.79
180.0	1.8336791007122053	81.523
180.5	2.2121298373457656	96.907
181.0	1.391802294254451	33.832
181.5	1.83144287193374	116.977
182.0	1.5884357628285322	80.592
182.5	1.7722636294597165	70.383
183.0	2.340969449258845	60.458
183.5	1.5020840508152615	86.812
184.0	2.144212688506621	40.342
184.5	1.8526194788957735	192.085
185.0	3.536080470355848	110.77
185.5	1.6225658519568444	80.505
186.0	2.177957322710633	51.246
186.5	1.976279441590518	60.43
187.0	2.180539561804087	80.467
187.5	1.6890029527086543	30.341
188.0	1.632603851781605	110.836
188.5	1.6131203663721665	101.005
189.0	2.241800707504658	13.605
189.5	1.7731081449383386	50.401
190.0	1.4279915707101016	60.327
190.5	1.8594776810948874	70.354
191.0	1.7661918942124955	15.663
191.5	1.4895142374645272	90.583
192.0	1.616995777510448	51.547
192.5	2.085390149237061	100.71
193.0	2.1513035522404196	90.669
193.5	2.1253528398113875	40.356
194.0	1.5790841137479763	70.531
194.5	2.0745148982800266	126.439
195.0	2.1753113562536446	80.832
195.5	1.683160453336643	110.743
196.0	1.4510401201967864	40.408
196.5	1.9103995222332417	30.126
197.0	1.5946620174811657	91.229
197.5	1.3700633102337032	29.207
198.0	1.8813782589124508	100.61
198.5	2.1845288328087142	100.523
199.0	2.0290265922942137	44.157
199.5	1.8270665276617597	55.757
200.0	2.183105581235419	39.497
200.5	1.526552220186173	60.459
201.0	2.153317783401313	14.688
201.5	1.6011816252613265	82.807
202.0	2.370102065359493	100.67
202.5	1.8382093743505026	75.75
203.0	2.1666701332495166	110.617
203.5	1.8192012482566184	90.666
204.0	1.667849449514905	58.895
204.5	2.4827020071270147	110.787
205.0	2.033582225869752	115.525
205.5	2.1770045889371428	90.771
206.0	2.165936983635428	171.868
206.5	1.892392302702422	110.874
207.0	2.0105636069053654	80.555
207.5	1.3819355706316794	91.099
208.0	1.6829047738223817	39.689
208.5	1.9320999646042978	17.384
209.0	1.8830714706130172	90.63
209.5	1.6412586842402768	39.036
210.0	1.869241430031155	80.558
210.5	1.740880978622543	55.248
211.0	1.8885114360385769	90.828
211.5	1.6196534640163491	131.042
212.0	2.0636762130869326	70.352
212.5	1.9481820938043668	101.568
213.0	1.3012343323274658	90.653
213.5	1.6381824312959412	80.501
214.0	2.1492061973959715	18.11
214.5	1.9977129092856172	56.119
215.0	1.5951317169530825	15.857
215.5	1.5513129501260154	40.247
216.0	1.2962234582565282	193.217
216.5	1.8428939991651494	25.867
217.0	1.9402356793815703	110.942
217.5	1.21646424311297	69.581
218.0	2.2957526526471037	40.385
218.5	2.1408218547385007	91.194
219.0	1.4168652009741949	100.75
219.5	1.6791148286228315	115.009
220.0	1.6843274848586103	90.604
220.5	1.6170846660164495	90.532
221.0	2.0316571318370036	70.436
221.5	1.7299459225962208	100.765
222.0	1.7618807841638864	141.674
222.5	1.8589357864775726	80.264
223.0	1.7873311218043704	110.947
223.5	1.977574632346203	80.386
224.0	2.0430834409814977	80.482
224.5	1.6616215787514015	130.825
225.0	1.588907323871941	40.251
225.5	1.7452612910471228	54.668
226.0	1.681647311153462	90.648
226.5	1.7522423656261557	80.568
227.0	1.6142855356600536	96.153
227.5	2.06059797894177	20.2
228.0	1.7210129875233673	17.154
228.5	1.4587830958883037	60.425
229.0	2.2721177324065964	50.348
229.5	2.3041292844257413	36.731
230.0	0.17359969294819086	18.736
230.5	0.1469336018031919	34.115
231.0	0.17046539701193422	41.035
231.5	1.2068403396460377	52.51
232.0	1.058402104868162	70.392
232.5	1.2021726440566787	32.212
233.0	0.7244994644165966	50.435
233.5	0.774211852205805	100.699
234.0	0.6676307387896301	100.811
234.5	0.17263445694763324	14.183
235.0	4.00704374240997	64.699
235.5	0.17069855308301585	15.839
236.0	5.2040746630767725	30.285
236.5	1.3425984696487074	40.25
237.0	2.5793997046097754	50.444
237.5	0.15496860127805154	51.901
238.0	1.6191721402947523	50.707
238.5	0.9225358117070177	50.696
239.0	3.657518459988335	121.162
239.5	2.4021010851682547	70.571
240.0	2.4025101009657757	101.28
240.5	1.9273280122919456	60.565
241.0	1.791549560805462	131.04
241.5	2.3335470637644544	23.056
242.0	1.9138152723687731	91.024
242.5	2.1540616670992025	20.457
243.0	1.9058358490988008	100.893
243.5	2.3197993811952506	70.717
244.0	2.561605427072243	20.251
244.5	1.3037584229528616	141.097
245.0	2.2610296333805646	16.192
245.5	1.7967828763755584	17.86
246.0	2.413009963714277	17.948
246.5	2.19307664634409	20.901
247.0	1.247708184024606	18.158
247.5	2.4491951542339487	121.061
248.0	1.361355214379222	121.242
248.5	1.6418856001672375	50.233
249.0	2.8576333069762354	70.687
249.5	2.5578763079776987	91.153
250.0	1.371991414269591	121.041
250.5	2.4251871095669424	40.259
251.0	2.353180437155938	30.01
251.5	2.1246262446205906	91.297
252.0	1.5318995579448136	17.988
252.5	1.8659662382397302	92.925
253.0	2.471690017334532	32.654
253.5	2.3371360556098204	121.022
254.0	1.3790464716333724	21.43
254.5	1.5448532658877243	110.84
255.0	1.8216352323797846	60.987
255.5	1.6723588970362797	121.071
256.0	1.4238429332877645	70.678
256.5	2.360414912796679	116.32
257.0	2.215636463625917	17.178
257.5	1.7680972534003851	131.073
258.0	1.8509874615626696	23.876
258.5	1.8979233999366893	18.149
259.0	2.4103960898763552	100.985
259.5	1.1713324849373004	120.987
260.0	1.5565374688532676	70.817
260.5	2.09981715086677	120.958
261.0	1.7243611444238904	40.256
261.5	1.986891119684826	40.102
262.0	2.1887691850554907	121.013
262.5	1.648865909202095	141.465
263.0	1.7453543137600787	27.29
263.5	2.2030562768378172	100.782
264.0	1.610999978944872	25.626
264.5	2.3762468745056693	90.739
265.0	1.3668164642287928	120.997
265.5	1.7669499706547818	24.747
266.0	2.0354573383374124	23.133
266.5	1.968911323362464	55.017
267.0	1.9957909013154096	90.938
267.5	1.9230672208876887	141.383
268.0	2.7241309773371007	110.9
268.5	1.056132472896653	131.116
269.0	2.150496927213301	100.818
269.5	1.748609134150539	141.847
270.0	2.1516257292251395	142.796
270.5	1.5334888891084952	23.868
271.0	1.8630429506178563	24.643
271.5	1.7033258414744492	17.79
272.0	2.434145353445254	70.629
272.5	1.2958690547553997	80.9
273.0	2.4673855612758597	131.292
273.5	2.161164264496103	38.7
274.0	2.322685927863444	18.099
274.5	1.92187725332719	121.017
275.0	2.3838928077391768	120.967
275.5	1.786012226356754	120.957
276.0	1.9839381483377163	141.181
276.5	1.7330204741978155	121.059
277.0	2.257927148304899	20.347
277.5	2.171627796710002	40.328
278.0	0.8814895480320606	70.667
278.5	1.2377388259120707	90.833
279.0	2.357112565406632	130.979
279.5	1.8445097402732649	134.824
280.0	2.117270349507359	39.95
280.5	2.2662460279127052	121.02
281.0	1.8814717996180366	16.581
281.5	1.738449826632798	121.054
282.0	1.7733051511699842	101.034
282.5	1.7554144295900904	110.961
283.0	1.8871570000034086	31.04
283.5	1.763623172573889	20.225
284.0	2.4674118401481246	40.105
284.5	2.257710089475933	70.778
285.0	1.4185892247451024	111.049
285.5	1.543379868739012	130.98
286.0	1.9721800906192006	121.036
286.5	1.2672490501605105	24.35
287.0	1.071410698610369	90.788
287.5	0.6024582744015652	121.022
288.0	2.368836698356001	40.479
288.5	1.8795693549410748	20.353
289.0	1.6950448619382468	100.91
289.5	2.49414286042236	20.384
290.0	1.4125813560885159	70.904
290.5	1.9607389545597131	121.031
291.0	1.529748031580627	120.997
291.5	3.1935516249700107	60.595
292.0	2.587474088400897	30.623
292.5	1.2119127066770115	25.732
293.0	2.115849220204188	17.621
293.5	1.9123021113565897	120.772
294.0	1.5821980092554984	20.447
294.5	1.0316866627865389	24.011
295.0	1.8491702479769057	22.227
295.5	1.0334709152491008	120.868
296.0	2.0261196165403867	81.029
296.5	1.0821998622503894	20.971
297.0	2.168617789358108	22.147
297.5	1.9390482894960546	70.723
298.0	2.516128049498024	29.538
298.5	0.8662360104625985	16.876
299.0	1.2511406093208546	98.846
299.5	2.1125035279135185	123.218
300.0	1.3872751478266394	110.845
300.5	1.4030201886246447	20.522
301.0	2.069306756574185	20.342
301.5	1.8562704217443462	18.336
302.0	1.1008302384357738	120.961
302.5	1.2202810853716672	144.692
303.0	1.6910735759195663	30.644
303.5	1.1041494733464583	20.579
304.0	1.90094904283386	120.918
304.5	1.995252007087284	30.349
305.0	1.5014740751522109	24.461
305.5	2.2522846986205947	16.912
306.0	2.088810020388773	121.954
306.5	2.198868642398403	90.827
307.0	1.8589160014532609	16.355
307.5	2.078109076547581	20.673
308.0	1.6585046878622485	18.221
308.5	1.3089413919396884	20.33
309.0	1.7907320623100282	70.655
309.5	1.5857880384867697	28.852
310.0	2.0926614864279007	40.285
310.5	2.0832120083710204	38.567
311.0	1.9123121281590443	40.269
311.5	1.6258981328826523	20.312
312.0	2.353799266219016	40.528
312.5	1.3117376863544348	111.031
313.0	1.6781816785766581	20.57
313.5	2.5880142528906904	111.43
314.0	1.9015491126203063	143.189
314.5	2.8779500313676176	21.207
315.0	1.6233586046580635	121.112
315.5	2.608323542599869	121.173
316.0	2.527466292431476	19.696
316.5	2.692397588348122	16.336
317.0	1.6045212495213208	17.423
317.5	2.2437099231787228	20.067
318.0	1.9331904277439642	20.385
318.5	1.8735605747163069	121.191
319.0	2.4987245845478863	130.997
319.5	2.293921433408349	131.049
320.0	1.1017187893506426	20.36
320.5	1.8731135766412976	141.119
321.0	2.3442975253178937	22.527
321.5	2.2283180521106645	131.357
322.0	2.092083772202195	21.974
322.5	1.6914438625301036	17.464
323.0	1.8268644177602171	24.212
323.5	2.1016168516928873	20.169
324.0	1.6945093720144522	120.993
324.5	1.3161147641546542	121.129
325.0	2.2134594309962234	60.776
325.5	1.7961678714609082	121.179
326.0	1.560744691221931	70.636
326.5	1.5760842873352112	121.063
327.0	1.5490534266090519	18.008
327.5	1.6143596216264204	40.26
328.0	1.5383422822895916	120.914
328.5	2.0253657841485313	141.494
329.0	2.122661446630338	20.466
329.5	2.4595489654282536	40.079
330.0	1.9646076538579484	60.561
330.5	1.427889029057855	90.846
331.0	1.9095009910900274	18.64
331.5	1.8260054806193222	30.873
332.0	2.284650556867938	20.453
332.5	2.5528827505013956	22.523
333.0	2.0708991479807053	22.958
333.5	1.4181325623429772	20.173
334.0	1.5040272941119213	70.568
334.5	1.6686851091512518	122.21
335.0	1.8618433229256066	21.175
335.5	2.625453230965774	146.002
336.0	2.567526899688533	88.876
336.5	1.6783373434028468	22.552
337.0	2.1362483769099416	131.184
337.5	1.843116122998077	17.339
338.0	1.2620512562077666	100.731
338.5	1.9688875121311293	20.92
339.0	2.0005530205197632	20.388
339.5	1.2211659595817386	131.23
340.0	1.8096582970072344	20.369
340.5	1.7908750342402495	120.939
341.0	1.9205774154460322	40.298
341.5	2.4825975193634546	29.673
342.0	2.209711844318789	135.201
342.5	1.669606758816916	18.601
343.0	1.6991289649048422	70.712
343.5	1.9336467628437646	100.918
344.0	2.6872391899851635	30.348
344.5	0.1619096568789686	41.611
345.0	1.2716974525451712	47.131
345.5	0.6902154682625649	27.184
346.0	1.3858526579681407	66.635
346.5	0.568378337308511	39.309
347.0	0.5441453618129781	65.642
347.5	0.701844399899894	151.045
348.0	0.12660201775551702	25.304
348.5	8.114473894010152	550.644
349.0	3.3661338967388224	304.254
349.5	1.0104251626853638	121.624
350.0	0.17429622892905097	14.275
350.5	2.914014038522229	19.009
351.0	0.12677946748502372	26.586
351.5	2.4408628369420238	100.749
352.0	2.1518116208543563	14.885
352.5	1.7205698124373634	50.415
353.0	1.4866576606283028	50.478
353.5	2.001251980425692	90.53
354.0	1.9436280651779383	31.348
354.5	2.0632584277608483	83.182
355.0	1.8004907362614304	50.404
355.5	2.0428727854928637	119.459
356.0	1.8150062999856444	70.777
356.5	2.081186959827644	27.934
357.0	1.4515231730639624	36.751
357.5	1.7114068258927884	100.861
358.0	2.2770854725297873	70.695
358.5	1.487109470363701	16.701
359.0	1.485241723951271	90.592
359.5	1.9941833485663332	17.887
360.0	1.85519928008023	110.979
360.5	1.7043973340850431	80.535
361.0	0.45606643196669483	62.61
361.5	2.058357663689899	82.729
362.0	1.9893295988021535	110.804
362.5	1.9267300990709393	70.592
363.0	2.3449366183299616	116.093
363.5	1.2219984333319018	20.977
364.0	1.7869825162787114	130.892
364.5	1.7690701934266226	134.522
365.0	1.961304431973962	50.513
365.5	1.2372648725015725	12.344
366.0	1.9545077716636012	11.294
366.5	2.36294888562962	40.19
367.0	1.7974255055731376	131.072
367.5	1.623696405817659	70.575
368.0	1.6757909712209078	30.149
368.5	2.268425692274986	137.762
369.0	1.72600838511383	103.381
369.5	1.7683699699650584	100.799
370.0	1.7757300232541968	91.208
370.5	1.8861368271638734	162.361
371.0	2.1570628730007138	30.187
371.5	1.6752757785139942	21.422
372.0	1.7617466695844637	101.663
372.5	2.0115594812225037	19.95
373.0	1.7177348517110131	30.21
373.5	1.5381013906027337	70.634
374.0	2.2589264431218945	90.668
374.5	1.9570460238243177	13.624
375.0	1.6237041203398128	110.98
375.5	1.9832327781093735	232.675
376.0	3.8957664302166104	476.09
376.5	2.5679774770450168	192.07
377.0	2.96197425168942	44.2
377.5	2.9748436920373322	60.698
378.0	1.6891227483153446	60.574
378.5	1.6390268053171733	131.367
379.0	2.9109045375871716	81.897
379.5	1.9498095964302211	82.36
380.0	1.7334444843842758	66.84
380.5	2.6578954916447324	110.851
381.0	1.4890596090016068	111.562
381.5	1.8742003925017987	132.119
382.0	2.0284293743540953	30.314
382.5	2.3521253074155593	60.411
383.0	1.6094565109445707	80.703
383.5	2.299383678206472	100.446
384.0	2.0218826353148076	13.34
384.5	1.6162525927987654	30.199
385.0	1.9454585809545837	131.097
385.5	1.7697201299163303	90.723
386.0	1.713726660040428	60.619
386.5	1.307854211294238	30.303
387.0	1.685026466714559	40.219
387.5	2.0544721833491257	62.304
388.0	1.9729690539186693	90.686
388.5	1.6347201318951012	40.351
389.0	1.5732843293942667	68.28
389.5	1.9621043616003604	40.056
390.0	2.0831879935275848	22.772
390.5	1.4720343983056627	20.433
391.0	2.048619120887839	23.642
391.5	2.1621367285940982	37.694
392.0	2.0360727717740708	55.437
392.5	1.5274383000983096	34.003
393.0	1.9962076881541617	140.918
393.5	2.375251760825703	90.779
394.0	1.5992070892096673	30.601
394.5	1.9083551562334478	20.126
395.0	1.7221650308517762	50.209
395.5	2.481346957654029	80.584
396.0	1.3277615546102393	65.624
396.5	1.8042617608827671	50.498
397.0	1.411485616200993	90.709
397.5	1.7685540720932473	90.434
398.0	1.573816074721217	61.685
398.5	1.9726745882017063	20.046
399.0	1.5131608555904772	100.716
399.5	2.3710307737721275	42.834
400.0	1.6588094909014517	30.078
400.5	1.9112234345494248	40.415
401.0	2.2503455046145127	100.899
401.5	1.878488376452972	60.545
402.0	1.8072615904824694	70.644
402.5	1.604388353384511	130.943
403.0	1.8937133529844647	110.77
403.5	1.663112423268417	85.703
404.0	1.2292764013790016	34.64
404.5	2.1384657273022456	90.47
405.0	1.9284353024939054	50.355
405.5	2.2100179892772167	31.899
406.0	1.1205431659500138	100.775
406.5	2.7629988246898036	20.17
407.0	1.993064701694185	121.261
407.5	2.5137360512088374	131.199
408.0	0.963833280219728	110.628
408.5	2.2729141825451324	110.704
409.0	2.6501903083760836	20.174
409.5	2.056374409062752	20.274
410.0	1.2162162867111568	110.76
410.5	2.0133185121086092	130.763
411.0	2.3849489130052364	40.317
411.5	1.9872632448309613	392.954
412.0	2.28245826912459	118.129
412.5	2.1866149344890466	100.881
413.0	2.285027354960798	143.894
413.5	1.671087340652929	70.555
414.0	1.7228183708089502	82.245
414.5	1.7172200082215356	116.678
415.0	1.7778024974967077	70.563
415.5	1.5321612531727622	137.964
416.0	1.850899948986292	20.248
416.5	1.99710528015588	84.352
417.0	1.865297371654424	263.064
417.5	1.9541220619627697	242.413
418.0	1.8372923452402061	70.576
418.5	2.513804788962144	104.853
419.0	1.6912817413863657	90.593
419.5	1.4010678471543376	30.181
420.0	1.9351546074727812	20.119
420.5	1.7365607701981858	39.757
421.0	1.9186022895341666	110.774
421.5	1.657636518407147	90.563
422.0	1.9828219612565454	80.897
422.5	1.3819006187657998	100.548
423.0	1.8664779195141887	20.201
423.5	1.5767616879203408	152.595
424.0	1.566642106659538	70.422
424.5	1.9117077923130041	60.35
425.0	1.5598585583119615	34.673
425.5	1.5136174712364792	121.159
426.0	2.1168130551074245	40.451
426.5	1.6510852148192494	150.832
427.0	1.928469301437958	127.509
427.5	1.1812368261750819	48.498
428.0	2.651544318715368	111.36
428.5	1.8643811285815008	77.113
429.0	2.1803001021232085	161.15
429.5	1.7162712195418766	20.251
430.0	2.6087374765451585	84.71
430.5	1.5876980563755054	19.962
431.0	2.21285032453002	38.604
431.5	1.397310069888125	111.507
432.0	2.0840031234076766	63.875
432.5	1.351327104903404	35.292
433.0	2.17669065224378	66.209
433.5	2.420360021470091	93.854
434.0	1.689763267607404	80.51
434.5	2.0368424531044558	70.772
435.0	1.9126691120000128	52.623
435.5	1.4319696210921382	100.691
436.0	1.54353603081169	100.648
436.5	1.876744588346164	90.581
437.0	1.954778742723757	20.156
437.5	1.5035724785486528	120.762
438.0	1.6520196416213395	40.258
438.5	1.2500715979076467	70.265
439.0	1.8591021214092132	70.55
439.5	1.8831543951276302	50.202
440.0	1.475142850875461	63.071
440.5	2.360479636941026	30.208
441.0	1.1498253421787294	50.451
441.5	1.44509339985858	20.14
442.0	1.368405319286711	46.454
442.5	1.9219579427499422	142.415
443.0	1.9257390131819605	110.643
443.5	1.7197192197521587	90.685
444.0	2.0051624421141407	90.539
444.5	2.2676348673716613	110.766
445.0	1.8349398012027611	20.144
445.5	2.0831174323766657	80.634
446.0	1.5592997233408836	90.762
446.5	1.317598093119196	43.017
447.0	1.633371069997611	28.229
447.5	2.163977933580242	69.665
448.0	1.6887552339823364	18.882
448.5	1.648315628201862	32.047
449.0	1.5407782398519458	42.607
449.5	2.3516660308726984	90.691
450.0	1.703958105615164	40.309
450.5	1.7925310957847558	121.021
451.0	1.2531297517131568	30.211
451.5	2.099635512169305	40.245
452.0	1.7759541814622377	134.694
452.5	1.653290521576561	20.31
453.0	0.9806334669076547	81.011
453.5	2.339130682190946	22.223
454.0	1.8823401229818593	126.283
454.5	2.393203766345338	36.984
455.0	1.301660011611593	110.702
455.5	2.3865999323271647	103.901
456.0	1.7075059156206875	90.543
456.5	1.9211821841586398	86.878
457.0	1.0897943169304494	30.059
457.5	1.7596660630316194	80.321
458.0	2.2576465921509143	305.746
458.5	2.626849545429804	80.655
459.0	1.4051137580260427	131.112
459.5	1.8422959445135207	30.185
460.0	2.284812912375934	90.931
460.5	1.568791063532346	100.71
461.0	1.7638766764975653	20.177
461.5	2.1953665896740246	80.523
462.0	1.851779462688277	12.318
462.5	1.7274679497933216	24.724
463.0	1.5546574014169232	110.82
463.5	2.0769416514341374	136.104
464.0	1.8829582744774822	50.357
464.5	1.4165249701353955	107.832
465.0	1.8777121269468753	92.295
465.5	1.6114425300918491	70.518
466.0	1.9905303715207556	36.569
466.5	1.396181532702403	67.688
467.0	2.1662042930624206	90.747
467.5	1.7038951719008226	120.917
468.0	2.1212724664809848	80.541
468.5	1.3693323142203833	111.221
469.0	1.2488187324284306	140.863
469.5	1.9745343460734557	60.471
470.0	3.182948694893116	80.81
470.5	1.4252120696306487	71.223
471.0	2.0318874374870033	72.333
471.5	1.9387451824219257	34.407
472.0	1.7947439213389913	90.733
472.5	1.7376497995562725	66.379
473.0	1.7357556931909863	62.582
473.5	1.5327325937904122	130.82
474.0	2.690794257431096	20.162
474.5	1.7954387506210676	154.068
475.0	1.8196847574351795	67.828
475.5	1.873906428832388	131.06
476.0	1.9057100242731688	110.811
476.5	2.0558405578634904	110.664
477.0	2.0552864770852577	38.64
477.5	1.9049830098611427	141.152
478.0	1.9525838794775066	90.813
478.5	1.4390849744881178	33.888
479.0	1.7250066495725673	30.313
479.5	2.069573876603032	74.816
480.0	1.1275910515573422	117.801
480.5	2.1360935551396034	50.321
481.0	2.079857601781896	100.619
481.5	2.0413025134568987	93.343
482.0	1.0647059003476473	70.571
482.5	1.7360701688871996	30.169
483.0	1.8024330719742594	70.444
483.5	1.4114966074403539	100.8
484.0	1.4262372424915903	32.983
484.5	1.5730415344236655	130.972
485.0	1.6665835305663748	172.151
485.5	2.5328114613821575	90.644
486.0	2.0831948110020337	131.373
486.5	1.7789978027803026	48.982
487.0	2.432455007738914	90.932
487.5	1.7095838063026112	90.88
488.0	2.2888159830876975	120.897
488.5	2.296524536538363	120.874
489.0	2.7908028674824483	55.72
489.5	1.3099845302605297	50.351
490.0	1.89278575112366	110.785
490.5	2.145554702216576	192.187
491.0	2.077928931038458	40.411
491.5	0.9262467319105864	58.091
492.0	1.7514194219319286	50.491
492.5	2.1949225659787044	40.644
493.0	1.9950598941266275	54.896
493.5	1.6353233214707938	90.64
494.0	1.8454454553642194	80.634
494.5	1.8938991565368006	36.003
495.0	1.8823964679051848	37.323
495.5	1.434896816724965	70.571
496.0	2.0902532361731447	251.889
496.5	1.8367648714693672	57.236
497.0	2.130499391770366	50.361
497.5	1.2878003871061146	80.683
498.0	2.1372642807575195	13.656
498.5	1.6830116222655647	90.511
499.0	1.822925753878522	100.128
499.5	1.3239369916825747	72.841
500.0	1.9533073576177038	70.486
500.5	1.7785914316797125	90.979
501.0	1.9901903596016217	70.539
501.5	1.550941054974427	90.617
502.0	2.1120391144594315	90.515
502.5	1.6858784415508414	62.269
503.0	1.9759442501812154	30.225
503.5	1.9177630927924507	163.26
504.0	2.274419223350504	70.546
504.5	1.3475792041782693	102.497
505.0	1.664773542276134	70.47
505.5	1.7269541186287154	241.758
506.0	2.183569756467751	20.066
506.5	1.420903846136398	30.191
507.0	1.876994968212533	13.218
507.5	1.8056701509845374	80.653
508.0	1.8865796952112683	104.611
508.5	2.463827234321489	72.119
509.0	1.249881630445	44.667
509.5	2.072865044013675	90.468
510.0	1.7559135209295738	100.712
510.5	2.2109738802195658	70.519
511.0	1.6151738292594027	157.916
511.5	1.8771393362276456	122.831
512.0	1.4518096287549611	23.926
512.5	2.1777523635677993	42.093
513.0	1.1275880397757545	40.388
513.5	2.242947079244326	34.703
514.0	1.6528004987190172	120.868
514.5	1.9209083730661058	68.027
515.0	1.3429297373334108	70.572
515.5	2.2851721691177445	90.771
516.0	1.9545222553656023	48.447
516.5	1.8794913367330353	80.724
517.0	2.377201938449989	90.551
517.5	1.6232513910545243	100.734
518.0	1.9444185101088034	99.121
518.5	1.502799236862892	90.802
519.0	1.4377076796424102	110.624
519.5	1.9110690416390674	30.111
520.0	1.9983693008264203	90.657
520.5	1.9786920147268123	114.73
521.0	1.8365662285449031	13.053
521.5	2.280318137090214	101.247
522.0	2.6181589459635775	111.051
522.5	1.8505455581173225	53.849
523.0	1.6915376079049032	90.52
523.5	1.6790644163786388	78.894
524.0	1.71927204696939	72.865
524.5	2.0181045966997555	70.556
525.0	1.5771013993314926	84.532
525.5	2.234157790473555	30.156
526.0	2.3071829242309905	43.654
526.5	1.3027354205114883	124.437
527.0	2.2840546173514857	101.009
527.5	1.2287560214541853	70.75
528.0	1.7938178340793993	64.458
528.5	2.0634685447756627	64.192
529.0	1.7163607135129733	11.862
529.5	2.0885430776037546	22.243
530.0	1.3781854978263646	70.647
530.5	1.8773348783642716	30.154
531.0	1.759581689504558	60.42
531.5	1.8382715467831485	80.785
532.0	1.6589325606658412	100.94
532.5	1.3480441093374964	80.567
533.0	1.5137091929302744	37.138
533.5	1.9556068262493211	110.8
534.0	1.8472768708045093	21.916
534.5	1.2702555151602068	90.586
535.0	1.549378874695464	70.523
535.5	1.6856548241008844	90.634
536.0	2.1753153705140584	110.768
536.5	1.2786425027486032	58.639
537.0	2.332152014283352	80.525
537.5	1.6693496510281514	78.517
538.0	1.9191126260698868	111.052
538.5	0.9555830179629474	228.824
539.0	2.7775874138778107	100.77
539.5	2.1387128824971895	33.851
540.0	2.0941486002381393	43.937
540.5	1.667487457492782	63.953
541.0	2.549380508610942	20.071
541.5	1.7131334305386654	35.181
542.0	1.6052004615916549	30.243
542.5	1.9766557612025368	20.18
543.0	1.7557406580767712	65.469
543.5	2.0912637462154477	90.632
544.0	2.092700606427668	70.619
544.5	1.7665348758401536	70.403
545.0	1.4361657419691454	15.778
545.5	1.732490089780314	16.39
546.0	1.7972984524854854	90.857
546.5	1.581349151986136	84.742
547.0	1.4709167489298884	110.945
547.5	2.2121278314756188	110.778
548.0	1.735430375993216	64.31
548.5	2.526620185795624	101.286
549.0	1.4975741743027127	110.637
549.5	1.8744078085726028	90.575
550.0	1.8841597116060225	153.853
550.5	1.9415981632750143	67.528
551.0	1.4781135770891343	110.715
551.5	1.8279679690590853	112.988
552.0	1.5215957081553413	56.304
552.5	2.051406331371916	51.745
553.0	2.0008740005090364	50.96
553.5	1.5497921717264105	110.859
554.0	1.7499124908171462	11.769
554.5	2.125517102004529	40.11
555.0	1.2792235760727977	69.918
555.5	3.1477612379694775	121.104
556.0	1.678500611935308	80.493
556.5	2.021523806868858	141.768
557.0	1.9751279836317719	122.057
557.5	2.5296705167138973	13.535
558.0	0.9958088691302681	40.3
558.5	1.657340018416462	110.814
559.0	1.830520711483697	17.89
559.5	2.5606837999509766	30.293
560.0	1.2020862548488462	17.894
560.5	2.6704021516228353	93.122
561.0	1.9186583198936142	60.949
561.5	1.9002168713891774	19.843
562.0	1.6166833019687545	70.492
562.5	2.4600883232175788	121.063
563.0	2.3094467674185073	292.884
563.5	2.6165295178208217	82.058
564.0	1.4716757057895067	100.702
564.5	1.9396490169662541	142.27
565.0	2.652308822320074	24.679
565.5	1.6646639620273458	32.791
566.0	1.7311986397841634	86.919
566.5	1.9788014887452063	131.028
567.0	1.9597151195514888	40.12
567.5	2.1944813528341607	70.035
568.0	1.6654444990322634	79.732
568.5	2.391999260595933	85.609
569.0	1.5328957868557327	151.566
569.5	2.5426089300385213	100.961
570.0	1.3826891241172408	90.174
570.5	2.2836984125002417	16.824
571.0	1.7566243826418022	141.767
571.5	2.1269186734469008	30.453
572.0	1.5418202749527785	80.62
572.5	1.9526248507526698	70.637
573.0	2.117656138921149	67.027
573.5	1.4448669413615094	60.385
574.0	2.043409947301104	90.499
574.5	1.7890921377383497	161.918
575.0	2.1082157823735406	37.143
575.5	2.0308230362867854	127.407
576.0	1.34016392712483	90.713
576.5	2.0096254207714623	50.364
577.0	1.5563674353108232	70.485
577.5	1.5660354821458937	31.393
578.0	1.4519589138408	80.749
578.5	1.9762196056621029	90.607
579.0	1.847159469157402	130.996
579.5	1.3282928010743222	36.043
580.0	1.647724102684651	111.09
580.5	2.3063949268164996	333.176
581.0	1.4690274760286632	40.14
581.5	1.349640927014108	79.087
582.0	1.7817115154321206	124.329
582.5	1.654803056257115	123.849
583.0	1.9852694566543583	14.553
583.5	2.0275598868174836	80.819
584.0	1.9228252224037963	20.062
584.5	1.885951208180084	80.428
585.0	1.7669910402231988	48.246
585.5	0.12208944742995856	76.78
586.0	1.7521503518266235	20.156
586.5	2.121754729639279	20.062
587.0	1.840815195622078	30.217
587.5	2.4564705527097455	80.41
588.0	1.9230000829370981	99.854
588.5	1.8521299594711877	130.494
589.0	2.2898251968809222	30.223
589.5	1.1301438166513642	50.359
590.0	2.740256289159118	54.106
590.5	1.7027713559601223	101.31
591.0	2.59034832487434	49.322
591.5	2.1349603215873687	10.145
592.0	1.9275176977246316	9.213
592.5	1.9172338128519941	90.727
593.0	2.279919459057248	30.232
593.5	2.445801813809727	59.625
594.0	2.395624031662935	70.526
594.5	2.463484300241579	19.381
595.0	1.719159403097096	50.452
595.5	2.0433049231512723	32.133
596.0	2.857973575285004	10.246
596.5	0.855687492640648	9.943
597.0	2.5134014740435204	20.133
597.5	2.15350177371658	60.416
598.0	2.353074229513008	11.704
598.5	1.553492760709345	50.426
599.0	1.8597532857497616	40.186
599.5	2.325208390991016	40.261
600.0	1.6363621347455446	59.839
600.5	1.616516161601746	90.728
601.0	1.0750632976085552	150.788
601.5	1.5515638144357249	50.399
602.0	1.2366642864541963	9.195
602.5	1.9345996687868037	90.533
603.0	2.066647186843883	90.567
603.5	1.9808499499016372	20.137
604.0	2.840044566336161	60.045
604.5	0.7908413123310282	9.242
605.0	2.1108712178961127	30.388
605.5	2.1221008127242014	141.925
606.0	2.522924054100744	8.544
606.5	0.8161287390645899	30.211
607.0	2.491250623993295	29.99
607.5	1.8626888916609712	70.234
608.0	1.7343054942065448	93.321
608.5	1.3608621007849402	10.07
609.0	1.9089943461107521	90.619
609.5	2.178110150306032	70.551
610.0	1.8160652203800003	60.065
610.5	1.4602572343244422	9.383
611.0	1.5921820530797324	30.179
611.5	2.124526524394023	59.997
612.0	2.40016432566319	100.65
612.5	0.9511650387071668	100.813
613.0	2.2222972353186057	30.168
613.5	2.246019336236781	43.944
614.0	2.8259491575145717	91.25
614.5	1.0062998137712291	9.189
615.0	1.6952819451564054	29.786
615.5	2.001303581473205	110.926
616.0	2.4229161211770944	26.722
616.5	1.564694183507615	30.329
617.0	1.4884630838479302	9.188
617.5	2.1367061941216243	110.799
618.0	1.412700205493698	40.916
618.5	1.3448078106735664	10.389
619.0	1.6609640094373388	70.566
619.5	1.9407582718880063	110.593
620.0	1.9407919965266056	70.579
620.5	2.3853120800600593	30.2
621.0	1.4174516881517194	40.218
621.5	1.7572412563326703	60.529
622.0	1.3296668498956752	211.984
622.5	2.239932063965301	41.238
623.0	1.2863203515646289	30.466
623.5	2.073318736378961	28.533
624.0	1.7024378488029064	97.459
624.5	1.9030369810884815	30.193
625.0	1.6708935480805558	122.168
625.5	2.010548865669547	100.884
626.0	1.9206192981522636	50.276
626.5	1.5897150391744512	39.137
627.0	1.6795526999221815	80.509
627.5	2.1466206412264146	29.638
628.0	1.354601270575438	58.585
628.5	1.7155472713400512	9.711
629.0	1.716722495135847	29.919
629.5	1.6382495568451712	30.2
630.0	1.4062665251897364	20.149
630.5	1.4498163238861632	8.134
631.0	2.112019347258207	50.458
631.5	1.9079569542720736	80.747
632.0	1.3619714626602266	20.172
632.5	1.639953297245001	29.714
633.0	1.542618389791289	80.691
633.5	1.907572125697789	99.555
634.0	1.5890895018294025	50.233
634.5	1.9264498010169917	50.533
635.0	1.272170622161789	72.863
635.5	1.8245101194826148	61.398
636.0	1.4639197293725625	30.221
636.5	1.8542495977603182	80.509
637.0	1.6073953794176	8.488
637.5	2.0259260347259773	9.469
638.0	2.4655878430438496	40.22
638.5	1.3744359801002861	90.769
639.0	2.6798073737692785	90.455
639.5	1.1234295734055457	50.343
640.0	1.6109170196711604	100.793
640.5	1.8124573815730856	100.637
641.0	2.3097464370065155	31.728
641.5	1.6277158793183935	22.938
642.0	2.012605376004805	13.479
642.5	1.8085471235626362	11.257
643.0	1.4210076633066022	60.963
643.5	1.6838305495796582	30.313
644.0	1.5085478427169376	100.776
644.5	2.2219311046866457	9.398
645.0	1.323430192198505	90.693
645.5	1.7176398052446444	8.677
646.0	2.0580117906976736	90.716
646.5	1.4138576922805972	9.86
647.0	1.4768310979851516	9.978
647.5	1.6414359701287404	70.465
648.0	1.787132401484138	50.311
648.5	2.388275617589721	100.694
649.0	0.9401964792969111	90.683
649.5	1.7749497378100254	100.544
650.0	1.4953853278824627	125.611
650.5	2.324586031415575	100.753
651.0	0.8841151482854159	62.928
651.5	1.7104385061915954	30.235
652.0	1.9450435272203366	56.295
652.5	2.056643721557002	30.155
653.0	1.7907217425768631	50.018
653.5	1.670424370812505	60.405
654.0	1.9038643685092382	110.635
654.5	2.0057534348611106	50.494
655.0	1.6979016155531164	70.628
655.5	2.034144809872988	100.69
656.0	2.267317292094006	10.13
656.5	1.7534039572206723	20.175
657.0	1.6897359869714041	20.189
657.5	1.6923132280018653	110.782
658.0	2.038898551473926	110.881
658.5	2.0143524976952727	90.668
659.0	1.6901491668191422	50.302
659.5	1.9215549498072961	72.631
660.0	2.06119267896005	11.032
660.5	1.422062598833885	50.434
661.0	1.9462908509884134	20.173
661.5	1.714970364759066	53.784
662.0	1.5394732079548186	9.969
662.5	1.5329816243707726	69.595
663.0	1.7367857005816585	30.273
663.5	1.6085307973248675	30.188
664.0	2.5742545853492924	20.4
664.5	0.9246157809782519	9.62
665.0	1.9077407212494248	80.477
665.5	1.8928023629794652	30.288
666.0	1.6824585275087964	50.423
666.5	1.7849382037626913	30.254
667.0	1.7664524690954297	90.722
667.5	1.8354096118399914	38.263
668.0	1.7227267440790939	8.538
668.5	1.5414553784741967	80.714
669.0	2.1043608367185542	8.59
669.5	1.672000307125938	8.707
670.0	1.811224063485801	11.191
670.5	1.507829550309935	60.329
671.0	0.16222309940272217	10.891
671.5	0.16575369613690022	9.124
672.0	0.1440843024163903	18.046
672.5	0.05317028531799558	16.18
673.0	0.053996458930093416	12.689
673.5	0.10063152261381214	98.494
674.0	2.8527934580235565	100.539
674.5	1.430223283929162	435.934
675.0	2.854364029555048	40.92
675.5	2.050890331242684	20.216
676.0	0.17159244367405257	435.934
676.5	2.9159523855685263	20.206
677.0	1.7944847310302137	79.458
677.5	1.5532004580056713	115.22
678.0	2.8007223393875846	30.183
678.5	2.4596698767750094	70.586
679.0	1.962067901808061	59.805
679.5	2.1323130364934286	86.389
680.0	2.167769199365328	80.503
680.5	2.1010561349924846	56.506
681.0	2.8508808655557876	13.265
681.5	2.7624144732089726	70.778
682.0	1.86178612853531	90.654
682.5	1.8505018764597272	46.804
683.0	1.7492221144737437	40.307
683.5	1.7442173211783498	13.149
684.0	1.6947257779792981	90.623
684.5	1.770458503981636	41.391
685.0	1.870850039043478	20.222
685.5	1.745771685145958	7.971
686.0	1.3471599826973037	82.937
686.5	1.7044183295253459	85.374
687.0	1.1892369977439183	120.912
687.5	1.3127221561379814	77.001
688.0	1.735367429720796	9.917
688.5	1.7448411427977017	18.54
689.0	1.8936854727132684	30.186
689.5	1.6312315629153145	30.181
690.0	1.8395413207317335	70.659
690.5	1.902676435417362	70.676
691.0	1.7016669441285832	60.604
691.5	1.642545585716228	120.848
692.0	1.589021504950234	51.681
692.5	1.6664649887323313	100.43
693.0	1.9097985818220455	80.867
693.5	2.3714170606485587	80.985
694.0	2.1585038576885816	80.673
694.5	1.7765115964408769	141.127
695.0	1.8696752034334254	69.166
695.5	1.949066672817749	71.777
696.0	1.9968418123715284	40.84
696.5	1.6940991156065353	80.657
697.0	1.8197429520309274	70.533
697.5	1.989691802489974	70.551
698.0	2.0303169614064767	58.35
698.5	2.6460742624500297	60.006
699.0	1.537984986887691	50.584
699.5	1.7642455706521747	50.404
700.0	0.03474249636277351	10.728
700.5	0.02420858671504733	10.272
701.0	0.1318546402086023	30.938
701.5	0.14634057285339533	18.992
702.0	4.747295088195	243.025
702.5	1.3195260765535113	161.644
703.0	0.853524389141391	146.483
703.5	1.1506896186660296	82.06
704.0	1.0769477193682178	70.763
704.5	1.260146074269476	131.514
705.0	0.8805596425070221	70.533
705.5	0.897535581902819	128.401
706.0	0.8843602725091285	141.31
706.5	0.15643623483840302	8.353
707.0	0.1685584902017684	9.656
707.5	1.2394453148938807	92.505
708.0	1.3262437705420766	104.126
708.5	0.04201083872474422	16.146
709.0	0.0573515050407171	11.509
709.5	3.257738704197848	70.665
710.0	2.2334754023096246	9.681
710.5	1.9435613356585975	70.385
711.0	2.0563649531850707	70.322
711.5	2.1040852911512893	40.345
712.0	2.700023517965609	68.8
712.5	2.1308872924172753	90.799
713.0	1.67589759060873	8.781
713.5	1.8220349832592455	20.16
714.0	2.149675199041713	20.179
714.5	2.420911105009828	61.139
715.0	1.8474274351206301	43.518
715.5	2.3228196014198583	35.083
716.0	1.7153836078185738	70.378
716.5	2.6546933099472643	7.778
717.0	2.579204137085307	10.975
717.5	2.3772628463531573	45.99
718.0	2.3887441530914946	79.918
718.5	2.2256554688041432	20.056
719.0	2.5014999559797397	61.356
719.5	2.237242730851302	30.283
720.0	1.8741398988572826	124.362
720.5	2.181839052601773	40.646
721.0	1.7350301651997604	32.317
721.5	2.4380428841364448	70.621
722.0	2.1645960952511616	90.67
722.5	1.991539479816712	11.964
723.0	2.0405269327505002	70.468
723.5	1.9964897014988845	10.78
724.0	2.1264734106924736	80.436
724.5	1.966381429148561	20.28
725.0	2.654182518358129	20.249
725.5	2.01210151305435	72.37
726.0	2.4500142906617857	43.404
726.5	1.6263440092747339	100.667
727.0	1.4066488639356554	100.197
727.5	2.544829979365155	70.38
728.0	2.2230495187003974	70.394
728.5	2.357753783581182	70.25
729.0	2.467023614704835	32.81
729.5	2.274944276727049	29.254
730.0	2.3172121938715597	40.11
730.5	2.5583853985608513	38.863
731.0	1.9165671832336288	31.266
731.5	2.2572698756555005	70.426
732.0	1.9995454971358348	32.764
732.5	2.150817878290279	40.303
733.0	2.9709532730657915	11.862
733.5	2.395545478007189	80.501
734.0	1.9036745113590092	80.52
734.5	2.219895613672425	60.402
735.0	2.2430501032883816	60.417
735.5	2.3405184176247085	120.815
736.0	2.210164581398984	80.765
736.5	2.631790020463661	100.714
737.0	2.662461341164907	100.689
737.5	2.6736577551821004	11.468
738.0	2.7045533355665783	50.283
738.5	1.653197372463514	90.67
739.0	2.0309610568266026	90.543
739.5	2.309250335887429	70.57
740.0	1.867273423853279	70.635
740.5	2.0008225526964765	62.107
741.0	2.1364385418718213	65.059
741.5	1.5169791377046122	110.665
742.0	1.6717205352563385	110.728
742.5	2.249154642672514	30.147
743.0	1.9848467303602595	15.229
743.5	1.6610040308330238	7.928
744.0	1.434258306047138	10.619
744.5	1.5770578069243764	70.612
745.0	1.8106568056153225	70.601
745.5	1.444112693229825	130.955
746.0	1.6406287965676012	130.982
746.5	1.3721285713692417	30.233
747.0	1.137470493375068	30.252
747.5	2.055991166051352	13.297
748.0	2.030676723505863	10.787
748.5	1.8785011025041018	30.264
749.0	1.8317096444316916	30.281
749.5	2.29729813566413	70.647
750.0	2.250013620316664	70.64
750.5	1.7516505210898927	20.069
751.0	1.943437963465048	20.081
751.5	1.3931485946312359	114.429
752.0	1.7830844518818896	114.743
752.5	2.0452650398122763	100.633
753.0	2.123078134674617	100.66
753.5	2.013768072856881	90.653
754.0	2.627098075659372	90.698
754.5	1.3544849347634604	20.052
755.0	1.707840471559636	24.831
755.5	1.8363259858085517	120.775
756.0	1.665792238837311	120.719
756.5	2.090035105123769	29.304
757.0	2.329854576084062	23.065
757.5	2.523764162478728	8.739
758.0	1.8337309766524363	10.697
758.5	1.5709791242984787	51.745
759.0	1.6693420574095326	40.31
759.5	2.2197090386410663	30.134
760.0	1.7865121946867326	30.129
760.5	1.7426199099051127	40.184
761.0	1.7006184088494902	40.218
761.5	2.1478010904157494	10.259
762.0	1.8221408633500604	12.154
762.5	1.7964239481743902	60.297
763.0	1.2855609363074516	60.318
763.5	2.632274888476842	11.54
764.0	2.161540950490583	14.108
764.5	1.7957066652485174	63.403
765.0	1.8010819204025628	102.986
765.5	1.8213901290378531	60.452
766.0	1.5736100595556282	60.471
766.5	1.5481660449712322	38.742
767.0	1.833422536383298	40.815
767.5	1.9014587208146847	110.741
768.0	1.7871612415356235	110.761
768.5	1.7182940320979194	50.45
769.0	2.3344767769884394	50.437
769.5	1.342020603619892	131.071
770.0	1.6613703355422282	88.593
770.5	1.5776807520235978	60.353
771.0	1.425493811084254	60.379
771.5	2.299858495302752	82.13
772.0	1.959606286544075	84.093
772.5	1.6793433046216	90.643
773.0	1.4900320887093839	90.691
773.5	1.7677619526040391	128.755
774.0	2.0440882687999578	107.751
774.5	1.9527512909086935	60.521
775.0	1.779517806882335	60.542
775.5	1.5927649439415985	90.737
776.0	1.9750661822604167	70.678
776.5	2.3350062729645793	8.341
777.0	1.9762025949131699	60.49
777.5	1.7434652490037286	58.51
778.0	1.7796099013919724	61.331
778.5	2.060167622708349	90.583
779.0	1.7456031919455501	30.215
779.5	2.19099210801552	30.19
780.0	1.7110782288545745	40.749
780.5	1.441400405481517	100.692
781.0	1.3932172606754356	100.731
781.5	1.5724262591778053	100.748
782.0	1.4014569427361159	100.764
782.5	1.6766819839105513	90.577
783.0	1.4666977584928609	90.557
783.5	1.9644765752392874	20.132
784.0	2.593770319868124	20.106
784.5	1.7965563820339645	110.712
785.0	2.000350374616664	110.736
785.5	1.2739732559273362	30.235
786.0	1.7782647468937363	50.704
786.5	1.8261319240743272	30.319
787.0	2.507887910091767	30.247
787.5	1.649807931960897	130.755
788.0	1.8959845174031011	81.182
788.5	2.0248507948344803	116.429
789.0	1.6871685965267085	39.592
789.5	1.6025360156338004	30.186
790.0	1.3699188366552753	31.316
790.5	1.2163057352696658	32.196
791.0	1.4965969778627326	29.201
791.5	1.4097083746953238	10.834
792.0	1.3019301431730783	8.744
792.5	1.9217552946193164	100.596
793.0	1.7380590176438468	98.937
793.5	1.0025840812543128	120.863
794.0	1.2543745996723679	120.811
794.5	1.5763775031270084	99.442
795.0	1.182595041263777	20.202
795.5	2.063213975772585	50.489
796.0	1.7996217478452579	50.52
796.5	2.1816612553966586	10.298
797.0	2.3984242763988934	90.7
797.5	1.0564810644656097	100.805
798.0	1.0735529839651616	100.822
798.5	2.60289072196245	20.176
799.0	2.358489368644898	20.113
799.5	2.2441011436796305	90.647
800.0	1.9320163499467342	30.664
800.5	1.899315994417425	71.825
801.0	1.8581990911890616	69.285
801.5	1.2577024880439502	110.898
802.0	1.4167100092577427	30.199
802.5	2.096819346145395	90.706
803.0	1.8498516820584057	90.648
803.5	2.0775000517377444	20.236
804.0	2.2758241535750225	20.28
804.5	1.449839472257643	90.682
805.0	1.4479590120349548	90.708
805.5	1.7333912757901488	20.287
806.0	1.6089323046635962	20.281
806.5	1.8675042813021798	10.901
807.0	1.6583458932010422	70.374
807.5	1.5843254985574915	20.039
808.0	1.8387236092538042	105.068
808.5	2.071959029006932	30.276
809.0	1.52862955029838	30.283
809.5	1.196423737323752	130.564
810.0	0.9879848052142799	130.643
810.5	1.3823544121174092	31.474
811.0	1.4207745879317832	70.475
811.5	2.0389542717342106	119.951
812.0	1.66282677567497	123.967
812.5	1.5141428161425472	60.521
813.0	2.0583202567107546	14.633
813.5	1.3995126496905685	11.211
814.0	1.226702730193168	12.513
814.5	1.6439249320978897	11.553
815.0	1.8776595235369211	50.311
815.5	1.1824487315525405	70.541
816.0	1.1834540333858004	69.089
816.5	1.5855842681746197	10.273
817.0	2.0235898362323184	33.169
817.5	1.048320012106855	138.259
818.0	1.0504851712681131	65.507
818.5	1.8492764011082794	43.29
819.0	1.9280981616467876	41.616
819.5	1.5839075833599907	10.467
820.0	1.7671341396529454	9.646
820.5	1.7336217845391824	30.448
821.0	1.4862253065169952	15.306
821.5	2.4405918847038888	70.56
822.0	2.27687444993868	70.502
822.5	2.6206449064204462	30.305
823.0	2.5172116718119875	60.429
823.5	1.9388004183210954	30.207
824.0	2.082528725395341	10.6
824.5	1.972879026816557	30.138
825.0	2.218101320319228	10.811
825.5	1.6378647566235183	20.062
826.0	2.040937611793015	11.336
826.5	1.574310768373104	100.598
827.0	1.5086246521922153	100.54
827.5	0.5239539728255296	8.601
828.0	0.5812869413108883	11.363
828.5	1.0541878843228472	30.156
829.0	1.012386985620272	70.485
829.5	0.9975511157262926	40.335
830.0	1.1168012135541385	40.307
830.5	0.8392145853436453	40.444
831.0	0.7455679414316659	60.46
831.5	1.040486712487414	80.58
832.0	0.7799036082153057	80.599
832.5	0.7504063008351958	30.326
833.0	0.7727153311964736	110.909
833.5	0.8660220387728109	70.494
834.0	0.952133093987148	9.96
834.5	0.7272538025281078	109.837
835.0	0.6613736706895496	119.729
835.5	0.7602437374746959	50.432
836.0	0.8994753072799724	69.042
836.5	0.6224275013438421	60.104
837.0	0.6837833833581715	80.68
837.5	1.1639719391499757	20.254
838.0	1.2584971846847728	15.433
838.5	0.9465827772966097	60.4
839.0	1.0178652133232433	29.8
839.5	1.3175356052371126	30.74
840.0	1.1619578270345448	31.741
840.5	0.9150959346565946	62.7
841.0	0.7301943103120742	12.451
841.5	1.0551881228208149	70.555
842.0	0.8379205642470097	30.205
842.5	0.7926933165210719	30.232
843.0	0.7091367946297823	31.182
843.5	0.15814039015946102	15.661
844.0	2.8524976912136735	15.613
844.5	1.2360422340095178	70.591
845.0	0.12872535187226175	11.099
845.5	3.0278193914754326	40.654
846.0	0.6850631012397912	33.131
846.5	0.9356840780299894	52.01
847.0	0.8824040939705516	100.879
847.5	1.2801514894813397	50.365
848.0	0.17926180416277043	12.625
848.5	5.128818181514575	209.054
849.0	0.8119176936153639	60.745
849.5	0.8600245982763959	32.918
850.0	0.1753743972433304	9.784
850.5	2.602383306442122	100.595
851.0	1.9591945990021908	50.598
851.5	1.6995600415583079	100.878
852.0	2.3614965782349544	90.59
852.5	2.395587568820139	101.352
853.0	2.1293542388011684	70.761
853.5	2.7113586377686163	72.868
854.0	0.12960036050286922	9.714
854.5	1.6028923035680227	20.195
855.0	0.8554394128518573	60.422
855.5	1.2854713411768233	20.131
856.0	0.9696075414290057	60.36
856.5	0.7366514861949235	37.513
857.0	0.8265108182482485	60.394
857.5	0.13963321838089507	13.564
858.0	1.0682346746448712	22.681
858.5	0.46649424203461365	137.05
859.0	0.1496702229276617	13.433
859.5	2.9618596192595867	50.283
860.0	1.6591626302658626	102.001
860.5	2.8894317606494755	12.298
861.0	1.890651278486269	32.978
861.5	2.1365288902433557	32.989
862.0	0.16763986715524004	11.524
862.5	0.1579080113422601	10.64
863.0	0.8608877181348221	31.528
863.5	0.4333064607639122	42.619
864.0	0.8553923926455794	80.463
864.5	0.5965672509030246	40.295
865.0	1.2190312258281837	50.294
865.5	0.3710250630042367	211.72
866.0	0.9586486338552834	12.724
866.5	0.8137525761107828	80.45
867.0	0.7709349497874419	82.254
867.5	0.9947326699206529	71.674
868.0	0.5771257682262532	31.274
868.5	0.423513808433223	51.445
869.0	0.6113151219439987	120.88
869.5	0.6897336228584783	110.93
870.0	0.3462345706350509	70.578
870.5	0.5780178224867033	100.881
871.0	0.47902796474450415	40.443
871.5	0.4571762351083873	126.688
872.0	0.5787976593090804	124.634
872.5	0.4261308944969959	32.742
873.0	0.47028823511287626	13.975
873.5	0.5100532954369746	13.317
874.0	0.4983705233077743	36.797
874.5	0.5000509582696918	11.244
875.0	0.5958890867786252	124.889
875.5	0.5990394584661909	31.66
876.0	0.35681726615570536	109.417
876.5	1.3866273144644539	130.83
877.0	0.5382059270127939	130.999
877.5	0.5296082821004208	87.505
878.0	0.670269237793173	127.115
878.5	0.41684657640225414	36.181
879.0	0.5140706356419907	50.388
879.5	0.6345354355640066	114.426
880.0	0.4555994480332153	130.863
880.5	1.2242066851711884	110.905
881.0	1.791117821530468	11.382
881.5	2.1003038295858887	65.653
882.0	1.9071172384838158	112.741
882.5	0.9397340344993095	42.575
883.0	2.1010959542772842	60.37
883.5	2.0448006133514314	70.621
884.0	1.7212828177612594	80.622
884.5	1.565952228937504	13.278
885.0	1.8747126286124889	58.954
885.5	2.0741411362558018	70.504
886.0	2.59600812444263	33.208
886.5	1.6657047144213457	70.562
887.0	2.067434360786779	70.616
887.5	1.666846317733646	40.336
888.0	1.6755160464078973	112.376
888.5	1.4711817026512946	80.633
889.0	1.5835834911341726	100.881
889.5	1.5651710705058461	80.485
890.0	1.780616298595163	60.789
890.5	1.6314736817945106	70.477
891.0	1.961707439080866	80.471
891.5	2.154374100536649	120.946
892.0	2.175292381533155	50.425
892.5	2.1374419726226423	60.419
893.0	1.8944296445746387	110.978
893.5	1.7428521572856037	80.538
894.0	1.423528778634792	120.907
894.5	1.791254146342861	100.728
895.0	1.6906027912465884	90.685
895.5	2.3846956344782693	11.77
896.0	1.44165256615946	90.705
896.5	1.7206041126809857	20.17
897.0	2.2590062282586048	80.529
897.5	2.3173873339975497	31.325
898.0	1.3552287326122903	17.508
898.5	1.807283240404583	13.187
899.0	1.6432424792610922	15.507
899.5	2.1727108796307215	80.921
900.0	1.747528912642994	80.67
900.5	2.149773761534019	90.585
901.0	1.944010579082592	60.416
901.5	2.1121936569137683	100.324
902.0	1.652312403028311	11.252
902.5	2.006732621583303	50.261
903.0	2.1323202782165223	60.504
903.5	2.068169967169931	80.712
904.0	2.0050594184409825	70.468
904.5	1.5550122897999499	41.575
905.0	2.0630558538341854	80.634
905.5	2.1400277771835596	33.187
906.0	1.1058904911107803	91.876
906.5	2.2143840667383485	80.498
907.0	2.3159147762425314	42.078
907.5	1.4773601915416141	71.349
908.0	1.4233289610891076	87.28
908.5	1.5880000241691576	110.856
909.0	1.9466010092602297	50.567
909.5	1.3195386781140273	64.435
910.0	2.187284421641372	20.162
910.5	2.4552343552313896	20.226
911.0	1.5421079453534126	133.281
911.5	1.3607113456953215	50.402
912.0	1.7034639477856937	10.856
912.5	1.8984054925061258	129.735
913.0	1.5831724294501834	40.402
913.5	1.458649471900025	60.473
914.0	1.801784338061273	90.66
914.5	2.0524645551824667	60.351
915.0	1.7916856599598925	32.431
915.5	1.745882487623048	10.942
916.0	2.0786366117598902	90.876
916.5	1.6958562108462287	70.392
917.0	1.944656816182983	12.472
917.5	1.8162403400659155	31.318
918.0	1.9039323558677883	60.433
918.5	2.283683382247893	42.069
919.0	1.4152459421376817	20.149
919.5	1.5172254686240023	20.229
920.0	2.0264016458123297	80.786
920.5	1.5780943144081363	90.552
921.0	1.6860069633260897	50.394
921.5	1.5255147206110484	100.712
922.0	2.43148248069808	53.313
922.5	1.897544324006588	31.853
923.0	1.6460551356760518	20.171
923.5	2.432262390014934	49.73
924.0	1.7144057026665729	21.763
924.5	1.997485453490141	60.449
925.0	1.481130447464897	70.732
925.5	1.8455773849670924	80.795
926.0	1.9815239004978218	70.379
926.5	2.5396038881451433	20.325
927.0	1.3401250722130256	80.75
927.5	2.13540093420589	100.71
928.0	2.12727284162447	20.205
928.5	1.6306241833210606	120.851
929.0	1.9854796161676445	90.514
929.5	1.6523333539532792	71.814
930.0	1.4101209161602026	14.648
930.5	2.0349517215151796	120.543
931.0	1.2220815191686363	61.268
931.5	1.9312761024463228	92.298
932.0	1.5297948558756989	80.568
932.5	1.5085578568464681	112.27
933.0	2.004031114312625	40.378
933.5	2.0159011841550973	40.342
934.0	2.015084928888238	70.43
934.5	2.1113397372973446	70.521
935.0	1.537130023902474	20.274
935.5	2.252351084496045	93.314
936.0	1.7515205137375003	100.905
936.5	1.5665313052721754	21.758
937.0	1.8142415244729808	30.112
937.5	1.951475825648485	70.564
938.0	1.8540330586415268	20.163
938.5	1.5509004391316263	50.332
939.0	1.5181992038424525	70.514
939.5	1.945722650928633	73.314
940.0	2.062140455154219	92.954
940.5	1.8383946399987907	72.228
941.0	1.3712983895996438	120.932
941.5	1.857488932176632	20.151
942.0	1.5246428918495223	80.639
942.5	1.8380314647976572	20.234
943.0	1.7733323998066741	80.629
943.5	2.027698135074021	40.319
944.0	1.7014256805892598	83.202
944.5	2.018736978524041	30.982
945.0	1.7615903949123715	72.136
945.5	1.5935143349412155	60.543
946.0	1.555534719705702	80.5
946.5	1.8206128081414905	30.209
947.0	1.3670977842096814	50.477
947.5	1.753121828285057	20.302
948.0	2.714986900435899	30.44
948.5	1.3497143850272133	100.928
949.0	1.6280360946051629	11.251
949.5	2.2258962047922357	11.815
950.0	1.7925509442263552	90.957
950.5	1.7007467516969141	70.533
951.0	2.5281979234592735	62.367
951.5	1.7527712319739779	92.321
952.0	2.3882571524345364	11.34
952.5	0.5818887976986054	13.562
953.0	2.290510841997374	10.942
953.5	1.77589351953251	13.146
954.0	1.5408597995298607	11.765
954.5	1.6308914092599476	40.233
955.0	1.6942551359966953	60.496
955.5	1.447461832707606	29.331
956.0	2.0941324427513384	11.176
956.5	2.0103752930387717	20.258
957.0	1.7545293071632442	70.585
957.5	2.0172285432560115	70.466
958.0	1.649919318602035	71.907
958.5	1.644039163466957	11.117
959.0	2.306877786304149	60.527
959.5	1.4675224726252558	60.488
960.0	1.5924120417557166	23.527
960.5	2.2561901575620165	102.133
961.0	1.5464507740664724	111.305
961.5	1.8853507591682268	60.435
962.0	2.4629816046339625	70.841
962.5	1.2392739210714003	31.795
963.0	1.812970756364217	60.519
963.5	1.9001179609722387	79.351
964.0	1.4922281145150575	60.523
964.5	1.6190754450350362	42.335
965.0	1.6061706220655751	31.764
965.5	1.6815201871128689	104.537
966.0	1.9288683207723503	50.692
966.5	1.039111968928341	70.235
967.0	1.3446450039053572	88.683
967.5	1.5752060247552804	90.647
968.0	1.842230535585404	73.214
968.5	1.742557452769455	50.25
969.0	1.6848590466374036	20.264
969.5	1.6663998461834983	11.135
970.0	1.7194178689202344	83.042
970.5	1.4451027840210455	80.721
971.0	1.3509137644293148	86.728
971.5	2.164237720098073	60.05
972.0	1.7668039300741665	41.72
972.5	1.732272698814669	70.621
973.0	1.4033067008050422	42.305
973.5	1.5708398963247563	102.535
974.0	1.4787651844087217	50.543
974.5	1.5077925001852421	41.996
975.0	2.0665772475517796	20.24
975.5	1.6797471763786354	70.638
976.0	1.7139157597883612	60.338
976.5	1.2678936045958507	73.187
977.0	2.0340688369001705	11.784
977.5	1.5277274916333343	70.802
978.0	1.4635433326450775	70.48
978.5	2.331715757032085	11.245
979.0	1.8270507016704063	80.658
979.5	1.7623872707421782	63.586
980.0	1.2500307042441348	55.853
980.5	1.7036152259659327	20.157
981.0	2.2595617004713118	11.121
981.5	2.2139732125706555	27.564
982.0	1.5822270768461566	11.273
982.5	1.4920704172157104	60.486
983.0	2.0860177183614796	48.406
983.5	1.9402077919909866	70.698
984.0	1.6210818080629525	10.794
984.5	2.0730907492947024	50.422
985.0	1.7223650705089606	50.438
985.5	1.7361754467101362	40.217
986.0	1.601570658795938	60.429
986.5	1.7124305452827147	11.711
987.0	2.2124501015851243	60.291
987.5	1.8238005224987444	31.404
988.0	1.9752718627665682	60.645
988.5	1.8795081154017352	130.083
989.0	2.166126448265683	60.57
989.5	1.9704314108391956	80.507
990.0	2.6009594358393278	91.601
990.5	1.7872325176142698	81.84
991.0	2.2017364994049307	73.233
991.5	1.1960362714958348	111.084
992.0	1.5780961737808066	31.742
992.5	1.9385772800472603	80.85
993.0	2.5695996056606214	40.636
993.5	1.7625848219184652	80.785
994.0	1.9821025062269049	10.056
994.5	1.7056114983184667	11.546
995.0	1.5225179646100204	65.088
995.5	2.016157571425488	43.6
996.0	2.259895266835102	60.43
996.5	1.7360902654296302	60.226
997.0	1.9134250291081425	20.195
997.5	1.6462849455982111	10.771
998.0	1.4603403544240698	11.331
998.5	1.9028319758292305	61.911
999.0	1.7487464306420901	108.387
999.5	1.3505192457698136	92.994
1000.0	2.414711774305987	80.617
