0.5	2.172029747399604	20.789
1.0	2.0009706689525717	80.661
1.5	1.6321678218518216	49.303
2.0	2.234021065743063	107.502
2.5	1.7747330087209463	18.365
3.0	1.6110229372651712	80.657
3.5	1.4600094418624636	58.322
4.0	2.1564690111944516	120.931
4.5	1.3183755503157744	37.32
5.0	2.2043161767242183	71.228
5.5	1.5960845760622973	110.974
6.0	2.1609510473210776	20.199
6.5	1.5359833220233459	119.472
7.0	1.522604227529381	56.39
7.5	1.3021758426785903	40.291
8.0	2.158635319343472	31.802
8.5	1.4870868172556118	58.783
9.0	1.533723906659003	100.753
9.5	1.6803255582708407	43.134
10.0	1.7706137239401563	47.11
10.5	1.5452340141072392	40.34
11.0	1.878330383305765	26.517
11.5	1.8808957625644067	90.699
12.0	1.6905864611317223	19.952
12.5	2.0941882493705366	28.224
13.0	1.876492525093571	20.2
13.5	1.934553328798793	68.489
14.0	1.9690556527956815	70.495
14.5	1.5987862045576153	90.518
15.0	1.4271459744568633	17.832
15.5	1.2087808907762658	70.979
16.0	1.5163477234729985	285.479
16.5	1.9130451906100587	118.334
17.0	1.210419417186798	104.858
17.5	1.4858432981153213	110.847
18.0	2.023900578706465	100.927
18.5	1.592561648008404	140.588
19.0	2.767902976577081	110.917
19.5	1.5897261300122025	17.416
20.0	2.5013536203313564	60.432
20.5	1.0677612354048505	48.749
21.0	2.027975224568808	80.632
21.5	1.9351952871182496	115.664
22.0	3.125620350335007	130.839
22.5	2.1867403125854583	120.666
23.0	1.8337786352585324	67.606
23.5	2.1903593669848163	80.469
24.0	1.912706064479175	110.609
24.5	2.23605477263911	70.517
25.0	1.3319202856567744	130.815
25.5	1.4957570352529646	49.803
26.0	1.5094098217968195	23.523
26.5	2.089114521249729	85.802
27.0	1.2531607867474492	151.325
27.5	2.1985761963426866	97.445
28.0	1.3124418853804782	100.465
28.5	2.531234803547647	90.567
29.0	1.4112308772468474	120.21
29.5	1.3862206859760378	87.953
30.0	1.8525377715868374	149.678
30.5	1.5154726517093482	168.767
31.0	1.3289312837838632	76.951
31.5	1.6029321059299555	110.832
32.0	1.9326017887838416	110.722
32.5	1.5479793345694408	100.643
33.0	1.6291070568671442	30.195
33.5	2.04148093554924	21.428
34.0	2.017057397266194	60.292
34.5	1.2827164953763233	134.063
35.0	1.7234426864410914	46.62
35.5	1.8980973014314892	30.232
36.0	1.3856216753593793	120.841
36.5	1.8354740888475245	70.48
37.0	1.7548309945342502	70.523
37.5	2.7820496087458935	122.092
38.0	2.4577278064181463	60.224
38.5	1.5951528705684705	130.748
39.0	1.6126291648717868	130.886
39.5	1.372320513978032	70.421
40.0	1.690024341246134	60.565
40.5	1.9331012630965851	70.453
41.0	1.9119076822499352	113.787
41.5	1.9301835453569423	58.334
42.0	1.9386772020912395	30.191
42.5	2.4022697853144104	70.73
43.0	2.9243149853490493	70.308
43.5	1.8377276038411872	30.256
44.0	1.4087292529628244	120.625
44.5	1.8345879681579207	15.713
45.0	2.562095867895017	17.242
45.5	1.8685640066236364	130.961
46.0	1.3614689319393078	80.488
46.5	2.072036535945517	100.813
47.0	1.9606323038004008	80.895
47.5	1.8465298806736528	82.636
48.0	1.408303758725643	21.671
48.5	1.5678071815551586	202.026
49.0	1.5236902717996226	97.351
49.5	1.4483075402109338	117.657
50.0	2.198880606008255	60.214
50.5	1.6262645699609175	60.322
51.0	1.647711464292454	78.67
51.5	1.4582416122202713	100.729
52.0	1.4732621351181563	46.519
52.5	1.421732310379834	82.508
53.0	1.6583602381432152	130.834
53.5	2.051620453119245	58.063
54.0	2.061724081162957	189.319
54.5	1.8913788744566067	109.567
55.0	2.474393047646026	41.584
55.5	1.971629523484691	110.697
56.0	1.3321382767148378	80.053
56.5	1.250937577783713	52.45
57.0	2.379158924159934	50.451
57.5	1.4517729289530057	36.712
58.0	2.0389538747423686	80.524
58.5	2.1713097389623734	26.826
59.0	1.7123689951087646	57.59
59.5	1.5336250711471242	201.754
60.0	2.440414543545592	60.476
60.5	1.8532954642256938	120.769
61.0	1.5778473524210992	46.272
61.5	1.3060257492937675	117.779
62.0	1.4258623658905065	100.345
62.5	1.166817523225018	130.906
63.0	2.1611778410541422	86.383
63.5	1.3114633187621318	57.498
64.0	1.8612539889025	120.976
64.5	2.092101637681206	46.313
65.0	1.9027217090736035	16.415
65.5	1.8641829841875879	50.245
66.0	1.407652310674209	120.787
66.5	1.5364209528997546	30.251
67.0	1.032407626041746	86.936
67.5	1.822772169099457	39.866
68.0	1.6341732420600892	50.344
68.5	2.1628812013843377	40.162
69.0	1.9689410711880095	50.34
69.5	1.6764359015131312	68.137
70.0	2.3335503298935496	110.785
70.5	1.4190018817543693	20.889
71.0	1.7387942285744438	90.785
71.5	1.9113286486767425	65.375
72.0	2.189248029225672	118.201
72.5	2.3125118549344883	100.776
73.0	2.208189798902896	80.613
73.5	1.16606109492044	108.036
74.0	1.683480498567056	50.273
74.5	1.707690336103532	60.327
75.0	1.3246441657399906	46.113
75.5	2.1820534562804093	192.003
76.0	1.9190954454536215	80.44
76.5	2.2046026242261627	40.312
77.0	2.0089146309328836	29.99
77.5	1.2695870182075064	86.456
78.0	1.7300310048632284	110.635
78.5	1.7365335590030744	88.335
79.0	2.3945728918338687	16.3
79.5	1.7370131824032167	37.523
80.0	2.3228116209905076	16.552
80.5	2.054524175080427	120.948
81.0	1.9106484443002667	252.36
81.5	2.3981494643878087	47.799
82.0	2.3172593919143267	41.306
82.5	1.4769876518572345	21.286
83.0	2.1282078386340397	38.308
83.5	1.656781030228595	100.124
84.0	1.8048338184220418	46.899
84.5	1.7323230163187662	110.433
85.0	2.7543366317007747	19.895
85.5	1.741115536406542	30.163
86.0	1.2005179222382971	117.031
86.5	2.0929817802320088	70.858
87.0	2.5719747123262104	70.848
87.5	2.10591721947627	120.64
88.0	1.5950096242227392	60.463
88.5	1.3178068086866703	30.194
89.0	2.509575557674512	70.534
89.5	2.3150151855740018	80.739
90.0	1.8090425889601884	70.565
90.5	2.0661738683350945	38.022
91.0	2.7792796033141722	20.053
91.5	1.529952281876304	100.647
92.0	1.8677946683204585	60.835
92.5	1.7363448191105757	120.751
93.0	2.038505758909246	150.921
93.5	1.9899584542839424	100.463
94.0	1.763054416309597	90.355
94.5	1.8332623863652395	70.553
95.0	2.449767270019777	80.833
95.5	1.596655137953238	60.545
96.0	1.606785186466825	120.851
96.5	2.0184192893421513	59.672
97.0	1.9182858254426653	60.55
97.5	1.7677215360906613	46.513
98.0	1.6506641267305358	60.539
98.5	1.7077890297265617	110.919
99.0	1.975883183330557	67.394
99.5	2.0068967762380385	60.249
100.0	1.184463202204826	20.138
100.5	2.4271121774358666	104.092
101.0	1.754009095027531	80.588
101.5	1.85050654405202	80.63
102.0	2.00286709195872	42.255
102.5	1.7359928026151195	59.243
103.0	1.5961489408390133	80.58
103.5	2.369806273554826	90.567
104.0	1.8137322337743773	140.068
104.5	2.4411633605871064	70.588
105.0	2.2024628448824437	20.152
105.5	1.6854089021842333	80.617
106.0	1.576222237393425	100.782
106.5	2.32733538833697	50.35
107.0	1.5905892319857737	48.905
107.5	2.0613006234497018	87.116
108.0	1.7771854799570381	48.019
108.5	1.8767177385164122	30.324
109.0	1.9830209975530066	116.186
109.5	2.1882559925689122	80.958
110.0	1.888949370761713	100.313
110.5	2.462159990547818	60.466
111.0	1.9649478654484849	20.104
111.5	1.5874172234710284	35.559
112.0	1.870746379772239	70.539
112.5	1.9171966467259858	46.683
113.0	1.688067171055065	110.653
113.5	1.5881053996236665	116.398
114.0	2.5059655090656143	50.382
114.5	2.1510831625925366	50.443
115.0	2.1215716813454595	21.332
115.5	2.238611468981045	30.223
116.0	1.669617295366497	104.525
116.5	1.5576453637243597	70.337
117.0	2.1697828851734986	23.707
117.5	1.7417379276262925	66.59
118.0	2.0576610408984757	67.754
118.5	1.8689916310460515	40.455
119.0	1.8580685157134103	40.428
119.5	2.2937997154060907	20.155
120.0	1.9244778569651944	59.427
120.5	1.803191235323392	30.234
121.0	2.153060420495019	30.166
121.5	1.5768537872430826	50.392
122.0	2.4229844512825394	94.469
122.5	1.9953532416790951	130.909
123.0	2.3982003899786135	26.405
123.5	1.9361301209910193	106.884
124.0	2.275508622312077	131.11
124.5	1.3983095132116168	16.604
125.0	2.086228776086339	121.482
125.5	2.4112469441776105	67.166
126.0	1.9791909338046405	40.218
126.5	1.9021942201073567	60.407
127.0	2.386527576310345	110.956
127.5	2.0275145841876068	37.749
128.0	1.8443696392107953	60.762
128.5	1.8360519771526855	23.136
129.0	2.4464455000814387	114.41
129.5	1.5852374023783207	46.474
130.0	1.870173279983082	60.429
130.5	1.8705103894159574	80.631
131.0	1.684345522377644	202.245
131.5	1.762842918374489	135.861
132.0	1.6262401570172624	100.731
132.5	2.43262504976779	49.633
133.0	2.1768589224103816	60.718
133.5	1.6488793117622076	80.553
134.0	2.3617029224897075	60.488
134.5	2.222757783140226	80.419
135.0	1.8412161171494605	70.275
135.5	1.923583954033002	29.758
136.0	1.6617447736049256	19.838
136.5	2.4186438231073883	19.886
137.0	2.1048693274542614	80.613
137.5	1.4232600945142184	70.39
138.0	2.5867671896299047	60.459
138.5	1.5680695680017078	77.986
139.0	2.4351708130447225	30.304
139.5	1.8083345432400428	20.228
140.0	1.9100469450260285	30.184
140.5	1.7131380983575746	50.34
141.0	2.1829297078586483	35.776
141.5	1.2427690014351849	30.202
142.0	2.039059562437667	48.0
142.5	1.9632078217936475	130.872
143.0	2.3261620736169886	81.694
143.5	2.020508746278096	20.301
144.0	1.45371039111493	22.222
144.5	1.7348718216428871	80.719
145.0	2.0048564265616293	20.204
145.5	1.3625336240084818	123.62
146.0	2.586694388137564	70.437
146.5	1.9004090314454116	120.906
147.0	2.1079838251187075	50.431
147.5	1.5679915894501433	111.104
148.0	1.8913344910407102	141.021
148.5	2.3276481617874696	60.351
149.0	1.865600098782232	70.435
149.5	1.7947974431094544	15.46
150.0	1.8062615037839482	82.613
150.5	2.2679749879884485	70.527
151.0	1.7273232162097785	64.282
151.5	1.9083879020040488	109.114
152.0	1.8107855750428665	46.122
152.5	2.0028759432274033	20.199
153.0	1.903806147340369	90.676
153.5	1.789220781881703	161.368
154.0	1.8062309236648633	70.408
154.5	2.0724827395771155	130.766
155.0	2.1250359033943647	58.715
155.5	2.1284442145061657	40.314
156.0	1.8356490008847048	70.427
156.5	2.853280514422488	37.34
157.0	2.0506744588162618	114.919
157.5	2.076243985623719	70.459
158.0	1.7879540122706414	90.46
158.5	2.0991060644158415	133.918
159.0	1.9930429355684698	68.73
159.5	2.395507891378179	113.795
160.0	1.7061130144628178	67.534
160.5	2.194864275433506	108.775
161.0	1.2158035799609643	17.899
161.5	1.4869900207567281	130.73
162.0	1.601941450643572	36.275
162.5	3.4160924408141637	20.137
163.0	1.6345392215095216	100.631
163.5	1.677440505435373	30.19
164.0	1.7447652245584313	191.636
164.5	2.8779001629354033	17.319
165.0	1.398805360109987	30.176
165.5	1.51761990012038	71.773
166.0	2.4381333654670847	60.068
166.5	1.9095239313601036	77.955
167.0	1.7443143263923973	120.502
167.5	1.7228314087467345	50.258
168.0	1.7507204147263404	27.0
168.5	1.6883819597356045	60.479
169.0	1.434623279789349	16.142
169.5	1.683934567315487	70.319
170.0	2.2932838489658005	121.273
170.5	2.3676742795256334	15.79
171.0	1.4100982555030719	30.222
171.5	1.8836567146506924	30.16
172.0	1.866735010411248	40.285
172.5	2.0711609270466123	87.873
173.0	1.754946965679389	56.16
173.5	2.3992966560209776	60.359
174.0	2.262140660414332	30.068
174.5	1.743107568013683	100.621
175.0	1.4338957660145049	90.507
175.5	2.1567197018764097	151.196
176.0	2.417494705343866	20.168
176.5	1.551608654351167	36.151
177.0	2.107808748477624	74.979
177.5	1.1881919556072151	110.763
178.0	1.730399530512413	23.257
178.5	1.7135153303204835	90.326
179.0	1.8270367387230053	46.565
179.5	2.0248925863909313	70.599
180.0	2.105094504047086	71.994
180.5	1.6118997155467716	65.742
181.0	2.633157632985862	20.294
181.5	2.533391704261933	100.654
182.0	2.0265040846951967	70.42
182.5	1.3977413189744372	80.607
183.0	1.911873082227263	21.955
183.5	2.094155742101138	71.009
184.0	2.8133828493572564	70.524
184.5	1.2673955846519578	70.715
185.0	2.5149396764081566	80.993
185.5	1.943352662272483	36.038
186.0	2.586928833236574	47.886
186.5	1.8265039525747442	40.321
187.0	1.957780562063267	202.079
187.5	3.099427594831393	50.478
188.0	2.003811389681879	20.116
188.5	1.6780161235081685	15.915
189.0	2.1959896790066136	110.813
189.5	1.7612794103678338	100.616
190.0	2.3843967123532837	42.463
190.5	1.7208377679165816	67.135
191.0	2.2061573403945394	70.755
191.5	1.498755974067903	67.555
192.0	2.4655020970915142	50.199
192.5	1.9402667291869986	68.545
193.0	2.3799879663858765	80.869
193.5	1.737320136906085	80.487
194.0	1.7989252326041787	50.405
194.5	1.8575693552085373	20.213
195.0	1.868715457804903	30.298
195.5	1.9886844592591706	20.087
196.0	1.3280145919670046	17.839
196.5	1.741669250768306	90.519
197.0	2.338672265614051	38.312
197.5	1.4275856848767599	40.266
198.0	2.4932817728256276	80.467
198.5	1.929814028273209	212.2
199.0	2.4662920132617265	16.244
199.5	1.9782702486036428	70.411
200.0	1.6049171045800827	15.733
200.5	2.097025911838301	127.489
201.0	1.657028414594242	80.637
201.5	1.706432995985067	40.328
202.0	1.9278302991916596	30.114
202.5	1.6790027311971825	90.492
203.0	1.8194039941566116	80.612
203.5	2.3157544115381805	123.475
204.0	1.7917774309780556	110.971
204.5	1.7330687136996896	40.286
205.0	2.613101813063501	50.061
205.5	1.7526695397564562	90.662
206.0	1.9096027210953777	68.388
206.5	1.7999494267949772	37.763
207.0	1.9397102052580864	111.028
207.5	1.6428586719548346	70.551
208.0	2.0911191400062124	60.48
208.5	1.518637850574371	120.69
209.0	2.857534976244974	52.995
209.5	1.6760837667471773	130.559
210.0	1.8935421608277734	49.466
210.5	2.0619529447578198	79.239
211.0	1.6196807273991076	133.739
211.5	1.845339636759975	100.53
212.0	2.048056447168751	68.067
212.5	2.3269032750382386	18.616
213.0	1.7164594605629047	50.379
213.5	2.977184842865197	131.597
214.0	1.7694420932298773	30.197
214.5	1.7968753925655006	90.753
215.0	1.8010679174923812	50.416
215.5	1.748598810785717	67.076
216.0	1.7531830541214455	70.5
216.5	1.7028409530287871	67.171
217.0	2.2425258307880447	30.202
217.5	1.8567494371725146	56.871
218.0	1.498247072515677	70.001
218.5	2.6094323929296523	15.324
219.0	1.9121283018860784	191.842
219.5	2.0022617601787642	90.525
220.0	1.7903144611357875	41.146
220.5	2.0405885196448437	93.564
221.0	2.371505004514058	30.193
221.5	1.3135196018154638	70.777
222.0	1.9874736901330168	98.157
222.5	1.9882986800397038	50.544
223.0	1.9204885281778452	71.35
223.5	1.8864148058791717	80.562
224.0	2.233760590562967	20.138
224.5	2.4085893326482295	18.953
225.0	1.3321575134269916	182.069
225.5	3.608200252772478	60.23
226.0	2.1691693893864397	16.75
226.5	1.753935450147609	80.871
227.0	1.8094551127310967	131.491
227.5	1.9995127397146994	47.35
228.0	1.669255445137034	72.818
228.5	2.347153127151452	66.424
229.0	1.9921039530785847	16.183
229.5	2.013978953894295	90.528
230.0	2.052489974873728	121.047
230.5	1.949390439925642	111.217
231.0	2.4647246653327057	60.497
231.5	2.1819744095204783	46.908
232.0	1.4913961929215418	117.501
232.5	1.933434364455872	30.189
233.0	1.6039224734062185	120.792
233.5	2.0800811888450697	47.502
234.0	1.77195982311164	90.739
234.5	1.5919104456560216	21.294
235.0	1.9714101384981348	112.954
235.5	1.668883509437438	30.221
236.0	1.565103374525589	110.992
236.5	2.4254572777369647	70.54
237.0	1.9435769985855906	79.314
237.5	1.618355941878754	129.952
238.0	2.097650091175254	70.442
238.5	1.4521316504243948	87.713
239.0	1.9665841717127546	76.693
239.5	1.5113345990204916	64.449
240.0	1.9917485192121085	60.456
240.5	2.3197313939470097	70.44
241.0	2.1588379256073935	171.692
241.5	2.829782082011952	40.425
242.0	1.656693412290443	81.543
242.5	1.9807896690484994	88.227
243.0	2.1627979408795555	66.445
243.5	1.512276745819182	110.723
244.0	1.9402470909494802	60.345
244.5	2.256871707144729	17.295
245.0	1.9404519656328942	110.829
245.5	1.3644345278103565	151.752
246.0	3.1434112846885762	47.474
246.5	1.6075112367914586	110.483
247.0	2.3918728045955016	70.512
247.5	2.4510523598271976	80.573
248.0	1.933289235989645	80.568
248.5	2.7178958300940215	70.455
249.0	1.746630862221232	18.988
249.5	1.43053030416284	110.601
250.0	1.549275001558997	110.535
250.5	1.654225692773622	90.696
251.0	1.8426688671585438	30.272
251.5	2.1211191455189997	90.466
252.0	1.8493760923294609	70.491
252.5	2.878295083559403	144.458
253.0	1.9912467755483112	42.602
253.5	2.2139242468713443	21.116
254.0	2.549007662988235	30.472
254.5	1.6134620700964566	65.625
255.0	2.0267230639216898	50.25
255.5	1.439679831385616	70.572
256.0	1.8022827142091449	41.222
256.5	2.5737153400129746	53.095
257.0	1.142830895852089	90.658
257.5	2.201352515667442	60.664
258.0	1.7489666900168475	100.709
258.5	2.072167544706365	48.533
259.0	1.6376170123982845	60.269
259.5	2.0272766836152116	40.287
260.0	1.4710812341203532	110.782
260.5	1.8938349216682482	46.96
261.0	1.7935874319504614	77.054
261.5	2.8202661114813643	60.104
262.0	1.6619956333569061	20.056
262.5	2.5391102646468977	90.492
263.0	1.706616865471026	57.601
263.5	1.808888670393194	67.632
264.0	2.194123010073187	110.151
264.5	1.3809138833556256	88.872
265.0	1.8550543828052566	45.903
265.5	2.040644576443407	90.63
266.0	1.6640873839494168	110.697
266.5	1.5585761877760842	17.951
267.0	2.3973919054387682	91.072
267.5	1.8675242902220557	60.353
268.0	1.7001358904436288	16.337
268.5	1.7540409822491114	128.598
269.0	1.936801101721158	80.487
269.5	1.845779095538153	70.329
270.0	1.654744227869822	60.511
270.5	1.9393590583595814	71.198
271.0	1.8776901727983355	38.215
271.5	1.595246090064141	38.538
272.0	2.0987908097081704	81.783
272.5	1.2763276033125124	40.558
273.0	1.4338014999647515	27.306
273.5	1.755945606614008	15.228
274.0	1.7820219868529454	57.61
274.5	1.7921800500064289	17.422
275.0	2.31580405006689	30.079
275.5	1.4610495039064786	48.299
276.0	2.039505481689886	16.054
276.5	1.5883858938381181	171.472
277.0	2.326519064833696	35.484
277.5	2.197454694079464	16.021
278.0	2.3913886986853585	16.885
278.5	1.5472528879382121	131.002
279.0	1.7604219536940584	36.964
279.5	2.109744692827296	40.255
280.0	2.8719932107431214	166.153
280.5	1.9395910034879469	100.535
281.0	2.2929637350401255	67.678
281.5	1.8811101375509265	110.829
282.0	1.9999383473972807	30.203
282.5	2.0277201083695253	60.379
283.0	1.520464548232565	60.433
283.5	2.1418151590581664	93.763
284.0	1.8418518347973378	80.603
284.5	2.0993477185493448	66.443
285.0	1.6159794356789965	70.371
285.5	1.5801981393021867	161.576
286.0	2.572963794902031	38.917
286.5	2.0852559075865185	50.026
287.0	1.7091110158835545	75.979
287.5	2.431920351294298	30.221
288.0	2.0779808922008893	60.372
288.5	1.678200085167828	100.715
289.0	1.9628318802438318	70.555
289.5	2.46214682276178	40.274
290.0	1.6743840809653598	20.176
290.5	1.8065991760698763	110.987
291.0	2.3859530915078766	15.471
291.5	1.7330530999696314	46.1
292.0	1.4495023960344982	70.493
292.5	1.672632512313797	37.429
293.0	2.7401272223831525	40.251
293.5	1.219067196158051	40.477
294.0	2.068270771278052	90.791
294.5	1.5965081673336559	57.987
295.0	2.665970839762014	32.281
295.5	1.9271139860529383	66.966
296.0	1.818508422605153	42.482
296.5	1.667307276041942	130.783
297.0	2.1158603997062966	67.366
297.5	1.6591638404554365	100.735
298.0	1.607328275668948	21.942
298.5	1.3731013596911437	163.638
299.0	2.7514254951506	120.908
299.5	1.8298816000638471	15.419
300.0	2.0866375583831673	20.536
300.5	1.62225187493757	90.624
301.0	2.6375682521283346	30.053
301.5	2.2276892766683356	262.64
302.0	2.3151928811717837	47.577
302.5	1.4848465375208657	141.42
303.0	2.310533399438958	70.43
303.5	2.121849352667904	100.297
304.0	1.4814911236607604	26.489
304.5	1.919612309683334	60.261
305.0	2.1381716619327222	16.508
305.5	1.7952994101917097	70.325
306.0	1.9852473888119753	119.852
306.5	1.9001712357095963	67.527
307.0	1.4547373816487397	237.663
307.5	2.115286822406463	22.407
308.0	1.6926564713914927	46.986
308.5	1.7305718083828465	110.693
309.0	2.1364656482489295	60.527
309.5	2.0748475461311204	30.061
310.0	2.542731714426359	35.554
310.5	2.0061225539840355	20.139
311.0	2.177912207215792	15.957
311.5	1.7526879265261006	30.222
312.0	1.6727066576361982	18.167
312.5	2.4061417517990216	30.282
313.0	2.271591181570646	80.458
313.5	1.690434110286939	90.622
314.0	2.16307885338317	67.344
314.5	1.8708122318619678	110.586
315.0	2.4035515503958305	50.319
315.5	1.7703234648784034	90.652
316.0	1.7453082276964116	47.943
316.5	2.188081620684433	98.322
317.0	1.7307069518286262	80.546
317.5	1.8425046623490897	17.955
318.0	2.017157372322035	20.222
318.5	1.7236902414248416	201.974
319.0	2.190935161412392	78.094
319.5	1.4852611344133138	15.638
320.0	1.7003864242644826	90.408
320.5	2.088764849342997	18.899
321.0	1.3963850608957133	120.652
321.5	2.101665729901601	69.235
322.0	1.7339225303881047	60.347
322.5	2.4145458811755653	90.817
323.0	1.7765315368494052	50.378
323.5	1.5614218917124383	30.211
324.0	1.689101686258121	181.464
324.5	2.4600016974246897	80.476
325.0	1.991898672759899	20.169
325.5	1.9347389989170851	38.512
326.0	2.225429670636639	17.563
326.5	1.7615174703451228	60.403
327.0	1.4505986169621554	90.544
327.5	1.6269173749158106	130.911
328.0	2.375787464814447	60.364
328.5	2.567303104572309	118.322
329.0	1.8138346703737247	110.568
329.5	1.6245819468557474	120.746
330.0	1.9130316720876674	60.375
330.5	2.155506014127982	140.881
331.0	1.499008374025145	69.44
331.5	2.127085661026556	109.806
332.0	2.0107768121211724	80.485
332.5	2.0862790744398088	70.566
333.0	1.5123581231282937	35.837
333.5	1.743446700237322	18.343
334.0	2.6632711996043064	70.448
334.5	1.540860668524718	139.983
335.0	2.257923722156994	50.466
335.5	1.580251886618484	45.615
336.0	2.021712650607509	15.829
336.5	2.033947460996906	98.44
337.0	1.4496532363781711	100.909
337.5	1.8087154715777256	38.164
338.0	2.392765742272804	20.097
338.5	1.614896831410026	90.631
339.0	1.567024385240576	80.469
339.5	1.784791952094274	16.072
340.0	2.418901194184352	202.021
340.5	2.7957250812005494	20.075
341.0	1.7854280512882201	15.855
341.5	2.1690470647671063	60.439
342.0	2.242391992284635	90.543
342.5	1.8483500522103105	16.344
343.0	1.7828761794604204	90.491
343.5	1.633903173319792	46.613
344.0	1.949552783234366	70.439
344.5	1.6575838182879745	70.457
345.0	2.3301725136860796	16.389
345.5	2.24864965935111	115.405
346.0	2.6647163448661635	191.681
346.5	2.059260264599562	80.619
347.0	1.9436386586639705	50.441
347.5	2.0797904458260064	70.698
348.0	1.6796762438589312	100.578
348.5	2.165400880065907	40.305
349.0	1.9775071832779192	90.683
349.5	1.7971827450441342	30.241
350.0	2.0692695670591483	85.933
350.5	1.4580622532164174	102.328
351.0	3.0912382376136396	222.237
351.5	2.612936875425124	120.862
352.0	1.7049860369101741	30.265
352.5	1.7199761468519106	96.441
353.0	1.7736314671284303	76.843
353.5	2.141142399329336	30.186
354.0	1.5429492013576385	39.351
354.5	1.833778390615913	16.274
355.0	2.468768837139638	60.298
355.5	2.0207064176654024	17.22
356.0	2.1794005880206733	77.12
356.5	2.5136154802437534	212.222
357.0	2.1607594571672704	30.17
357.5	1.510461362374116	18.997
358.0	1.6336678178032806	120.884
358.5	2.3614492169766836	67.981
359.0	1.7656700611297351	60.296
359.5	1.5449257887003023	50.473
360.0	1.4849272996478935	16.687
360.5	1.9990795402690378	80.448
361.0	1.77619184217102	109.81
361.5	1.8870175492125654	70.391
362.0	2.0376805452507334	91.323
362.5	2.6654626651852276	43.558
363.0	2.1847958714212776	30.172
363.5	1.8864603877236708	54.432
364.0	1.9160834267393003	30.154
364.5	2.077070550047178	50.277
365.0	2.011831221682299	65.129
365.5	1.5864217313690716	16.785
366.0	2.041746914982893	20.23
366.5	1.7371815364063796	80.559
367.0	0.13465780216655163	19.661
367.5	3.6970368817863486	18.369
368.0	0.1499601883440583	9.834
368.5	3.4247713867436875	105.9
369.0	0.7967994625049307	110.856
369.5	0.8867174285352297	12.921
370.0	0.57700540732836	130.978
370.5	0.4468849540120613	106.519
371.0	0.4998715692936334	70.463
371.5	0.9132552261950011	90.424
372.0	0.5884528336334716	110.824
372.5	0.4022219604046047	110.793
373.0	0.3772970046220385	19.717
373.5	0.44433003751898276	88.945
374.0	0.8256203093441568	104.411
374.5	0.4773771330780425	100.811
375.0	0.4752384453692509	15.518
375.5	0.5837662358152289	31.384
376.0	0.7873203269679107	80.531
376.5	0.7018694703223969	58.723
377.0	1.026928821344029	50.583
377.5	0.6940582277181458	23.731
378.0	0.49775835935312723	13.139
378.5	0.5027918143762421	100.537
379.0	1.3654617470031791	14.783
379.5	0.7309968628225729	60.742
380.0	0.4215393314641727	32.633
380.5	0.6311516174989392	110.822
381.0	0.500394105533069	120.813
381.5	0.5757542595170712	84.356
382.0	0.7884073836402264	40.266
382.5	0.3251854910126039	12.727
383.0	0.3639955104941921	118.294
383.5	0.8656936947769114	140.968
384.0	0.5192606026291376	100.702
384.5	0.6383769614847855	110.766
385.0	0.607446667764545	14.772
385.5	0.7249275726799786	61.481
386.0	0.723865103125579	75.993
386.5	0.561939755016925	140.581
387.0	0.49596433610614804	70.597
387.5	0.6407471508478463	14.124
388.0	0.3252999274509606	110.436
388.5	0.14276077445588617	16.297
389.0	0.09886652966155231	31.961
389.5	0.8080562439617959	110.856
390.0	0.3779761430658583	109.945
390.5	0.7393058547426179	136.452
391.0	0.3496368641901249	50.529
391.5	0.5339324183136366	24.058
392.0	0.7249079015062893	70.508
392.5	0.33527643866698115	21.591
393.0	0.6028192490119996	151.212
393.5	0.7227013352276868	13.837
394.0	0.15590910044366446	9.907
394.5	8.840834992941373	50.625
395.0	1.222887082477165	11.108
395.5	1.5430192394404922	50.74
396.0	2.2324041011772113	100.634
396.5	1.8192912286740526	20.162
397.0	1.8252741780726216	90.386
397.5	1.5494058228361423	60.5
398.0	2.3612090285355114	20.121
398.5	1.667075608641721	40.327
399.0	2.2166551706539663	60.499
399.5	1.8890436048903505	9.363
400.0	2.3560588739516564	93.334
400.5	1.4531308383387698	80.595
401.0	2.268315333020847	19.97
401.5	1.3993744292592587	37.143
402.0	1.4779050610787132	20.207
402.5	1.4696098868203082	110.657
403.0	1.670968632900387	70.717
403.5	1.7734606094540304	110.83
404.0	1.2842910932340956	12.844
404.5	1.628934644114949	9.564
405.0	1.5240718164663347	124.403
405.5	2.190995092973495	8.287
406.0	2.6022221766015643	50.252
406.5	1.521283978890337	96.424
407.0	2.40018465707388	11.21
407.5	2.1957288597849076	120.894
408.0	1.8459293677467687	10.407
408.5	2.261070528838771	8.349
409.0	2.2204173548743746	52.048
409.5	2.08073469954386	70.593
410.0	1.8598971327523819	20.241
410.5	1.3518926470851163	140.877
411.0	1.71617017987807	18.413
411.5	2.8071045794649803	11.893
412.0	1.4031466987241894	60.518
412.5	1.5308771843098676	9.203
413.0	1.7028503978900793	131.318
413.5	1.6921113382487842	20.147
414.0	1.4144163564303585	28.886
414.5	2.0677258423409492	69.485
415.0	2.08405897023587	59.009
415.5	2.2032902466243343	80.486
416.0	1.4601243874826948	60.405
416.5	1.9145171674980657	96.241
417.0	1.6007179801598932	50.368
417.5	1.4182290998191662	31.33
418.0	2.2008390547389864	32.872
418.5	1.817677687464695	28.77
419.0	2.2518311521588332	28.482
419.5	1.8221401945505393	30.162
420.0	2.0123205695141695	50.239
420.5	2.0261233725345793	59.408
421.0	1.839224186342335	60.202
421.5	1.6630463154956343	49.831
422.0	1.7730614399748792	50.238
422.5	1.5741853484690636	100.638
423.0	1.3787044192636868	20.146
423.5	1.6362906050398969	80.615
424.0	1.8876114617089024	60.32
424.5	1.84644323902446	66.304
425.0	1.9159529302726541	20.166
425.5	2.2915927461260464	20.145
426.0	1.7777534153121817	31.202
426.5	1.8730421549970993	23.226
427.0	1.8950005581734641	62.72
427.5	1.7577578613162816	23.444
428.0	1.8495328309481607	70.489
428.5	1.7166215836866139	29.426
429.0	2.2080800987730225	44.178
429.5	1.337433094314438	29.452
430.0	1.7819045832015734	20.168
430.5	1.9498276370563299	100.595
431.0	1.4493742634708566	110.892
431.5	1.6863379004277381	110.714
432.0	2.187389043216233	8.841
432.5	1.6412956195117192	80.433
433.0	2.046209351798318	8.814
433.5	1.2092522221754038	80.269
434.0	1.58190847943128	70.344
434.5	1.4127813803518336	30.195
435.0	2.27519697115191	20.152
435.5	1.3499983356277878	60.362
436.0	1.6110813445743746	100.792
436.5	1.4665039067290975	33.738
437.0	1.8766864445876426	60.516
437.5	1.5742991506552497	110.782
438.0	2.138024536261009	11.65
438.5	1.662028903186147	80.597
439.0	2.267049693738148	80.428
439.5	2.04952369321578	11.22
440.0	1.3562322013805974	110.713
440.5	1.4482849670508542	19.453
441.0	1.9897456470137018	46.38
441.5	1.4994771149306418	14.69
442.0	1.4248508358548255	135.326
442.5	2.532754256798491	32.06
443.0	1.73349910227255	80.592
443.5	1.3247670210471734	80.618
444.0	2.3314120820583555	60.55
444.5	2.1659182415042997	28.37
445.0	1.2926562857809731	8.767
445.5	1.6149201607959436	9.715
446.0	1.77904255182348	28.689
446.5	1.690327538371265	130.986
447.0	1.5769698371148146	70.471
447.5	2.0074210905357055	8.91
448.0	2.060715416592649	20.148
448.5	2.1431756613928723	69.295
449.0	1.4216989958783413	49.481
449.5	1.7516767361834966	70.371
450.0	1.7594770478503783	70.275
450.5	1.8968011366737485	80.827
451.0	1.6248133070028217	100.696
451.5	2.078836551602358	70.491
452.0	2.034477777989895	8.609
452.5	2.3090651238106212	116.387
453.0	0.7733919378264031	40.245
453.5	1.5657300230896232	20.177
454.0	2.1655641495042954	20.257
454.5	2.5989808070527536	11.756
455.0	1.0569143349634718	60.35
455.5	1.9660396098751622	59.062
456.0	1.5500020164337407	60.528
456.5	2.439704402630982	20.191
457.0	0.9359999096805655	60.467
457.5	1.8045108653014221	50.238
458.0	2.0145354471233254	50.093
458.5	2.37509140008549	60.449
459.0	1.1074091691352217	19.586
459.5	2.0757746603523857	8.76
460.0	1.5947251585911129	50.481
460.5	1.9891102349986554	80.489
461.0	1.3869367631711214	50.319
461.5	1.7048854495142014	100.714
462.0	1.897900695366305	90.633
462.5	1.8039686286419465	131.393
463.0	1.3416551207889347	120.824
463.5	1.5466321942437111	8.597
464.0	2.638294762940256	60.234
464.5	2.2549679899279296	40.364
465.0	1.461924470496825	90.1
465.5	1.9746704086608016	120.831
466.0	1.8367434580530382	90.367
466.5	2.217626616605625	30.092
467.0	1.5375947894073931	160.162
467.5	0.12470385184351472	13.025
468.0	1.5862820481594282	40.383
468.5	0.5562429102704105	33.857
469.0	0.12766653891820418	16.904
469.5	0.17808043296480647	8.219
470.0	2.557214270572667	69.424
470.5	3.1953520770196606	10.134
471.0	0.39242010844078	19.45
471.5	0.15856413361743024	139688362263.152
472.0	0.13453094987512215	4.479
472.5	3.4962923484228847	60.508
473.0	0.848746817387988	11.958
473.5	0.1477532972977443	27.861
474.0	3.2989954964788337	103.176
474.5	0.8901463686574673	31.03
475.0	0.1796521567188263	11.367
475.5	1.8473375601589395	85.468
476.0	0.1683454299995899	11.453
476.5	4.940876582843532	120.622
477.0	1.436457794332069	87.539
477.5	2.3292699706960187	20.204
478.0	0.14106206168286858	21.277
478.5	14.260628782321996	73.033
479.0	1.7635630315260262	81.315
479.5	2.244236167383602	99.161
480.0	2.4280918588115825	77.808
480.5	2.507026628420184	50.46
481.0	1.962018187874059	50.346
481.5	1.7955472095059257	60.46
482.0	2.19159230505769	60.51
482.5	2.3306490913412317	61.663
483.0	1.9668504491348784	85.008
483.5	1.6448696796076683	80.257
484.0	1.860859879473245	72.832
484.5	2.4392449053550322	49.831
485.0	1.8620247405089247	26.454
485.5	1.4692184458033297	30.202
486.0	1.5471895725891032	100.717
486.5	2.8089773184345526	70.628
487.0	1.7454815039545024	91.294
487.5	2.203937407686102	20.186
488.0	2.096571375792971	100.684
488.5	1.814372309868401	60.344
489.0	1.7302818036208836	89.261
489.5	2.0238664800881554	60.437
490.0	1.9876218345054903	60.368
490.5	1.8664499946496964	45.11
491.0	1.920471234744692	9.697
491.5	1.7451974922776425	50.326
492.0	1.6596952137220944	60.526
492.5	1.6857850576107647	15.232
493.0	1.4991900005018026	100.553
493.5	1.8587155697663342	62.145
494.0	1.7124542355815102	30.202
494.5	2.3074721434116987	100.649
495.0	1.49142470107027	67.453
495.5	1.917791522947863	20.139
496.0	2.2952335672876	30.172
496.5	1.7634381196233764	60.513
497.0	2.13721869214146	72.031
497.5	2.337404287062459	79.183
498.0	2.525863337402988	40.262
498.5	2.018894135147265	30.512
499.0	1.4194806629214864	80.484
499.5	2.360418608299842	9.854
500.0	1.677491064942653	50.411
500.5	1.5499208667044455	50.288
501.0	2.0147515798811835	30.141
501.5	1.8311008690742099	66.433
502.0	2.240159709768676	50.366
502.5	1.3686037195092473	90.695
503.0	2.09689142775648	60.235
503.5	1.9718967632767448	80.717
504.0	1.7462018607490688	140.926
504.5	2.5885837305523856	70.449
505.0	2.382536868316695	40.387
505.5	1.862232475296308	50.323
506.0	2.422553156113443	80.537
506.5	1.756978227114118	52.301
507.0	1.5839330277399861	50.339
507.5	2.335024571960943	50.476
508.0	2.1146943669404004	90.799
508.5	1.1095036795790598	70.385
509.0	2.165441543029635	30.154
509.5	2.123699636946752	60.516
510.0	2.1647551353814447	60.224
510.5	1.6839833124903343	110.836
511.0	1.8259261481379834	70.534
511.5	2.3876689613880395	10.431
512.0	1.7461445630273806	120.944
512.5	1.5377730900914506	70.451
513.0	1.918078898710192	20.226
513.5	1.7220834430451957	30.164
514.0	2.4306761729051325	152.63
514.5	2.62705361380861	11.09
515.0	2.4675869022726107	68.149
515.5	2.5707719917417164	45.15
516.0	2.0364653502406145	81.538
516.5	1.4291898301619805	29.828
517.0	1.916227207424924	90.622
517.5	1.9518677868228047	80.65
518.0	1.6768384388288506	90.465
518.5	1.813947617120231	110.755
519.0	1.9339233395409594	82.703
519.5	2.5564347544940893	46.367
520.0	1.972205866341673	111.012
520.5	1.3180477433417104	60.392
521.0	2.1001654074038782	50.395
521.5	1.674469959030694	100.546
522.0	2.241122853401745	50.41
522.5	1.5141622040224687	30.201
523.0	2.3495702019279943	35.989
523.5	1.7356007893375545	80.649
524.0	2.2450309752255433	60.507
524.5	1.3818324949335048	9.925
525.0	2.5914506252642044	32.951
525.5	1.508243538478043	40.21
526.0	1.5303635505492061	25.377
526.5	1.7061551052733614	20.24
527.0	1.710951517469713	84.241
527.5	1.808892763919048	70.373
528.0	3.2382585048487202	20.218
528.5	1.2525000939874602	32.88
529.0	1.577751501072774	90.62
529.5	1.7431297241987598	14.492
530.0	2.0342990169590482	151.875
530.5	2.212602589747467	20.274
531.0	2.06930527949447	83.766
531.5	2.4192363425039773	40.271
532.0	2.2000789304338264	50.409
532.5	2.1322132558152758	100.583
533.0	2.410993422758086	60.435
533.5	1.8756754519606755	80.388
534.0	2.04120577004666	41.871
534.5	2.1044546438511857	123.834
535.0	1.8699211914540081	60.599
535.5	2.0204251293481543	90.533
536.0	1.6811478472411516	130.767
536.5	1.8167650106583122	70.518
537.0	1.9673614810448183	60.334
537.5	1.7773305555967034	120.875
538.0	1.4969797838446905	50.263
538.5	1.9227049586756597	12.365
539.0	2.244717354672305	30.222
539.5	1.8120004787794288	10.315
540.0	1.3943888820958308	70.407
540.5	2.074387471529104	32.606
541.0	1.9632051611125705	62.325
541.5	1.8832968114257622	14.432
542.0	1.7834153168888576	53.216
542.5	1.8075944997038949	40.375
543.0	1.7920560839967872	16.944
543.5	1.6361333604958785	40.172
544.0	1.4693148275588788	60.383
544.5	2.402816385193118	90.529
545.0	2.2170399205225073	50.424
545.5	1.8381370168947688	20.217
546.0	1.8175617523968266	73.373
546.5	1.7286490941872286	70.457
547.0	2.267244561791482	50.409
547.5	1.8427766101056093	90.53
548.0	2.172580912845873	20.15
548.5	1.526046459843039	100.59
549.0	2.4164426283280407	30.057
549.5	2.073892179689926	80.512
550.0	2.059224770331303	30.186
550.5	1.5762057867116162	100.617
551.0	2.3046217838856977	31.874
551.5	2.0366775621579873	70.593
552.0	1.393142650115966	41.196
552.5	2.010719579128675	90.588
553.0	1.9639134945679626	42.722
553.5	1.6286879790123177	50.448
554.0	2.014729354736908	100.515
554.5	1.7576686884882962	20.525
555.0	1.8841252570067542	40.258
555.5	2.5065195590324736	80.417
556.0	1.963349714483638	62.4
556.5	1.7643352837245223	30.144
557.0	1.8799469744797086	70.549
557.5	2.1092527743123846	41.813
558.0	1.4821678493965391	70.352
558.5	1.8143994000251933	32.319
559.0	2.3059769960074425	20.191
559.5	1.4511197378193608	90.635
560.0	1.859884153968618	78.044
560.5	1.9667279124804309	73.994
561.0	2.204601149002541	120.738
561.5	1.62764678859046	30.146
562.0	1.8073979308800967	9.509
562.5	2.11259572717027	100.745
563.0	1.9591721995866966	24.375
563.5	0.13001272471838526	16.237
564.0	3.5921016021360384	16.114
564.5	0.16470466927086924	17.101
565.0	7.905092953935295	109.774
565.5	2.2341884812019597	20.168
566.0	2.18660131281193	70.399
566.5	2.032197676615689	68.973
567.0	1.2838599106404003	90.471
567.5	3.0177438259716167	60.162
568.0	2.5749171402795277	56.773
568.5	2.06335037696569	100.744
569.0	2.6924686941206875	60.31
569.5	2.186852105718669	60.323
570.0	2.508098880457408	16.761
570.5	2.4617572928646836	19.938
571.0	1.720039945455317	57.664
571.5	2.491904723584187	70.284
572.0	1.9755635966746543	20.19
572.5	2.4432598996464727	20.087
573.0	1.8737559192766007	37.452
573.5	2.4346399013743154	20.192
574.0	2.2130992027620366	20.108
574.5	2.3992395371612587	29.287
575.0	1.8962934818599413	70.543
575.5	1.587517219858921	60.436
576.0	1.4273359343762644	37.462
576.5	1.6881408551086166	37.646
577.0	1.309914633544644	50.35
577.5	1.3373034706341653	66.864
578.0	2.3869717366292282	70.468
578.5	1.4289578414344877	80.569
579.0	2.0028071430297776	76.631
579.5	2.287750471233219	110.707
580.0	1.9297091162454008	80.539
580.5	1.7815373879408667	18.021
581.0	1.53678803285041	120.971
581.5	2.177704041441018	30.216
582.0	2.634651832965545	17.093
582.5	1.428846162999331	80.581
583.0	1.8928539019983408	50.381
583.5	1.678869550280905	73.388
584.0	1.7062459022233771	90.535
584.5	1.6615015350417937	18.17
585.0	1.61959665634557	90.795
585.5	2.020617044141817	50.247
586.0	2.300020111651692	424.098
586.5	2.352077620002109	60.242
587.0	2.9347131321917184	20.226
587.5	1.93636979025635	57.922
588.0	2.3527371320689983	16.596
588.5	1.660542784486643	117.54
589.0	2.0615375436332624	86.757
589.5	1.9761134255237363	40.272
590.0	1.816564144641061	57.047
590.5	1.964378379894513	30.214
591.0	1.4676281034159644	68.656
591.5	1.6417095968448525	50.291
592.0	2.0400938432596836	30.155
592.5	1.8238594031391195	60.469
593.0	2.266624619139655	30.207
593.5	2.1475479718118944	20.073
594.0	1.5194107681658315	62.6
594.5	1.4982434170951036	16.228
595.0	2.4360853381102032	60.376
595.5	1.9025925258819254	90.42
596.0	2.090841579552286	70.673
596.5	2.036197590674326	118.419
597.0	1.856202022409117	50.424
597.5	2.3353442852847386	70.503
598.0	1.8129258674432673	30.353
598.5	2.03227982845713	80.555
599.0	1.708175825309722	30.08
599.5	1.5532747180365039	50.349
600.0	1.8939515009800902	47.333
600.5	1.994048451904516	50.356
601.0	1.827222224671334	120.807
601.5	1.7991843987671197	37.079
602.0	2.5248626096488427	20.593
602.5	1.30388405425341	70.965
603.0	2.365685197241667	50.139
603.5	2.107316607757123	40.392
604.0	1.5016977884588159	80.532
604.5	1.6744312154352285	16.939
605.0	1.6542696986528815	90.779
605.5	1.7607006704175214	30.23
606.0	2.5693579223260126	66.451
606.5	1.3110675367671603	16.207
607.0	2.314031326370091	60.347
607.5	1.8856775427299037	60.447
608.0	2.198990694985884	80.537
608.5	1.7165893718078828	90.649
609.0	2.1644903048004784	57.87
609.5	2.519998733649486	80.413
610.0	2.178450170738466	20.267
610.5	1.7794629264440038	47.52
611.0	1.720860973619395	96.012
611.5	2.167954026815325	80.507
612.0	1.7715515485094087	80.523
612.5	1.9579161802045422	77.542
613.0	2.1395634157943997	41.225
613.5	2.2511385978063108	40.336
614.0	2.0163581685348437	100.714
614.5	1.754986686816833	70.408
615.0	2.213681347063466	40.248
615.5	2.124280899423977	50.335
616.0	2.286855538580526	40.253
616.5	1.7973902682786154	79.645
617.0	1.966095412920515	30.212
617.5	1.9952706115380523	40.076
618.0	1.9963097392876301	50.443
618.5	2.2045005416546544	40.412
619.0	1.459120113912034	110.897
619.5	1.7392053790001292	67.73
620.0	1.7392567390435547	17.868
620.5	1.7827660163552983	61.088
621.0	2.083304745052907	80.632
621.5	1.7785958507157198	70.536
622.0	1.8046994923378847	80.619
622.5	2.373729435665816	98.599
623.0	2.4301335440300647	60.381
623.5	1.916426078493659	110.879
624.0	2.1890757523864894	50.222
624.5	1.8644478709712473	80.606
625.0	2.1665530652987868	110.2
625.5	1.92542052470374	48.538
626.0	1.7756848063576631	16.653
626.5	1.8288045281329801	20.163
627.0	1.85508708064775	17.241
627.5	2.0365084304255463	110.601
628.0	2.221475198083292	90.545
628.5	2.26388191464376	120.84
629.0	2.001878687691515	50.238
629.5	1.7594820905172976	60.503
630.0	1.7105412426193445	36.568
630.5	2.199525831438727	37.477
631.0	1.5548084475884245	66.557
631.5	2.2765119937247484	30.184
632.0	2.1535748401504686	50.425
632.5	1.7247891689798185	18.326
633.0	2.3048866188633825	60.277
633.5	1.8043999056459539	110.698
634.0	1.6184585923975081	60.415
634.5	1.9196506691764972	20.077
635.0	1.692158273540533	90.731
635.5	2.125884736058676	15.75
636.0	1.7469535863160477	100.627
636.5	2.5010378999115956	19.201
637.0	1.8066493375817116	88.636
637.5	1.67137382598016	15.728
638.0	2.3919431332905217	59.26
638.5	1.838812779281764	70.485
639.0	1.6853944035219803	70.49
639.5	1.999627504249082	39.07
640.0	1.9489382794159704	90.667
640.5	2.1706674473628733	50.461
641.0	1.6386389680996862	100.631
641.5	1.9543924807701398	20.089
642.0	1.418313968521572	100.688
642.5	2.116880092086825	16.395
643.0	1.6284484975453897	110.799
643.5	1.76796503963402	110.823
644.0	1.766219390020757	70.435
644.5	2.3024457610267888	108.894
645.0	1.777007959274574	60.409
645.5	1.9766716766027752	50.232
646.0	1.4657742712153852	130.843
646.5	2.0853808171974966	122.32
647.0	2.168598762606886	18.511
647.5	1.3475829043440217	36.497
648.0	2.0641207980382847	36.881
648.5	1.8272013586526796	120.934
649.0	1.9699884453372767	90.705
649.5	1.8817166878247211	37.386
650.0	1.8436206967082174	15.831
650.5	1.971969271792434	19.912
651.0	1.8328414758048326	130.65
651.5	1.6110216745520263	97.906
652.0	2.0346904276864968	20.129
652.5	1.3970199825066185	70.505
653.0	1.9553324935285565	70.488
653.5	1.7701579140171928	80.453
654.0	1.4922101409237725	36.618
654.5	1.8476811225097258	110.803
655.0	1.6903541100477424	30.288
655.5	1.5145031982831412	60.458
656.0	2.135391961649837	80.496
656.5	1.5757043381824205	16.643
657.0	1.8538080642441241	39.137
657.5	2.000790671877344	100.664
658.0	1.9788583001548503	100.628
658.5	2.189726365095468	70.149
659.0	1.2758957247474072	20.156
659.5	2.497782131301642	40.342
660.0	1.4986348803469882	78.744
660.5	1.6913784462803936	20.124
661.0	1.306516585362087	110.778
661.5	1.8892590012354271	70.445
662.0	1.8703527008319043	16.022
662.5	1.7796917318187901	110.725
663.0	1.9966942178000426	37.926
663.5	2.121990341198487	70.362
664.0	1.4319843564188837	70.658
664.5	2.1161262972078165	50.368
665.0	2.1762748099974396	18.455
665.5	1.561235597585738	38.24
666.0	1.9023540493302922	58.231
666.5	1.8406324311273752	90.664
667.0	1.3732205978005168	90.634
667.5	2.5128518812999983	47.119
668.0	2.5099037287714365	30.226
668.5	2.2255844380599124	70.623
669.0	2.036901626389652	90.594
669.5	2.7125049338586855	50.335
670.0	2.1395722906678363	20.182
670.5	1.3317633195958671	30.272
671.0	1.6316674133746991	30.468
671.5	1.4435657401987756	101.43
672.0	3.015453518778402	88.239
672.5	1.700092876985061	111.107
673.0	1.7182653265479602	70.504
673.5	1.8943705494210534	80.395
674.0	1.4559769431488658	100.653
674.5	1.9300497263277392	80.514
675.0	1.65440270927261	70.535
675.5	1.7106212233477132	40.261
676.0	1.8194182580578382	60.409
676.5	1.6610599424319163	110.606
677.0	1.759264551859074	37.185
677.5	1.6047941704404651	110.731
678.0	2.092656764588572	50.235
678.5	1.7988777981045678	30.311
679.0	2.3825384082466483	70.146
679.5	2.6071825880038353	60.516
680.0	1.8917124567289256	57.802
680.5	1.5922546519317873	49.488
681.0	2.081229614978393	87.344
681.5	2.67180029699761	20.221
682.0	2.0598104313110723	70.563
682.5	1.669903923085196	30.169
683.0	1.9607106476791456	30.245
683.5	1.35512631093843	101.246
684.0	2.557939413010689	70.556
684.5	0.7527708276768333	30.344
685.0	1.4569470445052985	111.037
685.5	1.6230147401564936	28.372
686.0	1.9494420190226005	70.532
686.5	1.4791444748914728	20.149
687.0	1.8058585518707042	80.375
687.5	1.8323134109853603	37.485
688.0	1.9240053988769439	50.371
688.5	1.8415784939956565	40.361
689.0	1.9892394292371018	40.343
689.5	1.92473707331847	17.218
690.0	1.424057845573552	16.908
690.5	2.090475067096996	18.4
691.0	1.7127512158278577	80.616
691.5	1.9104559784056598	80.516
692.0	1.8432677705238774	40.411
692.5	1.8903566071734357	78.799
693.0	2.2866504588495813	83.378
693.5	1.531259729497261	46.878
694.0	1.6234656021438358	108.376
694.5	1.4935283638302312	70.409
695.0	2.3423545726847337	80.547
695.5	1.694925648584428	96.793
696.0	1.9847637831603577	98.042
696.5	2.2436537704811457	70.404
697.0	1.8296820837333396	90.528
697.5	1.6355551645078958	50.484
698.0	2.1566835067544488	18.87
698.5	1.7876497925113555	37.3
699.0	1.6638820580047458	60.436
699.5	2.12394353282902	20.442
700.0	1.6372546101139318	18.326
700.5	1.702456971604139	38.534
701.0	1.7531072133627668	26.86
701.5	2.1259263090360796	20.095
702.0	1.432532574928449	20.251
702.5	2.059430525845252	98.131
703.0	1.522175100841308	41.557
703.5	2.478301715470659	100.4
704.0	1.6873835098866765	30.53
704.5	1.3645119383126978	80.529
705.0	1.5520326018277992	40.316
705.5	2.587257845876212	59.752
706.0	1.802822522887125	16.157
706.5	2.5789938636322867	36.434
707.0	1.6009134766650288	106.683
707.5	2.3961070447493444	70.538
708.0	1.8162621731526742	47.239
708.5	1.6867578603439315	76.708
709.0	2.256779065777926	19.152
709.5	2.074989870667375	30.228
710.0	2.071651068875383	79.125
710.5	2.3169572475493005	59.98
711.0	1.6234191981036423	80.795
711.5	1.5439069216692656	90.599
712.0	1.9664767618676364	35.983
712.5	1.4901715353698761	90.051
713.0	2.304039917935601	16.334
713.5	1.5585599629076903	20.155
714.0	2.1350227422401313	47.818
714.5	1.585557563330093	40.243
715.0	1.8147994035354669	90.586
715.5	2.0274090270242033	80.64
716.0	1.8745886909374294	60.412
716.5	2.04496915560661	100.719
717.0	1.8595764201139278	80.522
717.5	2.1828433967425522	20.688
718.0	1.2055722680860153	80.55
718.5	2.3575814431493125	47.488
719.0	2.003806179920447	40.497
719.5	2.060980169683472	100.657
720.0	2.112653250991199	20.162
720.5	1.791521216636655	47.394
721.0	1.880775664082751	80.264
721.5	2.3559982894698477	38.102
722.0	1.5999064510657743	70.252
722.5	2.396270336896256	60.379
723.0	1.9497120096554064	20.186
723.5	1.5880756351777037	22.126
724.0	1.6945927594047976	38.29
724.5	1.6363885961204787	47.484
725.0	2.0452473644756752	30.778
725.5	1.9209021646941742	57.46
726.0	1.8771452814791612	40.276
726.5	2.447203704237959	110.639
727.0	1.707843908564569	80.572
727.5	1.628082682742522	90.653
728.0	1.6955321754691735	52.221
728.5	2.1246230335703666	101.083
729.0	1.701016181830876	21.185
729.5	1.8056928545588313	110.689
730.0	1.997518201037497	93.842
730.5	1.606713020786753	70.506
731.0	1.747531265058211	126.127
731.5	1.3458756205189795	110.654
732.0	2.1480156254346863	59.222
732.5	1.8196584098811803	30.168
733.0	1.508279297348385	92.172
733.5	1.738252660259342	105.906
734.0	1.6289069565703571	16.183
734.5	2.3170160690419803	16.692
735.0	1.7542027387908676	110.819
735.5	1.827273066755903	20.349
736.0	2.316489715734525	80.593
736.5	2.188231873931995	15.957
737.0	2.0704864623413806	30.511
737.5	2.2106257840796193	58.077
738.0	1.3491847564811692	60.373
738.5	1.793546493668807	40.229
739.0	2.0304342058816847	120.877
739.5	1.7450108008220186	110.56
740.0	1.7862354212940137	16.559
740.5	1.8203212766564627	36.178
741.0	1.6000139496378518	90.653
741.5	1.8185366042988917	36.887
742.0	1.8347621711412783	30.215
742.5	2.503935218952192	70.23
743.0	1.6739367485052559	100.085
743.5	2.1817443245853667	90.584
744.0	2.0156114489841457	100.795
744.5	1.7888234613932266	76.882
745.0	1.4080061759108347	48.22
745.5	1.8215672088747277	50.46
746.0	2.0066178646684154	62.798
746.5	1.653974155569404	80.569
747.0	2.4265574626934825	38.479
747.5	2.265156460862075	60.571
748.0	1.4047872907310106	67.895
748.5	2.085046382268752	110.649
749.0	2.2975544157332126	15.988
749.5	2.370163745792347	37.223
750.0	1.7920472330654087	78.038
750.5	1.8941936493096152	92.6
751.0	1.537386336417643	67.647
751.5	1.8531912060663382	16.706
752.0	2.1533227081059034	50.395
752.5	2.0040456395222703	38.22
753.0	1.9816712265898326	110.914
753.5	1.7305645809931882	70.39
754.0	2.223092277313503	40.184
754.5	2.0860890322287315	60.498
755.0	2.2861005501009095	40.259
755.5	2.3807619893656202	68.142
756.0	2.119819853705838	120.756
756.5	1.4472581552814974	57.371
757.0	2.0697859557579945	18.183
757.5	1.802978052942663	82.39
758.0	1.825459652725523	27.952
758.5	2.105537177558613	20.164
759.0	1.4621408602558437	100.632
759.5	2.076181623875671	50.272
760.0	1.5357135870843863	60.41
760.5	1.6489207587018073	90.497
761.0	2.0484161204965603	30.166
761.5	1.9571449709636146	121.078
762.0	2.421476416982349	118.589
762.5	1.519163911051825	16.691
763.0	2.134740852888956	60.315
763.5	2.2326092990713278	119.454
764.0	2.656099557059428	80.522
764.5	1.6256268468309056	80.568
765.0	1.8687484983840377	80.613
765.5	2.046821597258462	18.314
766.0	1.7258128064752905	107.225
766.5	1.9047197680562975	88.095
767.0	2.2985315919861184	47.612
767.5	2.7221553946093002	19.196
768.0	1.5677226991241593	50.155
768.5	1.636168599644573	80.505
769.0	1.6884968165429828	100.709
769.5	2.3122142475277787	28.694
770.0	2.632306849358951	77.932
770.5	1.4234132908315187	100.664
771.0	2.291258413600729	16.745
771.5	1.7436042251099984	16.408
772.0	1.721908382641412	88.171
772.5	2.2507905044932057	80.523
773.0	1.385755299478349	90.638
773.5	2.2371203675489384	68.299
774.0	2.265527207158886	120.809
774.5	1.9808967691682853	110.672
775.0	1.8069239293906278	46.572
775.5	2.1834924445633326	80.439
776.0	1.5325644056138785	37.032
776.5	2.0959262435240062	80.491
777.0	1.740089183675888	60.398
777.5	1.7097296081912206	38.121
778.0	1.3666455837418825	40.261
778.5	1.8729501916624447	30.179
779.0	1.998179551405892	80.496
779.5	1.673400547132248	80.539
780.0	1.8380693402025594	37.547
780.5	1.4942423601300452	100.685
781.0	2.193013633290477	70.491
781.5	1.9933577658592023	16.907
782.0	1.4750111570702118	40.327
782.5	2.0802528861214986	80.458
783.0	2.1132219106136767	60.323
783.5	2.1267029844432104	57.377
784.0	1.6582205506450953	67.574
784.5	2.5579434091401403	15.948
785.0	2.069080463921007	110.809
785.5	2.451579457744736	50.34
786.0	1.5751850069032658	110.801
786.5	2.3497091049746994	50.308
787.0	1.764129233542554	70.417
787.5	2.499401701842368	80.611
788.0	1.7733897436886126	18.281
788.5	2.275049545012825	20.193
789.0	1.6718693367837218	60.463
789.5	1.8701591589251767	60.329
790.0	1.6541702161309677	70.352
790.5	2.5970283325793457	37.264
791.0	1.7694833288715037	104.311
791.5	1.6432141658287258	80.507
792.0	2.0768403431478224	90.136
792.5	2.278018659396309	110.647
793.0	2.4722839818336952	50.272
793.5	2.046106567369726	80.623
794.0	2.1586118819516695	16.532
794.5	1.7530565704725416	87.922
795.0	1.7949894130458683	57.354
795.5	2.368965224585198	30.287
796.0	1.4340401353663912	80.527
796.5	1.6918282379380483	124.621
797.0	1.9526692027585315	37.512
797.5	1.3969724550609397	100.524
798.0	2.174709264438368	20.294
798.5	1.4849421893158201	90.594
799.0	2.471703391257763	110.758
799.5	1.5622567425524343	80.487
800.0	1.5926170150232237	120.442
800.5	2.353108904356634	17.121
801.0	2.297808665316965	81.446
801.5	1.1228899994777417	90.662
802.0	2.1772114045598356	16.857
802.5	2.322506335056012	100.796
803.0	1.8420946141378156	66.873
803.5	2.3306705363416125	36.783
804.0	2.1834333627881684	90.741
804.5	1.6409537301819344	68.269
805.0	1.6531782020250603	89.309
805.5	1.9055155590130746	60.607
806.0	1.9795119737077291	20.16
806.5	2.295548610346245	80.493
807.0	1.6328372315355744	80.565
807.5	1.660071435467911	16.621
808.0	1.8708952884516747	17.035
808.5	1.968319276333508	47.632
809.0	2.2741690057469977	85.474
809.5	1.6607189227043484	31.473
810.0	1.7039755839617463	17.081
810.5	1.7753542025935907	40.265
811.0	1.7301653858466945	50.015
811.5	1.9638704033920535	129.155
812.0	2.329219284991251	15.809
812.5	2.252695442308976	40.268
813.0	1.8632244898668544	80.622
813.5	1.695096064068599	70.413
814.0	2.1378088420672414	30.004
814.5	1.477327792430589	120.841
815.0	1.5880830149567888	19.303
815.5	1.943336651847578	90.646
816.0	2.3176718547969335	30.19
816.5	2.742505987387238	18.588
817.0	1.441302054621096	90.616
817.5	2.3557327674364426	78.447
818.0	1.73533025712493	60.557
818.5	2.3169080440282164	60.439
819.0	1.6577751964115146	80.399
819.5	1.8241794944227439	60.385
820.0	1.6204302409322646	80.575
820.5	1.9638212881708812	70.554
821.0	1.467721068783374	96.027
821.5	1.8945108019777432	100.757
822.0	1.7048896593497718	69.135
822.5	2.309844388434205	78.278
823.0	1.6243062817048923	59.441
823.5	1.9983501618962503	70.257
824.0	2.1224590239358894	18.179
824.5	1.4980370109231111	30.276
825.0	1.596498803705737	90.708
825.5	1.7338634812047202	100.71
826.0	2.0949935297595608	110.661
826.5	1.7124184583660484	70.534
827.0	1.394507865668571	80.65
827.5	1.9556043702796304	68.275
828.0	2.0184816755254973	60.478
828.5	1.4939625917918984	38.409
829.0	1.7183503568061829	17.118
829.5	2.013160671736869	17.102
830.0	1.8754299089367512	120.886
830.5	1.7558312151052327	42.133
831.0	1.5421073956548947	126.76
831.5	2.025166680300988	20.163
832.0	2.1960963961748887	40.235
832.5	1.6890223158671374	99.973
833.0	1.8927600040467716	16.404
833.5	2.0541443438242006	50.584
834.0	1.7880945426516144	60.547
834.5	1.835242057345678	80.468
835.0	2.3858341537000975	50.458
835.5	2.1200969911163607	46.864
836.0	2.2914143092879735	80.507
836.5	1.1012640709864971	20.16
837.0	1.765922950327371	20.162
837.5	1.5754590179671206	80.44
838.0	2.152850983107364	68.474
838.5	1.4855223349075821	70.664
839.0	1.421671260783163	40.302
839.5	1.8566897530316828	40.3
840.0	2.1178884556121433	19.061
840.5	1.6177132236998037	30.197
841.0	1.6786121272409609	60.369
841.5	1.7386601914160982	58.617
842.0	2.040486306716603	91.722
842.5	1.6039416632545758	70.361
843.0	1.471447819121276	120.998
843.5	1.9970484953873864	16.311
844.0	1.7680519513476336	80.607
844.5	1.152915055597048	46.96
845.0	2.4572888087847633	90.689
845.5	1.7738679657267442	40.329
846.0	0.17412724499298804	8.467
846.5	4.048004375126454	11.497
847.0	1.932463288325435	12.406
847.5	2.1636377831929114	50.6
848.0	2.0959205761404545	90.753
848.5	1.9521675775843739	20.196
849.0	2.077314678490581	70.505
849.5	2.1430124957140286	9.385
850.0	1.491538898487797	114.447
850.5	1.4926801287852411	70.64
851.0	2.0613328616932796	10.55
851.5	1.845529036481704	70.301
852.0	1.4931206675626325	77.312
852.5	1.8746826915978412	88.905
853.0	2.287588119854425	50.189
853.5	1.7915673807094943	9.612
854.0	2.121993969619669	60.355
854.5	1.8958643022734238	110.899
855.0	1.6652711235243391	60.458
855.5	2.1043556091245237	50.491
856.0	0.8185256305068648	32.47
856.5	1.265084518372565	10.437
857.0	1.6369345696182793	90.245
857.5	1.9975143068760581	20.166
858.0	1.8074139818134498	55.668
858.5	2.3008566595341073	20.135
859.0	1.2128212999869687	60.191
859.5	2.192806111773561	73.707
860.0	2.2808401675001324	50.44
860.5	2.6296888115211714	13.432
861.0	1.878454701805903	68.987
861.5	2.2355064450055004	60.352
862.0	1.9436540228010255	60.532
862.5	2.013131848554635	60.522
863.0	1.7667730009135654	13.673
863.5	1.4061507630926477	30.697
864.0	1.8828224334526888	110.724
864.5	1.7841923013085368	60.424
865.0	1.48470099174831	70.557
865.5	1.9003978861011472	70.324
866.0	1.5933147283325733	10.548
866.5	2.1985626821318145	100.729
867.0	1.4727896709609727	12.439
867.5	2.3835945122601254	20.011
868.0	1.9039541772998534	70.632
868.5	1.9789512435014394	40.373
869.0	1.1643114581636247	120.854
869.5	2.124765558321509	12.566
870.0	2.019289549597061	39.055
870.5	2.2169652087763065	40.327
871.0	1.7407658535498673	60.315
871.5	2.261928969824984	19.998
872.0	1.9082728313687625	130.904
872.5	2.1246013575500764	120.873
873.0	1.880854594313003	60.516
873.5	1.9004818001052328	50.513
874.0	2.2686333333218465	60.517
874.5	1.5126279218904901	90.678
875.0	1.71514028558	60.448
875.5	2.2143599790215704	68.243
876.0	1.1930164426631344	29.598
876.5	1.4352782386946503	30.576
877.0	1.7905243976621503	20.167
877.5	1.968088000424573	40.217
878.0	2.112594878062072	60.534
878.5	1.8374081466627812	30.218
879.0	1.9901331636983493	40.335
879.5	1.9053062489370207	70.327
880.0	2.07008408954981	106.474
880.5	2.2219930335344853	50.479
881.0	1.4612283323033806	72.462
881.5	1.8415636301201783	69.025
882.0	2.195876066752339	20.215
882.5	1.0990772087332392	120.767
883.0	1.529481045279628	70.305
883.5	2.266897490098177	50.256
884.0	2.682858577185494	131.023
884.5	1.6605028919170217	8.769
885.0	2.2560846679983193	25.844
885.5	1.791971850677092	31.431
886.0	2.2142898332233067	70.006
886.5	1.6151809749897057	72.047
887.0	1.6868125338636757	90.545
887.5	1.8680360989813547	60.471
888.0	2.0465862983526804	125.231
888.5	1.8184095060090162	50.457
889.0	2.230913994824442	60.465
889.5	1.8144277424960378	133.298
890.0	2.134897892777519	20.299
890.5	2.175132067551166	87.967
891.0	1.4467462446002757	19.448
891.5	2.5637662212048666	10.975
892.0	2.2244310392081172	39.653
892.5	2.102937831870942	60.412
893.0	1.9420656890184989	146.504
893.5	1.9017166439997892	138.306
894.0	2.0383574242082854	60.323
894.5	2.365548489806972	80.961
895.0	2.1590616632314927	70.514
895.5	2.1676256970458376	66.563
896.0	2.114286466593929	120.829
896.5	2.0874645043047186	80.585
897.0	1.6245830690791923	120.889
897.5	1.609579240976444	70.602
898.0	1.5449468983545573	59.965
898.5	0.1412666204454463	10.503
899.0	7.704721069220371	9.749
899.5	1.352889358884048	40.332
900.0	1.8588811335615683	91.166
900.5	1.8050094173450852	121.145
901.0	1.6136494983878555	100.706
901.5	2.0667146045739053	30.237
902.0	1.95242262448315	130.809
902.5	1.5612877483642307	50.551
903.0	2.352529649749705	30.184
903.5	1.8432639716928265	20.371
904.0	1.8488424532698153	13.15
904.5	0.12328997388855059	20.26
905.0	4.339382145014602	17.712
905.5	2.0602172752482177	57.369
906.0	2.2043214349512192	30.226
906.5	1.9807339316551211	34.736
907.0	2.171771396967564	20.154
907.5	1.7176692647384864	74.701
908.0	2.6367021295997004	63.574
908.5	2.447914975979442	60.281
909.0	2.4151579901336806	83.597
909.5	1.7483862690106298	30.215
910.0	2.270792015244317	40.466
910.5	1.5937644729872853	60.489
911.0	2.164508053597252	20.254
911.5	2.1648003973119336	130.721
912.0	1.8595061234186478	120.896
912.5	2.17020812278513	20.162
913.0	1.7828299815725204	40.297
913.5	1.9754203107697224	20.072
914.0	1.451993989664089	70.547
914.5	2.256967225098292	53.415
915.0	2.1293922878295097	163.653
915.5	1.6884258844515163	62.967
916.0	1.802212961155991	40.396
916.5	1.7343701356595973	50.382
917.0	1.4441247693964119	104.432
917.5	0.9568122829126636	40.279
918.0	1.6022622816699146	30.328
918.5	1.4599506799089335	10.6
919.0	1.8309187825332012	90.723
919.5	1.3836769264500044	94.784
920.0	1.395489113188913	100.701
920.5	1.8687445115305925	55.273
921.0	1.5108115164764875	18.831
921.5	1.3280182202144317	11.006
922.0	1.7719622355983684	12.421
922.5	1.3599238547750112	12.594
923.0	1.9009360935515796	95.933
923.5	1.1109909086483354	51.55
924.0	2.434357659390683	40.345
924.5	1.3284451301728808	107.323
925.0	1.6975623943813933	130.804
925.5	2.0753831039321002	17.011
926.0	2.426927248990713	80.607
926.5	2.0010198332499893	70.364
927.0	1.3535661740540605	90.744
927.5	1.8897723052542277	130.997
928.0	1.69461290710215	156.597
928.5	1.6835694530278746	90.618
929.0	1.3257861345724782	131.257
929.5	1.9180113923005602	20.368
930.0	1.9617134321950123	50.34
930.5	1.981578817819865	30.175
931.0	1.5896909838409372	12.808
931.5	1.4737214485877808	110.684
932.0	1.638892197129782	70.48
932.5	2.1369924048245084	60.578
933.0	1.5364878637024098	100.876
933.5	1.7751752448647062	60.616
934.0	1.6144561526267176	112.41
934.5	1.793637896577137	111.28
935.0	1.265667352703351	90.7
935.5	1.6425472100949023	50.058
936.0	2.1225000404306638	60.447
936.5	1.8240906345537575	141.32
937.0	2.103207102958024	51.075
937.5	1.2459544124441144	171.064
938.0	1.5607418235762602	17.725
938.5	1.529619138568842	64.854
939.0	1.739450514783844	121.824
939.5	1.8898149108329192	119.593
940.0	2.0608193707885953	110.715
940.5	1.2152967296447692	87.349
941.0	1.8220293955155793	110.752
941.5	2.653036401349516	52.265
942.0	2.2252623926823047	13.334
942.5	1.2243305927181687	100.661
943.0	2.2805237114845944	81.046
943.5	1.92958025571108	89.973
944.0	2.2509067588997222	130.75
944.5	1.6533235203742456	50.3
945.0	1.644200285126163	50.268
945.5	1.6699033866114987	74.227
946.0	1.8298222835995757	30.306
946.5	1.330211737622205	43.021
947.0	1.8100356295587805	34.549
947.5	2.8689210774629106	70.426
948.0	1.5241690837395807	62.152
948.5	1.420073528633532	93.938
949.0	1.97154635601311	120.886
949.5	2.0156695690572293	40.365
950.0	1.7830063909146647	100.519
950.5	1.4574181129263806	22.134
951.0	1.456660805270457	100.731
951.5	2.2243036848037065	40.349
952.0	2.4730263818539915	60.442
952.5	0.8244206623841122	23.571
953.0	1.8397447071055724	24.446
953.5	2.284163847665906	115.644
954.0	1.7341019751932367	93.962
954.5	0.9073292331021791	70.631
955.0	1.7287038392148706	30.214
955.5	1.949414516224124	30.202
956.0	1.6028693118953372	30.234
956.5	1.5108746335962362	90.577
957.0	1.8807867492066896	93.952
957.5	1.4586786067084656	12.923
958.0	2.290217412421988	121.179
958.5	0.9566440636163176	171.25
959.0	1.3513860800886945	52.155
959.5	1.5583716716305411	73.811
960.0	1.3502432910851934	39.271
960.5	1.364770981328473	124.232
961.0	1.7358317108688501	60.229
961.5	2.337467250530539	72.534
962.0	1.8449471486419184	80.589
962.5	1.3419721648236658	80.508
963.0	1.965938805825612	22.931
963.5	1.8358473689374362	79.578
964.0	1.7367726916917827	60.463
964.5	1.5748724879749665	71.203
965.0	2.1093471742361887	34.921
965.5	2.0817499221497253	40.126
966.0	1.7768909321900745	105.951
966.5	1.9167549965963508	20.017
967.0	1.690168144791904	120.874
967.5	1.7474170572347576	66.247
968.0	2.0734532930509277	30.192
968.5	1.8820109380754237	31.516
969.0	1.9725436363200612	110.641
969.5	1.6690417486725204	90.625
970.0	1.3751181564098318	20.163
970.5	2.1015566352551636	171.954
971.0	1.8190592750865415	33.985
971.5	2.4352847848414867	44.299
972.0	1.6922484204163253	70.744
972.5	1.6107206653716606	96.093
973.0	2.5246784885229983	15.353
973.5	1.9426235652629609	40.248
974.0	1.316989310568067	13.772
974.5	1.845291365214639	90.837
975.0	1.9405057863367454	60.481
975.5	1.5387845173977812	90.666
976.0	1.3772054933265343	14.18
976.5	1.5254995106920013	110.65
977.0	2.1693639169290533	140.98
977.5	1.5845112909623966	50.366
978.0	1.3292556642460198	100.621
978.5	1.8074264662181787	50.395
979.0	1.6099444015836126	94.354
979.5	1.6979138039849742	12.413
980.0	1.6373753951116485	35.093
980.5	1.7260029717656924	20.008
981.0	2.6986508235071014	40.275
981.5	1.424519670468813	140.974
982.0	1.9888583032986156	11.487
982.5	1.8408722043727326	47.562
983.0	1.5481961361886116	111.144
983.5	1.7429063117693842	20.132
984.0	1.7201093393414237	110.95
984.5	2.132804520824173	29.099
985.0	1.966852188262143	75.931
985.5	1.638097014755711	38.628
986.0	1.5390485901459523	12.513
986.5	2.1105097325819497	20.298
987.0	1.6137166978346802	55.049
987.5	1.3645132907302049	31.921
988.0	1.8151865225671788	34.64
988.5	2.305757417751713	40.309
989.0	2.8513058736360697	104.69
989.5	1.057901118845966	16.359
990.0	2.014469764426026	11.926
990.5	2.4649876964327917	80.84
991.0	1.84199104862085	13.085
991.5	1.9684433086879918	20.148
992.0	1.618512222311352	80.4
992.5	1.7422534460391077	40.31
993.0	1.3781712596666909	54.818
993.5	1.4881364723990997	12.857
994.0	1.5280898483926542	80.634
994.5	1.896691995500726	14.636
995.0	1.768950156334466	80.814
995.5	1.2039603902030023	111.009
996.0	1.7506191492097098	12.717
996.5	1.8884719225622244	110.766
997.0	2.489423891223074	90.473
997.5	0.6627867102083003	120.846
998.0	1.7343404545801806	53.739
998.5	1.826287428236522	11.194
999.0	1.5167811263025355	46.426
999.5	1.3849064745650672	60.532
1000.0	1.9135954136240256	36.88
