0.5	2.7287162516354195	67.517
1.0	2.490952211152214	81.176
1.5	0.6901150061109182	86.678
2.0	1.8667749232474402	272.034
2.5	0.0969094428935876	193.986
3.0	3.2859366619316783	412.954
3.5	1.0549196516376869	180.964
4.0	0.8914498821357566	272.52
4.5	1.7171011522265203	744.929
5.0	2.8655082926385433	325.604
5.5	1.5129413049604559	353.96
6.0	0.5879841721319448	514.251
6.5	1.5472221947982474	1140.059
7.0	0.8739706130305528	1510.288
7.5	1.7441240196477372	1142.949
8.0	1.2150686125944234	679.451
8.5	1.2460556649003145	1155.378
9.0	1.5392532612614531	422.53
9.5	1.4484140277573532	325.388
10.0	0.9449321999835818	101.251
10.5	1.284840109466209	191.873
11.0	1.4352042734655082	104.023
11.5	0.8485004799076579	43.613
12.0	1.433282228067144	191.131
12.5	0.7970482310297868	433.503
13.0	1.460694804124397	354.127
13.5	1.7210443514858278	268.826
14.0	1.417683021862735	242.002
14.5	1.635833327867522	312.843
15.0	1.3097017076810127	302.347
15.5	1.4541800193877998	272.17
16.0	0.7892225533890885	291.917
16.5	1.2616534501735648	292.628
17.0	1.0375262938158798	251.746
17.5	1.2907696440231036	232.243
18.0	1.2746225363118202	242.267
18.5	1.400853814274717	212.346
19.0	0.8680018206710103	232.287
19.5	1.513468296383745	181.486
20.0	1.0084098251938507	185.317
20.5	0.7701518663381409	213.423
21.0	1.0712192719085445	211.716
21.5	0.6886516583557891	201.922
22.0	1.3900903763786059	257.74
22.5	0.38024982338017593	161.318
23.0	1.1081478941987588	211.885
23.5	0.1236403129715194	1247.162
24.0	0.03265673589588729	22.545
24.5	2.238817302809831	402.352
25.0	0.21297860605220234	482.744
25.5	1.8157304859375563	37.467
26.0	1.2085276200197637	60.583
26.5	1.3545170878904464	20.931
27.0	1.1435270910022814	23.066
27.5	1.479138521143069	95.814
28.0	1.6366601278626687	50.335
28.5	1.7677280433004496	60.454
29.0	1.2839147628456735	130.806
29.5	1.5439147921594663	70.784
30.0	1.2027749399581487	50.417
30.5	1.31380812881354	70.772
31.0	1.6184791058340484	23.454
31.5	1.6322490342974658	21.937
32.0	1.7528189503101221	90.733
32.5	1.8533335589488389	114.724
33.0	0.9959181418830889	120.134
33.5	1.6219763450447837	20.34
34.0	1.9687358515584663	417.035
34.5	1.5053416359466274	81.377
35.0	0.6663200234784307	28.786
35.5	1.1954112888573971	50.474
36.0	0.7912704282576557	101.519
36.5	0.7091458499441944	121.179
37.0	1.7190873615723785	87.031
37.5	1.045879705257869	21.823
38.0	0.12870648908133325	59.416
38.5	0.1187307121605713	37.838
39.0	0.7105301837949167	96.942
39.5	0.6457196408836108	102.61
40.0	0.5126439101065883	57.466
40.5	0.6737797012668114	90.824
41.0	0.5955378740354746	68.81
41.5	0.44355467791532577	70.66
42.0	0.6100683185308932	100.368
42.5	0.4179572313719475	57.561
43.0	0.5675518549296589	100.708
43.5	0.6607528390577158	111.013
44.0	0.5959199966567232	64.888
44.5	0.3862168707808336	80.602
45.0	0.7852129641488306	151.085
45.5	0.5262962994013632	60.467
46.0	0.5060797374718651	54.163
46.5	0.770761464323944	117.937
47.0	0.5236849381684958	141.146
47.5	0.4734237606914747	160.951
48.0	0.5801543621248152	40.406
48.5	0.6253725942054015	140.968
49.0	0.34798646653075965	32.169
49.5	0.979356290706848	80.592
50.0	0.5247144618336684	151.026
50.5	0.36716889450258733	112.222
51.0	0.7440709874432577	131.04
51.5	0.5592864696405012	141.113
52.0	0.8546017524790699	40.825
52.5	0.5011088071177737	121.023
53.0	0.5957399335456615	110.864
53.5	0.6019767162606262	100.904
54.0	0.8600578196876646	90.669
54.5	0.6234487005051633	110.954
55.0	0.6408539108520073	44.578
55.5	0.6437291698457369	39.015
56.0	0.4633809560637245	174.706
56.5	0.7221653881590582	100.746
57.0	0.12413266482889895	9.469
57.5	0.14953581051719353	10.021
58.0	1.6106733108084006	130.915
58.5	0.1574901423368765	33.414
59.0	3.347677590301152	50.409
59.5	1.9224487392820697	51.048
60.0	1.5119595772737584	70.438
60.5	1.8686225601294948	80.397
61.0	1.7553234938796352	80.719
61.5	1.417123596409257	150.904
62.0	1.8161868603439564	70.352
62.5	1.39952462456049	51.934
63.0	1.5476787971338455	98.206
63.5	1.3122150377479154	100.659
64.0	2.7345033077308014	60.339
64.5	1.6616857943135286	28.603
65.0	1.5499291943919276	92.969
65.5	1.473837679198938	102.88
66.0	1.7298503546660293	60.945
66.5	1.2340808321570196	91.451
67.0	1.8110224941923527	60.414
67.5	1.6385424838669653	30.187
68.0	1.6392444928774281	41.674
68.5	2.191344332325752	80.877
69.0	0.9089951585617202	150.856
69.5	2.823858983511652	90.655
70.0	2.0625878312643056	70.7
70.5	2.256039714162271	40.526
71.0	1.380883675754083	70.561
71.5	2.6617370888576075	69.741
72.0	1.7504838750040526	79.836
72.5	1.709521013594405	60.438
73.0	1.5398462625105598	56.443
73.5	1.4262612601175095	70.503
74.0	1.7727535384333903	95.214
74.5	1.6520812259572404	70.46
75.0	2.2495761792451785	133.758
75.5	1.6778650909471728	70.668
76.0	1.837079397951989	152.761
76.5	1.7810173933786873	90.608
77.0	1.533872372769243	90.461
77.5	2.0317837621123123	102.518
78.0	1.4787896654695296	159.498
78.5	2.6763444328754016	99.905
79.0	1.2087666628316736	100.495
79.5	2.404552885536852	50.968
80.0	2.0703726626281043	53.996
80.5	2.5382803250678014	126.436
81.0	1.8944042157956646	113.115
81.5	2.1459564333063734	95.283
82.0	1.5868518638425813	70.574
82.5	1.6242777553570182	100.731
83.0	1.6047315821696926	39.002
83.5	1.621860457310724	140.836
84.0	1.5215878426835179	150.976
84.5	2.3079844927612974	40.603
85.0	1.3586572782969102	92.552
85.5	2.4603526796048856	100.516
86.0	2.222887961585236	130.96
86.5	1.8584309955364482	90.498
87.0	1.8753096204007074	70.512
87.5	2.1791838071314786	100.608
88.0	1.6054856170463572	110.81
88.5	2.017741191644088	70.403
89.0	2.19550038844345	100.516
89.5	2.3922151172262454	78.509
90.0	1.5805716059103745	141.257
90.5	2.1207827081826394	50.473
91.0	1.5903613739484737	150.863
91.5	2.034612605258369	141.182
92.0	2.0262445436322603	141.05
92.5	2.3277216787286856	120.687
93.0	1.8671898714090869	49.331
93.5	1.3571076115602911	90.549
94.0	2.174924928126237	110.905
94.5	1.4030718507389455	91.005
95.0	1.3470865116339392	90.615
95.5	2.094349465837182	34.593
96.0	2.411298418100319	50.109
96.5	1.9323277304485058	71.04
97.0	2.610512351688629	50.447
97.5	1.750748840317407	17.087
98.0	1.7348822515114326	110.725
98.5	1.8019842853823795	100.567
99.0	1.826341439510331	70.472
99.5	1.7177419951105328	121.784
100.0	1.1907983187005151	65.594
100.5	1.9500777748323062	125.98
101.0	2.142382683805932	42.879
101.5	1.8980618606240027	114.596
102.0	2.075940538373325	20.002
102.5	1.3653906160778528	25.202
103.0	1.9086070303206186	120.735
103.5	1.930955050055161	30.219
104.0	1.8391453509792124	150.846
104.5	2.2796169375700504	30.459
105.0	1.7098124433252384	82.768
105.5	2.021042876489745	70.411
106.0	2.0872802403773503	39.327
106.5	1.7501357363947692	80.601
107.0	1.5800747331258242	57.277
107.5	1.5536840136935606	81.973
108.0	1.6583181044606352	141.103
108.5	1.551839327738001	28.987
109.0	1.9813931428991414	110.861
109.5	1.9395656870279652	161.155
110.0	1.5768992761731326	46.912
110.5	2.527962929315409	115.521
111.0	2.1364710490221768	110.972
111.5	1.4725254177784246	100.681
112.0	2.2540389310817712	97.347
112.5	1.9862516688410152	100.643
113.0	2.3692615979328564	90.668
113.5	1.8117850079341395	50.311
114.0	2.0058211153341037	131.367
114.5	2.3470743592849677	64.417
115.0	1.4215652112468542	47.868
115.5	1.6435228500213237	89.805
116.0	1.3652199315434572	56.617
116.5	1.4178839673108796	153.041
117.0	1.5801812335431216	69.511
117.5	2.261299592209981	116.575
118.0	1.8264529321199896	77.604
118.5	1.7789511065682924	90.632
119.0	1.599273481517346	65.7
119.5	2.033608108218989	130.213
120.0	2.008843739083693	130.83
120.5	2.2785421690927956	90.58
121.0	1.4382900249560342	141.078
121.5	2.1184480894681745	120.803
122.0	2.2486123750725353	68.78
122.5	2.03224022036879	113.532
123.0	1.9140763319558447	110.803
123.5	2.2141041610744137	30.74
124.0	2.427954363815943	45.21
124.5	2.0200752715151538	100.809
125.0	2.1493177378962733	32.47
125.5	2.5590815976774017	80.534
126.0	1.6853243932235615	141.13
126.5	2.272112297327677	45.562
127.0	1.26341608690229	141.153
127.5	1.8962865457272209	100.545
128.0	2.6779829998830174	98.305
128.5	2.0235470182001896	51.132
129.0	1.6524411905388128	85.443
129.5	2.20141556719579	59.04
130.0	1.9411549643077832	83.264
130.5	2.4393435950562044	70.726
131.0	1.6711475704120775	101.125
131.5	1.9931530451438941	100.785
132.0	1.8697404174675898	100.639
132.5	2.4796903387583997	93.211
133.0	1.327746977107106	50.446
133.5	2.130180566396938	90.913
134.0	2.0766558969283495	72.459
134.5	2.1249961899644454	80.193
135.0	1.2594507176984318	72.283
135.5	2.2066595771342397	26.925
136.0	2.372876535474753	70.494
136.5	1.9469849273397093	80.759
137.0	1.921570106170353	29.259
137.5	1.7476624516619732	90.277
138.0	2.0716358421679013	111.206
138.5	1.5106267288494417	121.991
139.0	1.949066051016503	130.794
139.5	2.0326263125783233	121.112
140.0	2.2124982491667566	121.12
140.5	1.4786196057036953	50.386
141.0	1.8987224111114163	90.993
141.5	2.1267335425871265	151.0
142.0	1.9881078765344302	80.623
142.5	1.6824454251782552	120.712
143.0	1.8626711251431314	50.562
143.5	2.42265379534068	100.463
144.0	1.9783048399359708	50.452
144.5	2.185331534533001	120.719
145.0	2.4527836551580875	80.619
145.5	2.1609589507152145	120.96
146.0	2.1967343224459883	53.514
146.5	1.7655565084414946	65.495
147.0	2.7822950365855355	50.833
147.5	1.4101803457078055	100.516
148.0	1.8452416834663565	50.471
148.5	2.1657476715682513	111.301
149.0	1.875809700885067	100.648
149.5	2.1822137087306994	50.35
150.0	2.7168912709671837	96.801
150.5	1.4366086047109365	90.708
151.0	1.705692815214633	164.397
151.5	2.1770867687093034	100.654
152.0	1.732185729591014	70.985
152.5	1.3467875585917954	80.583
153.0	1.915425376183228	111.14
153.5	2.156586334848541	100.729
154.0	1.6555500576154139	90.563
154.5	2.175146001354287	50.459
155.0	1.7926578523056833	36.105
155.5	1.863107612128439	90.65
156.0	1.4898494238147588	90.595
156.5	1.7381376173171144	131.168
157.0	1.9254469174621132	31.455
157.5	1.921181690508158	110.502
158.0	2.1184682838336557	78.277
158.5	2.2031945124512937	130.667
159.0	2.085288186409567	78.078
159.5	2.1862362986053143	151.541
160.0	1.3994790451517716	151.126
160.5	2.173795191482268	30.222
161.0	2.0515602552193384	114.412
161.5	1.9166960461595128	90.517
162.0	1.8880090188707939	52.009
162.5	2.380217486196853	91.105
163.0	1.9178950932387915	80.343
163.5	2.9904154538041197	110.901
164.0	1.6719764000913284	80.253
164.5	1.7199325817990594	51.677
165.0	1.5071214556790282	70.239
165.5	1.5355520087100474	40.005
166.0	1.7950118358846716	80.525
166.5	2.6451021432606763	128.441
167.0	1.51858592666973	161.052
167.5	2.0713474706235777	86.099
168.0	1.7797337151484054	80.917
168.5	2.125658175651717	80.69
169.0	1.62755747136988	90.64
169.5	1.9538575724393559	111.062
170.0	2.3088226704810704	80.471
170.5	2.0976330719487453	60.472
171.0	1.755499107082711	130.94
171.5	2.1268773439243667	100.662
172.0	1.5978369173276206	82.741
172.5	1.860609972380795	133.243
173.0	2.1792903277263393	130.532
173.5	1.5480303536144278	60.431
174.0	1.882503694846661	60.41
174.5	2.375555498227066	114.743
175.0	2.1825743174668073	131.112
175.5	1.3694679742394795	87.316
176.0	2.1765384367047003	30.236
176.5	1.551913543147648	38.041
177.0	1.8445136859227529	54.471
177.5	1.7657752465587397	70.627
178.0	1.709177336137026	50.371
178.5	2.452410698830577	97.166
179.0	1.632129772063344	30.73
179.5	2.5782106924732133	34.042
180.0	2.560157399573684	57.89
180.5	2.006791373603209	51.907
181.0	1.6272651159238538	70.396
181.5	1.8128668288726526	141.039
182.0	2.372419366303268	120.985
182.5	2.377247441974462	100.656
183.0	2.0076073650866433	112.218
183.5	1.4639140208908155	135.377
184.0	1.6921486656916749	60.5
184.5	2.0177591725380943	100.548
185.0	1.6761097936675766	90.601
185.5	1.829469042295786	130.273
186.0	2.2070194488398744	130.834
186.5	2.2775935787878243	84.975
187.0	1.7963955085064804	81.026
187.5	2.488818069807898	73.128
188.0	1.543217737777892	90.638
188.5	1.8252298505857019	103.988
189.0	2.0252729182331675	120.595
189.5	2.021693310902214	120.853
190.0	2.150756698127588	64.983
190.5	1.6029568813396418	110.72
191.0	1.6105974775307514	93.082
191.5	1.780011549041084	90.678
192.0	2.0280981075104254	90.673
192.5	2.1138725661416493	73.574
193.0	1.3940596291223284	120.939
193.5	2.604873758548952	90.529
194.0	2.0413960891555782	120.96
194.5	1.9493686880603813	110.754
195.0	2.252272109157278	114.393
195.5	2.3179225014790186	141.249
196.0	1.727951511362338	40.889
196.5	1.9879816899526825	100.685
197.0	1.9607428788983854	140.846
197.5	1.8614468345714503	99.823
198.0	1.7745414954013161	60.451
198.5	1.6339180926178625	70.623
199.0	1.9035440120975633	75.637
199.5	1.6181572286380947	90.606
200.0	2.3847282945218375	92.651
200.5	1.403465377929667	131.07
201.0	2.1536504770369427	29.065
201.5	2.3251095496865113	83.629
202.0	1.6757803517312497	77.878
202.5	2.1925787470982727	70.469
203.0	1.5625767755274773	70.581
203.5	2.3110202332519423	39.776
204.0	2.036673563523762	131.162
204.5	1.5355894610064176	80.232
205.0	1.7522617138892425	90.533
205.5	1.8328132920616955	57.925
206.0	1.5807364676400966	100.736
206.5	2.0734393335237224	96.08
207.0	2.108123027894662	151.518
207.5	1.7736286985125276	70.383
208.0	2.1618617544944723	100.818
208.5	1.509229686810867	120.896
209.0	2.512934825270857	64.801
209.5	1.7575228540884449	80.519
210.0	1.7344213182053665	120.803
210.5	2.315905343602001	90.564
211.0	2.35808894872013	80.887
211.5	1.3094544685467464	90.567
212.0	1.96932137185009	90.482
212.5	1.978973254064387	40.491
213.0	1.4704165981081356	100.799
213.5	1.9034853660381985	99.727
214.0	2.1636614509359844	90.702
214.5	2.1991726677678085	88.152
215.0	1.6800053131321566	42.063
215.5	2.4518257292173495	116.186
216.0	1.4507656133273716	29.17
216.5	1.6532637299697368	110.907
217.0	2.0674815429143503	25.055
217.5	1.852215369885067	90.644
218.0	1.2873279370384907	33.137
218.5	2.0433475012801305	116.061
219.0	1.7524453474111215	120.731
219.5	1.9212618917156838	95.807
220.0	1.9143952831363515	69.559
220.5	1.9968915674416787	91.382
221.0	2.3327166284025354	100.593
221.5	1.4506587227526178	111.571
222.0	2.364375122472179	110.805
222.5	1.9689529824293293	120.767
223.0	1.8440488316753318	50.454
223.5	1.505151081394902	130.796
224.0	2.134547458184866	130.377
224.5	1.947720754613608	23.51
225.0	1.9978994984564056	118.236
225.5	1.6154078425395229	50.654
226.0	1.98687409158136	130.94
226.5	2.279485673637312	98.097
227.0	1.5216536135910004	80.646
227.5	1.7921795043900557	80.693
228.0	1.8870650126759405	38.536
228.5	2.363970593796077	92.648
229.0	1.8964357683328095	60.458
229.5	1.8423911201929568	70.566
230.0	2.058006165840674	60.516
230.5	1.8191759448586005	32.793
231.0	1.6482647464764353	60.434
231.5	1.4837361925709638	60.803
232.0	2.4165721932274935	60.419
232.5	2.0668046887453295	40.262
233.0	1.3738960628043866	100.848
233.5	2.3595066037853125	50.306
234.0	1.984081312053917	101.246
234.5	2.2796854874126793	70.549
235.0	1.8055500667052098	50.408
235.5	1.765523979747749	70.551
236.0	1.771702249163733	80.584
236.5	2.2776852554833744	100.331
237.0	1.1561059624367722	60.52
237.5	1.43490380478332	50.375
238.0	1.6966226674172264	101.216
238.5	2.640967506671821	100.743
239.0	1.8732549398785674	58.748
239.5	2.225681278966054	90.426
240.0	1.5547304652363407	100.809
240.5	1.904863410510364	40.512
241.0	2.1817505803143797	73.889
241.5	1.3027661283479917	86.637
242.0	2.192944968645848	40.81
242.5	1.7648898692621793	79.856
243.0	2.3031242900313624	110.808
243.5	1.6293943879559665	43.448
244.0	2.2634825179432587	47.524
244.5	2.3304510373855574	70.76
245.0	1.7609788886967033	100.731
245.5	2.193197624265254	110.638
246.0	1.806582886985101	50.737
246.5	1.4824686193871062	131.077
247.0	1.4929437834294186	121.33
247.5	2.6865421344050433	63.21
248.0	2.1745573285013053	110.683
248.5	1.626121980342198	90.635
249.0	1.6227502157148597	120.993
249.5	1.7103250124313838	113.786
250.0	1.8391706586747512	100.542
250.5	1.9329516557234936	81.88
251.0	1.8373028568797856	40.371
251.5	2.0282129894238943	110.641
252.0	1.6032749415471206	50.461
252.5	1.9253736633982543	57.803
253.0	1.6843492818732928	100.548
253.5	2.0569370741423425	100.505
254.0	2.380786758408471	20.174
254.5	1.7044792406473095	40.353
255.0	2.3055735521800935	89.76
255.5	1.8490587521306208	70.358
256.0	2.253015277776829	72.842
256.5	1.6534512430740724	50.13
257.0	2.1351660053899217	36.47
257.5	2.406288083701353	50.217
258.0	1.5628096980661763	110.649
258.5	2.089368846775546	20.567
259.0	2.223490733842771	80.627
259.5	2.264545971642398	110.745
260.0	1.8252583064155579	30.207
260.5	1.6095491956192711	60.444
261.0	1.616069441838956	110.753
261.5	1.9829670733318905	80.613
262.0	2.0966795831712295	105.403
262.5	1.1795141351296201	151.035
263.0	2.1625806416395825	32.769
263.5	2.010563423737882	60.357
264.0	2.1122510628984754	110.363
264.5	1.4763643157954924	70.362
265.0	2.316104747915903	90.428
265.5	1.6595621742365079	160.973
266.0	2.1290708577093835	111.058
266.5	1.6356684734931082	112.21
267.0	2.297868043477879	151.307
267.5	2.0872430092961607	110.562
268.0	1.739615045925679	70.508
268.5	1.4199177092399389	100.614
269.0	2.254844131167352	70.554
269.5	2.1748212779488556	120.789
270.0	1.8726882670048703	30.285
270.5	2.074055444460554	135.071
271.0	1.6787610408266989	38.554
271.5	1.7383329461396069	42.21
272.0	2.1832513707402788	100.657
272.5	2.189032907909273	101.748
273.0	1.8428528262941566	80.415
273.5	2.527360119875442	90.647
274.0	1.69088484878677	70.792
274.5	1.821176778925666	25.047
275.0	1.9775930904251353	90.709
275.5	1.749328299671191	80.501
276.0	1.8190322212700878	88.086
276.5	2.1109815968211643	130.819
277.0	1.7308729415859216	90.588
277.5	2.1957130287782163	110.744
278.0	1.6069248207367817	80.619
278.5	2.053423693731413	70.523
279.0	2.6965658812157884	72.872
279.5	1.9139253796874216	100.556
280.0	1.7872168158642974	59.981
280.5	1.9725846303116554	70.55
281.0	2.079814193459541	40.276
281.5	1.981749704816583	130.879
282.0	1.6183256938394865	95.269
282.5	2.039668821518812	131.044
283.0	1.8807062903706346	70.988
283.5	1.9365643709751552	30.266
284.0	1.5498776717595006	90.689
284.5	1.9633175156981584	63.26
285.0	2.172931047713271	40.377
285.5	1.9973062437271196	65.549
286.0	1.8204149899101025	60.426
286.5	1.7784482106783115	144.962
287.0	1.920907567086571	29.75
287.5	2.318012883320012	50.477
288.0	2.1731482935609314	127.312
288.5	2.281430031272545	70.263
289.0	2.2719017375295776	121.725
289.5	1.3864321325719664	90.545
290.0	1.6177182112492365	80.399
290.5	1.576469406611558	50.414
291.0	1.731312860995568	80.573
291.5	1.948217757349424	90.586
292.0	2.137582368858709	80.404
292.5	2.035127845314828	63.055
293.0	2.235151018132642	117.765
293.5	1.409056230295417	141.257
294.0	1.828418942709512	90.628
294.5	2.0419025726008497	50.326
295.0	1.928236682175246	120.791
295.5	1.7418889515071303	90.5
296.0	2.465421100911749	70.418
296.5	2.2037225214726677	90.511
297.0	1.9672383647320126	110.92
297.5	2.3168621600666635	103.655
298.0	2.008332963163378	22.898
298.5	1.9435898005392915	90.476
299.0	2.1677217671049407	89.658
299.5	1.6343923662602462	130.814
300.0	1.7262901679977452	71.194
300.5	2.432387925664312	84.167
301.0	1.791911149743646	36.023
301.5	2.1434422620038758	30.219
302.0	1.9086576179926231	58.408
302.5	1.805143917961449	41.854
303.0	2.005394470576002	20.219
303.5	1.0206793466619037	51.959
304.0	2.1174099588755784	60.409
304.5	1.5068870698908274	90.702
305.0	1.7155223490005107	80.595
305.5	1.7988803764742216	100.771
306.0	1.8471704403805378	119.67
306.5	2.1000099202975364	50.286
307.0	2.3673550131699908	40.175
307.5	1.5063230414235003	90.669
308.0	2.061956043821573	22.22
308.5	2.167869589400933	74.112
309.0	1.919219899522167	47.542
309.5	1.8585540370404503	90.688
310.0	1.7433569340727095	130.961
310.5	1.9473051375726307	90.806
311.0	1.8400847922171384	80.54
311.5	1.6565289135605825	110.833
312.0	1.8322418068443143	60.337
312.5	2.0929176504020797	46.601
313.0	1.4543814897357836	130.865
313.5	2.2920861225257063	45.145
314.0	1.92709071340417	80.278
314.5	2.0450296378369996	33.499
315.0	2.024334927986713	110.759
315.5	1.5073854722298943	110.752
316.0	2.2440083185954838	40.217
316.5	1.5036026467203096	60.51
317.0	2.2903423254228317	33.573
317.5	2.076513676619849	89.148
318.0	1.908036729991042	50.99
318.5	2.387667279698948	90.555
319.0	1.9079428102212668	60.552
319.5	1.914575004998998	101.131
320.0	2.501340759563695	90.705
320.5	1.5716862085174594	100.791
321.0	1.6796695962446484	97.399
321.5	1.9228820781427036	50.428
322.0	1.8070494800032806	130.829
322.5	2.346487860541322	80.508
323.0	1.8398087798337424	163.709
323.5	1.9677734821176616	40.306
324.0	1.589011807324195	51.05
324.5	1.8803703541578414	135.904
325.0	1.7836512357383167	70.694
325.5	1.639771007418532	60.755
326.0	2.081534324311293	131.247
326.5	2.023211468616092	100.677
327.0	1.6233203344788978	34.934
327.5	2.1000441376366226	50.443
328.0	1.922750526417902	60.376
328.5	1.6604136060381727	100.618
329.0	2.26001305967083	140.906
329.5	2.1109205922796392	110.637
330.0	2.2958818422949556	18.188
330.5	1.4388192792433798	131.259
331.0	2.0463895221869657	20.242
331.5	1.8313746221837055	105.546
332.0	2.064889980220106	90.54
332.5	2.4988037777391527	90.335
333.0	1.507344484106655	130.932
333.5	1.6084287348206585	70.433
334.0	2.0853673123487804	91.08
334.5	2.2607438606815156	70.411
335.0	1.809884594735032	140.059
335.5	2.471023033043344	71.845
336.0	2.0732417815050286	80.448
336.5	2.240550782690125	52.288
337.0	1.7317786461733622	56.331
337.5	2.3353406651621804	30.349
338.0	1.9165474571566956	55.076
338.5	2.0189688483033605	26.414
339.0	2.0439120661589993	111.597
339.5	1.4745861669774947	60.442
340.0	2.2676868168879087	60.369
340.5	1.6484773424302939	102.679
341.0	1.5151499834224567	46.449
341.5	1.7556291306360503	62.337
342.0	2.5755445668449353	50.826
342.5	1.6912868365810558	80.565
343.0	2.4642515548014483	70.508
343.5	2.3323083423743705	27.1
344.0	1.803511061418423	90.638
344.5	1.5385016075371396	40.403
345.0	2.1910534232187002	50.421
345.5	1.890367639171458	94.217
346.0	1.9245373340895433	98.398
346.5	1.9073492703138304	70.528
347.0	1.8046720659322624	110.847
347.5	1.454933787015596	110.623
348.0	1.8653634306457991	140.804
348.5	1.6610206856536676	111.008
349.0	1.939481772061386	120.93
349.5	2.0693589360120224	90.687
350.0	1.8752884164060195	91.299
350.5	1.854673661737472	124.925
351.0	1.775711236744436	140.846
351.5	2.1430619124582093	110.906
352.0	1.8262234962598651	96.093
352.5	2.101444891646864	60.429
353.0	2.412985538544324	161.612
353.5	1.991508868239625	120.71
354.0	1.9974987572161522	81.375
354.5	1.9005405311515673	90.474
355.0	1.9711162951026007	109.601
355.5	1.8974210030233474	52.204
356.0	2.5794804094006865	100.536
356.5	1.4910172350607933	50.373
357.0	2.1048122632652415	130.979
357.5	2.054152401667244	141.196
358.0	1.8443014062470573	80.538
358.5	1.873050352634007	94.088
359.0	1.7974731646716202	57.186
359.5	2.2816797797809945	100.796
360.0	2.332450141329081	100.67
360.5	1.7207239209801644	88.141
361.0	1.7686508161205228	30.202
361.5	2.1342467965720653	130.593
362.0	2.0417722826803058	80.632
362.5	1.903454918671756	100.551
363.0	2.226866401113834	97.829
363.5	1.8666146744790546	102.241
364.0	1.787442448622226	100.764
364.5	1.7503362333433412	100.765
365.0	2.130974976809819	70.629
365.5	1.7947108302772823	46.134
366.0	2.166721003183559	102.443
366.5	2.312952783737281	120.847
367.0	1.7036268027998165	60.001
367.5	1.801351816793611	100.771
368.0	2.195987769620832	110.804
368.5	1.831344016874157	92.296
369.0	2.213777772514686	100.754
369.5	1.7795217353753656	59.404
370.0	1.7206262228443059	80.423
370.5	1.708684964662228	90.289
371.0	2.4215126003248257	50.395
371.5	1.9820157185360174	64.601
372.0	1.842033536001956	99.502
372.5	1.8723094616170417	73.42
373.0	1.5244876914569152	160.963
373.5	1.6634322370783396	100.676
374.0	1.8317845617681394	120.85
374.5	2.4830183992773	100.882
375.0	1.7075696805241771	154.724
375.5	1.597721060735113	87.472
376.0	1.5318177854573205	100.801
376.5	2.231457212329695	80.427
377.0	2.0275067190187928	50.385
377.5	1.3909892033042925	110.791
378.0	2.261007539456904	70.448
378.5	2.4145584485036733	80.601
379.0	1.642304560957615	86.893
379.5	1.992421243806308	91.561
380.0	2.4890051894605967	121.214
380.5	1.9258617323390135	58.619
381.0	1.8425244416930935	110.688
381.5	1.6645865554061592	35.536
382.0	2.1235723945435305	80.585
382.5	2.2437166821067343	75.357
383.0	1.7957485376445155	26.519
383.5	1.8487074345793624	133.715
384.0	2.180265025608383	36.677
384.5	1.9635654961767013	80.649
385.0	2.427936120390738	110.435
385.5	1.8587590859309355	90.597
386.0	1.9493637220886224	82.529
386.5	1.8666639292839176	56.454
387.0	2.419202082246375	110.945
387.5	1.6066447940729023	141.068
388.0	1.9660433327199585	120.882
388.5	1.4884620376585183	120.854
389.0	1.8976928149521508	80.858
389.5	1.9219748939648975	40.227
390.0	1.6690847579703953	70.434
390.5	1.8613264651172017	50.489
391.0	2.4369825030126986	103.609
391.5	1.2999288018046422	110.584
392.0	1.6234205467737217	119.193
392.5	1.5883825623326968	85.233
393.0	2.2108597107114814	90.701
393.5	1.8766380725011098	50.356
394.0	2.055723807921747	140.978
394.5	2.163407681865898	50.405
395.0	2.260096162143981	120.772
395.5	1.6896007905760166	18.938
396.0	1.9453950919525078	131.327
396.5	1.461577632663339	48.587
397.0	2.5265628442796997	80.602
397.5	1.6328215375454642	151.06
398.0	2.076987658437323	60.428
398.5	1.54744652913231	171.189
399.0	2.179677239146349	77.431
399.5	1.8414630736021254	92.267
400.0	1.6249596592227105	90.866
400.5	2.070643859199537	50.308
401.0	2.21048159654483	80.553
401.5	2.033895278877576	43.32
402.0	1.9858002316194892	77.339
402.5	1.7476509005765921	35.927
403.0	2.00925355897766	120.822
403.5	1.6751254890434761	95.572
404.0	2.3221909916463694	50.081
404.5	1.6863573824490965	100.632
405.0	2.1808654066967503	60.761
405.5	2.0608545366007824	70.545
406.0	2.1434737052414925	130.873
406.5	1.869786130770011	100.78
407.0	2.006444644277658	53.373
407.5	2.333461161802988	77.717
408.0	1.7539161968794363	50.279
408.5	2.4162387827514142	136.792
409.0	1.5203481747554626	50.013
409.5	1.8743810029235997	21.227
410.0	1.9738331863462002	30.113
410.5	2.3584858842072327	90.301
411.0	1.783616290727797	60.406
411.5	2.5434423990747494	111.238
412.0	1.7681903171495652	80.462
412.5	1.982755951891184	100.694
413.0	1.9469097832568831	90.256
413.5	1.8965158805801283	50.674
414.0	2.0496020076948263	18.367
414.5	1.9446129822721079	18.05
415.0	2.4011717946984485	20.316
415.5	1.576307033988794	60.486
416.0	2.160081286414555	23.471
416.5	1.859082759662223	110.708
417.0	1.6181246630650543	52.471
417.5	1.790755927372687	82.65
418.0	1.7365281348985608	148.991
418.5	1.9158938092670548	50.336
419.0	1.972430493821208	81.973
419.5	2.1575709687524145	100.5
420.0	2.511148871118898	40.422
420.5	1.5964815216129131	161.048
421.0	1.5985739360339086	67.462
421.5	2.1586304587560106	122.882
422.0	2.111251675895573	50.618
422.5	1.5663433091185321	51.425
423.0	1.8722049061039954	109.931
423.5	1.5909510401638707	100.805
424.0	2.065411056031189	120.765
424.5	2.417409397417173	101.187
425.0	1.8410393917464556	31.215
425.5	1.9898353164973746	90.477
426.0	2.0063765658595956	120.658
426.5	1.8366228296836944	64.91
427.0	1.528217258365602	90.554
427.5	1.6987032469005798	90.67
428.0	1.9278368236657848	130.872
428.5	1.612368329963778	100.653
429.0	1.9195844688914958	60.455
429.5	2.5042909574734034	20.284
430.0	2.2656226394709957	80.453
430.5	1.5194200510324425	86.653
431.0	2.1211683048414818	90.603
431.5	2.4250546561243946	81.028
432.0	2.2815699012703883	80.585
432.5	1.841803425526726	51.601
433.0	1.7780702015670045	80.368
433.5	2.2157865033880246	81.239
434.0	1.724523532726678	50.324
434.5	1.5073949467813221	22.01
435.0	1.7787604220442934	100.544
435.5	1.5787635898581462	80.487
436.0	2.0454056646139507	123.428
436.5	1.3599477640350623	74.753
437.0	2.2607392646609115	40.26
437.5	1.4663751766438535	30.207
438.0	1.750322638003648	17.766
438.5	2.1823987511667156	60.283
439.0	1.980704033770292	50.426
439.5	2.4720495779977343	40.155
440.0	1.572228625470509	100.757
440.5	1.6788364492649357	100.585
441.0	1.9437498448837787	110.556
441.5	2.025535621681288	33.878
442.0	1.7766404328248828	131.187
442.5	1.4877070390218352	90.606
443.0	1.346663946629741	151.002
443.5	1.5158985103799811	70.839
444.0	1.1768081266577781	90.548
444.5	2.3149139336963773	131.21
445.0	1.4785942196128141	53.959
445.5	1.3176966993850083	100.902
446.0	1.594770966839043	52.356
446.5	1.6258728876592672	53.931
447.0	1.1859349739619374	101.481
447.5	1.7883934391318292	40.598
448.0	1.0540402824425688	75.147
448.5	2.082233234952619	93.292
449.0	1.7894047739495775	110.632
449.5	2.0079450743075333	48.1
450.0	1.947864314672706	118.673
450.5	1.595552467145558	90.578
451.0	2.0490635904749013	74.957
451.5	2.261741944669866	110.512
452.0	1.876307952954767	72.436
452.5	1.8371921390756325	35.469
453.0	1.4351459679025316	100.864
453.5	1.9160427090109662	30.102
454.0	1.2041469404564684	20.575
454.5	2.5183953079528685	100.553
455.0	1.3583912755840588	151.416
455.5	1.2786389402239322	100.803
456.0	1.4994849497585754	40.259
456.5	2.6310608542237417	70.387
457.0	2.4398344870059487	81.143
457.5	1.2555752356461314	90.493
458.0	1.4151685059375294	45.067
458.5	1.7228330839892994	21.01
459.0	2.079370501090281	49.524
459.5	1.606789188566778	30.185
460.0	1.2267717179679416	50.539
460.5	1.8809937186096783	90.459
461.0	1.6415022907543808	110.154
461.5	1.0840781574241432	140.842
462.0	1.172129757557677	130.894
462.5	1.81194686010385	156.772
463.0	1.5212307102756424	39.134
463.5	1.8480173783477838	17.395
464.0	1.873326892142522	72.444
464.5	2.0601320821770868	70.717
465.0	2.0656964918388847	97.284
465.5	2.2304663817994785	110.767
466.0	2.4594587073879755	80.447
466.5	2.506992659905716	48.747
467.0	1.5698054981146992	80.729
467.5	1.6465243896865969	100.647
468.0	1.9416376331893892	79.127
468.5	1.7924873618956794	21.158
469.0	1.8577291703747545	151.121
469.5	2.580328976858671	110.396
470.0	2.0317125312990876	96.648
470.5	2.230206412916415	40.401
471.0	2.233345205662894	90.604
471.5	2.064172843303329	51.017
472.0	1.7034944872424462	132.877
472.5	2.0304843994562063	90.624
473.0	1.8769265651915887	50.387
473.5	2.13251239284913	90.855
474.0	1.8960859253347881	41.216
474.5	1.9351320540615973	30.23
475.0	2.3333580636873044	81.862
475.5	1.8151226366902697	80.738
476.0	1.8854084014638626	40.524
476.5	1.4802355421392042	78.127
477.0	2.200889486203641	61.463
477.5	2.6557567370205577	76.414
478.0	1.7808714399360694	110.463
478.5	2.022699159331541	121.08
479.0	1.8675665021766603	80.53
479.5	1.5376486461417622	130.956
480.0	2.1313605423772657	80.504
480.5	1.8816347910085014	79.01
481.0	2.3176110515967343	50.204
481.5	1.2398061696723544	70.311
482.0	2.0125463157741095	40.248
482.5	1.953829299124994	118.932
483.0	2.153758392277744	80.259
483.5	2.0058282664966183	60.344
484.0	1.9750806002235612	50.282
484.5	1.5404140061714309	50.471
485.0	2.1292518102157962	50.165
485.5	1.8863943202734244	52.467
486.0	1.690719072435183	57.393
486.5	2.3440320819620273	90.498
487.0	1.89926202767555	100.846
487.5	2.135771448838906	58.441
488.0	2.3491324065988035	70.242
488.5	2.294984759420815	111.106
489.0	1.9433251609994877	41.175
489.5	1.9808344834093026	85.05
490.0	1.5677708555747603	100.736
490.5	1.8917751375839913	60.357
491.0	2.310102920182609	97.124
491.5	1.7219409784373025	100.669
492.0	1.9636013527804907	70.338
492.5	2.0274677718622724	70.319
493.0	1.7959962942734429	100.717
493.5	1.3180032764860388	30.176
494.0	1.9519371052707595	50.591
494.5	2.027703639966646	40.197
495.0	2.1559191096356276	79.223
495.5	1.6824616256870413	80.406
496.0	1.9885175521371132	50.133
496.5	1.5660224504202127	100.555
497.0	1.9138891520403005	130.596
497.5	1.6308035488344026	90.716
498.0	1.6359677053359751	60.493
498.5	1.8051131925081683	80.438
499.0	1.6215876104456262	52.862
499.5	2.121121880813567	36.291
500.0	1.4023121041112958	110.629
500.5	2.081699266802104	120.722
501.0	2.679086401738079	129.254
501.5	2.2091351431503177	110.776
502.0	2.1412935087171303	45.241
502.5	2.810850948684095	141.199
503.0	1.8827418790253545	70.573
503.5	1.7575270313551437	100.846
504.0	1.3833938627461446	110.629
504.5	1.870422073914841	39.448
505.0	2.421831363907587	35.721
505.5	2.2318788351834487	80.688
506.0	1.93617192887254	100.495
506.5	1.9428366189822202	89.856
507.0	2.513643745322905	104.14
507.5	1.1387443947180331	66.444
508.0	1.616781451786795	80.568
508.5	2.1140677372464127	44.222
509.0	1.7397626269973723	80.321
509.5	1.5225524860397925	70.892
510.0	1.701013445570373	38.328
510.5	1.968251994861856	110.513
511.0	2.2428721124729005	40.343
511.5	1.772114426580714	142.434
512.0	1.1231382946317605	151.136
512.5	2.2966183300336755	100.764
513.0	2.3176271131563717	90.634
513.5	2.060299225864102	113.528
514.0	2.008639160185948	71.345
514.5	1.3143392964131715	70.393
515.0	1.5676738175326728	90.626
515.5	1.9916251405054248	58.58
516.0	2.4268564110105717	60.618
516.5	1.6227168387806188	151.127
517.0	2.2683617946350343	90.674
517.5	2.1288707007295264	93.989
518.0	2.4988551155120344	101.287
518.5	1.603637895273411	52.808
519.0	2.4627743066263403	44.346
519.5	1.791969969794589	66.556
520.0	1.8182744848335224	51.888
520.5	1.7646322131718777	36.921
521.0	1.6442916570367143	70.339
521.5	1.7428193698630103	90.708
522.0	2.563700582911526	119.225
522.5	1.5247505691815308	100.726
523.0	1.9759194182320134	40.336
523.5	1.277986484718757	80.957
524.0	2.2597227305837184	70.461
524.5	1.7634011301598425	50.388
525.0	1.376119293105086	62.672
525.5	2.258384320846019	147.269
526.0	1.735654095276125	131.214
526.5	1.6459252391141912	50.231
527.0	1.840059866231497	120.943
527.5	2.1561968919794645	110.858
528.0	2.2541971377976533	46.868
528.5	1.8357236483981698	60.314
529.0	2.008536490604722	85.321
529.5	1.651891627708185	101.202
530.0	1.7630105873207629	92.5
530.5	1.7951874226566291	45.989
531.0	1.787827010192364	60.631
531.5	1.6575861409773363	121.007
532.0	1.4929662302287512	99.71
532.5	2.2295487485905117	90.69
533.0	1.8975680929560428	90.595
533.5	2.113001253933816	77.675
534.0	1.9659510672586498	42.29
534.5	1.7953838006413017	125.919
535.0	1.710482939558847	131.106
535.5	1.7355120865479285	42.941
536.0	2.231044140039196	46.37
536.5	1.6322833815603073	50.349
537.0	1.6673621615225334	24.04
537.5	2.0143811694583142	130.892
538.0	2.3348559671329583	140.874
538.5	2.13624727231803	131.057
539.0	1.8029148397940975	80.524
539.5	2.4476101313944274	70.658
540.0	1.9782302513593655	80.898
540.5	2.155900513382763	44.775
541.0	1.6676318185304548	111.07
541.5	1.7486002785233479	50.208
542.0	2.248190723852009	86.57
542.5	1.6436661479694414	90.429
543.0	1.6913256490337187	50.49
543.5	1.8632141346671847	30.844
544.0	2.1849332015895295	80.561
544.5	2.017369273208595	101.01
545.0	1.4648662005299078	80.614
545.5	1.6885844503053518	60.385
546.0	1.8203602374724228	120.823
546.5	2.0635003471706126	50.209
547.0	1.8100582855422374	90.981
547.5	2.5883112651342874	34.597
548.0	1.882368854088958	48.892
548.5	1.7779777325523138	73.453
549.0	1.858225036698938	80.93
549.5	2.4007409709836733	173.344
550.0	2.269748297835879	100.712
550.5	2.4300601061009055	110.888
551.0	2.067663166627672	100.277
551.5	1.7023726721082362	98.691
552.0	1.6244694597844052	140.947
552.5	2.1270587412373376	95.765
553.0	1.5800213997643022	60.317
553.5	2.457100809801397	60.479
554.0	1.9477317446385451	58.053
554.5	2.0017930332490828	93.117
555.0	1.6243197754733991	34.433
555.5	1.635179951141407	140.81
556.0	2.34939814945612	63.785
556.5	2.022906707165767	93.131
557.0	1.5185259837342513	90.68
557.5	1.728064352119637	67.049
558.0	1.6046263449204925	100.653
558.5	1.6022271726297759	75.451
559.0	2.0591011636025476	110.523
559.5	1.9646216613024758	40.362
560.0	1.4304319585689071	48.895
560.5	1.5903280444875756	60.654
561.0	1.4513671887820268	100.53
561.5	1.7073483114407368	111.111
562.0	2.589501106374156	106.178
562.5	1.5892935815323304	110.704
563.0	2.031142080855257	70.503
563.5	1.7547414293705814	58.214
564.0	1.6993435832285508	70.368
564.5	2.3436221047500325	116.669
565.0	2.4756398954067524	89.319
565.5	2.1874584178945837	100.982
566.0	1.7056694004901052	80.772
566.5	1.5152988864810706	90.675
567.0	2.257486263394872	64.2
567.5	1.9557015098348896	90.667
568.0	1.6499504821889657	70.589
568.5	1.720634986441814	70.274
569.0	2.4907835131083624	86.376
569.5	1.523641912359709	47.97
570.0	1.7247469133721152	60.378
570.5	1.6947536036461432	81.469
571.0	2.4398897772066497	65.611
571.5	1.8058002213050883	80.883
572.0	1.973184454337133	74.248
572.5	2.053908038225725	90.994
573.0	2.0356532241006535	110.672
573.5	2.0305577234210346	131.898
574.0	1.9655575828777023	38.129
574.5	1.5662545446586942	80.421
575.0	1.7628197197949305	70.537
575.5	2.2905231542414533	60.253
576.0	1.5823704783064547	60.174
576.5	1.130342416179048	80.681
577.0	1.7666583424178728	42.813
577.5	2.0874180563236235	26.303
578.0	1.263782024366509	131.139
578.5	1.3115994189069031	45.201
579.0	2.0079889812294986	60.223
579.5	1.9673927899163448	100.766
580.0	2.3913727878624362	110.981
580.5	2.025197078456416	80.869
581.0	1.952231494073116	120.693
581.5	1.8588269748541344	109.554
582.0	2.103192792317888	90.763
582.5	1.8763343113999875	63.771
583.0	2.0558615841204615	70.498
583.5	1.7579266835677578	60.3
584.0	1.6652566577811228	130.839
584.5	1.9332527636165648	80.512
585.0	2.3993920217148963	121.11
585.5	1.5180463510922053	111.1
586.0	2.1134464666527193	46.516
586.5	1.4315704304988068	150.967
587.0	2.1190262869732264	84.197
587.5	2.4684369301964986	129.017
588.0	1.242251446007122	120.812
588.5	1.6734059384825286	70.36
589.0	1.7216410951595897	110.648
589.5	2.050575797495133	115.264
590.0	1.6382687463229642	80.489
590.5	2.3335679352441043	92.815
591.0	1.8069350225916712	80.559
591.5	2.073295604888504	29.515
592.0	1.9593826783293375	43.593
592.5	2.2407095729681905	96.71
593.0	1.3761772773855054	110.475
593.5	2.1075835537087344	97.385
594.0	2.5326981365894334	40.683
594.5	1.5768988181139036	74.162
595.0	1.7635044922293115	70.352
595.5	1.8951059400520867	90.341
596.0	1.294761542988998	80.496
596.5	2.0352042795555376	41.449
597.0	2.05001286670499	59.97
597.5	1.9355553107418797	20.125
598.0	1.73987769447652	121.207
598.5	1.5608871745702113	100.565
599.0	2.2523305122128128	38.777
599.5	2.047895852732961	70.499
600.0	1.2778584531189692	90.514
600.5	2.3587306687228367	80.391
601.0	2.1596785432102648	57.735
601.5	1.8234932213161095	82.63
602.0	1.787635661760848	151.376
602.5	1.9559024785090564	69.164
603.0	2.0077931906258812	93.867
603.5	1.7443631038404195	151.062
604.0	2.032984093449214	110.649
604.5	1.7378532740720576	95.107
605.0	1.8033367002398113	90.746
605.5	1.5234108300240174	70.406
606.0	2.0798073572021307	47.033
606.5	1.9826319894852267	31.838
607.0	2.0861391039796926	32.107
607.5	2.256388755920835	40.761
608.0	1.9983698060846231	92.072
608.5	1.771342500652194	100.741
609.0	2.2822400328193484	90.644
609.5	1.5057973997074305	100.668
610.0	1.863098937147922	80.461
610.5	2.0502518001433727	143.316
611.0	1.6843426297216757	86.925
611.5	2.1414517863730373	70.489
612.0	2.0355939972769397	70.302
612.5	1.768015752461276	100.584
613.0	1.7352118551106128	41.691
613.5	2.0031658531258008	77.048
614.0	1.7627429127579621	80.581
614.5	2.4788246455455623	50.244
615.0	1.9973429907926268	110.807
615.5	1.7403829032795168	110.756
616.0	1.8734896126493201	50.622
616.5	1.9591450599495346	60.148
617.0	2.1128807695802	135.426
617.5	1.6688437476071456	38.064
618.0	1.935611839729033	80.589
618.5	2.2310354229165132	141.131
619.0	1.3772489657146472	81.053
619.5	1.9066961180899176	103.396
620.0	2.3691501727615676	50.304
620.5	1.6154155340799776	100.658
621.0	1.597800957817024	46.54
621.5	1.74757299654755	90.49
622.0	2.0024384721791786	100.635
622.5	2.0273190897610274	91.229
623.0	1.182910544333882	61.329
623.5	2.807396870148307	50.264
624.0	2.097737011495035	30.355
624.5	1.7168823815482075	101.666
625.0	1.975921510744717	60.646
625.5	1.9393485529484882	35.422
626.0	1.8287696657836041	50.451
626.5	2.26976723871153	94.359
627.0	1.938481010000226	40.346
627.5	2.107977345864275	30.223
628.0	2.511330547986416	140.81
628.5	1.9912056383236492	110.168
629.0	1.4251488066449662	102.63
629.5	1.5311516021215017	90.646
630.0	2.2088633144584002	30.437
630.5	1.4997925762264854	130.945
631.0	1.2882722333832934	30.191
631.5	2.1967888610511146	40.114
632.0	1.77041811065103	60.568
632.5	2.310530229862176	80.465
633.0	1.729173986886394	33.172
633.5	2.0784340562745363	100.588
634.0	1.9333312741181143	100.72
634.5	2.2282485586720564	90.688
635.0	1.791418435142349	69.109
635.5	2.646569951470321	132.516
636.0	2.472844787454938	17.557
636.5	1.7885724584306923	71.182
637.0	2.321567223432953	109.559
637.5	1.8120626184507016	17.54
638.0	2.425771979695767	100.631
638.5	1.7583642287272758	100.776
639.0	2.05981379000253	130.783
639.5	1.9536875065705308	110.763
640.0	1.7625388982537828	70.521
640.5	1.6899211107650263	79.198
641.0	1.931199604067763	30.231
641.5	2.5113293569307955	89.186
642.0	1.6749665799693367	120.806
642.5	1.7138094513256517	30.202
643.0	1.7958420264891277	141.151
643.5	2.5306898946929612	62.793
644.0	1.5728049271023843	70.499
644.5	1.446927394663854	50.419
645.0	1.9180811636356079	78.149
645.5	2.06293815217189	20.285
646.0	1.5922479729652086	45.516
646.5	2.014548058183731	36.842
647.0	2.3866573228763297	62.612
647.5	2.0467845829386397	80.616
648.0	1.7205158551098942	90.621
648.5	1.995702861484917	100.59
649.0	2.021041451600728	151.073
649.5	2.026556145851019	100.657
650.0	1.892900761444267	30.207
650.5	2.4620622466655395	19.683
651.0	1.8844088211001424	90.601
651.5	1.7619557390615896	72.783
652.0	2.105723488260626	21.374
652.5	2.3824129103165492	30.422
653.0	1.521179216815224	18.473
653.5	2.232063625757676	102.912
654.0	2.0172893275268375	52.078
654.5	0.14250978108537718	38.576
655.0	0.17951613358349788	13.954
655.5	0.1397841498467519	9.891
656.0	3.6424104796086523	111.857
656.5	1.93032975902231	100.618
657.0	1.4598205736923955	13.016
657.5	1.1324640027977155	100.526
658.0	1.8897741619737616	12.234
658.5	3.120638165091312	70.417
659.0	1.5834081418463457	100.345
659.5	1.9563976000474312	110.703
660.0	1.5357874385255266	20.187
660.5	1.7896449303829114	40.424
661.0	2.188006880890654	20.133
661.5	2.508342066950703	12.576
662.0	1.2693421838604637	32.504
662.5	1.4379762084092018	82.862
663.0	2.347707208646722	91.983
663.5	1.521895889002844	20.128
664.0	1.9729302134034916	111.572
664.5	1.6724855156081375	120.817
665.0	2.2368795514644484	50.184
665.5	2.48036657974497	50.308
666.0	1.529749939490772	90.669
666.5	1.275362039605051	70.564
667.0	2.2950313136011973	50.346
667.5	2.088071455981599	61.253
668.0	2.2411560925242777	70.514
668.5	1.6311555871646006	50.327
669.0	1.6079999575861896	12.766
669.5	1.821116314241205	50.262
670.0	1.758565646046799	62.247
670.5	1.6979603057711783	61.754
671.0	2.088699746412826	11.269
671.5	1.5759726485906391	32.023
672.0	1.7005181282758262	11.703
672.5	2.0453168404400897	120.788
673.0	1.9245147767818445	72.223
673.5	2.0664018207350945	31.199
674.0	1.7866352518267234	12.431
674.5	1.7887280206298655	20.147
675.0	1.6452565627900133	10.242
675.5	1.7695084242663228	120.842
676.0	1.7926170259514558	61.113
676.5	2.2069751611048822	70.31
677.0	1.5400514238260428	100.626
677.5	1.816634656678811	70.497
678.0	1.2894856724442438	82.116
678.5	2.002594861412353	14.447
679.0	2.0875026955284053	83.718
679.5	1.7311566673953325	20.156
680.0	2.0897362631204173	40.387
680.5	1.8086600311183223	120.777
681.0	2.1212520005964297	31.729
681.5	1.9926753359870506	60.742
682.0	1.4609130136402848	129.472
682.5	2.1478993382057308	90.456
683.0	1.8842502974879467	60.816
683.5	1.7062414027422244	77.308
684.0	1.805304265414567	11.59
684.5	1.881278941905368	56.161
685.0	1.5717109111967977	33.681
685.5	2.1269245048081067	20.097
686.0	1.522295709111557	20.148
686.5	1.8567230994318291	34.63
687.0	1.7158060765456333	50.387
687.5	1.6233323933256454	70.451
688.0	1.9741791954132444	54.371
688.5	1.993330077107747	10.912
689.0	1.7409641860121883	80.294
689.5	1.7910212881510934	80.674
690.0	1.4758626432049824	20.149
690.5	2.132584040090375	20.261
691.0	1.5247277936833814	70.67
691.5	1.9233423876130886	61.191
692.0	1.9553652758613713	42.363
692.5	1.4958228194314636	9.951
693.0	2.572143183101188	20.143
693.5	1.86650952607992	130.916
694.0	1.6882216875032874	20.164
694.5	1.6811997246830945	50.251
695.0	1.6970225092359514	90.575
695.5	1.9731299354844665	30.591
696.0	1.8647621623443194	9.687
696.5	1.8600907878750252	20.106
697.0	2.480065304656333	70.453
697.5	1.5096990333085596	101.38
698.0	1.5828900730039388	90.53
698.5	1.7743884136298627	92.106
699.0	1.6670489315290355	60.321
699.5	1.5537405967400857	55.107
700.0	1.9528140842617374	90.606
700.5	1.7638005090972542	100.734
701.0	1.7495847839051182	60.407
701.5	1.6597919011341191	9.765
702.0	1.8002110683007235	100.679
702.5	2.308777214037213	100.563
703.0	2.080320219745585	11.999
703.5	1.785690767184221	11.154
704.0	1.4577214982114997	36.349
704.5	2.2000404466935017	60.467
705.0	1.7315040459822468	31.009
705.5	1.5716768489071684	20.279
706.0	2.1632800541103356	44.879
706.5	1.6388944596827335	20.153
707.0	2.0644768126563178	49.947
707.5	1.2984969485657265	100.718
708.0	1.509965870513608	90.518
708.5	1.8487632310145765	28.269
709.0	1.8843502843725346	120.59
709.5	1.3060979238779444	32.681
710.0	2.389964343396864	20.2
710.5	1.563247494560255	60.432
711.0	2.105332405869415	79.852
711.5	1.7174907856598924	131.003
712.0	1.7712887678532228	50.371
712.5	2.343991603598484	50.267
713.0	2.1733391897412426	20.171
713.5	1.145349821223512	80.735
714.0	1.57095193769776	130.74
714.5	2.065029054520125	50.41
715.0	2.4750220749930842	100.596
715.5	1.5482112557010568	31.445
716.0	2.513538855398189	10.93
716.5	1.8602656390284047	120.8
717.0	2.147988439517142	109.207
717.5	1.4094550645398174	10.92
718.0	2.1698426813140475	50.347
718.5	1.9661475938833917	60.299
719.0	1.8109714713947318	9.871
719.5	1.5510433635411953	121.019
720.0	1.6963451238201603	20.112
720.5	1.9177304521848195	50.253
721.0	1.7000013383355006	60.394
721.5	1.7002719085316942	50.276
722.0	2.135444348970129	120.972
722.5	1.5266692358158986	70.528
723.0	1.5713822747022814	50.413
723.5	1.7577754280794218	32.605
724.0	2.0956624905481447	80.553
724.5	1.9946666252222847	20.242
725.0	1.5528590075144024	62.515
725.5	2.1661714054573027	50.446
726.0	1.6635945020195673	60.458
726.5	2.1124513975450006	31.847
727.0	2.1291418211523623	20.218
727.5	1.8359034744313119	40.33
728.0	2.164223480437735	20.078
728.5	1.6810392250919055	20.217
729.0	1.6045909166080545	34.997
729.5	1.650695863038103	80.52
730.0	2.013231643885682	90.508
730.5	1.6380899326168723	11.969
731.0	1.5798043752209228	82.176
731.5	1.8372416788615036	60.277
732.0	2.0148679766358693	110.693
732.5	2.0935308812054654	50.437
733.0	1.8179217769637106	70.522
733.5	1.9250758189547648	31.625
734.0	2.169874251922602	100.737
734.5	1.855525367850246	12.311
735.0	1.4297844756466662	60.624
735.5	1.9240259844838825	60.457
736.0	2.165325161841209	12.787
736.5	2.2065621691211184	50.328
737.0	1.3665368099660171	70.452
737.5	2.2470609661505967	120.848
738.0	2.044757987684324	40.367
738.5	1.6149793776489099	71.434
739.0	1.7279742548637114	80.551
739.5	2.071433856293285	100.274
740.0	2.2366081275505927	80.496
740.5	2.203817082525067	50.383
741.0	1.7049526279651799	50.367
741.5	1.5836855589877101	60.391
742.0	1.8582287346875224	130.853
742.5	2.1641942769906537	20.116
743.0	2.298602171559774	20.212
743.5	1.6164345459649578	50.406
744.0	2.2321358706291816	20.227
744.5	2.202313845667729	30.145
745.0	1.2792303789435344	71.08
745.5	2.1230248298571723	23.15
746.0	1.4307470056472555	60.45
746.5	1.9088884569983666	11.688
747.0	1.6328077873124363	70.617
747.5	2.1170159141071228	10.896
748.0	2.4404821113773982	50.235
748.5	1.9478315871838796	60.456
749.0	1.754981485038436	70.522
749.5	2.5248883096234045	12.972
750.0	2.1281184470424015	80.45
750.5	2.0294527307958914	80.551
751.0	1.8318484815215195	130.979
751.5	1.7929438377105689	20.154
752.0	2.174018744585346	50.36
752.5	1.7143867078354325	8.763
753.0	1.4580753534190887	70.34
753.5	2.041068574088129	30.17
754.0	1.7384697384540275	120.785
754.5	1.9555940681601736	80.466
755.0	2.4211906679285566	20.229
755.5	1.5763727531278395	80.546
756.0	2.0538046509753403	125.574
756.5	1.3648209836739695	30.176
757.0	1.4309502138285453	90.593
757.5	1.7502042533939166	50.298
758.0	2.067212847226271	80.559
758.5	1.4919261623754452	60.349
759.0	1.6246888382238043	110.813
759.5	2.002930564105477	80.385
760.0	2.351922676093924	97.34
760.5	1.5195216243103034	70.422
761.0	1.9235400211696319	40.227
761.5	1.9592249912711641	80.579
762.0	2.3247021380645667	50.025
762.5	1.4058493837909494	90.644
763.0	2.227174616724322	10.237
763.5	1.8054602248668195	42.389
764.0	1.8835237979500752	80.56
764.5	1.6464854015776647	95.56
765.0	2.2024773100646655	11.484
765.5	1.3698174232220461	110.562
766.0	2.3542753516922836	60.412
766.5	1.5811151355391615	30.09
767.0	1.9885932595970295	60.272
767.5	2.116605577275708	40.27
768.0	1.6287724390885663	30.683
768.5	1.584989363701526	21.976
769.0	1.7695677170565456	10.899
769.5	1.5781879274759645	80.888
770.0	1.5589806230094807	50.642
770.5	1.1299745089200264	120.766
771.0	2.0736247729731403	60.479
771.5	2.0652457127879704	70.381
772.0	2.1870951991784016	60.447
772.5	1.7788928148559036	60.387
773.0	1.8217744201770412	104.677
773.5	1.636215898816229	81.814
774.0	1.664783770896292	110.757
774.5	1.327060876535066	11.839
775.0	1.3546006795799788	20.665
775.5	2.968251081169113	120.584
776.0	0.6324660834651068	100.643
776.5	1.9881507880270792	100.569
777.0	1.949456422315904	70.491
777.5	1.9802278606060453	70.502
778.0	0.9315480004077696	29.971
778.5	1.7376806601505645	50.367
779.0	1.6462198135112394	62.85
779.5	1.9210482847337278	11.721
780.0	1.5088470805809922	11.12
780.5	2.1060993716260796	10.082
781.0	2.018514385397321	130.74
781.5	1.3828306339549787	150.96
782.0	1.9065016096923528	29.441
782.5	1.6965307519914892	46.873
783.0	2.278316770391385	50.319
783.5	2.0435645649658105	10.143
784.0	1.9527866818908446	50.442
784.5	1.2856036819020946	115.752
785.0	1.9738155867964458	70.627
785.5	1.6422772445446054	70.523
786.0	1.940960276268826	100.674
786.5	1.7266279208971536	70.591
787.0	2.1479172440779086	60.403
787.5	1.8361271588506858	11.824
788.0	1.74420234654441	120.891
788.5	2.1483980115467856	9.892
789.0	1.7682818138811893	20.098
789.5	1.2542926923448448	20.135
790.0	1.8796647526994397	20.143
790.5	2.0500706804063666	11.793
791.0	1.7912231499859181	140.998
791.5	1.391703682437908	13.784
792.0	1.9988396254508896	70.475
792.5	1.2884326775565544	60.359
793.0	1.9237510619461755	123.814
793.5	1.7553393813041758	131.784
794.0	1.9011976512679882	16.625
794.5	2.2530046347546806	80.454
795.0	1.999365783116401	100.209
795.5	1.0627531607422056	28.336
796.0	1.4719346670417806	11.461
796.5	2.055934423247001	30.3
797.0	2.0150823708299663	12.145
797.5	0.9788014164164773	70.371
798.0	1.9576079216100288	60.423
798.5	1.532819122433572	100.702
799.0	2.2120518377084224	62.449
799.5	1.8585886526630504	14.094
800.0	2.2569737518096757	62.526
800.5	1.9336252983572617	80.587
801.0	2.4371669217363228	101.263
801.5	1.2301056024547468	70.505
802.0	2.159002623918256	60.375
802.5	2.289097019870573	14.485
803.0	1.5460529648511134	40.434
803.5	1.1670809860990028	80.694
804.0	2.0500130724302315	60.448
804.5	1.955131100899392	90.373
805.0	1.9868254664040335	80.507
805.5	1.5125553307981665	100.784
806.0	2.045789351080183	73.725
806.5	1.9096554588345906	100.765
807.0	1.674479677128264	100.092
807.5	1.3590400993800484	20.148
808.0	1.9095699818996612	78.894
808.5	1.6949454389300678	29.451
809.0	1.5430846874969304	50.363
809.5	2.2310936553533085	13.337
810.0	0.15490379176121183	13.361
810.5	1.8364561257005767	100.697
811.0	0.9473842939021392	21.95
811.5	0.6864981625319104	12.907
812.0	0.6448072647651618	90.677
812.5	0.6968341828944977	90.714
813.0	0.4420277056150599	17.165
813.5	0.7904390594656852	20.749
814.0	0.9868574996844742	81.564
814.5	0.7873872211450108	22.372
815.0	0.8513013746450702	99.042
815.5	0.8468128202572313	21.885
816.0	0.5700614233111067	136.751
816.5	0.6586668852385302	33.422
817.0	1.0742275818144122	16.144
817.5	0.46349828569050233	13.889
818.0	0.5966399893180966	26.889
818.5	0.9273349524523942	22.111
819.0	0.15018267085845552	11.682
819.5	5.746443224891684	29.74
820.0	0.6292674642751463	123.564
820.5	0.12449700041996176	17.204
821.0	6.273076717618232	50.527
821.5	1.3266770002300432	18.296
822.0	1.5277783891157444	20.252
822.5	1.6847298544639846	50.192
823.0	2.027155403447516	150.906
823.5	1.3988524027925637	60.542
824.0	1.513392250088566	16.343
824.5	1.1028406882532167	96.218
825.0	1.7360481374143517	30.141
825.5	1.4502200721226075	70.37
826.0	2.245672123211625	57.419
826.5	1.7366406684292	130.951
827.0	1.5444970004186576	120.863
827.5	2.1115993661255765	50.344
828.0	1.5820048975660304	70.606
828.5	0.9934110294830051	130.76
829.0	1.4456454133718417	68.024
829.5	2.1182558037642507	40.313
830.0	1.9064533613850974	20.283
830.5	1.8804457164281185	130.976
831.0	1.787209832268677	50.45
831.5	2.2161767364220935	100.662
832.0	1.8934133762056016	104.364
832.5	1.7709516711259505	60.441
833.0	1.7700734402556209	79.659
833.5	2.1510127128269234	29.967
834.0	1.6649352682320258	16.733
834.5	2.213191502351661	16.816
835.0	1.3511097382859594	80.606
835.5	1.8581554036599606	20.164
836.0	1.8360784710812756	43.121
836.5	1.9352067427808872	133.033
837.0	1.9999633639487475	31.369
837.5	1.7159096881389038	62.206
838.0	1.738518608796769	16.708
838.5	2.360497769664937	60.987
839.0	1.586590682138284	91.925
839.5	1.8314180688906336	30.09
840.0	1.0438045169828098	80.682
840.5	1.8255045945980692	110.686
841.0	2.053865648697936	70.405
841.5	0.17754936062265914	9.108
842.0	2.6673062509958188	100.743
842.5	0.1372898459748433	12.403
843.0	7.044912694786666	11.968
843.5	1.789835923726775	21.51
844.0	2.6186587696838806	101.096
844.5	1.5521834385097897	11.724
845.0	0.12070389835834267	81.201
845.5	6.573081474188439	53.812
846.0	1.775857178361342	20.183
846.5	1.6299864897559888	117.914
847.0	1.9654378493204834	51.595
847.5	1.710113809566763	835.688
848.0	1.999423626759836	91.624
848.5	2.5105297567204117	112.143
849.0	1.4834778024525141	118.96
849.5	2.431373482842247	80.191
850.0	0.9669232822597952	73.809
850.5	1.9721961541018977	36.027
851.0	1.973087019139227	145.144
851.5	1.9265958997339852	91.372
852.0	1.5994586262633794	91.041
852.5	1.8164641485321127	101.076
853.0	1.7876989737770579	121.07
853.5	2.115646127835057	87.561
854.0	1.4062043463885732	161.768
854.5	2.0842601324397245	37.093
855.0	1.9531872776069044	153.444
855.5	2.377041899704167	265.238
856.0	1.6399479240106265	33.303
856.5	1.9542096088736454	150.894
857.0	1.7416879129790366	225.276
857.5	3.129053156019575	282.431
858.0	1.8597074294783462	192.059
858.5	2.099318369091488	171.679
859.0	2.105788313956638	130.829
859.5	2.2560137959308224	166.49
860.0	2.3608366946611032	176.739
860.5	1.728425168199366	121.165
861.0	1.628736713548366	47.76
861.5	1.9516681683245056	242.371
862.0	1.574987419752917	110.997
862.5	2.3817022673095716	171.824
863.0	1.7210789572754126	82.996
863.5	1.8658757833942263	111.071
864.0	1.4689947648720647	171.785
864.5	2.926376029412673	147.513
865.0	2.0510607868431294	151.361
865.5	1.6107686900430338	105.251
866.0	2.262032370417733	91.058
866.5	1.7694294068937284	18.575
867.0	1.4417036200953481	191.493
867.5	2.2029355978988323	111.185
868.0	1.2150180847330088	100.785
868.5	2.8380981954512907	101.36
869.0	2.758712270723751	282.744
869.5	1.4359129137944506	69.758
870.0	1.8694981420189751	70.689
870.5	1.578193159204621	100.646
871.0	1.8722776205608265	54.544
871.5	1.9662888954024418	462.401
872.0	1.6650264236374468	985.19
872.5	2.181516124341676	150.664
873.0	3.104960015870549	100.704
873.5	1.6961071742353235	90.791
874.0	1.622805160424092	131.266
874.5	1.9521160113638574	102.451
875.0	1.0963800293964223	78.343
875.5	1.50117749681589	161.105
876.0	1.7103199216941394	90.914
876.5	2.879925219859527	97.117
877.0	1.652464872328582	120.949
877.5	1.7380067563438693	161.991
878.0	2.185995236136971	192.942
878.5	3.2626421867810453	233.959
879.0	0.6015856179741096	134.901
879.5	1.7721413107237898	90.542
880.0	1.8893572290279184	105.972
880.5	1.3433350040646928	121.804
881.0	2.5690954620698783	151.828
881.5	1.8403547413468313	92.842
882.0	1.9204698181533977	50.418
882.5	1.669450403189381	121.326
883.0	0.9144351059518407	262.186
883.5	1.59508063595974	151.054
884.0	3.4998530409387048	517.873
884.5	2.0978692634827487	166.223
885.0	1.6575994349855376	221.938
885.5	1.6721481183566407	60.315
886.0	1.4643517768342615	151.041
886.5	1.622683320652326	166.862
887.0	2.0475085781413394	120.834
887.5	1.3816368601630773	131.331
888.0	1.8038679786846434	22.573
888.5	1.8992135723017571	112.059
889.0	2.1035384754161943	141.451
889.5	1.8584856839843702	61.064
890.0	1.3177921903003698	90.536
890.5	1.9593655645126884	163.497
891.0	2.026386907514395	90.687
891.5	1.0817302324554898	100.836
892.0	2.0055622556751422	100.662
892.5	2.7906500994725305	171.842
893.0	1.0551470551828641	151.496
893.5	1.6326919868757739	120.442
894.0	1.8940142325787008	120.811
894.5	2.6766958679714263	105.491
895.0	0.8183506096166652	100.479
895.5	2.982993005101984	434.888
896.0	1.8633324123687005	202.27
896.5	2.7926861444651507	324.044
897.0	2.2320910159622662	122.031
897.5	1.5065697482538092	221.481
898.0	2.235361950025397	161.551
898.5	2.166361204490654	232.186
899.0	0.8380559216611453	70.501
899.5	1.5624688291258733	80.498
900.0	1.4018706846778715	262.616
900.5	2.233038511531915	47.593
901.0	0.9541175402402029	333.081
901.5	1.7068956564571882	358.679
902.0	1.6973492600843358	131.11
902.5	2.6725516740711046	90.969
903.0	1.5639838323991149	77.684
903.5	1.7479892055624162	141.345
904.0	2.190384574060531	100.89
904.5	1.190389823872633	181.884
905.0	1.597646433054811	80.433
905.5	1.3333408623051022	131.016
906.0	2.1845019578434903	70.02
906.5	1.5062731189109873	202.689
907.0	2.065920498834932	150.665
907.5	1.9262828531208527	40.02
908.0	2.3926440565454294	27.373
908.5	1.5374164530753192	163.099
909.0	1.7502193628120815	131.319
909.5	2.1876456808108276	142.232
910.0	1.626479132717821	297.23
910.5	2.646829936251567	429.938
911.0	1.9461988510612442	373.64
911.5	3.7487183548578535	384.248
912.0	2.482939610893692	349.539
912.5	1.9242007249014381	767.367
913.0	2.80739699308029	999.139
913.5	2.102557285132212	210.583
914.0	1.5623819718995609	43.441
914.5	1.5896491812003968	80.626
915.0	1.3608347245756263	401.088
915.5	2.720733786219393	101.267
916.0	1.7806835420765097	95.097
916.5	1.7941724909332777	181.906
917.0	1.953418200892748	508.427
917.5	2.6298046518443803	187.391
918.0	1.6838327176038075	102.167
918.5	1.7055099385376982	70.548
919.0	1.5619661936685816	110.723
919.5	1.935134056773549	90.772
920.0	1.08961281542263	141.091
920.5	1.8026448547783638	153.118
921.0	1.6752555711457535	105.087
921.5	1.9525883122303884	30.205
922.0	1.1182546044352695	80.614
922.5	2.1396963778479225	137.685
923.0	2.3256942061534516	139.369
923.5	1.6870280258219075	110.841
924.0	1.179668737472515	130.991
924.5	2.03735858508241	121.266
925.0	2.0889626501285177	160.015
925.5	1.8136901265845806	200.052
926.0	1.498795853539496	252.63
926.5	2.4457635259616644	111.088
927.0	2.197643134985407	65.156
927.5	2.1096197682528413	101.146
928.0	1.698854083249024	111.412
928.5	1.8351161330307082	332.404
929.0	1.507361432492516	783.661
929.5	2.080413350688465	273.009
930.0	2.2523104148190227	303.016
930.5	1.8414335621813125	252.522
931.0	2.3986902671715398	223.065
931.5	0.7515628059604138	434.27
932.0	1.8683044124974124	910.937
932.5	2.387912445211165	50.312
933.0	2.3368176816209494	153.07
933.5	1.7299276309896612	50.41
934.0	2.1289380691333117	279.796
934.5	2.0495659676979217	80.833
935.0	1.5407792918838936	60.3
935.5	1.7142653701821946	153.436
936.0	1.7059927063491058	303.635
936.5	4.030455953412502	165.642
937.0	1.6038089143257737	70.552
937.5	1.879171622352449	141.054
938.0	1.3436238158305132	333.262
938.5	1.886492830625085	403.936
939.0	1.8787394299507163	66.704
939.5	1.9467387539745555	60.546
940.0	1.456913571843337	110.891
940.5	1.6523436165143675	92.122
941.0	1.4888532787973772	89.813
941.5	2.1408108029134416	90.871
942.0	1.5658108858268456	37.332
942.5	1.627265814232625	181.616
943.0	1.4146473776033175	80.356
943.5	1.552286754930542	353.312
944.0	1.8004152257428976	80.56
944.5	2.1441824992416705	141.093
945.0	1.8389051383326087	41.322
945.5	1.5987762584590532	153.401
946.0	1.5934531773474774	151.277
946.5	1.866933084856482	236.778
947.0	2.8728044556129975	131.044
947.5	1.7676728555624346	123.656
948.0	1.9573083799161315	30.2
948.5	2.0820650200872297	212.173
949.0	1.7050926257995875	100.764
949.5	2.29892508356905	81.188
950.0	1.8069506961265493	50.346
950.5	1.4597254973028766	101.013
951.0	1.542386921851453	112.283
951.5	1.9722559305658536	82.887
952.0	2.1458397238402696	353.762
952.5	1.3779645398844427	120.096
953.0	2.5744000962090836	30.255
953.5	1.0793618696132485	69.285
954.0	1.683519048867901	90.63
954.5	1.2983830144610669	70.512
955.0	1.9110284144162129	67.149
955.5	1.3034664049585867	80.453
956.0	1.8733979561572647	133.608
956.5	1.6957989850557675	100.827
957.0	1.8718021691551594	151.551
957.5	1.3944658939863335	323.467
958.0	2.399206707069291	70.676
958.5	1.9638399330967298	80.306
959.0	1.390919103818664	83.806
959.5	1.7773445049759151	120.733
960.0	1.862980904131937	70.783
960.5	1.9838492194987918	60.801
961.0	1.814512825670853	90.873
961.5	1.6917349046248238	25.319
962.0	2.2862746227051165	78.042
962.5	1.9066579674994155	60.03
963.0	1.4235170422581733	161.751
963.5	1.3818115498395565	714.068
964.0	3.0415995056267287	131.255
964.5	2.159461872618632	90.826
965.0	1.7649541879068755	111.049
965.5	1.6205263844187534	70.765
966.0	1.6977617391431434	182.082
966.5	2.345017846202151	140.37
967.0	1.310206556948877	149.648
967.5	1.9441007083651374	161.592
968.0	2.1673272393423764	47.146
968.5	1.55532103070805	174.526
969.0	1.2095522282565605	121.104
969.5	2.2206089330810905	111.247
970.0	2.4300432443763014	128.304
970.5	1.781351164385595	82.513
971.0	1.4410315834124832	149.45
971.5	2.3712549651997814	52.379
972.0	1.5689204170089617	64.583
972.5	1.913984994031237	60.396
973.0	1.546759670891135	30.246
973.5	1.941985457744054	79.549
974.0	2.0831688376721353	129.681
974.5	2.6821012194871297	95.897
975.0	1.1844680515727788	339.967
975.5	3.47781897255521	588.157
976.0	2.3648680253093444	690.758
976.5	2.362628015511086	580.89
977.0	1.9948283903028539	262.399
977.5	1.5962636853744585	37.413
978.0	1.5506630427364596	70.428
978.5	2.0707918148558218	42.82
979.0	1.5053878982040494	60.31
979.5	1.7720254501214594	80.629
980.0	1.398302044957711	90.726
980.5	1.7713559715115557	80.664
981.0	1.4176772596227802	147.701
981.5	1.6702418384429762	111.973
982.0	1.907982159525053	50.376
982.5	1.9457166853790115	151.646
983.0	1.5198738443651343	100.966
983.5	1.765250052848847	90.932
984.0	1.3786192117067944	197.702
984.5	2.1699046208473156	151.113
985.0	1.4891126563954136	151.502
985.5	1.8048947305369432	139.437
986.0	2.234625253420428	60.17
986.5	1.6005055444123892	51.728
987.0	1.4767460216158164	90.727
987.5	1.9079695893104551	50.331
988.0	1.7983739862729706	121.081
988.5	1.765730926862261	60.832
989.0	1.4216302438593347	340.816
989.5	1.473363651820152	798.817
990.0	1.8000341241786197	579.543
990.5	2.6288953684246295	80.587
991.0	2.438863104224841	56.744
991.5	2.021292267537996	191.762
992.0	1.9454442697846954	100.354
992.5	1.4761374681557025	50.613
993.0	2.6076555766946536	353.576
993.5	2.1979003651901823	77.631
994.0	1.9212070828237862	125.604
994.5	1.2186175006589541	100.657
995.0	1.5429103564482494	151.75
995.5	2.5163324140946592	403.74
996.0	2.9689535219390506	293.255
996.5	1.9078911782093215	46.354
997.0	1.9397309287304587	494.824
997.5	2.068269454326287	21.99
998.0	1.5635022690832463	80.475
998.5	1.676860471227045	152.024
999.0	2.270621232847061	454.801
999.5	2.961010748599699	257.835
1000.0	1.9731130267414072	181.887
