0.5	1.7953735590846354	240.315
1.0	2.456691624566323	93.833
1.5	1.9304188430329114	157.474
2.0	0.4936753679275957	221.487
2.5	0.5870997956876913	126.579
3.0	1.1299310434092196	351.012
3.5	0.4572066813050441	136.612
4.0	0.3290919686563581	216.961
4.5	3.5638485222695615	216.67
5.0	0.584142387718642	681.594
5.5	0.5268389055579195	863.67
6.0	1.377534752002317	371.697
6.5	2.774686898715943	286.068
7.0	0.7631807360280692	564.385
7.5	1.9371273597605563	211.821
8.0	0.18634751644268027	57.448
8.5	0.7931127467279456	100.573
9.0	0.5449055494630122	17.75
9.5	0.832833075179831	20.542
10.0	0.13045127128060247	16.007
10.5	2.101872817958468	40.325
11.0	1.7280218558267246	14.482
11.5	0.5260734732630518	23.133
12.0	1.1529941573577465	117.161
12.5	0.08251534817459022	84.099
13.0	0.507991570599419	13.83
13.5	3.2714384397182914	13.572
14.0	2.3483271770504053	127.655
14.5	0.26837700476960813	21.937
15.0	0.19472346338245583	37.903
15.5	0.2913598884461581	241.565
16.0	0.30093320641368876	134.521
16.5	0.2904072507227339	13.381
17.0	0.24643213458470045	16.06
17.5	0.3393275594057571	130.911
18.0	0.35596244426897444	21.178
18.5	0.4679903788637253	130.897
19.0	0.4981069186385874	17.004
19.5	0.2737836067066459	20.194
20.0	0.2562838302153972	281.85
20.5	0.36978018731650536	33.485
21.0	0.3388308726061456	11.881
21.5	0.6857042331565921	73.447
22.0	0.6167289015668805	77.958
22.5	0.15683411915046452	140.296
23.0	0.13831947099749622	137.494
23.5	0.7138158678556996	16.054
24.0	0.804435001152414	17.99
24.5	0.9965185110238216	9.971
25.0	0.27138965095781936	10.015
25.5	0.29202770316937926	10.377
26.0	0.12339101720630319	13.812
26.5	1.138565270116746	11.955
27.0	0.399087818459731	30.235
27.5	0.5536694375365386	11.582
28.0	1.720250536916827	14.353
28.5	0.5904113719562802	10.904
29.0	0.28787524282542043	12.197
29.5	0.38838867822008494	17.566
30.0	0.3286711974652094	110.866
30.5	0.5889847951844465	32.578
31.0	0.4420736487944578	23.39
31.5	0.3854251214437961	110.761
32.0	0.4543389258369595	31.877
32.5	2.8792006011832205	50.388
33.0	2.497257452453714	19.188
33.5	0.7438657970527602	110.814
34.0	0.781119375463966	110.754
34.5	2.39671720081565	18.482
35.0	0.4261762181642924	20.143
35.5	0.44151973895229163	20.177
36.0	0.41894202695884886	20.174
36.5	0.5180540992642525	131.131
37.0	0.5094813910066687	110.735
37.5	0.5247006433876752	110.833
38.0	0.699326020284736	11.819
38.5	0.7804750522415326	10.332
39.0	0.568873745834957	81.128
39.5	0.35855929225977334	38.727
40.0	0.3974049398817279	33.943
40.5	0.306201032768864	33.583
41.0	0.3457039446364511	100.625
41.5	0.30418279305276696	100.617
42.0	0.3979058198142321	100.606
42.5	0.6246241188622759	114.315
43.0	0.7304354243689878	314.243
43.5	0.8054466079594219	119.071
44.0	2.242670477738338	70.549
44.5	3.0356504697479827	70.546
45.0	2.907358914282996	70.551
45.5	0.8336724750471941	10.719
46.0	0.8206568331259992	11.222
46.5	0.8024283622390793	23.278
47.0	0.5333133974055274	140.612
47.5	0.4833987993506342	117.185
48.0	0.4228254941223629	68.772
48.5	0.45153925112061505	84.169
49.0	0.4334485686760458	89.993
49.5	0.5360101621855021	80.213
50.0	0.5273636096446996	40.296
50.5	0.41004386095963413	10.647
51.0	0.4415961302620144	13.424
51.5	0.4240470239315691	80.624
52.0	0.3311295863175804	17.263
52.5	0.33354044534929805	60.675
53.0	0.46665190129828943	65.344
53.5	0.3785797488113402	114.929
54.0	0.532216131071843	20.271
54.5	0.8052635613704618	80.335
55.0	0.684794584162074	80.187
55.5	0.6873510170669186	80.547
56.0	2.5947390519661275	53.116
56.5	2.1723434989795902	31.153
57.0	0.9153020874733199	50.456
57.5	0.6941423125689233	180.94
58.0	0.36011490668899665	29.696
58.5	0.8682451211854216	41.544
59.0	0.39362984796633554	14.571
59.5	0.468854995168421	125.122
60.0	0.12172590948789011	48.441
60.5	0.6927930494279746	135.533
61.0	2.342591544527166	33.337
61.5	0.5318773091194717	160.641
62.0	0.962831823823196	130.008
62.5	0.5976893989691693	110.664
63.0	0.05768528795295942	17.273
63.5	1.2689092494049872	130.737
64.0	0.4343113756186428	33.754
64.5	0.5575691650439104	36.119
65.0	0.06415629414746905	39.972
65.5	3.8300887923862534	35.76
66.0	0.49335951897927627	70.591
66.5	0.6313531295671955	80.598
67.0	0.154336441703627	31.22
67.5	2.1229292113163543	50.348
68.0	0.48605354362376657	100.666
68.5	0.42176255514816985	120.843
69.0	1.8010859814710571	107.753
69.5	1.0564290332245598	11.001
70.0	0.3397074095636101	442.78
70.5	0.255078896564248	35.1
71.0	0.2937034956783729	63.637
71.5	0.3577788419373101	65.513
72.0	1.051804521633823	79.234
72.5	1.2552580360896202	80.974
73.0	0.4304668430686287	32.898
73.5	0.47053733854962104	23.71
74.0	0.31228506554231766	36.278
74.5	0.33832514501756306	35.098
75.0	0.7723096023672636	123.222
75.5	0.7486372513695254	117.607
76.0	3.4078314113850143	15.274
76.5	2.9623976145493742	110.577
77.0	4.433940185600717	14.955
77.5	3.600545571525162	110.642
78.0	0.3231936389876132	13.26
78.5	0.33582626434124324	145.3
79.0	0.3867033561521244	19.009
79.5	0.29080553225164657	10.73
80.0	0.4686377297750854	127.967
80.5	0.48478341588448826	60.363
81.0	0.4389097783868907	15.475
81.5	0.4699918246961273	60.323
82.0	0.5090388648569321	110.647
82.5	0.9350365677534219	322.373
83.0	0.9115939385682968	110.708
83.5	0.6013987709088228	30.309
84.0	0.2330966808633485	20.466
84.5	0.2456004702039662	20.422
85.0	0.22523291773378337	22.273
85.5	0.24302349385226685	20.45
86.0	0.6834321710067839	25.148
86.5	0.6453136944103959	27.789
87.0	0.611979556698859	242.249
87.5	0.6688690281327213	30.653
88.0	0.38080771685299125	125.508
88.5	0.3608260603124734	112.76
89.0	0.43342328501432853	116.958
89.5	0.5689615618276087	191.482
90.0	0.32298648525101065	18.776
90.5	0.27952274099025803	12.782
91.0	0.2713610538175207	17.164
91.5	0.464375041023645	11.249
92.0	0.8400933769031124	35.061
92.5	0.6599604521804526	33.099
93.0	0.5961455020592084	30.222
93.5	0.8522056133039532	30.319
94.0	0.1575574087434584	33.791
94.5	0.14600587745790508	35.157
95.0	0.14328395755434972	34.189
95.5	0.1820936144713061	34.921
96.0	0.19971391883037196	145.151
96.5	0.24562761770162592	138.294
97.0	0.19334261481135323	129.832
97.5	0.20757091173602615	129.117
98.0	2.4235530633967324	70.439
98.5	0.3766210546574267	80.604
99.0	0.6007011817674515	110.754
99.5	0.43235797077684024	113.923
100.0	0.19826436648654364	30.131
100.5	0.0809572331973829	12.059
101.0	1.4254459887374484	74.697
101.5	0.40558443466969346	61.03
102.0	0.18244532388938905	20.461
102.5	1.7232287823548365	110.804
103.0	0.21137817415659663	21.12
103.5	0.8307490425422341	9.799
104.0	0.5135656638448666	211.595
104.5	0.47039111840715014	130.796
105.0	0.4436590546829728	281.856
105.5	0.7972165765001246	151.092
106.0	4.432065375473064	40.422
106.5	2.442424604257347	20.236
107.0	3.1631398286644146	19.962
107.5	2.5682447983748817	20.043
108.0	0.9426236056829269	49.692
108.5	0.27033618725855074	64.634
109.0	0.3712611134890215	61.804
109.5	0.31300698398783816	77.761
110.0	0.4007540875149105	13.312
110.5	0.3731090038543828	26.896
111.0	0.4544155780188383	23.054
111.5	0.3694966867551385	98.734
112.0	0.29124687265370175	40.023
112.5	0.41910524276952854	127.219
113.0	0.42402958079977465	131.894
113.5	0.3000094611532756	130.021
114.0	0.32249169811291994	19.996
114.5	0.3892189275828437	20.176
115.0	0.2924289816784729	20.148
115.5	0.30132128398423275	20.181
116.0	0.3610765254048613	33.646
116.5	0.5728530105652846	130.907
117.0	0.6159740134232987	130.933
117.5	0.6520302735420949	10.157
118.0	0.4610172085941149	36.211
118.5	0.27254577455829304	16.153
119.0	0.3988789182327302	130.778
119.5	0.30726051738560295	130.793
120.0	0.2582236207393164	137.409
120.5	0.29441415591798936	18.136
121.0	0.3836033537580341	13.564
121.5	0.3989198607811682	312.262
122.0	0.6642339434542965	19.374
122.5	0.37264385902366165	35.759
123.0	0.6025250894509463	36.046
123.5	0.45216996343308896	36.528
124.0	0.45998564719202034	36.594
124.5	0.449679799484286	21.163
125.0	0.5433779089894812	11.961
125.5	0.5100009978419763	121.41
126.0	0.47909201719696376	128.019
126.5	0.3196146854886193	140.85
127.0	0.09041427701236844	18.97
127.5	0.3395183787716408	19.083
128.0	1.469378825091514	110.8
128.5	1.48938528814956	43.692
129.0	1.6834323732195007	44.279
129.5	1.5941786456950546	40.995
130.0	1.528102215763759	191.101
130.5	0.5538277100956088	110.847
131.0	0.619267011093926	110.818
131.5	0.506242145430223	110.909
132.0	0.5685862616346308	38.17
132.5	0.30596897201306694	100.668
133.0	0.3230180838863908	100.446
133.5	0.3078292847034203	18.859
134.0	0.3718155436138277	100.847
134.5	0.5457667591664545	129.787
135.0	0.6079075429258866	110.777
135.5	0.6315958390497346	191.446
136.0	0.563630544959829	65.673
136.5	0.48322854652049424	12.568
137.0	0.36433232526069514	21.598
137.5	0.37430073728238633	130.649
138.0	0.4547421176043196	130.874
138.5	0.3959993879768449	25.167
139.0	0.4371841504798425	224.39
139.5	0.3524930728193258	31.297
140.0	0.3930492404716299	20.247
140.5	0.39197199752339157	130.968
141.0	0.5089309352375834	15.455
141.5	0.4924309070444969	19.254
142.0	0.5385118532165291	15.248
142.5	1.0571765090061644	20.232
143.0	1.3388623478776032	131.976
143.5	1.4752830324016815	71.608
144.0	0.3317473256564731	142.702
144.5	0.36322808582501837	17.591
145.0	0.5232781634745773	191.957
145.5	0.39937124929191437	116.475
146.0	0.38624732514405713	120.88
146.5	0.3719103372965868	101.783
147.0	0.43994935460002277	127.319
147.5	0.7085485310764742	14.772
148.0	0.6939275984802252	10.947
148.5	0.7305101318066562	60.426
149.0	0.3267760892798452	161.211
149.5	0.29719354808075465	108.257
150.0	0.3686919388155146	122.8
150.5	0.2332828637656164	127.879
151.0	0.35558477713721665	141.13
151.5	0.33075525194673455	133.523
152.0	0.36109977945878263	22.496
152.5	0.41541334207714625	181.492
153.0	0.3574290482153856	128.709
153.5	0.6226677189566624	14.465
154.0	0.5543181255788939	24.496
154.5	0.35948107627904213	30.566
155.0	0.23795930817747718	12.69
155.5	0.3278262903116133	9.897
156.0	0.2310247885433445	15.463
156.5	4.1671974888718	52.711
157.0	3.529837956070127	52.97
157.5	5.597668288418362	52.847
158.0	4.275799247621024	20.006
158.5	1.5853186893994506	152.295
159.0	1.6018964786432899	20.22
159.5	1.2387811056183715	20.121
160.0	0.9153470306855601	106.77
160.5	0.5664375607136097	20.352
161.0	0.5819886349341932	15.52
161.5	0.5186710756578004	13.834
162.0	0.6531229282030674	80.376
162.5	0.297952685533058	110.682
163.0	0.5622964685612165	118.161
163.5	0.5585525474285437	114.025
164.0	0.6105014838944792	22.247
164.5	0.3645504711451101	90.393
165.0	0.4985889113109759	90.454
165.5	0.44692594274118363	90.317
166.0	0.4596368762463312	16.714
166.5	0.31212708084953783	130.841
167.0	0.39399892903054445	130.852
167.5	0.3773294893965264	134.724
168.0	0.5150610161614605	32.517
168.5	0.31067092774592403	137.701
169.0	0.28180547087797514	11.354
169.5	0.2167005668707448	19.38
170.0	0.27405548052414247	18.09
170.5	0.5604672187001978	11.356
171.0	0.4811785327614061	122.824
171.5	0.5494994116062943	23.33
172.0	0.39488599802523205	129.039
172.5	0.282530845968027	130.957
173.0	0.41640159847763925	14.542
173.5	0.2775213145552038	31.305
174.0	0.3055810168700461	130.712
174.5	0.3055659467502055	15.334
175.0	0.3344771785070159	12.799
175.5	0.33817547465049275	20.203
176.0	0.3596913631033122	11.807
176.5	0.25431307106612233	104.801
177.0	0.2969876984511137	77.005
177.5	0.2945518223776767	140.176
178.0	0.2678887443506188	117.307
178.5	0.3225089013172943	108.367
179.0	0.34475150302959173	125.735
179.5	0.32934368970293937	119.678
180.0	0.1498238369143084	14.651
180.5	0.1730596430415809	20.878
181.0	0.16173048429070783	16.054
181.5	0.6955310678272258	131.078
182.0	0.7890710944321695	84.775
182.5	0.5535134976590559	131.073
183.0	0.4158603378060311	120.854
183.5	0.3882347893806188	120.88
184.0	0.35058693119887996	120.754
184.5	0.2604541464342644	33.696
185.0	0.2931274244467702	271.683
185.5	0.2747716677704526	37.318
186.0	0.36837632492206634	130.889
186.5	0.3702175847147661	21.299
187.0	0.4730034971595056	233.27
187.5	0.6185748155531117	121.282
188.0	0.41351337140308786	14.583
188.5	0.45155734048069884	86.548
189.0	4.556128603507095	50.688
189.5	3.4788979283030006	61.336
190.0	1.8970547223050263	12.404
190.5	0.4088437194042837	15.523
191.0	0.6600244049031635	13.601
191.5	0.40428902796704114	9.845
192.0	0.24766638051114653	11.547
192.5	0.33260781777109	33.195
193.0	0.30955832253251825	120.943
193.5	0.33197953755254506	121.069
194.0	0.27196526758909023	25.589
194.5	0.25200479406825244	9.857
195.0	0.25967570721419797	17.04
195.5	0.24875771111049322	11.529
196.0	0.5600842406104789	138.15
196.5	0.4364314903562575	22.212
197.0	0.27598789888165876	106.404
197.5	0.30380868265727834	12.467
198.0	0.190131155010045	11.344
198.5	0.24205428699723505	10.298
199.0	0.6544663401537573	20.216
199.5	0.27813291317088584	12.008
200.0	0.2880543562361698	10.117
200.5	0.30231641680077737	113.422
201.0	0.6503813062080479	88.893
201.5	0.46958722516846846	94.543
202.0	0.4332041387338882	60.229
202.5	0.37842915686802814	11.95
203.0	1.0524948651027273	40.274
203.5	0.4284727722553452	17.659
204.0	0.5454034934271138	151.434
204.5	0.72975976466268	130.861
205.0	0.5789769611075569	151.13
205.5	0.4268045146989084	34.486
206.0	0.6812865473501792	130.795
206.5	0.5336029820432618	50.258
207.0	0.4754003256913978	40.295
207.5	0.7196554839969016	56.304
208.0	3.835942687715648	11.598
208.5	3.8589404613237157	30.33
209.0	0.5128460145366497	13.285
209.5	0.47651365387611977	16.071
210.0	0.21055231370805153	181.45
210.5	0.2158467884473858	136.416
211.0	0.44882469710238165	191.54
211.5	0.6480900941499863	12.192
212.0	0.2696296077496823	120.825
212.5	0.25708783894707277	116.249
213.0	0.26175060599300637	10.213
213.5	0.3093011931105769	231.251
214.0	0.24383182273126958	141.297
214.5	0.2973522080484833	20.292
215.0	0.47099997951064787	33.088
215.5	0.4795458206934681	36.566
216.0	4.535352022834604	17.915
216.5	4.344776549450437	12.535
217.0	0.3359309679587316	20.405
217.5	0.3209822820433971	70.75
218.0	0.3821897234571457	110.506
218.5	0.429049131874523	130.967
219.0	0.5219663813346787	13.7
219.5	0.46733390514217094	117.091
220.0	0.544602525475167	136.072
220.5	0.5831146970172421	141.252
221.0	0.4052977351692281	191.24
221.5	0.3310078711925857	75.109
222.0	0.3877745452683552	161.066
222.5	0.40409622105792065	93.539
223.0	0.34692929953135326	201.29
223.5	0.36538620484338474	50.979
224.0	0.6909831307257729	1312.739
224.5	0.2070653195704644	1312.739
225.0	0.17577952638758237	1312.739
225.5	0.08648775334875694	1537.956
226.0	0.776198165898344	732.434
226.5	0.21377337546294273	825.751
227.0	0.06875892514111728	1044.32
227.5	0.16892158418386283	1925.623
228.0	0.18068469062170914	2542.197
228.5	0.20270637090765406	2845.125
229.0	0.6398716374108898	3522.627
229.5	0.4258547271524171	13.956
230.0	0.1594087184648879	13.956
230.5	0.025840112029738696	112.878
231.0	0.6433224872004815	51.576
231.5	0.33847595517356643	144.485
232.0	0.4214133453230722	150.979
232.5	0.7213990921041836	116.331
233.0	0.3232681122842489	122.961
233.5	0.44811923002501136	130.957
234.0	0.6090373573038457	15.334
234.5	0.28364289169226303	14.873
235.0	0.40632724418393806	70.51
235.5	0.4900312503643808	40.323
236.0	0.640412311756132	15.326
236.5	0.47273887543175924	70.682
237.0	0.348706485098711	69.545
237.5	0.19294010825229999	128.577
238.0	0.09036507919267261	17.282
238.5	1.0459018870853547	716.101
239.0	0.13371791769312036	2403.76
239.5	0.18935690253005202	2326.774
240.0	0.3788271855456965	2326.774
240.5	4.822579611010101	14.041
241.0	0.5223060217287234	111.691
241.5	0.07002155455778887	2326.774
242.0	0.32583372856181525	2095.716
242.5	0.3741092534740958	130.889
243.0	0.33793797542895804	12.599
243.5	0.2019699734612419	2095.716
244.0	0.33721970535990026	10.077
244.5	0.6802516606511191	1138.022
245.0	0.26208000044392993	11.685
245.5	0.3455641605781618	278.087
246.0	0.2912641021846152	50.248
246.5	0.17188350571000566	50.248
247.0	0.040352668535784134	45.466
247.5	0.742495621226209	343.118
248.0	0.22270254420646848	26.875
248.5	0.4126648331634916	16.268
249.0	0.9906296024680877	122.01
249.5	0.048213439438870596	19.666
250.0	1.4480370483052256	17.043
250.5	0.24885920504834647	109.358
251.0	0.5310621746929236	31.641
251.5	0.5856028694114425	100.687
252.0	0.5058803514828665	90.503
252.5	0.5272487029549983	16.364
253.0	0.4710375526549072	140.902
253.5	0.5741079333382818	16.837
254.0	0.5120014574523751	36.324
254.5	0.6297571893188026	43.103
255.0	0.19908021894765485	15.458
255.5	0.6994817883151785	60.725
256.0	0.6029894939078063	261.701
256.5	0.22128467786132625	252.133
257.0	0.059607222611409244	157.173
257.5	1.0393205646247812	16.749
258.0	0.31602721744793194	211.629
258.5	0.21883702117889725	48.45
259.0	0.15315071988815887	17.983
259.5	0.030551087762824742	36.171
260.0	0.8058659251294901	21.746
260.5	0.7326223755632195	9.707
261.0	0.2817823774327388	520.418
261.5	0.29371643886078624	11.367
262.0	0.3823823079464187	29.932
262.5	0.47435903270929547	447.764
263.0	0.3688554091361572	33.414
263.5	0.2722410581324239	14.794
264.0	0.5462132352425073	16.699
264.5	0.5365434641654072	14.42
265.0	0.07742247229767664	132.422
265.5	0.02049927424934737	13.863
266.0	0.27541431310093933	121.037
266.5	0.11400586755998347	13.086
267.0	0.24269701765786414	27.872
267.5	1.3015173623725114	127.257
268.0	0.06859500912241749	26.961
268.5	0.12691525696882075	25.777
269.0	0.5200530857971438	9.966
269.5	0.3880988497714767	16.504
270.0	0.10996815933253751	14.269
270.5	0.11377343327913496	16.107
271.0	0.24102722533218693	36.342
271.5	0.18593981869480342	32.093
272.0	1.9100866339281464	60.482
272.5	2.3612805320835752	60.369
273.0	1.5766180909552558	120.978
273.5	1.504649404986589	121.018
274.0	1.6714168153754587	21.123
274.5	1.8802784480711914	9.779
275.0	0.013088112370991462	11.891
275.5	0.011743445180350282	14.799
276.0	0.4082369532365153	15.034
276.5	0.4228042321488417	144.6
277.0	0.17614498392710004	25.902
277.5	0.1679203164839218	20.166
278.0	0.775285878305774	130.814
278.5	0.17500203645765172	27.201
279.0	0.6321341974892865	372.611
279.5	0.44500182860072685	21.057
280.0	0.09975317020347456	13.469
280.5	0.4159765969404399	261.743
281.0	0.21080863719116896	51.854
281.5	0.6467660260772966	90.758
282.0	0.9747323081355799	232.132
282.5	0.15475320950077434	22.796
283.0	1.696249667194616	141.601
283.5	0.7702145892510878	16.847
284.0	1.5487702843824374	20.106
284.5	1.7303938172899977	30.566
285.0	1.0416397618321798	16.389
285.5	1.56794013636627	11.3
286.0	0.493718952113801	87.357
286.5	0.3907334049038844	81.254
287.0	0.3188209054418332	15.381
287.5	0.24196856257792404	12.57
288.0	0.30521381297770384	50.52
288.5	0.31683481076948383	11.516
289.0	0.5789681266357696	149.291
289.5	0.6177851329413935	131.941
290.0	0.22520154954737912	110.11
290.5	0.2506564661114065	53.347
291.0	0.457485991829692	65.556
291.5	0.4475351681989066	60.506
292.0	0.041627904086682856	27.078
292.5	0.04577935336031505	110.985
293.0	0.06386629265082751	690.273
293.5	0.7240372417891701	43.92
294.0	0.10604796436659276	42.044
294.5	0.3577885470347663	31.848
295.0	0.045555826612870436	132.77
295.5	3.450643204861794	50.466
296.0	0.9403472364523865	9.811
296.5	0.11519267300565014	11.713
297.0	0.3942868352097707	22.342
297.5	0.03494340168123223	452.02
298.0	0.9464432443798013	30.398
298.5	1.5894778636403786	129.12
299.0	0.42300460262008477	12.48
299.5	0.5277105103133062	30.098
300.0	0.727284550849699	20.414
300.5	0.37445815257180415	12.895
301.0	0.45199421313242505	10.258
301.5	0.46150650157177675	90.125
302.0	0.38675958235763247	278.355
302.5	165.1675733236215	88.346
303.0	0.2724925872211133	924.189
303.5	0.2394230983084653	11.411
304.0	0.029305381914917498	10.191
304.5	0.2208621092522592	1828.041
305.0	0.2536681560382066	1828.848
305.5	0.35849225652536115	15.863
306.0	0.15748810097063526	1828.848
306.5	0.26679255707518906	10.256
307.0	0.28833629960738355	11.233
307.5	0.5172752734026363	4133.551
308.0	0.1763964139535905	4133.551
308.5	0.8394076616221847	12.782
309.0	1.4147664782904326	10.063
309.5	0.9075901788274047	16.88
310.0	2.202541939437147	12.057
310.5	0.1254474171316259	5538.456
311.0	0.1411192318413672	5538.456
311.5	0.14241090844030282	5538.456
312.0	0.6034329141439475	7716.623
312.5	0.16923391335869675	7716.623
313.0	0.1312964155215409	7716.623
313.5	1.5998121927112785	9588.612
314.0	0.14242579697567043	31.61
314.5	0.03230509805413481	18587.022
315.0	0.16824667781501215	18587.022
315.5	2.7073808454286663	50.72
316.0	1.5657912488129349	29.234
316.5	0.28238288261764455	211.551
317.0	0.5978213104597	13.63
317.5	0.15435654768691617	20.099
318.0	0.12587589550614567	102.44
318.5	0.7315829470547746	124.715
319.0	0.17654307612368683	11.98
319.5	0.0847041051103624	652.885
320.0	0.9227440125451241	10.334
320.5	0.4776698653072455	30.489
321.0	0.44345655185209354	137.851
321.5	0.3792984256851265	120.932
322.0	0.4721493307531132	12.394
322.5	0.3969200252906181	70.597
323.0	0.36475767608745885	10.923
323.5	0.4734156420335828	132.528
324.0	0.40432612897091347	11.896
324.5	3.216727610796526	13.295
325.0	0.052319588644728604	11.664
325.5	0.6437502784312523	17.38
326.0	0.06876742652737705	20.078
326.5	0.8377937354745817	41.366
327.0	0.2846594390922302	152.253
327.5	0.9349946312802025	80.731
328.0	1.5886686104371148	10.271
328.5	0.3629006836864629	130.24
329.0	0.2721797749048914	20.282
329.5	0.36152482083593557	11.392
330.0	0.4749029970240997	110.961
330.5	0.3974558273816116	116.01
331.0	0.5142129222019214	110.754
331.5	0.3796785824942067	100.235
332.0	0.42614052173624506	20.18
332.5	0.3662323938314804	110.738
333.0	0.4113920301060793	13.114
333.5	0.5539805549829606	11.779
334.0	0.22080836046289776	10.92
334.5	0.2701362152586248	63.604
335.0	0.6226668217412232	31.818
335.5	0.14358543200298018	31.224
336.0	0.08488514555343592	13.364
336.5	0.058044281219337475	12.175
337.0	3.3903406639423883	70.899
337.5	1.3855375883303511	131.174
338.0	0.8160262437864985	120.102
338.5	0.11379321640075739	13.64
339.0	0.09507579552939534	12.216
339.5	5.9225463410404515	128.981
340.0	1.0423217758980932	134.06
340.5	0.3697293787417825	9.836
341.0	0.12006479921269024	41.853
341.5	0.13687362971289882	12.073
342.0	0.212090395465161	590.576
342.5	0.16623125768887703	12.299
343.0	0.12416871582926392	12.299
343.5	2.566805592854998	116.423
344.0	0.33399316066538315	57.521
344.5	0.49163038538967824	20.254
345.0	0.381663435664707	70.544
345.5	0.26263312314390225	15.276
346.0	0.3350978921038101	75.352
346.5	0.3385726475942265	75.4
347.0	0.9587231031304395	118.327
347.5	0.5396722136463042	14.829
348.0	0.2605156830914468	100.694
348.5	0.1971655596684102	100.34
349.0	0.3370791344200222	34.296
349.5	0.3711516315745627	25.832
350.0	0.3063520659611968	139.561
350.5	0.3791443217857956	130.995
351.0	0.26973081405433164	138.543
351.5	0.40474398595902455	30.578
352.0	0.41449781755641024	19.063
352.5	0.14385630520465384	1156.813
353.0	0.8511414275265875	244.163
353.5	0.1581433589291133	790.159
354.0	0.0407519561648261	2127.13
354.5	0.6415679726105933	2142.98
355.0	0.43957044544468066	2124.699
355.5	0.9173346431930168	21.944
356.0	0.14356933323533094	21.944
356.5	0.012761897020225402	22.492
357.0	0.5387130673259826	140.871
357.5	0.25197747007134647	773.596
358.0	1.0948073516003747	373.973
358.5	0.39806925909067226	199.287
359.0	0.70896244654952	16.94
359.5	0.3133131465883699	38.191
360.0	0.600507938990356	39.123
360.5	0.3349182166847616	13.95
361.0	0.03854615385876795	20.89
361.5	0.6191113445821254	46.882
362.0	0.4503063904297147	33.725
362.5	0.1123947079715233	27.204
363.0	1.6946634151634534	234.683
363.5	3.2343573298706567	15.042
364.0	2.5045155315168772	17.065
364.5	0.578482348601006	117.516
365.0	0.524798976704567	12.952
365.5	0.7312383873424299	621.044
366.0	0.24498411991004737	114.221
366.5	0.22087687666141861	127.296
367.0	0.258870577916085	130.222
367.5	0.40748337521479916	36.87
368.0	0.48312511676057274	12.042
368.5	0.38844955832941036	16.314
369.0	0.6078563568805389	16.561
369.5	0.5199561142467466	24.619
370.0	0.5056201219797014	13.762
370.5	0.4153156984730249	245.057
371.0	0.4381649260270632	36.842
371.5	0.3562650870827831	14.639
372.0	0.5160755832255159	12.949
372.5	0.40017965711694325	47.455
373.0	0.41378432715249025	23.644
373.5	0.4876654912636573	110.799
374.0	0.41164573190088793	110.759
374.5	0.4220145242599786	110.764
375.0	0.33856602075358777	33.124
375.5	0.291870227785956	53.023
376.0	0.3393829060724763	108.894
376.5	0.37005901489990495	34.081
377.0	0.10652171308463965	242.498
377.5	0.5217072882690322	70.537
378.0	0.4402997132892471	131.009
378.5	0.34532060669516806	22.817
379.0	0.6513927920710788	80.727
379.5	0.36219615879162	14.047
380.0	0.13035849679323966	171.83
380.5	0.5532367175515257	523.575
381.0	1.0886827765497236	135.704
381.5	0.9212927289807732	191.285
382.0	0.3263711793796281	614.701
382.5	0.2960874787075696	14.806
383.0	0.21692520055180206	14.89
383.5	0.44889693414351095	1118.892
384.0	0.2567348405274138	1502.199
384.5	0.2833896311995447	20.25
385.0	0.14216729699767397	1502.199
385.5	0.1907670558703742	22.719
386.0	1.479243189816176	2490.813
386.5	0.7249521196001044	14.421
387.0	0.14509918592275306	2906.984
387.5	0.5213026858479906	14.822
388.0	0.14118130219815375	1520.355
388.5	0.10319615215281963	38.282
389.0	1.7480867498325785	22.181
389.5	0.6701206947435991	23.695
390.0	0.7633795827979489	144.635
390.5	0.6197634902713333	80.68
391.0	0.4338638839568064	44.205
391.5	0.5951442131246715	14.627
392.0	0.505998882401154	21.141
392.5	0.48990545221780596	81.036
393.0	0.47730999345762576	19.03
393.5	0.5762069877159753	192.69
394.0	0.5911321537076055	100.784
394.5	0.36040339652440806	130.806
395.0	0.8450665436766397	18.243
395.5	0.5529497461121147	50.373
396.0	0.4732717703799786	15.318
396.5	0.11511804356884417	35.947
397.0	1.978519112330473	122.949
397.5	0.423290806736139	110.757
398.0	0.5644056071891609	16.452
398.5	0.5420752848049696	50.904
399.0	0.2887601217604782	17.595
399.5	0.28197896923801047	19.801
400.0	0.7722705408184652	17.99
400.5	0.2514025204636442	20.469
401.0	0.5692194390420747	171.471
401.5	0.36576695314938606	139.619
402.0	2.417150092451943	47.072
402.5	2.2317355013413662	80.568
403.0	1.3138936624447106	64.289
403.5	0.622379782197229	100.663
404.0	0.7145020912745536	100.663
404.5	0.4804849013237435	70.557
405.0	0.42446410506066035	11.067
405.5	0.5145449789604891	130.831
406.0	0.5081705019107328	18.527
406.5	0.3080323700857227	110.601
407.0	0.3417914907431438	110.569
407.5	0.2893652899534308	33.978
408.0	0.34358700633875294	98.04
408.5	0.2831193364537357	91.738
409.0	0.32713256178716493	132.241
409.5	0.4619657301743923	139.385
410.0	0.44875032705530543	109.22
410.5	1.1832252999420227	50.376
411.0	0.3781686660778464	17.195
411.5	0.39405942090389695	11.403
412.0	0.08383172966949176	36.067
412.5	0.9139275303686811	153.723
413.0	0.7399082116875644	120.848
413.5	0.744145092670853	120.864
414.0	3.229161827998938	80.593
414.5	2.9071445131225992	80.57
415.0	0.17179130474918855	134.048
415.5	0.1673704253750981	119.631
416.0	0.5826217417169426	10.74
416.5	0.4877851794804507	13.813
417.0	0.49309290128559796	16.595
417.5	0.3822119340488758	11.803
418.0	0.28053672880665276	132.368
418.5	0.24740207522424695	130.37
419.0	0.18746284385357473	146.989
419.5	0.19619773463257378	22.156
420.0	0.21809354875329381	16.375
420.5	0.2190033789193535	11.537
421.0	1.0169581478247234	100.988
421.5	1.1712841406043488	100.822
422.0	0.3555785448816332	16.009
422.5	0.3540393734336004	11.285
423.0	0.411347990348574	141.369
423.5	0.4457253097184549	127.776
424.0	0.2847819139009701	104.921
424.5	0.21463563690412518	126.804
425.0	0.4988907422716127	15.913
425.5	0.4634932361922268	36.02
426.0	0.317048701575273	9.391
426.5	0.23760979394404105	14.459
427.0	0.2764903644614733	15.923
427.5	0.2904019511164047	10.765
428.0	0.23643886364603173	20.683
428.5	0.20397980602221005	20.606
429.0	1.5740099145458546	20.325
429.5	1.8462542469662921	11.703
430.0	0.40799307727718503	85.65
430.5	0.4139872963719656	272.993
431.0	0.5099727905201508	80.421
431.5	0.5062278862219806	80.449
432.0	0.20576883482878006	16.151
432.5	0.198250913365821	12.949
433.0	0.8734488060785827	20.321
433.5	0.8092202789655927	201.483
434.0	0.6078619160386328	133.953
434.5	0.708520737646619	278.892
435.0	0.4989632708387197	105.286
435.5	0.6368470518105915	92.438
436.0	0.4030863780095745	302.298
436.5	0.33562511219584557	119.989
437.0	0.30565944960657554	10.491
437.5	0.26958911421004045	18.35
438.0	1.0632004987623551	20.302
438.5	0.914623230942072	52.14
439.0	0.6213431873045454	129.515
439.5	0.5361445728671418	41.116
440.0	0.39026379604912137	10.883
440.5	0.41348159314030175	16.075
441.0	0.4679468518975715	34.356
441.5	0.4058035776912574	35.627
442.0	0.4342019996476114	98.762
442.5	0.4965941372554763	16.488
443.0	0.4000751292235284	171.652
443.5	0.4849115830094471	20.384
444.0	0.49804151185061524	14.558
444.5	0.7475311921684709	16.78
445.0	0.4294976544644895	32.673
445.5	0.47038760293656	36.259
446.0	1.8469522440958146	17.147
446.5	0.2534689923207569	110.916
447.0	0.2557353912595579	139.548
447.5	0.35047516951443286	113.48
448.0	0.23907916786942146	91.302
448.5	0.18657007159725644	16.027
449.0	127.63844413413406	12.867
449.5	130.36191076384085	14.511
450.0	0.21805682245927138	129.21
450.5	0.34437520207348377	524.549
451.0	0.6048901492226996	465.355
451.5	0.9356750056084169	30.196
452.0	0.1932239761018539	1020.387
452.5	0.49537325938484517	21.2
453.0	1.3808678970752282	1314.974
453.5	0.7614907315853755	20.368
454.0	0.1501141232745821	789.781
454.5	0.8316929577420771	40.584
455.0	0.19913544388479273	20.348
455.5	1.8227615281978773	73.639
456.0	0.7978818358384527	12.242
456.5	0.49212436920316216	60.521
457.0	0.4462173872711708	123.752
457.5	0.3969604702321216	23.573
458.0	0.4180277418691726	10.549
458.5	0.4766873314663815	26.269
459.0	0.22289600593711165	31.249
459.5	0.32681631524601185	27.407
460.0	0.3287707421585627	130.675
460.5	0.24024720415305262	15.039
461.0	0.1741654295029424	10.251
461.5	0.0755446961215196	25.753
462.0	0.07017641796812397	102.094
462.5	0.1381019284842952	603.383
463.0	0.2010590593607484	42.298
463.5	0.06484909475479585	12.903
464.0	0.08320575150371852	44.635
464.5	0.1573256082964431	170.176
465.0	1.472111970084327	1193.241
465.5	0.17956520998886835	437.705
466.0	0.4607648370730183	313.28
466.5	0.1388775585441747	925.926
467.0	0.9726456734900496	101.854
467.5	0.1794063207629136	101.854
468.0	4.884286905783209	116.991
468.5	0.7681320650347122	11.779
469.0	0.34321858521516213	12.737
469.5	0.933012025166724	16.976
470.0	0.9004296516878464	16.348
470.5	3.741486560343624	20.236
471.0	4.037025461106346	142.631
471.5	0.7344927880423684	32.954
472.0	0.3867639342242369	37.822
472.5	0.4700635629855778	20.221
473.0	0.5355961222156678	20.197
473.5	0.2718065531795663	32.868
474.0	0.2852220570909556	85.196
474.5	0.7552247682293121	126.618
475.0	0.39147376573168335	164.413
475.5	0.1498909221086414	17.002
476.0	0.5717087476564607	20.312
476.5	0.15947736405098462	32.942
477.0	0.3261141499944893	100.76
477.5	0.3807368911996319	110.86
478.0	2.136207370049106	23.092
478.5	0.42606481202426727	120.062
479.0	0.1249522336770185	18.399
479.5	1.9824264117979444	35.061
480.0	0.5328565788207223	231.468
480.5	1.891060709216512	13.309
481.0	0.40078821376110046	332.607
481.5	0.2703087520698798	14.358
482.0	0.04342379968666239	123.017
482.5	1.3992310203791243	116.09
483.0	0.6953127396272466	114.191
483.5	0.11992846467146193	43.987
484.0	0.4350324507889332	33.575
484.5	1.134582326195658	130.897
485.0	0.4455714194537587	35.803
485.5	0.35956149459223713	91.142
486.0	0.22589552739301427	153.127
486.5	0.5102381660315849	70.486
487.0	0.36271280025634206	130.081
487.5	0.4591733770565934	14.671
488.0	0.2248888953555056	125.158
488.5	0.14500464235052465	12.357
489.0	0.3515687827492229	17.632
489.5	0.6127346473996693	643.307
490.0	0.10697179147638826	14.016
490.5	0.10235942665630104	13.605
491.0	1.5890071107269745	11.758
491.5	1.2056225274542507	20.306
492.0	1.8470885879433392	21.724
492.5	1.5203616830517497	90.422
493.0	1.681375826931868	90.764
493.5	1.5215973313140474	90.61
494.0	0.2932147609323183	32.957
494.5	0.25273656659984467	116.769
495.0	0.13248118844151704	17.572
495.5	0.16295440503619854	15.88
496.0	0.23555498438772016	16.56
496.5	0.2728280389065278	15.992
497.0	0.25485349565479215	137.653
497.5	0.3086197706693248	124.131
498.0	0.5864875760460796	52.004
498.5	0.42303536849852036	56.05
499.0	1.1738611576825795	12.706
499.5	1.084504209274842	120.861
500.0	0.3186084900918679	14.447
500.5	0.32595513637315154	130.967
501.0	2.716360635443774	30.383
501.5	1.86593105937908	30.281
502.0	0.3588138217331636	17.712
502.5	0.37509324165914293	16.498
503.0	0.6429828720241656	12.243
503.5	0.69758902312249	15.18
504.0	0.10953437949281657	123.356
504.5	0.10264690112237326	13.658
505.0	0.616163285448501	12.428
505.5	0.6390246247550528	16.405
506.0	0.40370244214710693	110.691
506.5	0.5392173736707102	13.34
507.0	0.3758467703057605	130.866
507.5	0.3316579832573983	131.057
508.0	0.2772664531973548	15.788
508.5	0.3513218632219435	11.583
509.0	0.3512317878051867	120.903
509.5	0.2876849506658897	120.932
510.0	0.35198084628817283	110.785
510.5	0.31952426343358775	49.628
511.0	0.31743989850440113	20.135
511.5	0.39239553485874534	12.334
512.0	0.20657504893814016	101.027
512.5	0.16275257034340657	119.468
513.0	0.5210813824178924	130.96
513.5	0.40746129882132553	131.052
514.0	0.4891637734762555	14.365
514.5	0.5758908273422777	15.863
515.0	0.2435342491264035	14.811
515.5	0.19082059662976184	10.798
516.0	0.5224972034651346	13.741
516.5	0.49894522633921184	15.579
517.0	0.4108352945740635	89.148
517.5	0.49341502371000673	129.819
518.0	0.15401124164758156	111.475
518.5	0.17001621492252517	979.863
519.0	0.15734200504751758	1203.924
519.5	0.12902703723621956	111.475
520.0	0.24096495657794859	15.451
520.5	0.23368631472893708	23.679
521.0	0.06988706091117466	33.144
521.5	0.05958366004897371	32.451
522.0	1.2469167321774304	70.434
522.5	1.0528904714199587	70.294
523.0	3.799242290384918	110.936
523.5	4.150214463077897	110.936
524.0	0.7901393537730158	148.831
524.5	0.5959074023578844	27.441
525.0	0.11110352887727415	204.293
525.5	0.08482061542460796	21.523
526.0	0.10614929932704273	22.877
526.5	0.20243541202933096	39.405
527.0	0.12460370288647907	22.877
527.5	0.16064962794723134	39.405
528.0	0.13027284369634046	473.291
528.5	0.07467932448992598	17.298
529.0	1.5466712360735257	14.397
529.5	1.8687660531865296	9.534
530.0	0.7835109581900589	38.494
530.5	0.9332410932681747	36.599
531.0	0.27013567791464566	16.672
531.5	0.29886263830443516	13.844
532.0	0.36818076001511574	16.429
532.5	0.4296091535181403	14.019
533.0	1.8251575071476367	110.792
533.5	2.0457370217274105	110.818
534.0	0.31157275975531556	15.265
534.5	0.3804423845133099	10.215
535.0	0.3531655718896083	109.221
535.5	0.29372839162042563	201.649
536.0	0.2513210790946806	30.215
536.5	0.3375280515562079	14.458
537.0	0.7547589575609229	50.273
537.5	0.651246671640423	50.23
538.0	5.522951434202856	17.004
538.5	5.622308272310086	20.368
539.0	1.7849276189742111	90.711
539.5	1.0975552454271642	47.706
540.0	1.5102110942907911	140.993
540.5	0.8922391557582264	11.597
541.0	0.4454028985333722	137.573
541.5	0.4359998563978443	131.025
542.0	0.31156620958111636	23.933
542.5	0.38874581545492487	11.885
543.0	0.3031358625403541	20.292
543.5	0.22634030309211353	30.16
544.0	0.21412737714155608	35.307
544.5	0.7082804176431742	11.728
545.0	0.7176487435309284	15.412
545.5	0.27458375633443427	130.652
546.0	0.22540253579289168	10.689
546.5	0.25627486523353127	132.125
547.0	0.24275801540969694	139.845
547.5	0.21088702806740525	139.972
548.0	0.24380052868909502	131.718
548.5	0.2741417744234723	13.009
549.0	0.31810332911946576	16.149
549.5	0.5093570715001318	112.427
550.0	0.48010901942099926	121.158
550.5	0.09636676971573924	46.586
551.0	0.08443282205906645	10.159
551.5	30.97656957541403	46.586
552.0	27.995511946653497	10.159
552.5	0.6014414954053487	15.372
553.0	0.5739724674855031	15.94
553.5	0.1540818835873176	20.592
554.0	0.21159544206863626	24.159
554.5	0.20383187990751947	14.586
555.0	0.19304714922184013	13.044
555.5	0.11897470787754638	43.153
556.0	0.1752234155635916	677.144
556.5	1.785177372107961	16.076
557.0	1.5753517169489846	13.08
557.5	0.7603211360182025	120.792
558.0	0.6851718078560152	120.805
558.5	0.9525025576368021	82.079
559.0	1.1284284738899815	82.087
559.5	0.46612547971015394	21.875
560.0	0.49050668519045704	34.03
560.5	0.18404930767722077	20.294
561.0	0.1687219933255374	20.304
561.5	0.4870300240493722	112.524
562.0	0.4024814173563914	15.677
562.5	0.6211969110969269	30.523
563.0	0.5083688300241282	30.518
563.5	0.14929651281366033	36.543
564.0	0.15859824250572627	19.795
564.5	0.46395192380394723	30.567
565.0	0.38092870219578295	33.41
565.5	0.6158468168903911	120.621
566.0	0.5512996413195758	32.705
566.5	0.3065142472220186	19.657
567.0	0.2727339050115621	19.704
567.5	1.6229355023732774	118.649
568.0	0.7897109803843528	20.19
568.5	0.23265993485239073	63.373
569.0	0.550364345556441	119.487
569.5	0.07954033320344278	26.518
570.0	0.10013767910725649	18.536
570.5	1.7682818404692617	40.664
571.0	0.32302804686279507	110.204
571.5	0.17276416598646233	35.402
572.0	3.908145682438092	69.153
572.5	4.192350234017122	79.847
573.0	0.564891852365749	24.377
573.5	0.5813197344756499	14.911
574.0	1.564646902439567	39.661
574.5	1.3439451957636501	86.475
575.0	0.5302257244832745	14.032
575.5	0.5184848694063602	10.443
576.0	0.16365878550437074	33.984
576.5	0.1701391730735244	32.641
577.0	0.6155381418107784	10.648
577.5	0.6697455448448004	33.084
578.0	1.4540930160049852	292.013
578.5	1.1546092767085399	80.606
579.0	0.23330158815193502	110.585
579.5	0.26436977872685496	110.634
580.0	0.3627102315828106	130.925
580.5	0.3499263476942294	30.476
581.0	0.291707738227654	34.479
581.5	0.266469342890685	34.904
582.0	0.480244072383381	251.713
582.5	0.48558455617083846	23.826
583.0	0.45909447446688195	12.254
583.5	0.3306017036374074	141.05
584.0	0.10316002001802375	10.009
584.5	0.10291672355774562	33.568
585.0	0.5279695964526717	114.151
585.5	0.561739117198964	24.839
586.0	1.2702640195645056	16.301
586.5	0.5263896584025191	18.064
587.0	0.5301950832362573	23.397
587.5	0.31655562318596653	130.934
588.0	0.12319227873227902	136.98
588.5	0.10819266231169414	58.701
589.0	3.043598809730965	13.528
589.5	1.5619481288774284	178.335
590.0	0.42916387018744806	20.184
590.5	0.2809279537745419	120.853
591.0	0.37489804944473876	17.563
591.5	0.39171520580572333	10.487
592.0	0.5707763992496551	120.878
592.5	0.31452143113809183	128.718
593.0	0.1102802143223097	603.057
593.5	4.608259635940259	100.738
594.0	0.5680831747998628	8.982
594.5	0.6383052246874306	10.823
595.0	0.8471954637876585	10.073
595.5	0.6092314851423912	60.36
596.0	0.6620234309810965	60.423
596.5	0.7237416246311449	10.649
597.0	0.49664081657917253	50.505
597.5	2.5685892578258795	100.621
598.0	2.6015488121404724	100.481
598.5	0.6231365289240871	12.598
599.0	0.5914407396122278	16.187
599.5	0.3208573762602312	28.198
600.0	0.4106644994408781	275.421
600.5	0.5513405701761127	15.546
601.0	0.5247296323563858	17.671
601.5	0.372664320780524	22.311
602.0	0.3296836748523189	12.271
602.5	0.6965458707698834	60.478
603.0	0.4881900275375676	60.49
603.5	0.5105856253639031	13.675
604.0	0.5345583530291403	14.384
604.5	2.0220529334307793	236.205
605.0	0.7849312586379456	111.199
605.5	0.40282076193024924	130.81
606.0	0.6429347435654656	70.576
606.5	0.46848192087357377	110.747
607.0	0.24976381333431066	10.367
607.5	0.9344557967568705	30.496
608.0	0.6560361168562072	120.835
608.5	2.5531717681009867	10.112
609.0	0.6310494935714903	12.685
609.5	0.2468463264366919	12.469
610.0	1.4209735639566774	100.667
610.5	0.48161330091095167	48.692
611.0	0.4197528441742271	30.394
611.5	0.6221761636927422	19.832
612.0	1.919593390764278	26.142
612.5	0.6160517827971806	80.61
613.0	0.34482985586587883	84.708
613.5	1.0659073808819004	120.891
614.0	0.12666259048823877	44.59
614.5	1.1166411397590383	88.508
615.0	0.7360442759009671	19.376
615.5	0.2770227261662499	136.305
616.0	0.4326066324984268	120.983
616.5	0.17108983482388734	136.597
617.0	0.17701605178896118	114.705
617.5	0.5926727342564937	31.272
618.0	1.9716300116294485	10.922
618.5	0.7875267265153736	135.274
619.0	0.17178121015016792	107.374
619.5	0.11504068405704071	140.003
620.0	0.42927391149940275	126.27
620.5	14.867923730978742	126.27
621.0	0.24559360309762135	420.788
621.5	0.7557401408968686	13.981
622.0	0.04735764276004329	16.161
622.5	0.256268541993344	589.989
623.0	0.17390380087677554	490.11
623.5	0.15163645036938805	12.346
624.0	1.0236072838220858	41.401
624.5	0.4738986848156284	12.79
625.0	1.7108368997685266	30.508
625.5	1.5973868901145132	40.467
626.0	1.653850451455076	13.143
626.5	1.5979821409660246	302.81
627.0	2.0685219322347796	12.564
627.5	2.2309000859418378	374.358
628.0	0.04398478705700529	22.754
628.5	0.3218707021826061	47.644
629.0	0.1629905448671274	170.45
629.5	1.2463088120794077	11.438
630.0	0.8280405936304882	60.524
630.5	0.3846550701276702	130.704
631.0	0.40148374346612986	105.982
631.5	0.43514594651490907	120.898
632.0	0.5020748053738124	11.538
632.5	0.18105299463979244	21.922
633.0	0.21924932201818706	13.623
633.5	0.06917335539430979	113.262
634.0	0.07979511938518717	113.515
634.5	1.0456984741836401	11.887
635.0	0.9823465905711535	22.901
635.5	0.34578225362691517	20.393
636.0	0.3975175561855138	140.848
636.5	0.29476072686196314	131.518
637.0	0.34681216985086943	140.44
637.5	0.2855964105564784	123.349
638.0	0.325352405505158	138.543
638.5	0.2271299697432947	129.64
639.0	0.49577151989244844	30.585
639.5	0.44051164070546034	30.509
640.0	0.20685357848041258	30.56
640.5	1.1037077732299136	116.182
641.0	0.5205424190206565	16.082
641.5	0.30780707283781306	11.281
642.0	0.4790692704991557	19.79
642.5	0.42534945757001746	12.608
643.0	0.37880076774250543	80.634
643.5	2.455816888904619	14.205
644.0	0.689892991544843	14.461
644.5	0.9712660653642414	34.68
645.0	0.3999895012570755	11.397
645.5	0.1702358582747351	34.866
646.0	0.15122134758910566	12.266
646.5	0.10595984501909606	115.709
647.0	0.33153116517463804	12.845
647.5	5.541665136392669	32.405
648.0	0.8199148982838215	135.571
648.5	0.5170897943239611	11.709
649.0	0.4705423348106739	13.239
649.5	0.3193457012834187	11.908
650.0	0.34676946890765653	20.203
650.5	0.34974669150282844	14.192
651.0	0.7568774059715576	11.623
651.5	2.689020393428261	15.37
652.0	0.6333773705037326	14.43
652.5	0.6501022125842862	59.344
653.0	0.7166386053357625	130.818
653.5	0.5289207051207993	272.283
654.0	0.6254705531755751	806.872
654.5	0.6463923116490045	84.164
655.0	0.42279045971288326	33.906
655.5	3.8408379886951582	100.835
656.0	0.39831400411227363	80.581
656.5	0.5680051159091525	12.759
657.0	0.8028897093538971	32.502
657.5	0.5988801544423594	15.112
658.0	0.3562430265859109	17.347
658.5	0.7649723387418085	130.957
659.0	0.35555482343717265	130.841
659.5	0.37896757100123096	42.682
660.0	0.6311903059336215	130.938
660.5	0.957282530927996	151.243
661.0	1.3671559690063517	50.358
661.5	0.68807518243664	16.133
662.0	0.7321927625084095	14.013
662.5	0.5476937248935184	15.417
663.0	0.48904694824852585	16.711
663.5	1.0040795682001544	70.426
664.0	0.6283295842578903	70.657
664.5	0.6635294859596137	60.474
665.0	1.0233654821596254	59.788
665.5	0.5171859914368715	15.632
666.0	0.15206044744894612	455.788
666.5	2.7060597110491247	80.53
667.0	0.40829416360582976	80.522
667.5	0.5259004014101608	23.547
668.0	0.5350785938122758	120.903
668.5	0.41710458920965277	26.978
669.0	0.3796875908192035	16.572
669.5	0.6374591085531796	35.764
670.0	0.6098257270627163	23.933
670.5	0.35494258756501273	14.091
671.0	0.590873408904972	115.017
671.5	0.41904903835447893	80.591
672.0	0.7358602811691728	28.503
672.5	0.662527851151435	127.373
673.0	0.6339377180403803	120.797
673.5	0.4456611231462407	20.319
674.0	0.38312824268024487	20.24
674.5	0.4867857646833413	211.973
675.0	1.2915975874801577	150.983
675.5	0.5624803333203313	152.961
676.0	0.6259429597393303	120.593
676.5	1.3477739964506719	39.039
677.0	0.36809828817206186	105.77
677.5	0.5029297725619496	110.73
678.0	0.3607842779716359	30.683
678.5	0.4729611661130314	100.885
679.0	0.4610066056352295	20.263
679.5	0.3392179387414106	33.402
680.0	0.28173864443756	15.775
680.5	0.6213665859536378	120.577
681.0	0.37524428035322716	113.513
681.5	2.4157938862966537	17.972
682.0	0.7080096811473248	160.461
682.5	0.6218156699057567	202.9
683.0	0.6848004688894946	44.191
683.5	0.47724066156457046	119.071
684.0	0.5507451717136832	211.842
684.5	0.7035927236339936	584.987
685.0	0.4586534425317231	22.115
685.5	0.27955630950485605	20.315
686.0	0.1725894983842318	1024.754
686.5	0.9324340883432584	60.58
687.0	0.7648238418770377	95.261
687.5	0.7264210528776776	70.741
688.0	0.7965979746324545	49.024
688.5	0.5436986086008971	110.733
689.0	0.5631835909012491	362.882
689.5	0.6513773699879686	514.521
690.0	0.656255987477124	100.729
690.5	0.38091144898365586	17.241
691.0	3.1954474357349927	11.721
691.5	2.617710824636324	20.289
692.0	2.964480781723955	24.957
692.5	2.6455970144116816	320.971
693.0	3.1485847841685684	11.3
693.5	0.6766566585240087	12.919
694.0	0.6008874251411804	18.673
694.5	2.5363630726503743	170.335
695.0	0.27243984885215544	28.295
695.5	0.3900710781691779	32.355
696.0	0.40680282046703997	34.266
696.5	0.49292798481040817	50.385
697.0	0.6484183582351444	721.605
697.5	0.13305448649547735	1068.608
698.0	0.34966055049107264	151.702
698.5	0.41032324373553447	131.009
699.0	0.31092606660747796	110.583
699.5	0.17971224654987542	1149.995
700.0	0.20712413551910844	112.129
700.5	0.2269378447386789	91.382
701.0	0.2731357275622847	110.736
701.5	0.6105345468243494	2027.777
702.0	0.5079236184654783	102.482
702.5	0.6196305881122155	12.461
703.0	0.49404823289861005	117.679
703.5	3.346102811373065	28.794
704.0	0.24939015146461757	130.822
704.5	0.3131490719846964	13.758
705.0	0.2517438229846704	10.06
705.5	0.33501478243267835	243.506
706.0	0.21532891152187403	10.457
706.5	0.1806320290777905	20.044
707.0	0.22867113116281804	10.49
707.5	0.266426870760436	202.445
708.0	0.2303695358387321	50.235
708.5	0.5055645440536142	134.996
709.0	0.3255619387122992	75.622
709.5	0.43686515613380106	80.631
710.0	0.5735700207377207	60.513
710.5	0.250089738745085	80.519
711.0	0.32696333639165626	100.714
711.5	0.4283999610146068	10.916
712.0	0.3682628349165683	14.569
712.5	0.3607612154838252	118.069
713.0	0.30729394774978563	11.943
713.5	0.24910404377387788	30.407
714.0	0.21712858979565405	33.676
714.5	0.48175253886939934	20.074
715.0	0.5972686694447469	20.046
715.5	0.31973755335551324	131.336
716.0	0.3003127631662206	10.643
716.5	0.31307786818790406	37.565
717.0	0.26119116363161526	30.604
717.5	0.3955562304875401	134.011
718.0	0.3653337761260634	79.442
718.5	0.3231556714336116	14.991
719.0	0.27331792953250506	62.863
719.5	0.43659392190972546	34.147
720.0	0.26033194329852993	20.317
720.5	0.3223269476959175	130.805
721.0	0.07959120498428505	600.693
721.5	0.5057726952470109	39.229
722.0	0.681396771212489	19.573
722.5	0.23294440593512672	20.253
723.0	0.329994370761613	130.541
723.5	0.25451489322783316	66.604
724.0	0.42216040426728163	117.389
724.5	0.40402788382878513	25.776
725.0	0.14714968809805856	99.272
725.5	0.27270999103718035	35.716
726.0	0.4281448368715353	373.009
726.5	1.000478010419223	22.716
727.0	0.3463152798285077	16.208
727.5	0.436711682609608	18.252
728.0	0.2805724970144926	90.545
728.5	0.4256994776508688	24.172
729.0	2.662371655439846	17.288
729.5	0.5563566789212151	151.331
730.0	1.0254148361058695	686.243
730.5	0.1291391408222606	686.243
731.0	2.2066330146514477	37.594
731.5	0.5530019214968487	141.041
732.0	0.44450800382643396	69.956
732.5	0.08478685585019828	40.782
733.0	1.2926278929441524	272.373
733.5	0.5414205925852718	786.356
734.0	0.3370567631303321	17.675
734.5	0.5136528678727683	15.14
735.0	0.4348639927751405	141.172
735.5	1.0385219841362683	15.39
736.0	0.7334180861471217	110.899
736.5	0.24609559055962665	139.587
737.0	0.2907064318912945	49.324
737.5	2.1951459480930726	60.555
738.0	7.285413842072222	37.926
738.5	4.968833290625084	70.334
739.0	5.082763039529825	70.413
739.5	0.5628763888292372	131.08
740.0	0.3918129829305328	110.768
740.5	0.47476739206794316	130.852
741.0	0.5644822806161387	130.865
741.5	0.6279553238170317	22.845
742.0	0.6867120763729131	14.103
742.5	0.6472287362497133	12.112
743.0	0.5641904782669287	12.907
743.5	0.8353307538535215	95.336
744.0	0.5833049049521241	92.584
744.5	0.6807566753768002	155.324
745.0	0.8373093256617603	115.337
745.5	0.6652286548988969	120.742
746.0	0.8335621289597623	120.785
746.5	0.7214327998158095	120.732
747.0	0.6967324785583809	12.079
747.5	0.6544767414609305	33.677
748.0	0.6421033452061458	41.53
748.5	0.652194224232347	31.919
749.0	0.49781869417164315	12.882
749.5	0.5854882550991558	18.309
750.0	0.5369631143998896	54.854
750.5	0.5164287675934853	52.533
751.0	0.6171622484946397	62.254
751.5	0.8407066318713324	12.437
752.0	0.5792952773722596	13.343
752.5	0.7161263290018762	116.841
753.0	0.6536893645290586	19.849
753.5	0.5681386311187979	70.64
754.0	0.6480788894571528	70.614
754.5	0.7704710237438858	70.644
755.0	0.6216579909280777	60.761
755.5	3.428957816371457	11.673
756.0	3.559755993874007	252.089
756.5	2.4366188729185936	11.589
757.0	2.61200586288295	22.563
757.5	0.4012216103864523	34.375
758.0	0.5994003024732704	22.832
758.5	0.3424992292937964	35.169
759.0	0.3907083769931403	37.446
759.5	0.06991854430335447	30.343
760.0	0.07104171602148028	34.972
760.5	0.08039738748367918	34.804
761.0	0.08402882124936807	31.823
761.5	0.7615510333100071	37.935
762.0	0.613810305248184	33.109
762.5	0.7917996601544445	33.079
763.0	0.8431094762771112	634.624
763.5	0.5131599132406554	15.369
764.0	0.5636731926924029	46.069
764.5	0.6119485278299763	988.55
765.0	0.5843659097659805	11.503
765.5	0.08377246484789905	11.277
766.0	0.06782096649035776	155.796
766.5	0.06670647909948373	121.817
767.0	0.0725532657766675	14.197
767.5	0.3141523239608497	133.055
768.0	0.29106695492815077	38.283
768.5	0.28531927029230053	16.234
769.0	0.24999088484183876	16.048
769.5	0.1320699248583466	22.617
770.0	0.12484386726846197	25.25
770.5	0.10477490848471828	24.386
771.0	0.11339440916093838	24.612
771.5	0.13271112179529126	10.152
772.0	0.13021383118848376	15.467
772.5	0.1334866671890841	20.915
773.0	0.13690133013272926	12.731
773.5	0.7927230522802373	52.946
774.0	0.7156267296954638	47.962
774.5	0.9631311522893398	61.918
775.0	0.6262005311850519	57.553
775.5	1.7711013371503876	30.394
776.0	1.9083671515579068	60.829
776.5	2.2352090191689293	30.47
777.0	1.782344201140145	30.5
777.5	0.6038719991281035	11.234
778.0	0.7217646486792645	14.975
778.5	0.6895477888909476	28.187
779.0	0.8906703448162654	21.621
779.5	0.7910261628428061	38.657
780.0	0.5721409455796349	114.961
780.5	0.8316762897184801	106.016
781.0	0.7407082663765625	22.661
781.5	1.384334077506951	70.459
782.0	1.1477957746981797	70.511
782.5	1.4726220650791062	70.54
783.0	1.3673704910985294	70.463
783.5	0.4240398566142864	115.007
784.0	0.49000327653972175	124.148
784.5	0.37242710602472257	122.078
785.0	0.4554268612771189	111.01
785.5	0.1321568655518463	117.872
786.0	0.1613133418857876	40.783
786.5	0.15484095293292446	76.779
787.0	0.16233001409610898	116.179
787.5	0.18378825632902737	25.847
788.0	0.20234637736363484	14.179
788.5	0.19915124055620018	13.75
789.0	0.18709106903032782	11.967
789.5	0.045500162637456064	14.758
790.0	0.05494718371528747	11.864
790.5	0.040335266540501936	19.082
791.0	0.04459479654242892	14.334
791.5	1.4556421333787188	11.555
792.0	1.0916181643926053	382.645
792.5	0.9836643716675367	28.263
793.0	1.2752148945634936	10.617
793.5	0.1392713003473042	10.529
794.0	0.11633292427277922	15.638
794.5	0.14056061456603286	14.509
795.0	0.14998138521511079	13.817
795.5	0.8285409910361518	34.467
796.0	0.4757632859369795	15.538
796.5	0.27269392240698603	111.036
797.0	0.7140463635797879	17.995
797.5	0.5268456841246791	110.733
798.0	0.7189934552809227	129.167
798.5	0.9543911311643051	15.464
799.0	0.5842551149693095	64.997
799.5	0.45841481236442716	22.516
800.0	0.7443607462540413	14.718
800.5	3.3899423289466943	10.344
801.0	3.1815453887894503	119.566
801.5	5.086329052612804	100.988
802.0	3.767699813949613	12.191
802.5	0.7417616759717	110.702
803.0	1.054847158401285	110.7
803.5	0.7888832776526282	110.778
804.0	1.3109689177277966	110.725
804.5	0.37349477887474286	18.615
805.0	0.37204409754847306	21.06
805.5	0.4924626528062038	29.767
806.0	0.3671922082050436	14.895
806.5	0.6022941561960796	46.878
807.0	0.6272208589059569	45.598
807.5	0.5840363696731268	47.774
808.0	0.6468984888930984	51.703
808.5	0.26505411774743515	12.565
809.0	0.30107474078959096	90.037
809.5	0.2877885402066412	308.054
810.0	0.30691440426720634	57.125
810.5	0.24407691262726972	27.566
811.0	0.1959488816647148	63.33
811.5	0.25587711624571535	15.391
812.0	0.21905964401942155	19.965
812.5	0.4735539535514301	74.081
813.0	0.429137462661793	164.937
813.5	0.44173434704229075	11.114
814.0	0.4733239097529027	10.487
814.5	0.5403566136395348	239.638
815.0	0.6081982224256628	143.727
815.5	0.7126975711353372	47.084
816.0	0.624175207533703	89.479
816.5	0.24720551619848433	34.639
817.0	0.27620222713656434	604.944
817.5	0.3294540153553728	11.503
818.0	1.6288139413946663	96.277
818.5	0.6013114644773182	11.502
819.0	0.47971157028912126	90.717
819.5	0.7569934358758794	9.759
820.0	0.4232478377887481	73.664
820.5	0.5642190985701329	120.707
821.0	0.6133837081704331	12.124
821.5	0.5600005583591897	90.608
822.0	11.831692060564961	11.484
822.5	5.5429506835549285	139.294
823.0	2.574532134728029	10.075
823.5	1.5774522749075426	64.818
824.0	1.3717677123862821	73.091
824.5	0.600608251376106	12.649
825.0	0.3812339715153205	15.721
825.5	0.41926517397049196	11.979
826.0	0.24601146507231816	150.49
826.5	0.34966113064679316	21.044
827.0	0.3538625073447648	12.222
827.5	0.36476285680118387	15.377
828.0	0.42489697609994115	10.284
828.5	0.5430713258517609	65.376
829.0	0.5710533652468173	251.735
829.5	0.5334477450341629	15.078
830.0	0.3898435147917131	86.494
830.5	0.5106533282254845	19.997
831.0	0.440763007114325	171.487
831.5	0.4172008233991097	11.769
832.0	0.3448513353219926	80.518
832.5	0.35106865982984947	80.495
833.0	0.35542541515724735	31.019
833.5	0.36378017414859454	110.726
834.0	0.27384590810395787	14.165
834.5	0.43825060705502733	34.113
835.0	0.2895647182052651	45.049
835.5	0.33088666463767197	124.813
836.0	0.29443261750221206	131.024
836.5	0.5976618810831705	17.718
837.0	0.5328589497166429	10.302
837.5	0.5573472393522754	82.052
838.0	0.394701552015711	80.632
838.5	0.3960736933008924	80.729
839.0	0.6507922502470217	120.792
839.5	0.5179404079322867	134.655
840.0	0.5197505389126009	133.392
840.5	0.4295348720910896	127.303
841.0	0.3541075802986848	120.995
841.5	0.36008295368160415	120.916
842.0	0.5187472247330279	113.88
842.5	0.49531711894563596	114.243
843.0	0.3818457008479438	118.23
843.5	0.39496963922770056	64.789
844.0	0.40676942095299656	120.787
844.5	0.34307888248030977	16.05
845.0	0.18072450075415772	11.556
845.5	0.14965420889294928	13.561
846.0	0.17021646350263034	10.161
846.5	0.16196790828746088	11.556
847.0	0.22575269334060505	117.031
847.5	0.2621737861280433	14.696
848.0	0.2904832571393487	15.898
848.5	0.9323017665695619	120.989
849.0	0.8426955223923546	18.793
849.5	0.3281769263031473	110.78
850.0	4.775210257243595	130.667
850.5	2.033320367074377	15.004
851.0	1.6378823141259409	120.73
851.5	0.4142216488334701	21.152
852.0	0.4191100873820466	12.245
852.5	0.3275160227089536	90.584
853.0	0.5004661484484318	12.459
853.5	0.4396520463054593	33.941
854.0	0.5409823695209802	13.842
854.5	0.6113405027682347	46.859
855.0	0.5363095269733091	17.353
855.5	0.6980623222597373	42.124
856.0	0.3801079479341684	138.266
856.5	0.30172145068788314	22.828
857.0	0.24562205752748126	11.426
857.5	0.3201875840370668	40.919
858.0	0.29855766145047213	138.733
858.5	0.39093960104508146	47.296
859.0	0.34332973117164434	107.829
859.5	0.45947416901399174	20.203
860.0	0.5016398432713933	14.073
860.5	0.6553885080489721	22.597
861.0	0.6271865901087504	126.849
861.5	0.6436718886476108	26.988
862.0	0.8601164611768962	59.876
862.5	0.3846523535719392	17.245
863.0	0.48621709130164925	86.893
863.5	1.379972649690855	15.164
864.0	1.2039029639439482	32.3
864.5	1.2981068516100995	30.301
865.0	0.2949755297653316	14.74
865.5	0.21231485077344606	128.595
866.0	0.2365421905913476	134.797
866.5	0.3297036207517036	181.319
867.0	0.3072083814188527	27.592
867.5	0.3432055023706306	21.52
868.0	0.19793899622329839	40.291
868.5	0.16416995363652018	33.071
869.0	0.15541295703510694	31.398
869.5	0.6825426730006747	87.328
870.0	0.5073364775797019	119.851
870.5	1.0833681734074443	314.549
871.0	0.4289974665975658	130.606
871.5	0.381137182345605	110.643
872.0	0.3735820665035561	110.729
872.5	0.4121501537534812	50.207
873.0	0.5218433828416645	50.179
873.5	0.35293099161519403	50.028
874.0	0.21840223970343162	130.97
874.5	0.2789527307048168	34.601
875.0	0.201740551016603	42.275
875.5	0.9116027314091676	120.775
876.0	0.5410412281903207	20.231
876.5	0.5779492125165424	112.43
877.0	0.37852566221354855	135.383
877.5	0.45698432589346977	33.278
878.0	0.6901124129607183	21.93
878.5	0.37265840494924907	12.647
879.0	0.333573371374323	100.686
879.5	3.8369808213032486	30.295
880.0	0.5782790110600218	130.958
880.5	0.2529950295843372	70.527
881.0	0.27834747182923564	21.679
881.5	0.6449894267340056	66.232
882.0	0.35377008292150114	16.301
882.5	0.3374018486255371	80.616
883.0	0.3194974398231857	120.883
883.5	0.3690931022546928	120.961
884.0	0.26742953018521387	14.733
884.5	0.4805619294052881	35.577
885.0	2.492422695537439	114.172
885.5	2.4312314539954487	111.528
886.0	2.484624167342957	86.799
886.5	0.9786206797511411	33.754
887.0	0.7173027267674731	16.427
887.5	0.7941710178876025	10.077
888.0	0.5349273124007912	13.725
888.5	0.4600255441734507	11.854
889.0	0.46661321615368806	28.018
889.5	0.3382802522742129	140.875
890.0	0.40950489291658865	19.741
890.5	0.44327591493056584	13.772
891.0	0.4817353528790328	80.556
891.5	0.33924506519871134	80.547
892.0	0.3335881089484939	80.623
892.5	0.13674399550371238	15.592
893.0	0.12419366119275951	13.023
893.5	0.12489504993073179	15.099
894.0	1.3083219340386019	12.727
894.5	1.6008344700946409	11.618
895.0	1.0666976646544206	14.638
895.5	0.3284784908546937	138.982
896.0	0.38944880227475065	19.793
896.5	0.4547152297076072	19.906
897.0	2.784434604641249	89.347
897.5	2.5027819686077764	25.684
898.0	2.610398715966852	70.78
898.5	0.5522545864066211	131.921
899.0	0.5717803205546499	118.251
899.5	0.6120833657980234	126.805
900.0	0.6177106900795343	322.712
900.5	0.6004298534550254	25.576
901.0	0.49074896074379	136.489
901.5	0.34344254789807155	342.112
902.0	0.43447742240096054	20.299
902.5	0.30029569212962914	33.559
903.0	0.6181418007452308	80.671
903.5	0.7101798896357552	80.633
904.0	0.684518933877032	80.647
904.5	0.4582572871232796	12.128
905.0	0.42138057931569256	13.535
905.5	0.412269904441688	35.246
906.0	0.6832305848812364	74.003
906.5	0.6276458969467014	9.966
907.0	0.5061411202779587	13.482
907.5	1.7120855388361473	16.097
908.0	1.0751408338975936	20.228
908.5	0.6272636657248315	38.381
909.0	0.3450128522251737	14.158
909.5	0.5254967774861901	110.801
910.0	0.5122497730996961	110.767
910.5	0.3383864899980872	24.599
911.0	3.48294404608765	100.647
911.5	3.33550296327254	13.964
912.0	0.4010088107568579	11.049
912.5	0.2545782745249636	53.886
913.0	0.22786854927335662	136.147
913.5	0.7509633490016312	27.192
914.0	0.9455091333674055	221.949
914.5	0.42990764127925074	11.448
915.0	0.28569390734535	17.095
915.5	0.39412997263576316	100.646
916.0	0.43575067318919636	100.65
916.5	0.7117827265004831	13.963
917.0	0.6052322587994682	90.703
917.5	0.5011464212072935	40.161
918.0	0.4133630460698945	108.225
918.5	0.26759662675179874	130.568
919.0	0.30106206683396164	130.785
919.5	3.679303964949163	19.045
920.0	3.8822910095789074	26.293
920.5	1.2452477813140002	20.062
921.0	0.8722350838147581	20.328
921.5	0.7703117113571425	90.588
922.0	0.9165932012831102	67.851
922.5	0.7006972927578907	130.763
923.0	0.6253867092578504	100.712
923.5	0.7800986939786768	90.664
924.0	0.8344797235941853	29.981
924.5	0.6087627245789512	130.829
925.0	0.8382343902203913	40.483
925.5	0.6518584338863052	110.596
926.0	0.9562729785567365	13.105
926.5	0.5605511722011461	70.557
927.0	0.6440287511735601	131.038
927.5	0.40261563828865027	10.949
928.0	0.33370561124092213	16.02
928.5	0.746807029197581	33.126
929.0	0.5849178912126105	31.868
929.5	0.6456450129606548	11.359
930.0	0.8012796882489623	20.126
930.5	0.29245845794429853	244.989
931.0	0.18170570963379784	10.704
931.5	0.10316431358712205	16.515
932.0	0.21024671086297786	13.795
932.5	11.086025475743103	102.39
933.0	6.049363232626988	12.912
933.5	0.6738829135227253	10.459
934.0	0.5679183973749009	22.96
934.5	0.12955290882635814	118.201
935.0	0.11423759560680609	250.174
935.5	0.34428104076772076	13.698
936.0	0.3901032959736673	10.501
936.5	0.995361752337532	9.042
937.0	0.847669786928076	12.956
937.5	1.3843176157936072	120.973
938.0	1.331326986369091	141.104
938.5	1.7583224352535172	16.16
939.0	1.3907483033058254	20.721
939.5	0.3577386409641077	20.624
940.0	0.3662841655202292	26.472
940.5	0.3230704276772493	9.878
941.0	0.44911073875135377	120.766
941.5	0.487711767257039	120.721
942.0	0.531932454135866	100.735
942.5	0.40946025626679144	117.025
943.0	0.51455328716355	113.86
943.5	0.5164561071071505	26.957
944.0	0.3162619042081971	43.284
944.5	0.30125357955461657	118.483
945.0	0.2721350238906141	117.342
945.5	0.4456312482932141	64.459
946.0	0.5210226010354276	140.928
946.5	0.526929123889428	129.056
947.0	0.35702859680555055	14.575
947.5	0.3533306533971893	392.62
948.0	0.2622000595170522	11.23
948.5	0.23702148501182968	16.671
949.0	0.4424030453832114	11.841
949.5	0.23706718481642552	11.589
950.0	0.43800796990653246	10.558
950.5	0.5246517315876152	150.835
951.0	0.4760722044626066	36.989
951.5	0.37490265602671674	133.642
952.0	0.08603250273219941	135.266
952.5	0.09673315731357486	53.256
953.0	0.04163464245373386	37.355
953.5	0.053119627704114596	13.304
954.0	0.397851274222054	138.886
954.5	0.3433224346752789	145.502
955.0	0.3952923249966442	154.786
955.5	0.5245340233758292	649.394
956.0	0.03655440658502294	13.362
956.5	0.8387585432037197	13.362
957.0	0.2987670613754242	345.436
957.5	0.4164405975030961	20.023
958.0	0.06850605017975263	17.934
958.5	0.12454099967645495	12.771
959.0	1.4760696533619089	37.185
959.5	0.5061548102156419	84.851
960.0	0.6682735615987503	132.372
960.5	0.5992366066931397	350.982
961.0	0.603681306708095	137.727
961.5	0.7525826128433039	10.901
962.0	0.5435533038887264	132.342
962.5	1.956364057169654	70.524
963.0	2.2945048896469125	70.516
963.5	2.593615354216069	15.757
964.0	1.6293225590717308	50.656
964.5	1.7886629421131786	41.329
965.0	1.8440197044814925	10.873
965.5	0.025409450921536823	63.104
966.0	0.01097402868800219	76.158
966.5	0.013527611038048528	117.385
967.0	0.852623393160407	20.055
967.5	0.9360481190807741	20.097
968.0	0.9309640426661779	20.371
968.5	0.18357478590496001	119.998
969.0	0.21856595941653098	116.758
969.5	0.23608404523338272	28.256
970.0	0.0404077698925776	15.165
970.5	0.054989565056967865	11.333
971.0	0.04267805533531829	16.559
971.5	0.16373883719932333	12.99
972.0	0.18723097223752314	15.396
972.5	0.19020803125294672	108.818
973.0	1.4222810092479083	100.945
973.5	1.7683188834982115	100.741
974.0	1.2835156008040227	100.792
974.5	0.3402819175656976	118.817
975.0	0.32264928170143775	120.581
975.5	0.39514765201214824	99.084
976.0	0.6403551611314503	13.335
976.5	0.6724261676346307	15.112
977.0	0.592974678564174	52.262
977.5	0.3563802013618176	116.964
978.0	0.36923174543832527	31.555
978.5	0.2974157779552062	130.939
979.0	0.5864719029328597	110.666
979.5	0.434854305739502	33.543
980.0	0.27468886786732777	249.929
980.5	0.27963273494029117	34.11
981.0	0.18939995792998227	14.454
981.5	0.16818207326354376	15.241
982.0	0.6578543377767664	131.005
982.5	0.9318680772796423	34.553
983.0	3.08449799890731	11.388
983.5	0.39295663755508864	12.534
984.0	0.37484266468403393	31.716
984.5	0.3427934133085339	30.224
985.0	0.10514810778265879	116.123
985.5	0.9761723725756075	34.693
986.0	0.09505094686492918	100.536
986.5	2.3954162799046	12.614
987.0	1.9618341434530127	30.364
987.5	0.15676124753128115	28.494
988.0	0.11800269944677134	34.44
988.5	0.28955518174776856	20.144
989.0	0.36942606480310103	20.236
989.5	0.8789022782516783	51.579
990.0	0.8878947268200488	262.707
990.5	0.5014244372911082	94.246
991.0	0.6457958653063676	94.581
991.5	0.2546539055568169	13.415
992.0	0.247316460744185	38.498
992.5	0.6932294862151868	12.136
993.0	0.9274479387028209	17.349
993.5	0.488033015013829	60.49
994.0	0.5167083183986163	60.486
994.5	0.5351931572505138	121.027
995.0	0.48696811446225624	121.04
995.5	0.5136062898953426	14.493
996.0	0.5681336995799116	35.616
996.5	0.5810497867231591	241.551
997.0	0.5447616443590437	23.942
997.5	0.15726633495520828	14.718
998.0	0.22921497848803488	31.146
998.5	0.18882318078167895	32.408
999.0	0.21827093571585252	36.797
999.5	9.868919861005615	13.989
1000.0	7.882961937274438	91.063
